3004605863 
582026916 
3306104649 
2563734218 
2954644933 
1013851650 
2223592103 
380369476 
607727322 
199110089 
2847646308 
280157793 
241832290 
4785000319 
2272856978 
789614223538135041 
1051411063 
3375148312 
2232996836 
393696247 
1610671057 
836492550 
2359717144 
2859188909 
2625176466 
2267729769 
3013690866 
406512225 
2794441796 
233614681 
2235043819 
1324765802 
1851083557 
379526391 
2617242450 
1683713167 
1254944101 
1056492074 
1645975554 
2396685889 
1112745398 
70853191 
2501274093 
91411059 
2410128763 
867047762 
2346263246 
839148522 
2277539705 
130328346 
2458481173 
2573545098 
874368012 
227121370 
2992101387 
1099302192 
795701316 
1121163822 
177134089 
487843424 
212104608 
1027547971 
940569967 
1406634710 
362559925 
19167202 
1896867624 
1093124360 
541772949 
134164413 
204887235 
1599340015 
1635979987 
1443730951 
2418411673 
727427724 
603269472 
2346987378 
2508732944 
586189030 
955602331 
2632716033 
416983726 
1546270652 
606856466 
2371617488 
310730506 
1332719653 
1154072965 
16933337 
2205082777 
521685752 
2440027230 
1141329229 
2507945329 
131102007 
1478138376 
576492067 
586242124 
1641120872 
1948029475 
1414046192 
26144491 
153629442 
1917384774 
2337609794 
772922418 
1014760268 
2284275066 
1526563316 
2266209018 
2267323507 
244018192 
45336809 
359426539 
788110982 
1698040651 
1012353787 
301561316 
14579415 
2309552653 
25675498 
632612101 
306597301 
22209201 
236588417 
37377034 
276091988 
161452925 
39318099 
2293388834 
2214392502 
155284129 
306705089 
134513525 
171677430 
565780036 
19208782 
1014650666 
1492565586 
23599958 
1060642106 
862121720 
1648125986 
707326565 
375871892 
116646760 
847292017 
206251257 
620398542 
1541356675 
22128236 
378968051 
537072115 
2213546832 
1463880866 
23305501 
110384744 
410729693 
177377589 
48195661 
303535030 
1573408398 
1022789779 
1681324362 
1358449622 
1059270698 
403861895 
2282657960 
985840849 
918346674 
56047109 
411553580 
359095386 
1087492124 
929664925 
1971791971 
525312787 
1650215384 
2159088588 
487736815 
258923616 
786796010 
634714422 
1305995330 
1385526308 
213009133 
573459961 
801281178 
81001513 
288215711 
281475886 
1264788474 
1443609176 
384056706 
243905514 
298027175 
549856434 
311004822 
237604436 
1357107872 
477514375 
552505227 
472967330 
610414026 
847996980 
296723507 
865298551 
808388749 
347899465 
106028207 
1092777318 
1027197060 
1319591983 
559465029 
831638353 
75569883 
299800115 
873268544 
572064770 
