2357252378 
2210710508 
1041346340 
2357198672 
46335511 
17948947 
2317351705 
271725689 
3420477195 
2800810978 
576622761 
543654099 
1604931252 
85867265 
66464745 
3031746741 
4767343888 
19002195 
260455237 
29770501 
612473 
21619519 
5402612 
338608917 
115754766 
91180720 
41626567 
939091 
21146733 
827494604144537600 
757303975 
37434855 
61514970 
29584786 
517956137 
15380567 
31175890 
19726613 
23311847 
635608354 
18227519 
21612122 
449588356 
21376987 
19084896 
4091551984 
824651197160108032 
24190981 
18230352 
1652541 
19042993 
80333450 
17491498 
3639301 
18686907 
367934881 
95463107 
115823765 
5611412 
401864372 
14377605 
73238146 
13493302 
26657119 
18584210 
718144621969293312 
606776750 
2916305152 
2329066872 
2829454396 
15439395 
8363752 
17865252 
162427574 
5502782 
600075716 
19677167 
39108656 
814253 
824765337656659968 
18624160 
604164129 
341302977 
117071684 
14715219 
2978206095 
185775520 
2343824114 
747503102593474561 
824028553067032576 
824033695527030784 
824035818691891201 
824040625104449536 
824046787568799745 
824057746366545920 
824066331167199232 
824072368603668481 
824086299652915201 
824118138409062400 
824123782520537088 
824135739512385536 
824137712286441472 
824139632354988033 
824157441248153600 
824190260338954240 
824264707641057281 
824270573203292160 
824277855832014848 
824283253901103104 
824285809650073600 
824332206952714240 
824333698728333312 
824338843327361024 
824342512844222464 
824343328837791744 
824353031391236098 
824366696517562369 
824368251266228224 
824386163439841281 
824400401797619712 
824405906486026240 
824417651560681473 
824458752724176900 
824481247300685824 
824494489075154944 
824547060749922305 
824619671785709569 
824646438441283586 
824693026127646725 
824699881818378241 
824720106991349760 
824758521581404160 
824789894572732416 
824983696931483648 
825187614324117504 
3568542621 
453297731 
308779730 
2554867904 
24780027 
121987501 
17363752 
38269259 
224 
350661938 
29459264 
49784557 
17839398 
18213483 
607946179 
27741349 
22642788 
20402945 
17672825 
243449452 
193116688 
36462231 
26574283 
17737614 
824473943931293697 
15647676 
2729061 
19546942 
16041234 
189376144 
811740481193267200 
76093 
437561031 
15667291 
342803375 
372378717 
3024276816 
175434906 
162436508 
14007532 
323327362 
477336353 
603025587 
172858784 
50317463 
20275773 
15660641 
15554922 
17171111 
852096720 
16302354 
369602017 
551520612 
21931396 
34312020 
15762575 
115670062 
22679783 
3285680335 
42176166 
16211073 
586 
15007149 
1707321486 
320432933 
66445462 
120181944 
14815420 
14293310 
116469425 
1262099252 
17220934 
92186819 
155735148 
14868145 
824502072305258496 
173593524 
823565852922576897 
824027211158130692 
11348282 
2282667775 
492253390 
824320219866923018 
15830436 
13654792 
15200719 
68999404 
14275261 
14588121 
119049214 
824010746090704900 
824315778866417664 
824138521304858628 
824126001936474113 
824116562768621568 
823777774649413632 
78525538 
4795344505 
113439399 
1673363192 
1066913918 
740529408 
19402238 
1046661 
823994029872414721 
4322185299 
2786493416 
1245053622 
4984181 
107172099 
16580226 
25565646 
304392714 
824153054731759617 
322426871 
15625504 
14815608 
52758395 
3170894115 
2980058889 
21786618 
125767077 
19918353 
20060293 
29472803 
454313925 
14091091 
373373336 
67059584 
552985513 
14342564 
49012699 
1451773004 
24919888 
3221765772 
916735110 
15461733 
3240143771 
14194973 
35297135 
2903860544 
791077327 
213824885 
13491312 
55355654 
20508720 
11866582 
215207998 
179732982 
27754737 
438111405 
1051396218 
17006157 
14185317 
97732452 
2896232302 
573842268 
23289019 
14247309 
15464697 
30354991 
16129920 
3160201248 
18982396 
310482542 
14106829 
25560344 
2255182597 
182747810 
33276161 
16469809 
21802889 
588346593 
413274241 
158426909 
573764891 
78080629 
2176527421 
797557024741527552 
320961515 
102064175 
119756545 
15236710 
188803750 
3167508269 
411967865 
4057392437 
14648779 
16121779 
38756576 
738779772 
16799074 
2286189025 
15898172 
21126842 
71256932 
44195878 
4647949394 
470387824 
20755177 
22001973 
2903979971 
23975060 
2836421 
205392468 
97040343 
16261513 
11856892 
5741722 
9300262 
14434063 
26179637 
1087761852 
91478624 
87271106 
234402376 
25053299 
27744185 
562833413 
2153645966 
777937518746595328 
180034385 
819635591642042368 
17845781 
18792179 
18883397 
22102584 
22524908 
22956207 
23637132 
27677135 
36978467 
37055926 
45787636 
50065821 
52612182 
55615697 
80890505 
85576426 
93330579 
96360994 
106787853 
115576195 
121783565 
134362298 
143636054 
214129117 
223903173 
237294480 
243267748 
257302726 
276984604 
309178614 
311276757 
321416352 
337848034 
357049620 
386043297 
460364215 
469625793 
496375356 
515655160 
531916677 
550516106 
564189292 
594804486 
757862089 
792323869 
905096208 
915831762 
1098737419 
1099347847 
1132045987 
1321353271 
1357376042 
1532498652 
2207820906 
2275218805 
2343947996 
2522702684 
2533083625 
2586867338 
2724122700 
3192533035 
3130868032 
3201327346 
3303699483 
3393387226 
3529302689 
3956570123 
4025202275 
701995008690409473 
736970845432745984 
789126193559826432 
237637694 
16271209 
241277758 
34572910 
19621110 
16191902 
216776631 
357606935 
774230086937489409 
970207298 
29442313 
73476616 
148529707 
69027747 
577346201 
16684546 
44517932 
353327531 
2437052047 
28358250 
1615897398 
41986240 
774824041 
244405339 
1232013397 
7845362 
58448800 
857985618 
16360046 
153429098 
270960786 
1020956886 
86129724 
21316253 
16930125 
19186003 
997684836 
2828369140 
217550862 
16125224 
407013776 
77032777 
39155029 
20776497 
18678924 
130945778 
21252618 
79743108 
20596281 
36543496 
111216929 
23839835 
77314692 
759786534 
17463923 
46418525 
8719302 
15252218 
38146999 
15950681 
20582958 
818910970567344128 
325830217 
9624742 
18851248 
45577446 
113420831 
818927131883356161 
59460397 
14634720 
7215512 
19605981 
1446376116 
18319313 
815332583202357248 
807719651216007168 
30313925 
822215673812119553 
93069110 
61734492 
22848503 
246839480 
619278612 
44134773 
15463671 
297532865 
12354832 
294071256 
46090688 
1115874631 
18650093 
48120914 
37590426 
39000115 
19209739 
738800968901361666 
2205024632 
297688038 
299802277 
22049293 
16868756 
18198414 
2898878761 
2030711 
26270913 
858957830 
27189557 
27882259 
29360150 
35936474 
40805394 
555393138 
42562446 
2834668686 
1684946220 
1601532284 
116485600 
205771054 
269442830 
277608731 
494530927 
1074989857 
1483985504 
1703636814 
20522531 
177958565 
631631862 
293088356 
486117104 
128903122 
210204907 
20728540 
3322463797 
2904953395 
4862250955 
220179457 
129252801 
21308157 
16815644 
171968009 
14717197 
1917731 
2884771 
1947301 
737654953595031552 
2467791 
88740365 
7586362 
485335529 
754604381048344576 
17578198 
213526475 
102766938 
96917608 
608161678 
3202028009 
24165761 
1604954443 
734973474406567936 
39270820 
28624302 
580312540 
123422038 
172985112 
2674458072 
142905425 
1531106070 
110326494 
534675241 
40684090 
44988185 
18924291 
125181345 
16254381 
531436010 
2912008875 
256146783 
51080280 
3186878430 
3215160807 
3734155633 
65698096 
14700316 
13393052 
28145061 
45607805 
27221778 
48269483 
48890812 
297042983 
16568741 
2190601830 
15935383 
15174710 
81028435 
3876019454 
17789578 
27031487 
1601570406 
1692184268 
142849883 
16935292 
103075451 
3148842109 
23544596 
104366652 
56775481 
983571787 
9589252 
797419834564874241 
151575709 
16305370 
18677951 
46959678 
254610836 
78293304 
430995737 
11695472 
19608297 
11695602 
15469000 
1017637447 
3301929360 
540458083 
17547952 
4329998356 
807713399652155394 
65411826 
583127113 
804132407355899904 
1093090866 
818876014390603776 
273829582 
809250675792244736 
15956067 
19568591 
63262233 
808244682702602240 
815366583023325184 
816339186416549888 
817488581468061696 
42691888 
2385508284 
21692297 
141029919 
56788628 
14764240 
17793878 
402957663 
50310311 
18713552 
22162854 
34113439 
78361556 
19539716 
704967105402114048 
17006036 
800942537083068416 
13201312 
3459051 
5360012 
3168514581 
2811544967 
1358291552 
369077896 
15279429 
35773039 
14287094 
22274283 
797506911767764992 
133449031 
23187207 
22846853 
818513652814843906 
15442036 
476256944 
293131808 
14511951 
1058917562 
35567751 
117501995 
807095 
16958346 
414443015 
202841272 
854950579 
213327680 
14266598 
799922692698742784 
5988062 
441125470 
2326023115 
130216245 
21237679 
29041660 
277230279 
729582276 
774126673 
1004170987 
1273340180 
2163682652 
96167996 
125701594 
159895085 
199780074 
228732765 
299394439 
1930796498 
3129775954 
3239108124 
20783 
755113 
17303935 
27661831 
21461995 
41830590 
58869176 
61603529 
67191981 
70580709 
73573628 
94832222 
104991713 
108506863 
109165153 
115172311 
151596765 
157306826 
178119483 
229875160 
254120807 
259937060 
263823631 
274288184 
288282847 
323509158 
430977669 
479176627 
504746396 
513948265 
740761610 
802913449 
848171707 
1080874464 
1157365944 
1176100284 
1264614650 
1389607764 
1437030139 
1522822334 
1543963171 
1553304930 
1582994928 
1646506182 
1966955420 
2159592744 
2296617739 
2332069580 
2342515327 
2364456235 
2383998186 
2457087403 
2474273396 
2563935308 
2588424475 
2647568912 
2679955866 
2771357608 
2807160760 
2842695923 
2844654997 
3192848530 
3240661491 
3345570411 
4203824919 
4865110606 
697179462945894400 
709816248729739264 
759485149167886336 
794334275441147907 
1120118756 
2734937419 
2239524079 
229883270 
108200472 
562392475 
309151539 
88767610 
611794014 
326192312 
4613508195 
44235446 
823811234 
132533434 
259861053 
210839774 
260783461 
330553134 
70466735 
1952316776 
123932515 
14857279 
58122462 
23833641 
472541118 
44427481 
3545724256 
432213253 
78709708 
2799904506 
319100065 
340356226 
562905443 
4924230976 
141286022 
24902213 
2612197638 
130215899 
69693607 
288894581 
17849966 
2339380615 
19725162 
136366013 
1712771226 
253747552 
416050579 
443930619 
74626625 
232008303 
2834336135 
1483355989 
195807399 
16186313 
71838284 
498476752 
1281125138 
2458425187 
95263046 
89222740 
16671372 
20064655 
239948218 
425510058 
305815141 
584245109 
2978138309 
1373375509 
1964971663 
73238422 
568681108 
344831981 
4890076175 
2383980558 
40323391 
1615999442 
120342217 
66754934 
87302612 
74202440 
221256948 
703596572 
61087015 
281703471 
1876625233 
78685420 
48428064 
873913976 
1584231931 
779364417771335680 
15947602 
45307185 
155547641 
758320629057622016 
1282121312 
1923802111 
2569117963 
750962876219883520 
18080541 
67349523 
17202556 
567360618 
21879871 
1423236758 
14630443 
81111943 
40054239 
762354433 
1726419625 
573918122 
16955870 
15652252 
123274701 
160726522 
15115280 
382269545 
257145200 
2237968202 
15903168 
95431448 
244463572 
2347049341 
8370082 
1330457336 
1536791610 
1339835893 
15458694 
1917475616 
48377326 
35839964 
701725963 
42415035 
15996661 
23779501 
2685505562 
720217808953597952 
719901240960950272 
243820925 
73147282 
70509102 
27220782 
3508204537 
51241574 
2997966611 
14124059 
742143 
49686679 
5392522 
19725644 
158414847 
16303106 
204474168 
150582280 
3350752786 
21982720 
20551303 
301504729 
19562228 
24780477 
15928352 
315418798 
298176043 
400962596 
15078840 
2849536463 
15846407 
27983087 
3114248122 
149109632 
303302180 
1336674133 
840133472 
26609111 
19480622 
19208693 
20798630 
149075605 
722659878075023360 
68182692 
107466251 
8161232 
15481158 
281886039 
21528430 
115099953 
596192833 
1243054812 
1362404712 
717411728271745025 
1686671023 
2769469032 
436006299 
70644387 
1309771602 
837242828 
4736943629 
84368908 
50360725 
17669950 
309978842 
16711259 
29579634 
14996251 
14089195 
50374439 
166739404 
20110424 
66561957 
59949396 
24807616 
24815314 
30748622 
84936481 
15506034 
26548315 
9763482 
848997548 
11266422 
117777690 
17905618 
19683238 
18246568 
16266252 
62786259 
117213184 
8925092 
2163177444 
2517988075 
4519121 
2783042430 
863792935 
410605574 
18238943 
39200738 
1330923680 
992315245 
10648962 
21116401 
1377527154 
3243697041 
17070252 
17490974 
16954081 
291325557 
106089049 
2926152092 
41468683 
14166533 
25840892 
1252008804 
746323 
211154175 
14888230 
15296846 
17891735 
55056678 
15057565 
1132322359 
2880433185 
70025104 
48168428 
20818801 
2788239197 
1710947756 
3085835595 
376502929 
234394583 
2927758254 
17333024 
1418864720 
261907125 
22349973 
3238219443 
20178410 
14677919 
571202103 
15164565 
119016017 
69231187 
16955991 
8611062 
14159148 
18510860 
799645 
69358848 
102700680 
59486068 
3035754198 
5120691 
13557972 
161580500 
27987687 
340333435 
591920938 
1244002999 
18691048 
139909832 
1630896181 
115002787 
2567466157 
29417304 
3283362121 
27793335 
26589987 
18393773 
10798802 
1434251 
916578110 
168701669 
11178902 
189189118 
30602016 
22986148 
38228095 
23995748 
613712440 
112479899 
19826509 
62601419 
19131829 
972651 
18784088 
562150449 
500704345 
16561861 
17468395 
713003123 
2969305163 
15977916 
89483276 
526830937 
63525135 
992789466 
20513920 
275575393 
1956137161 
346672826 
319637352 
903913819 
15162136 
15612880 
2868399730 
2739729256 
19711765 
1579422614 
15778352 
316389142 
2258808410 
21292150 
2587488151 
36670978 
32911705 
86879744 
476789390 
2780333723 
40295615 
62513246 
43346849 
1120047685 
2600512124 
404873640 
2313820604 
334317706 
2154804092 
111872236 
2236379689 
243144419 
2980525985 
2180910626 
2319612709 
24462094 
86103359 
26057575 
92117844 
2507870196 
134916598 
2841886563 
507581411 
524396430 
31535038 
17781673 
882538249 
14049061 
120836996 
1489004911 
129305695 
512448385 
248062206 
8637852 
33601005 
153403071 
1535665524 
11330762 
122411000 
24923363 
21126477 
15492359 
39170683 
574401740 
323152062 
1218811645 
22733967 
51383785 
25585110 
43464948 
188166216 
104634497 
19397785 
79205803 
21522338 
40744725 
176212078 
29134294 
185408277 
45655928 
17573212 
21135496 
17899109 
161801527 
34980254 
86146688 
190656286 
50004119 
77283320 
62721214 
87704715 
25917429 
538365806 
1331261180 
217302117 
181993866 
126506678 
118982952 
19226001 
29262267 
66694483 
84294795 
63939438 
15933898 
180153493 
45558788 
573522073 
432270305 
59951701 
54584332 
533832747 
386104689 
14325188 
1278610195 
24704325 
219868823 
177376752 
151934705 
107353813 
89633184 
59496879 
49785781 
17442976 
34476079 
34351510 
29883752 
26159255 
21787964 
57093552 
20968433 
16560157 
72752506 
20068053 
20022943 
19362341 
783214 
50393960 
97081450 
19306874 
81215188 
387748902 
715992608 
15651400 
24137143 
407210033 
148131017 
629105298 
344444822 
21228493 
19003533 
18810690 
18808745 
18805636 
18770674 
18748154 
18711404 
18703028 
239571237 
18601627 
18566588 
18518535 
18510429 
18394257 
18226851 
18225966 
18192336 
18039335 
17799921 
21555499 
10940802 
19566114 
17570941 
17983854 
17258987 
17033045 
17009647 
16962629 
16770302 
16562715 
54910931 
1160980717 
16153562 
16101496 
22295962 
516613388 
535210013 
332062528 
15819522 
15388207 
15129946 
14947908 
14914925 
14886176 
14617808 
14552047 
14465406 
14455854 
14410824 
16104205 
15818676 
20556550 
14352556 
14351643 
14344573 
16677860 
14335827 
14030452 
17020578 
19850995 
18746098 
24393716 
23465498 
14298803 
14279980 
14269936 
14238762 
14199374 
192046254 
15316826 
104646107 
15241030 
84013136 
90073538 
14160931 
14143852 
14302040 
30130643 
14135048 
14104847 
21159204 
14080733 
14066120 
40096181 
18731529 
13457722 
16472507 
13167812 
13122832 
25863 
54342349 
18224206 
74558607 
11915432 
11816982 
11809252 
23723356 
11340982 
18996291 
70071331 
9804482 
219409998 
97298440 
13143852 
19497419 
198269092 
8858212 
7742742 
7575242 
186963101 
43643295 
5839822 
5817912 
372569429 
624632450 
5295562 
4078061 
3337441 
3251921 
2575461 
26258892 
1998841 
1450311 
1203921 
1020961 
871501 
813286 
783771 
755948 
738403 
633623 
571093 
56623 
11770 
15237481 
16834417 
390218199 
114864985 
27126957 
115736043 
246176428 
616873983 
71057074 
448283829 
329198601 
17890550 
18901584 
47586577 
15640140 
103361264 
93874520 
106820949 
14820905 
185351607 
466062315 
257732033 
471626164 
271873721 
39411262 
106837463 
198314346 
18183348 
25908785 
245155868 
9609092 
259555841 
291984923 
444337961 
16895549 
28894048 
14652538 
9162372 
16979822 
16381764 
98477435 
52995894 
10617212 
15917556 
10074902 
102155589 
32985207 
39531136 
491056068 
239934504 
79783264 
15042161 
248337305 
251713959 
17825445 
384066460 
62003334 
18252544 
82631013 
14813320 
88239294 
61192684 
19396154 
130861232 
55935900 
17514354 
14220906 
19410255 
259371219 
17294192 
14896875 
16099682 
13356392 
15433693 
177338986 
17369339 
15923700 
6753582 
22577042 
42299362 
219857075 
133799876 
165820809 
160313219 
1687121 
20964981 
15635013 
17572133 
76738760 
20476007 
193747745 
221005486 
15210316 
9977282 
9297182 
86374121 
162029301 
120494557 
17419392 
20833170 
12485522 
16967855 
14717311 
1674481 
167878317 
17380977 
87640109 
14761795 
19367934 
7898472 
20643754 
94352277 
101944615 
71437412 
26516525 
95647843 
36743910 
30364057 
18035275 
180505807 
16212161 
15640275 
88368788 
16438347 
64522624 
150072769 
14578891 
143261562 
20145355 
3603821 
188924185 
14121628 
114524760 
41879253 
20609518 
17681513 
56481464 
12650502 
14451387 
17517710 
26681722 
103971994 
9207632 
208430106 
16893601 
9536182 
25393674 
15344420 
53124858 
17142678 
5634672 
122370094 
19265165 
14219943 
126031110 
27159498 
3669221 
24394611 
19877608 
15400979 
204912007 
197181024 
12950662 
72404864 
177058253 
20018152 
129051309 
20009514 
32979064 
61670129 
18739580 
150110629 
15212706 
16408069 
67531365 
16938727 
16476202 
27239007 
14719912 
17845789 
19546337 
14154172 
15947830 
17349639 
11668202 
17504675 
78789634 
5700592 
26303602 
115190619 
22987468 
15936936 
16418946 
20648822 
47040640 
14846859 
2256461 
41277717 
12759152 
15235766 
15863667 
18368219 
16467239 
14379940 
19735384 
16047616 
19216093 
40364256 
16259793 
29334601 
16498559 
16624180 
19740908 
26064545 
17287020 
15588657 
36133098 
10373322 
15633050 
15073044 
11242912 
17120680 
14411485 
18290400 
18889063 
17137261 
27240999 
18477167 
17997511 
14682232 
31627332 
4642491 
864371 
3452941 
1409471 
15558491 
22011465 
67230883 
16828065 
9209942 
15484561 
14602442 
11862 
22147328 
21079112 
22200496 
17144971 
16230239 
18058487 
24737373 
10666202 
20256352 
18463794 
13051732 
4027771 
16328263 
19774073 
23051085 
66566522 
45548886 
19552126 
21469584 
15870683 
15259095 
43214802 
19975425 
5752342 
15221665 
8412912 
14629434 
73726669 
60890049 
19894095 
18976948 
11096142 
35667496 
14432608 
32358164 
30933569 
84119859 
14878603 
49367816 
14435921 
15724319 
14336560 
42481147 
19450015 
9455982 
17047248 
25701031 
16479281 
18721857 
27873562 
49361979 
70562492 
66709854 
23284420 
20636955 
15242899 
23609673 
39098096 
33632961 
28795138 
28692270 
26394190 
25712140 
25227731 
24038475 
16153816 
23902946 
20019951 
19796751 
19639870 
73757110 
18936654 
14279896 
18534190 
18521362 
18359028 
18299691 
17660956 
17412726 
17261265 
17137251 
17126283 
17070757 
17022428 
19236093 
36209843 
766509 
16708128 
16116771 
16096398 
16044004 
15951741 
15945457 
15918415 
15880980 
15848651 
15732328 
19978580 
15667393 
15656153 
15495096 
15486240 
15421668 
15221717 
15181348 
15049158 
14886821 
14649546 
14620967 
14545516 
14243068 
14176585 
12950682 
9899822 
7910112 
8630072 
2656681 
815749 
16369940 
4094991 
16225078 
20224013 
14100579 
15841292 
23615092 
10218872 
15894673 
18166232 
819284 
16895194 
35846393 
18995848 
17729324 
40152998 
20610754 
14376412 
16211972 
14082853 
17302122 
14155085 
9926662 
18085496 
33542730 
36498054 
15667666 
14080704 
5510212 
12491212 
16079201 
14198282 
15731700 
14947970 
16016852 
15367795 
14268846 
15733657 
17821144 
14647570 
21431565 
15033804 
15693613 
14446350 
20550976 
6820622 
18351403 
17688020 
14534083 
19397419 
15510536 
18531144 
5606492 
18997933 
17285878 
16474601 
17788769 
1253451 
17523518 
18134018 
16588304 
15750963 
15935927 
12789782 
15059366 
16829685 
14454180 
17457100 
17858780 
16815990 
15703434 
10837982 
15093338 
15769434 
14172588 
69743 
1930281 
1315431 
11752272 
15774524 
14229717 
15373497 
14197641 
2074981 
666913 
