539382986 
280157793 
157903916 
19613074 
744150240136044544 
108698830 
930955652 
1024172582 
334842287 
1958569866 
17881816 
2541184490 
1896176474 
719352925 
2954644933 
2243218861 
127245578 
103550181 
821543684 
1241911002 
1251441661 
302526547 
4311401969 
2589259728 
91182615 
14645160 
234985874 
545233096 
2857967952 
2357600840 
2833407888 
1849352546 
4020532937 
1356953600 
1420282472 
111750508 
3111624450 
4648254978 
58166411 
37599351 
463005746 
266673703 
2872718833 
2754843121 
21388225 
1650215384 
22940406 
1109164374 
2821646321 
54360288 
424479663 
167989418 
175711277 
1235030658 
4012806985 
1378743727 
2342790655 
52991969 
2956662972 
2476544382 
2354128850 
1547513437 
240738046 
581579728 
2933742438 
2227779030 
624556771 
2597498814 
70957640 
701780750 
3975803721 
2783378467 
26534621 
89423854 
1643849389 
875607744 
3080732573 
323634172 
828369354 
374170012 
168970519 
1365495314 
156452789 
2388931039 
1957572614 
241832290 
2171465100 
2563676017 
2783357628 
2846409211 
218048545 
175605389 
1264788474 
85970738 
634714422 
210522059 
517680491 
822215679726100480 
1536791610 
1582853809 
1320073344 
128599569 
314285408 
528290379 
3905669058 
256986185 
240990050 
833825066 
2316464970 
3245941284 
45786304 
4146532588 
3514240823 
1183887576 
149760844 
2764598168 
417565340 
2513545184 
1120654448 
1258398914 
2337609794 
578990250 
489127453 
2650293206 
2413266572 
139188510 
4043893096 
379175662 
1201661238 
148779151 
4595956519 
845012778 
814429939 
2209145031 
1335951494 
1012640989 
528766080 
1530122682 
897189992 
1587560558 
1372975219 
593749376 
2373558938 
2205867026 
1858497169 
557908072 
557995842 
2432417994 
296723507 
615214819 
547607608 
488908367 
1121163822 
2962969929 
130328346 
2617242450 
2395789098 
1261740812 
2430670230 
2181493465 
3041318337 
2875052947 
2759138339 
302433981 
2718639853 
955190844 
2994493482 
929664925 
593370001 
974351666 
2645713380 
989642563 
2244323701 
533055000 
141317100 
43042353 
3171366511 
2777780881 
1749290316 
396957509 
1721812080 
2853149125 
452748588 
907303680 
2374478508 
240729876 
2900426395 
2217128820 
2642438760 
240745819 
3257927839 
3086026040 
918346674 
348058612 
2949660816 
2789778270 
706703744 
2611260818 
2349119682 
354139571 
2855260380 
2563734218 
620445782 
393456494 
2881657794 
2564923532 
1531514912 
551149727 
2219270856 
221197757 
2476503910 
1343486720 
834988327 
2904226129 
113564280 
2549647958 
352102757 
2498429210 
2687840425 
1703499732 
2496032305 
2359717144 
82652901 
1649633971 
2368562678 
2266209018 
552011578 
1520006918 
286742737 
227121370 
96013710 
1014760268 
19167202 
525312787 
131102007 
325451111 
66339576 
623584562 
746935735 
1635979987 
395149823 
312230865 
1076465383 
1344873170 
910828603 
810483626 
1863807403 
606856466 
454489987 
467750671 
243300398 
2603451084 
597592645 
89304457 
358155712 
240745422 
1546270652 
199110089 
775385838 
253592290 
545428554 
2471781446 
3013690866 
240735095 
227626917 
586881665 
607727322 
525821517 
1118617760 
273028600 
476199422 
2743742360 
1433628480 
4423337056 
2838535626 
476234589 
122556667 
3085558940 
1479568758 
2158121408 
474947932 
1446460165 
370699216 
2789342022 
855847824 
2785793167 
284441324 
2788308444 
404916846 
1351661539 
825934369 
3160646900 
1542423512 
2625176466 
45112524 
73593143 
2325445944 
132385468 
47786101 
513159565 
572352456 
188230263 
2794441796 
2478045313 
925360826 
2778537414 
2401292358 
2323945699 
102325442 
343547084 
2232996836 
447656741 
258923616 
2602973341 
213793065 
224200628 
786796010 
148760908 
958156806 
2541999782 
1328750544 
347899465 
237604436 
1099302192 
2760125603 
56773228 
733303040 
2223592103 
2148540054 
123757534 
206052014 
1057903333 
991401038 
203083495 
984413802 
2632716033 
1463880866 
213009133 
2728488134 
2333082048 
573459961 
1681431577 
520180883 
390860562 
521685752 
472967330 
141864252 
1438162062 
485370684 
255335896 
1322319715 
2258440815 
136123870 
843112550 
2830051135 
1324765802 
2272839091 
2498960456 
418707217 
2682013394 
508370809 
2576238121 
2413826444 
518591762 
2196840571 
268287205 
2655830472 
1093124360 
2411488800 
790876645 
925389540 
999639157 
1154754404 
981057535 
111946118 
2485800751 
98977774 
2192030256 
588730194 
1078287655 
1665731966 
2385749072 
177134089 
1335803232 
749952350 
1675176944 
2210640043 
