25649234 
18890465 
15437599 
2589521 
35657096 
171420027 
11666142 
737088250808926209 
885222182 
80703539 
4625428821 
68034431 
10506152 
418229161 
380749300 
15701078 
136925642 
4464433696 
336116660 
545558899 
803416136 
1164405673 
2548644168 
278056725 
550025555 
39289585 
20811622 
122556667 
279928610 
348056057 
177403095 
499449593 
203747496 
19919614 
161418822 
2851702071 
2174125454 
1358139056 
74903868 
129676826 
18301663 
67045624 
160942436 
82030021 
284422688 
16674726 
123870913 
298527546 
34157977 
123348683 
173332472 
249494439 
406566593 
296124687 
1129451730 
141021153 
155620461 
1452622099 
66699013 
7846 
26982602 
1406382997 
512598161 
62718677 
153918448 
517077573 
15387870 
4721383814 
4625687418 
366299343 
12284582 
268474568 
4466056513 
356745883 
333629170 
14500681 
121226571 
13473182 
38318973 
16792453 
14471133 
2806914710 
16398444 
3131549387 
39538010 
292717054 
36803580 
469689725 
41648744 
3063032281 
47786101 
250831586 
118921133 
15687962 
18173624 
265650538 
393719606 
161347055 
22412376 
914351 
1275613740 
13096002 
3253358179 
2895976976 
21168624 
14573745 
2645440044 
176320780 
3033103596 
803075100 
17230018 
2165171719 
20466150 
19636255 
123659595 
28209292 
42562446 
1491330559 
16801904 
3004231 
24918710 
46423291 
65289126 
454340464 
23829690 
794704152 
161223163 
932520734 
17475575 
239760107 
2158461 
113696373 
14724725 
161181903 
532406707 
130954977 
2463410113 
6446742 
27371990 
2733232694 
858845101 
168456306 
2597963173 
118669635 
86523463 
500170244 
229763989 
85559970 
14919272 
168462348 
360453582 
525497174 
203041769 
122104594 
36987677 
24512707 
564871398 
2868231594 
15927336 
23428171 
37724909 
15081456 
24742040 
7157132 
347877311 
612782611 
155945134 
2458648435 
29948543 
290879947 
6604002 
2557750243 
16395449 
196142659 
36431303 
412490506 
26280712 
21909092 
96616660 
231209225 
2232827756 
16079941 
309366491 
218808703 
43366650 
164710383 
15578992 
52832085 
168213663 
323896067 
107336879 
18648265 
115216851 
30364057 
18229027 
290690638 
769946202 
198750380 
566980658 
17262744 
113254439 
126930456 
35874200 
26024773 
991784670 
1052428771 
104969057 
150484436 
309605958 
207936757 
237845487 
11740382 
84670801 
121258930 
5162861 
11420652 
14063949 
63485337 
18786215 
17064600 
15020806 
24508849 
178065120 
17777014 
20659225 
128771911 
5402612 
90420314 
972651 
18948541 
5392522 
14075928 
1094922224 
15439395 
2233154425 
155118307 
38539848 
1510590902 
643163 
239543885 
45792701 
158414847 
32625314 
23504870 
15243863 
16259415 
234062645 
247343656 
62613968 
79159050 
77246513 
987390229 
42345999 
20737911 
41609275 
14326840 
28420827 
25106800 
46181868 
182370042 
427782773 
14300025 
5576542 
18501326 
97027664 
154175423 
18713254 
88001676 
62581962 
29069574 
31296704 
68257605 
39383128 
21901003 
33030256 
994782234 
14137737 
15575251 
144040563 
28039629 
19631395 
77155969 
9275742 
37906797 
76774950 
14137885 
3443591 
16458937 
35406821 
130897520 
26200403 
28955739 
8369072 
35066483 
27989078 
18933499 
691633 
18498684 
379009714 
21425125 
35348026 
225539878 
15447248 
180505807 
15838599 
16827333 
59199311 
17220817 
200279678 
171574081 
23128967 
27702437 
378864039 
17790575 
250746940 
16358416 
7831092 
17230666 
125256756 
49410618 
33132363 
140682122 
45964577 
27261341 
25926972 
52484614 
32151266 
3299971 
18875718 
15881026 
16573941 
65510348 
15494342 
19203411 
22922759 
99574424 
16145876 
87969276 
33645850 
259043109 
18776017 
23773085 
107156889 
31067157 
18491595 
34761134 
14471778 
135194847 
55492055 
20416690 
104680165 
34141390 
15039730 
21356307 
60771486 
21872519 
64650201 
6604072 
15485441 
54561945 
57082636 
82553416 
45909852 
17461978 
20014300 
49668681 
16303106 
14681605 
7040932 
148497957 
18884601 
90964854 
20726422 
7753922 
85564894 
24265368 
143661263 
38517589 
14209569 
15083606 
16292537 
18734182 
18755518 
16098603 
89173141 
22258315 
105803637 
18847857 
41349418 
17031260 
18762284 
45862504 
4068821 
46537966 
5413042 
89572877 
14090859 
14303746 
175499916 
18130749 
16567106 
24595743 
40813518 
146540920 
759251 
15638249 
16871637 
18653813 
19550535 
20632796 
122186614 
19354266 
14199979 
48485771 
24585498 
33191389 
64488804 
17530721 
20747847 
15809993 
15719227 
18742444 
93811439 
49418203 
40953865 
14750463 
14222816 
54526107 
66476012 
50000478 
18897157 
27855118 
90150035 
7234222 
52856830 
46522511 
44107907 
10228272 
19047002 
17804411 
166634057 
15495115 
14539344 
167901857 
21565964 
27677879 
145853081 
83091869 
18799041 
83534195 
109657548 
90179893 
43187183 
98039036 
35559255 
18947488 
17087650 
18859657 
12127832 
17426496 
51201083 
143928271 
29313533 
725363 
20248265 
117652722 
14888584 
14996867 
50795628 
61436635 
139935931 
24282455 
35671638 
21045124 
147331970 
60980240 
69460437 
91236536 
31353077 
21144677 
1536811 
20673385 
19525652 
15666380 
19351604 
14847279 
92357649 
48726493 
26679041 
106183531 
137577423 
16753853 
18823495 
20274104 
20152005 
12681982 
48370736 
22103126 
98591908 
18952429 
9464372 
19178182 
14400719 
131926467 
15134465 
43287595 
60642052 
35918787 
15488254 
34650471 
1432951 
80213248 
6337282 
18223191 
7377812 
36204399 
23652531 
16873755 
17547979 
19322981 
6154672 
19595287 
3442781 
7434902 
44086682 
17495434 
93905958 
13687132 
18789373 
113731564 
20205561 
20396481 
5774432 
14497313 
21041523 
34442404 
16799897 
42744389 
18709570 
11883132 
19414296 
7852172 
85254485 
19923144 
59752502 
42743382 
15616909 
14173305 
25126502 
18368859 
20219292 
18849368 
57903424 
18724978 
34418878 
109101597 
91408302 
41648843 
84043660 
7376382 
19101284 
14521330 
21158690 
15173685 
43170475 
15432058 
7144922 
2483701 
15154217 
14155052 
15567576 
15488915 
11997592 
12442992 
13185852 
13461662 
19003121 
34378922 
20273398 
47667972 
38232487 
7860742 
16464746 
6898832 
77007853 
15419775 
15410758 
18716004 
16513135 
3359851 
19631327 
18892183 
793214 
14130316 
15682773 
14498622 
15782898 
756379 
18849313 
16957273 
17300752 
16901887 
2034081 
7079062 
17133445 
14984003 
56911563 
16267459 
16421419 
17214479 
14160974 
14512689 
12555382 
15418186 
23843220 
18715225 
19371820 
13356642 
16043992 
16874875 
15568085 
68489492 
28154689 
14412605 
15329621 
14575846 
14496538 
17610785 
18715024 
18655633 
12223 
15853668 
16515099 
23965246 
16932390 
19161407 
52560743 
19071487 
21339114 
18988524 
16744475 
10824382 
23190575 
26281970 
16786977 
19087813 
19544520 
17552077 
6608332 
15681129 
36969785 
20436922 
15663318 
1422311 
15738725 
14536491 
41172837 
22723769 
14453798 
37170886 
5442012 
9696772 
20513865 
20356401 
5076491 
15815845 
14922225 
18194218 
9451052 
15234657 
14372486 
29906221 
6206612 
19413393 
25612070 
14366300 
23645599 
29758446 
14407517 
17207019 
17092592 
18780072 
15486333 
15410058 
22679419 
22841103 
11928542 
18927441 
19179482 
7194892 
16029775 
1344951 
14957941 
16441758 
15376896 
15382192 
14182224 
15024705 
16715096 
11777722 
15458146 
16043008 
12014522 
15926855 
16366204 
14422330 
16592928 
2172 
15224200 
14691709 
8037302 
5749162 
16775582 
14372471 
7111912 
15222083 
2525131 
807095 
6476742 
14426048 
685513 
10419 
791124 
740983 
11340982 
13 
14413715 
774096 
20 
816653 
13348 
3840 
14413075 
3829151 
657863 
9324442 
10273462 
839561 
2569261 
13014082 
6537492 
7565302 
6240732 
9532862 
1065921 
13294252 
6773622 
979811 
10350 
6825792 
4812381 
9095652 
638663 
72593 
14340878 
759933 
14079862 
7085 
7089 
8371252 
8051942 
8005012 
7647422 
6729282 
1133701 
895411 
833071 
1183041 
1469741 
862681 
2244541 
1702611 
6547952 
