15939424 
387450674 
305635299 
20643978 
1665095208 
9698942 
415773647 
824333698728333312 
824270573203292160 
200348797 
29211561 
825925291042361346 
3240143771 
824320219866923018 
14265112 
781265802951524353 
1093090866 
1536791610 
304679484 
75641903 
104671648 
2200714512 
3131063951 
3692454676 
71977131 
347430183 
15181912 
16859797 
335488781 
410205180 
387126216 
2900154021 
3668095643 
351828186 
62774108 
883619466 
1249464937 
275385740 
29442313 
216776631 
1940892678 
27195114 
2233154425 
339749749 
762354433 
40054239 
355574573 
455722297 
141255641 
15473413 
1905440515 
2373735295 
114709222 
248887367 
262793060 
129858997 
143920853 
3192627614 
254873869 
354279444 
336176794 
2213758655 
55300403 
214531763 
279668530 
268416076 
252794509 
32405126 
415656273 
177276897 
31738292 
126002546 
140545341 
69181624 
260384666 
24919888 
19073140 
102477208 
1473174745 
64829103 
2613454796 
2232398257 
11348282 
192946050 
16232843 
1134772260 
218921615 
292432955 
28583197 
149180925 
24908105 
124526196 
299917378 
2302645532 
20102487 
834079495 
830009310 
3040259427 
2769979723 
985944181 
463223202 
22489521 
87818409 
17092597 
2505768902 
14850840 
334631787 
373409910 
151984182 
326301956 
978176486 
3044943837 
20067841 
2410531753 
2530018681 
377196080 
626117403 
33145551 
17637983 
192942213 
36716148 
21092706 
18197901 
2206613263 
23243740 
318768760 
2965129341 
2423795893 
45578774 
2897293318 
1318683655 
26303602 
373639969 
28165616 
282580844 
2361723913 
1278469392 
352586653 
21692297 
32455614 
2866488617 
22981009 
576457087 
18978610 
16955991 
14717311 
389974502 
455102100 
31743105 
362100997 
193932735 
12947562 
91342907 
1223476910 
1395582992 
123678677 
24207365 
75022176 
238319766 
13557972 
130238521 
117189136 
146906013 
49733717 
281849119 
28827121 
19541626 
20639071 
42047983 
76738760 
285014284 
15588657 
602082172 
1399287463 
2296607773 
2226901298 
161882061 
16826425 
2786311074 
2481125857 
167258386 
45629254 
2596694492 
2444534352 
193285259 
12992772 
2858766971 
432134884 
258135801 
1615884943 
16906308 
2587789082 
76686591 
481475326 
28709242 
22733967 
14592008 
20655029 
174824747 
31480168 
505046697 
17739438 
1163986952 
34300636 
1438661119 
28852952 
15936257 
13683952 
250726586 
261895668 
192693307 
122419056 
1342378662 
1432067149 
225962422 
395586053 
2435589990 
2307642541 
2389791853 
21708005 
21135496 
185408277 
530860357 
15977916 
198458235 
891422802 
232416292 
20271452 
517956137 
628554840 
618401788 
259915658 
68994938 
63180278 
17572133 
66445462 
262856460 
23180174 
279248438 
563702542 
68457742 
432374220 
2196398166 
29260729 
2580677550 
870731665 
17573212 
18178942 
2563648375 
19242163 
21415373 
75544059 
149417186 
1634405940 
59686058 
38146999 
1435461 
14634720 
14266598 
14603515 
420388152 
590954869 
251283085 
124459427 
53184267 
158396623 
17389318 
55091725 
19038934 
189286172 
1728736429 
2453492594 
21889069 
185809250 
187093662 
18350136 
17002395 
216102784 
555519276 
25021769 
271725689 
17066327 
13833942 
470809291 
14089195 
17902331 
27969979 
500704345 
558694204 
289998339 
374538632 
16044997 
46424454 
577371818 
13566872 
419640185 
65688441 
628621903 
190877046 
1972764858 
1733150833 
63177241 
229521349 
98963477 
116858626 
16303106 
500378744 
500042487 
387367901 
627799297 
36363679 
270574550 
224700450 
191377679 
1128320652 
323270128 
50716491 
21676934 
41852424 
108402286 
305753845 
84468421 
78361211 
1018763220 
1128361326 
455291852 
60935231 
19513103 
1712973278 
33480714 
1967614226 
2232303170 
464032591 
14199378 
180000404 
17057271 
15057943 
2281358550 
137860595 
481582718 
1485728618 
372521769 
2365941793 
8236062 
19637934 
19608297 
588298725 
100154465 
387168138 
15492359 
308686769 
703039974 
14163789 
1927145545 
1941601255 
970563500 
589329900 
1380009265 
618225452 
33798654 
109338661 
214172020 
17073913 
193725962 
164418122 
231955288 
151629612 
296984550 
468741279 
17238459 
383342519 
404557495 
28706024 
19330793 
231283480 
15582057 
22184329 
15113650 
262262503 
32238938 
962820894 
1014532460 
69343363 
1007444514 
166731026 
48075294 
73402979 
36375825 
233430873 
47714668 
69677501 
249150179 
180887271 
28328004 
28735151 
52404889 
45616064 
117369738 
164872561 
276864540 
30109507 
21786618 
20052728 
71256932 
5988062 
928219752 
90606540 
17874869 
22225966 
115650988 
74778576 
850281205 
74186967 
106764592 
16046960 
36695839 
30364057 
373416209 
18526996 
232217983 
591920938 
145955637 
17561123 
536296801 
6644362 
24462122 
371339599 
394681503 
14780915 
14099695 
14216937 
14647570 
19083161 
124574890 
62288824 
153914188 
76410954 
17879279 
21015397 
546135813 
238645347 
79581485 
93035818 
186154646 
18729095 
222246139 
38711721 
7748402 
234511828 
25560731 
14075928 
239499986 
74560977 
15949042 
64452069 
365781416 
212597038 
190484301 
39850032 
253852052 
50179896 
14062180 
21859563 
326849852 
16015434 
266766812 
328135036 
29545977 
20059181 
378522669 
33982011 
19612999 
137882104 
14260960 
18942268 
241226528 
284304035 
21756898 
16295454 
335331533 
471574344 
453348650 
15471824 
259335428 
282074404 
122111405 
376998210 
376999880 
500231605 
363997684 
216965597 
537774931 
550631970 
456354916 
13784592 
557402009 
432710555 
480939496 
132265705 
148823335 
21440734 
38947925 
223570997 
616594272 
19377913 
15043429 
844367401 
55355654 
142699843 
733628414 
17004618 
855379610 
64434700 
490625201 
114589771 
24639266 
14764240 
14177942 
23465125 
18510860 
48269483 
31053833 
122152355 
125181345 
557938361 
115877639 
85915068 
163229019 
316830386 
333445109 
78184828 
961608078 
724505149 
110769918 
350266512 
20479813 
19636959 
383578718 
37656357 
15485441 
57761287 
210204705 
381046878 
14824849 
501128500 
481647908 
65739253 
62935600 
24343599 
145695102 
73200714 
16688883 
22412950 
13784322 
16381558 
31183437 
17008726 
15066760 
89591784 
412077439 
637219093 
322933840 
94051996 
256790500 
24974339 
25528113 
3459051 
250920554 
24657474 
107539285 
18870182 
86330674 
16351521 
26163659 
31740029 
49335397 
34676583 
6482532 
18169243 
15986414 
35575942 
16220555 
34758214 
26229135 
18789843 
89005829 
123326795 
14353392 
189376144 
25198864 
1775731 
2018911 
15846407 
17242874 
14677919 
21651332 
199299110 
33656292 
41939243 
80343061 
16311530 
279390084 
281390508 
25110374 
143257853 
74712538 
17220934 
126406217 
16648767 
43384404 
415665859 
30000912 
15837654 
15164565 
158414847 
35773039 
172370896 
148744358 
16892896 
105231326 
16709280 
167912446 
140561682 
19621110 
21761071 
53283932 
307671401 
24959746 
48353398 
321149362 
390441998 
17654421 
14289221 
167019226 
84589003 
59811175 
90500130 
245186977 
243344789 
43903245 
78402349 
6433472 
19000033 
19010580 
18909664 
6841332 
244933378 
175031768 
15210657 
21238524 
92816915 
14181214 
22190567 
143148413 
52770751 
35860180 
113560280 
17889970 
811471694 
23004495 
21328706 
201749691 
288305912 
185290543 
70990529 
16832251 
199279318 
243680331 
378338880 
295972012 
545597578 
581121053 
167426475 
107482295 
149208285 
45822371 
16898959 
27339792 
17085666 
16426177 
36018499 
499362737 
64254791 
524396430 
6032102 
109985389 
16499252 
15526563 
96627117 
31443486 
67088697 
109020280 
36722384 
92856696 
701267743 
203063180 
19510796 
498886801 
26243701 
347254291 
388492811 
330649126 
522515316 
312700976 
84142013 
358902167 
105208870 
255554024 
321533326 
187357122 
55835156 
577233608 
443313719 
569288015 
567443561 
572594449 
159176104 
84321709 
53599481 
12599562 
293128035 
20706342 
165948387 
9207632 
22028245 
396962428 
26638126 
127522432 
309306338 
225264988 
56768257 
284855756 
5760222 
384516601 
334147483 
409486555 
16703461 
23616725 
51271914 
109564022 
167431567 
51825607 
209708867 
154741468 
122258041 
315723958 
56817986 
19428579 
38840103 
24324302 
48163301 
33591371 
91845859 
111062244 
126178294 
16328047 
92091739 
85438385 
212386761 
61515440 
84643509 
44388229 
28627153 
158821608 
101565288 
273736338 
271526741 
273087864 
80435536 
309427506 
77585452 
90712505 
281865130 
35147208 
56135939 
90998724 
26755188 
66747684 
85209127 
259336877 
19326399 
17135918 
6114122 
182963514 
80811754 
113509194 
33687029 
74143995 
14813320 
19025957 
247071686 
24285864 
172840165 
7215512 
19175209 
18851248 
255747911 
4970411 
14755165 
71035491 
24941379 
17144025 
17017636 
17026041 
30313925 
822215673812119553 
87016821 
14159148 
14240336 
16412418 
25065495 
236539536 
237836050 
28699179 
15235629 
11439872 
67533376 
194192626 
1507651 
18057537 
24581397 
21769127 
21915666 
24223641 
23518723 
149245718 
146099195 
91131534 
6387362 
19397785 
14176246 
14589511 
16723838 
15803225 
210925053 
210687478 
8736882 
18691807 
20609518 
17881732 
32423136 
204937488 
29595960 
16455755 
26228191 
120160495 
169686021 
18735898 
71028123 
150358458 
22516680 
36511003 
54730258 
14452313 
12946892 
24737795 
45933302 
79797834 
48833125 
53151462 
14120215 
28196433 
26527812 
14128528 
14275283 
17043428 
34305312 
36222221 
28314466 
17106184 
18752533 
19519252 
17365270 
11768802 
14079041 
17681513 
21208413 
2521001 
17773144 
17792378 
2861361 
18777389 
17679977 
20778387 
17841963 
10237642 
14573262 
14957835 
14638851 
19299909 
17670732 
7280572 
12848262 
18980055 
16931968 
16793850 
16006260 
15652086 
5392522 
807095 
612473 
1183041 
2869531 
5796352 
780889 
5775562 
813286 
5815592 
10990 
5391882 
1305941 
448 
36823 
8712812 
1223101 
805075 
