50374439 
21151419 
197001564 
1247090198 
26781746 
82044662 
108352527 
83827310 
96757955 
595406077 
1360573050 
452521774 
18018355 
368426179 
458460064 
308779730 
460966881 
50365399 
205864193 
86518095 
45499837 
786692580897611777 
186470618 
28113052 
300844354 
14450739 
79133987 
45715838 
4894738653 
85889137 
16513349 
109431937 
2435596224 
133929829 
23583267 
47747074 
104644955 
155203891 
23813407 
63302020 
186393791 
2286056016 
2468984836 
47813521 
23591154 
373689086 
2415991542 
856010760 
86199903 
27187343 
63163290 
2438717948 
98639150 
216104088 
60889706 
196545975 
119384544 
2969760609 
359359491 
110365072 
2393985122 
217423296 
2576650435 
24302472 
2541999628 
292539766 
493590861 
369585026 
632433348 
2585396407 
710107877420224512 
729977542623498240 
844343869 
64746752 
138419416 
24705126 
58557577 
2485708364 
47455112 
4709584942 
20508720 
4856856315 
57751453 
237477771 
18361479 
2613600829 
66409312 
40302336 
113064158 
15754281 
44787537 
14251225 
18956073 
14511951 
45564482 
3091150576 
235700566 
16319594 
2340558698 
491631309 
133938408 
64759256 
20520051 
372563164 
5513002 
42589787 
112498651 
43954936 
19107878 
158426909 
22129280 
36711022 
27699644 
459483899 
755113 
57888537 
770258593648091136 
54557723 
127928308 
18071942 
739327418 
30699754 
20687723 
25662192 
398490298 
20346193 
26642006 
319677725 
826780051777654784 
23330998 
25387735 
18526653 
1963312058 
927783252 
260377391 
3089652677 
346630615 
810219551954702336 
5771252 
494266498 
2981900049 
501825960 
730708118192181248 
1260205549 
77764733 
20329980 
39133880 
10247082 
3832891391 
210937221 
23615801 
17150022 
87271106 
49393889 
38002103 
18816166 
474839914 
826309249315725312 
2316383071 
172858784 
3167508269 
15441965 
244585620 
12901712 
2207231340 
200650599 
14161139 
546138050 
45556329 
60854668 
278930750 
590120366 
71048726 
395305090 
19269120 
191651923 
20696334 
755317595356528640 
14982804 
2887646177 
25982423 
92854623 
14202769 
465965880 
56999787 
328634628 
75223552 
460401829 
17872077 
17934812 
30618682 
2895451454 
318679591 
166669818 
384433579 
20504273 
437052773 
506429053 
182714868 
410070653 
40129171 
19374372 
408494342 
14121516 
57148450 
23457768 
26607612 
292859790 
420962518 
182854304 
1462428901 
90275200 
249060131 
127814172 
1469088032 
22168210 
35218566 
34036358 
2577476334 
72552998 
239892125 
1398629364 
19885721 
142905425 
46822887 
56768257 
4099171 
57371662 
142849883 
730526980370776064 
15808765 
1707427058 
822517901294845953 
310308030 
130496027 
7477172 
199763814 
238185915 
16246688 
21619519 
113061485 
78716886 
950531 
2198132126 
6480682 
455499134 
25333609 
2800581040 
29562541 
299802277 
174110843 
109025212 
583643503 
502135911 
409486555 
84653850 
3497941 
220933621 
15220768 
15023803 
2860898992 
727672976280305664 
250446648 
246939630 
18686907 
473665415 
43878033 
183310940 
3253953780 
206936115 
18800265 
110970149 
295632119 
240812994 
2992527942 
20670430 
40927204 
22179957 
36109143 
17965523 
17672825 
607946179 
17839398 
18213483 
69231187 
14700316 
14361155 
16079505 
3163284887 
22771961 
174593833 
202567757 
1561123663 
224581951 
182840025 
2174465263 
23476306 
901963182 
805138577332047876 
1618939716 
233386754 
2893511188 
113114399 
258031607 
249346453 
24881388 
621070937 
75079616 
476258341 
400172247 
308379387 
16027546 
18667907 
742856674516422659 
755817932006064128 
295705264 
20167812 
104356887 
38029388 
32871086 
29716398 
30720839 
406842374 
88784037 
552582271 
96955327 
20675681 
202628202 
1124816718 
575757125 
302666251 
61734492 
97599082 
2790863976 
1720048417 
3826680281 
2586927004 
817165422 
25356462 
58913244 
134196350 
21613853 
613635955 
731532523 
2905440476 
702932794947694592 
345894019 
28406270 
19293731 
26283307 
66267332 
15766082 
567010052 
19925839 
700721937215979520 
164655360 
92702120 
3235220435 
257428678 
2214810918 
39922594 
153503737 
1128071294 
3648998236 
15143541 
187508860 
11395432 
25100680 
25543672 
58609549 
2884929017 
739075102550134784 
107807497 
42911294 
18840445 
10111462 
15279429 
4719519395 
280822613 
3239405105 
37690003 
535929532 
2928209793 
19902709 
34262462 
957306920 
776479625157410816 
110610806 
804629750 
2328869622 
2623511044 
13918842 
22021397 
934768627 
2468886751 
29270179 
69004966 
438111039 
469509327 
19287037 
14529929 
15262791 
54859544 
338355113 
2172922045 
428140124 
216477773 
204439588 
19070315 
221009281 
75293774 
627156320 
19668442 
295431169 
25937737 
22240612 
2566535282 
15253239 
257367223 
886643492 
237743389 
25330543 
19750159 
18382184 
1051396218 
49620730 
279454590 
18016384 
970392356 
17756081 
19839565 
41964836 
779416353019203584 
105411216 
787332930934804480 
21202851 
193477384 
17614849 
334732261 
19863176 
19945102 
92134831 
307985653 
85609722 
15492359 
472335341 
157981564 
169426475 
17487476 
16133363 
78400475 
28680544 
148438596 
84873129 
114974578 
44039298 
336116660 
17293897 
2425571623 
3006888796 
49460512 
1640260268 
2717727582 
1209642294 
1769191 
18767699 
15458694 
13850422 
14434063 
16686144 
230025585 
3307127312 
18949311 
95463107 
292382053 
66998204 
423411782 
77528520 
401775393 
33098495 
1349830620 
789751 
1880711275 
723863300048605184 
4869327851 
2816452829 
4453006828 
20207267 
570836581 
747110106593103873 
492991594 
16548412 
4353234441 
80021045 
1007094024 
2689427773 
110437588 
20772763 
1117703917 
4568625616 
783869731 
7424642 
580526499 
288452305 
28221296 
53503202 
17889970 
33251829 
108968664 
237845487 
358311362 
20980592 
135514272 
970207298 
2420788529 
45114987 
6163262 
176840515 
597076862 
25007375 
17990493 
2863488598 
21206498 
3189001238 
68271823 
19381608 
15578518 
14765253 
14996376 
36743910 
35270579 
18991263 
19233949 
223124097 
3149440349 
820585 
2303751216 
116866706 
1428659995 
23572472 
449588356 
24134103 
2227275901 
2652899813 
459395880 
58644094 
378119710 
754604381048344576 
174590117 
2245546518 
527790037 
22536315 
216647845 
44624289 
28779088 
239944720 
241055422 
17995040 
21027715 
146449017 
28215001 
6810242 
784890784273215488 
14631433 
319636727 
317939294 
59936143 
417419122 
1336591256 
34904355 
24908105 
2572844671 
3241369799 
291023562 
316665062 
216320366 
16998020 
20642617 
27792033 
125481462 
4274372981 
80406653 
286413236 
25399731 
751814021297340417 
317936494 
61781260 
8170292 
4206492575 
46618825 
1562935142 
19884529 
2381246233 
124690469 
222748037 
18063173 
373897217 
233271209 
2819507992 
53130511 
15464697 
763627830 
29417304 
23217907 
152656121 
2774009521 
21185021 
821193 
344538987 
280461866 
2920014210 
36273262 
809887021 
19078594 
3221958337 
20139563 
1070005202 
19568591 
215207998 
782973815496192000 
28075822 
1207654748 
2730066025 
226146962 
166192075 
332921290 
116845797 
97170019 
22460658 
106118793 
166712218 
16692859 
32175942 
93111391 
476654184 
187179219 
95176766 
4248952035 
106849542 
166207058 
524167164 
107544554 
133339295 
473990699 
47786101 
135263006 
3687721995 
91919470 
197370475 
14702268 
1615463502 
957528097 
789605024 
1020058453 
701725963 
64643056 
1630896181 
110396781 
181288001 
3054361793 
22209201 
43383705 
757516819712311296 
242702809 
179051719 
204432926 
2758357332 
2425727659 
57047586 
388743786 
6430182 
31928413 
604940737 
17194090 
382880044 
2977591337 
340613443 
1226199920 
725358873528381441 
701667727 
701635518 
38162820 
47678782 
757161638374014976 
511402689 
584554426 
130565343 
1381731416 
201731439 
242759237 
27651211 
20987043 
249075294 
121498922 
10243642 
275575393 
1413726524 
14345368 
100570359 
594435142 
3422063771 
16244449 
32338228 
766492651 
121817564 
2340859878 
1416622795 
3242495944 
4035503243 
754860209877688320 
744454819285442560 
409713189 
499039827 
3320478908 
6473022 
2740147945 
85482930 
193024432 
402354567 
53732896 
56745215 
904386912 
563700187 
128333103 
190700377 
87164440 
403601650 
17483878 
93943485 
18725815 
14246109 
1014922465 
32377262 
459932105 
473857491 
88988584 
1330457336 
1536791610 
69181624 
26792275 
2097571 
28785486 
67725191 
39279821 
351120282 
558856151 
63441389 
153860327 
876045241 
64411954 
394638073 
254098258 
240614925 
162473641 
818876014390603776 
1093090866 
215952307 
990009265 
130945778 
2615921450 
20498140 
20631422 
388299335 
19064312 
23818581 
418934617 
28838219 
3290364847 
148847167 
138749160 
48741041 
340064107 
3162521825 
34713362 
292876633 
3344107661 
2482739635 
96230203 
109226167 
522530914 
361060208 
2416212176 
68034431 
92551097 
368592032 
14260960 
1265726480 
18125710 
370331473 
2796910988 
338736117 
153769041 
35773039 
22642788 
220729806 
1481617022 
120030004 
118713871 
1158269298 
23609660 
1463193979 
51854911 
105593723 
142375993 
95885662 
26073581 
198363230 
2432455896 
20595200 
988539692 
95721440 
60783724 
747807250819981312 
12019222 
88920039 
83390236 
2218367388 
64687361 
25485076 
32862596 
19760322 
1230328411 
2797483224 
19811190 
93618872 
397579776 
564673621 
20598137 
220053538 
810372954 
21185876 
127345230 
38474832 
2607361068 
19309441 
5680622 
15010349 
1225696320 
117777690 
2527533204 
44010177 
130138925 
22131151 
19530134 
45413510 
226195230 
4901234357 
2227820784 
714887169014272000 
199749954 
1966853138 
1068121346 
25275453 
160952087 
17133897 
115566686 
156138370 
3295345664 
110403621 
18936161 
738646452633751553 
171004101 
185052215 
2497115402 
21754872 
37212874 
808387 
229493030 
50710860 
3247497561 
26090121 
197168427 
59526518 
66754444 
17208934 
18080002 
715156730620092416 
734492654755577858 
210996025 
242765117 
89826452 
591818487 
18722841 
29442313 
1339835893 
19397942 
146379141 
25629019 
33230016 
509212441 
2438808708 
3145404169 
268450537 
8279892 
394500556 
847200937 
3439076303 
197199786 
23420201 
315190033 
1266693145 
19979086 
1334881418 
1021840346 
117201753 
99560321 
106514937 
50055701 
316389142 
2317351705 
28214086 
18675985 
5958062 
36283038 
22366884 
214648418 
3244795948 
56981755 
115523086 
14122768 
86796045 
150721866 
2577467359 
2712338575 
62510409 
226618543 
293700589 
3293555138 
295648970 
3154458880 
17042078 
66673916 
2709717300 
1660468830 
391037985 
130557513 
620618811 
61211629 
110382767 
14324701 
75827563 
1023073274 
4887955936 
28076811 
119390914 
44355075 
291450383 
79583794 
3302610153 
1413670405 
402761358 
225391077 
116560657 
54605067 
2823032296 
19530527 
3092798375 
91803636 
92521829 
229466877 
45122694 
26333719 
123613893 
116795089 
213042344 
125179654 
242705768 
15768449 
197383163 
109527163 
218448244 
547664449 
20770499 
2458011600 
15821742 
3092121214 
256123314 
95368728 
225265639 
16682307 
104907767 
17893690 
14717197 
16041234 
2836421 
2329066872 
188882079 
31353538 
63538464 
1592993646 
3280850588 
1917731 
37754884 
2151656985 
316731577 
127564218 
382541632 
60496760 
221697533 
153747564 
290769512 
21250989 
303862998 
16300314 
41370216 
236581659 
1475972773 
28574460 
60871623 
19019298 
338240032 
263675100 
574477786 
21143283 
239512089 
35172559 
517438523 
1364081917 
113507792 
3771881002 
16465175 
93025141 
304679484 
582743540 
75641903 
1621318627 
30343453 
408454349 
97694385 
25876418 
486799450 
5031501 
2735993925 
2650200070 
4166685315 
161237092 
243381107 
143605557 
17835794 
133909495 
340418291 
259843406 
890744342 
24877943 
17340546 
205278393 
2984674484 
44133175 
239759584 
20518539 
19597938 
16207462 
3242684624 
26053643 
1889636426 
2837378176 
20281540 
524396430 
139909832 
16542390 
177547780 
293539344 
36973711 
50684862 
436482631 
273557471 
44323857 
580008385 
125676436 
87474886 
219947921 
223220069 
204002663 
468830188 
532550978 
2174339694 
1730184463 
1495967425 
13583172 
382158392 
577153008 
1663397780 
33300246 
22681334 
28376011 
52719115 
20474878 
587001586 
339580934 
82910359 
61008134 
95108733 
191589140 
27966935 
47583067 
3083474325 
48283583 
26476395 
2338953771 
109526528 
164822920 
34487135 
394416044 
799377913 
1158371 
68806595 
413365137 
20043839 
5953552 
110166371 
21501808 
120653256 
2383531069 
17393951 
121462465 
74686557 
352768382 
209004862 
260784447 
270589266 
2189125921 
2445423822 
233285129 
415191739 
2220024959 
21634600 
486715690 
20526449 
756973080 
1260048576 
2374836343 
21560340 
1875854796 
45827977 
1541734159 
126002546 
229539129 
290180065 
109018412 
37878528 
20500859 
468187950 
2980399047 
17471979 
2177175701 
72520597 
137645230 
15987295 
35749264 
19066345 
19780648 
17632266 
20693661 
238227282 
2987672625 
164242095 
112550739 
792513332 
507195138 
15778426 
15205668 
236671056 
195485177 
248755008 
38142665 
121077487 
123931829 
852568566 
2810985344 
224982209 
42848050 
2168926770 
136563262 
26520779 
25058787 
635432534 
1041453240 
18839785 
66830686 
2414254813 
248801998 
79199981 
59471660 
317055524 
1560379747 
478128824 
871686942 
23674485 
160158625 
241024986 
1193083700 
31015297 
348415097 
26865403 
82853372 
21436960 
390287262 
832734967 
478940502 
236221217 
2165189295 
1533579296 
2690206454 
15811749 
19334486 
18239416 
41083791 
19871716 
350341283 
20504013 
1882003194 
486997945 
1077840186 
449784329 
204160264 
20674926 
38270929 
394976672 
160567660 
596466702 
1492990292 
20874953 
1603796952 
180200031 
2377180886 
41780094 
299273962 
131941087 
476302158 
1729266121 
211994193 
2233154425 
373049219 
55190116 
292092669 
332638587 
76777454 
802939002 
80096621 
50780782 
26744267 
1934356939 
1002351 
1339995740 
491415162 
55195530 
41796852 
1528384902 
962396989 
478845426 
65667569 
101621075 
240234634 
199678891 
73371587 
122407191 
856231232 
1239088069 
182009795 
80324807 
241912409 
627279425 
385667186 
123493954 
866464502 
177526513 
190613984 
608118074 
256932040 
40310650 
88937690 
221510405 
594741129 
620398542 
710523596 
813474643 
327425852 
85243004 
17776811 
244049123 
85913912 
234782444 
1948946276 
123396295 
975964854 
22537642 
13280682 
884593428 
85370909 
79131906 
18295206 
304659247 
14304618 
24222836 
27963013 
22624932 
14460241 
24185215 
272515214 
106122686 
349816997 
35166101 
16827148 
66492948 
97268285 
1281349465 
89447929 
1706789299 
1843207322 
330921167 
28321343 
136356564 
320730589 
632914972 
884799462 
493127463 
347909288 
2255036665 
745002644 
268383434 
2226467971 
1903382054 
369758604 
364225926 
68647687 
51093410 
1384636117 
20167427 
2375666792 
21075286 
87036741 
20925136 
16635362 
31086089 
445231892 
2411221668 
68727303 
24216951 
95170022 
283640557 
15507433 
8236062 
110509537 
288829295 
18599435 
7243 
166319243 
247247234 
19707468 
185826799 
28139873 
174964320 
114554280 
1243943036 
194347664 
1184354442 
210777087 
157381435 
1612506330 
21489793 
20668369 
56792882 
274454225 
1572228674 
117529666 
48654203 
48388480 
58749423 
991888322 
493970409 
60880270 
183585551 
172672339 
44317593 
24382468 
358459982 
180414031 
1299951182 
86158995 
1358613313 
1086534324 
2257808186 
419614390 
18760904 
90673584 
20858177 
14106476 
207531430 
172893394 
1740820489 
331658004 
102624752 
562190552 
74717365 
589010907 
228874251 
259898122 
83424009 
21144947 
19815609 
29695330 
213662269 
250844014 
223834162 
16020435 
22646597 
259757833 
17416571 
1030711922 
100474328 
120155807 
5695632 
1345702333 
150224923 
436266454 
1331821333 
380346770 
384951307 
490559186 
1404590618 
138387125 
963913183 
557858676 
506652594 
462495637 
46158681 
226486251 
20214495 
186585181 
67683346 
163527638 
82259563 
21254459 
53326596 
53011136 
43694024 
287413569 
15163466 
22411875 
50125820 
16237067 
20434379 
48302030 
863405239 
80116194 
19903360 
316702759 
200066854 
347959437 
394967853 
20348377 
112206374 
61290495 
85377719 
21177481 
70352754 
63126241 
18358871 
240432836 
28258330 
89677224 
18018384 
31052535 
92717138 
105973401 
94357028 
62513246 
455925459 
14451114 
300392950 
90962704 
8479062 
42501345 
15108714 
380903290 
44088537 
96959139 
65338464 
1338846924 
1073313260 
158037850 
281046179 
25734277 
21480673 
235537273 
152696429 
14621071 
197381697 
109523018 
70685388 
295852803 
21211414 
102094857 
20815041 
546447987 
349000197 
1245699895 
1182148069 
1114319616 
1111829022 
875998886 
21092224 
28105607 
194778505 
83910880 
236657680 
90655590 
627673190 
632341632 
20584062 
16347234 
36673147 
46078438 
31135856 
221278192 
1132090693 
574168493 
1086485478 
198494684 
221580536 
15344145 
32372694 
140760796 
254873869 
25489574 
15898172 
588477888 
767362 
36909189 
84108145 
124189302 
768341436 
17336417 
23560015 
14840869 
19981142 
203162990 
15291335 
21904217 
22821175 
21341806 
389229444 
49661489 
29459494 
42610203 
1004101656 
418690607 
138721754 
206156189 
474870971 
492355344 
280430548 
1373486120 
158445331 
275700788 
256515492 
117402392 
109720853 
230845588 
339055436 
50620780 
120117254 
267855388 
26275704 
499968955 
34316513 
25039428 
26347170 
519708002 
22931893 
1285451 
38450551 
43942229 
208447030 
858789158 
103619034 
304510244 
51707796 
39374924 
477988718 
122941715 
21333657 
103652294 
38501043 
66728289 
50227161 
609349105 
18602163 
19238548 
40139016 
239444226 
14208982 
150989432 
17825445 
253502490 
484672940 
177342636 
158414847 
20536157 
759251 
95455546 
22046413 
24395545 
87410476 
15431856 
24809856 
180885830 
39619445 
21660884 
1033377594 
356986434 
35720562 
30257834 
160926944 
410605574 
35440975 
50348344 
20455625 
326895703 
884747509 
76351820 
1023096199 
459394965 
260211154 
84589508 
85289376 
255424345 
53122058 
279061979 
344742076 
173998644 
343627165 
384027594 
115183776 
111628028 
85416918 
21860901 
366836810 
254156600 
359621966 
71553503 
74594552 
18023868 
126264022 
36670025 
17284200 
142614009 
186154646 
46345843 
140955302 
83814679 
187179778 
20543479 
14651396 
1023072078 
31864360 
46437719 
40532389 
182479169 
103929513 
134382406 
23592074 
33773592 
403576718 
413140658 
16576956 
19350455 
628765360 
14102335 
16186995 
64672345 
349038064 
914588454 
22401857 
35602976 
449849732 
222556688 
16675569 
228663169 
53401305 
500704345 
200218760 
755147834 
23487310 
1434251 
189075082 
115554440 
22930236 
15115986 
33306904 
84296426 
38256737 
22021978 
55579426 
168663228 
626712127 
20430688 
126083411 
84957890 
267769846 
6290752 
385326089 
311989458 
27151738 
453434680 
114471835 
126657041 
24211594 
192015536 
296319355 
69393590 
30087164 
16404379 
11462732 
365447975 
600853433 
112474129 
484748518 
40965357 
53666392 
23892927 
21008866 
16192277 
78021630 
69610339 
420636280 
245513496 
478693253 
24126361 
60886384 
103079669 
226348151 
315095688 
296185379 
113108699 
102104262 
16432203 
95406926 
584987968 
103065157 
15198507 
86626845 
315501580 
98738595 
149272318 
56486495 
389853429 
15281023 
13835992 
18658255 
71372467 
243228907 
93598548 
49585215 
176498676 
33290097 
164101789 
326869253 
20531154 
42736170 
25098452 
178973012 
15066760 
179887262 
16895274 
17231135 
19762524 
55493018 
19230601 
134563275 
545251907 
10228272 
289909806 
62911770 
412263489 
265902729 
190555024 
429222254 
25984418 
18949452 
130104942 
183739912 
456927748 
236063593 
20014752 
83855918 
475826738 
20845800 
45112524 
66129243 
364488011 
156380350 
538031518 
16085557 
47931270 
626372660 
23976386 
46655547 
30227507 
480782173 
16826970 
135521565 
153018445 
157044469 
100989156 
117905850 
22812734 
16669736 
91334232 
220539646 
127831273 
86064006 
36020956 
322632450 
215411602 
147547722 
106038987 
83814198 
91093558 
17660565 
76938239 
21982720 
46220856 
34743251 
44196397 
75712305 
59156862 
10751252 
179472564 
17017636 
114721074 
436702610 
119691332 
250205792 
126369654 
266752354 
621583 
393028587 
29695131 
23609323 
7687322 
80567796 
75027059 
294072558 
17441447 
443668407 
31083978 
299936873 
14800270 
81816303 
8653962 
73168194 
175420754 
219623800 
56169454 
44770583 
243362324 
15351935 
274585141 
20600229 
8531792 
193646714 
61266460 
21011566 
136288132 
15726728 
204261242 
90676132 
90918950 
112398730 
42591844 
20517600 
19362341 
23094787 
205654463 
17866959 
355452893 
56304605 
284199323 
112703470 
14246001 
262322667 
231183280 
16067547 
223430693 
144884794 
151387046 
151389555 
42852429 
471287735 
19062754 
26313494 
58379000 
42117389 
31114386 
18700629 
14861368 
308233424 
19167293 
30043495 
37285789 
17230018 
104615636 
287834630 
83296294 
14145879 
4620451 
21910500 
128554380 
199640036 
6549332 
72831048 
47438401 
23487639 
14468652 
20136892 
373416209 
20481072 
103558465 
37694171 
22476073 
3283901 
407347022 
18655567 
135573797 
177325637 
47333681 
308981378 
42191735 
24028945 
15473958 
158038382 
318502332 
15484198 
14275129 
31382430 
39462935 
19589816 
193057217 
43819284 
20716102 
335404251 
19187671 
20014300 
16134434 
59503113 
798277 
27834920 
72888855 
150246405 
194090713 
95431448 
43984593 
385849509 
359289831 
18713314 
19623757 
32472806 
20015311 
109269644 
345714138 
212259675 
116727748 
19902284 
258768180 
194343133 
228845995 
16629477 
33279328 
232937039 
21465230 
14496918 
178744625 
62966902 
19393128 
219726551 
229246832 
295221061 
32410378 
15172980 
24129206 
139092348 
113304642 
55459700 
48289662 
21416711 
42519612 
15644021 
131351549 
107222035 
19926677 
241122100 
26734716 
49204865 
228859784 
283894108 
307823562 
811377 
1835411 
61663 
90484508 
148653311 
17940246 
68226045 
60699354 
108568373 
20283797 
44588485 
17424053 
81151728 
89726963 
27676108 
65045121 
149103331 
194560088 
140515657 
45806408 
25995437 
15016500 
66967746 
19977949 
17011345 
273710138 
92614042 
156016878 
166767883 
105834172 
18774246 
14330861 
14190551 
259413212 
331672974 
22145200 
19346439 
22553032 
18273207 
127566669 
29494884 
31311757 
57018084 
64510593 
14337915 
27692596 
156132825 
15830716 
25270142 
239172505 
215762795 
130459117 
23937508 
15503224 
20479813 
259925559 
224820912 
74394857 
24779254 
145292729 
16153562 
238088181 
219017382 
9207632 
214534086 
21288052 
33963369 
26233993 
229219088 
185827887 
19569290 
20304556 
46343990 
70547392 
53355406 
278071536 
27660239 
153906927 
32453930 
15588657 
74174646 
68050228 
188039706 
14857290 
82312386 
14684699 
18114990 
79797834 
208711264 
15498383 
5943942 
15255537 
95647774 
236945657 
123793508 
279504575 
110470795 
20759034 
20583561 
16672510 
15687399 
16241871 
14940354 
26759984 
27013292 
16949344 
59247894 
14685924 
432093 
20696985 
121887978 
17281876 
20778387 
158512580 
205770556 
237742285 
46117791 
14085096 
20771519 
31097650 
18091004 
239098915 
155642429 
114870386 
284575197 
216264820 
285332860 
43115008 
1294741 
50268620 
140070953 
28160998 
15920875 
82050459 
14780915 
14157134 
115207228 
89720430 
271106411 
279513123 
22151193 
1524841 
14824849 
235168857 
32805361 
74051281 
14880200 
196235064 
26548315 
197615160 
15307151 
50597271 
34891363 
63083335 
54554456 
233111001 
49942908 
139643092 
20065463 
111272312 
254505014 
28153206 
28870127 
19384782 
188716376 
223882180 
27335600 
21797072 
40918816 
210860653 
24914600 
108883543 
19163727 
8933572 
5746452 
31701010 
15035816 
18905879 
16051471 
15965822 
14527544 
8442372 
16950755 
6049992 
193797007 
177975812 
43337104 
14914631 
37721018 
223196965 
212256947 
86230406 
149834911 
149387229 
16850371 
15586272 
20562637 
44166798 
71294756 
250213480 
14066247 
15170194 
132038193 
181872811 
132897310 
21887420 
70901586 
29739553 
61183568 
174702420 
82074137 
144112800 
171404842 
28978705 
24528266 
104272446 
6519522 
19152541 
70363243 
90187004 
32493647 
15143478 
106526969 
17948250 
27702206 
47912448 
87818409 
20915739 
22790436 
115095147 
92947788 
1000591 
226113426 
19063323 
17229809 
11856042 
14385329 
22005625 
22646514 
10142 
14131099 
31171388 
31537951 
43332075 
22541556 
71528475 
128216887 
136004952 
95386370 
125370749 
93663135 
150675722 
33552797 
36909693 
119494687 
29261269 
18424289 
4970411 
38161770 
125148375 
240843026 
18282606 
2890961 
116131436 
17526497 
18294275 
26528586 
5670212 
47348249 
24019537 
20739133 
19837528 
40122267 
22986172 
22363802 
83590349 
197365064 
51241574 
122216533 
147906566 
13416712 
108597502 
79292795 
46328741 
212560938 
16902662 
22128494 
15332636 
205622130 
148305124 
224761631 
45025729 
230284691 
176486829 
16681111 
19562104 
111323990 
71238010 
153810216 
44373112 
171117515 
61516240 
155659213 
155927976 
105486615 
189510889 
29679737 
27650674 
12524522 
16984207 
17939037 
1046661 
23832022 
22393417 
37889646 
5760422 
180505807 
75887588 
137971249 
41570428 
19949151 
114755833 
65623452 
14726202 
18164420 
21764143 
19436397 
16888241 
179569408 
20823928 
6751502 
32916289 
81856710 
120524697 
52462302 
175691292 
19697415 
34238944 
216299334 
47945492 
37896651 
56453799 
52755452 
36623013 
11254852 
42081491 
20659778 
46875124 
128614814 
26514893 
22169710 
5412662 
15727738 
23925153 
20990898 
123265079 
87650496 
23478883 
109715034 
85891683 
18887526 
15908631 
36290416 
45022448 
37907107 
216496962 
76310007 
61740757 
70361794 
204467806 
18055216 
21111154 
97893963 
56056708 
19058407 
32144814 
88377256 
15084853 
18949349 
53107828 
44578328 
22628827 
19964034 
22014081 
18097821 
140118545 
18061669 
72235760 
37710752 
19725644 
170466885 
36414454 
62465691 
21079030 
18639267 
18872165 
55279117 
75808121 
109986944 
53112502 
70702267 
38531995 
2467791 
19706585 
26235928 
20773679 
91827895 
97729914 
21523363 
63178406 
21642976 
209253668 
20512136 
14073022 
190596622 
38682272 
63172203 
18718949 
16737418 
22790104 
199590488 
171656520 
20839579 
20668356 
110827653 
117058623 
44606764 
118739566 
40837929 
81831053 
22256645 
73087854 
33043866 
68330395 
130617778 
25070893 
81124540 
17393219 
25325260 
44438256 
121193566 
39055651 
144541667 
16017475 
21201280 
21605051 
43075108 
166301200 
14159148 
19817778 
19534873 
91151543 
31406907 
154169973 
16589206 
31058922 
17969699 
18812572 
87416722 
21101588 
17949156 
185306056 
14353202 
20699709 
27695248 
52677972 
47583917 
26985345 
17062358 
20543416 
16973333 
38142380 
6107422 
14138785 
15996843 
16932693 
19592472 
29458651 
102754598 
135629930 
36644059 
19463303 
159454866 
52768208 
15164565 
3108351 
16708655 
137811467 
112508240 
123713942 
32128783 
55540018 
66259130 
33933259 
50393960 
22001973 
30345764 
44115106 
621523 
36082429 
18713254 
24963961 
19818494 
20659839 
20038221 
8963722 
14085070 
14312841 
71876190 
774096 
28534252 
13838562 
21255118 
115485051 
44874400 
48600145 
89672258 
122994639 
26727655 
13496142 
63691776 
19394186 
5838002 
33852508 
78433570 
465973 
6872282 
20106152 
3533231 
15481877 
50753411 
18029498 
18819574 
16860511 
8302532 
20770131 
14321767 
30767157 
35225144 
11180212 
43166813 
11348282 
17006157 
14313332 
25297086 
19604690 
12047062 
6386592 
55259004 
19662223 
15480686 
21237045 
7563792 
4178071 
65322179 
19702854 
21227559 
22623663 
16933716 
53039176 
56488059 
50998261 
51492686 
57280159 
25657401 
42950930 
18161157 
20427778 
16581604 
15907720 
14465607 
19968190 
46143892 
19593530 
2310401 
18673041 
16066580 
20691366 
18050996 
7429892 
17967436 
17376218 
36042554 
18995612 
17136637 
23751864 
14173315 
1652541 
742143 
5402612 
15012486 
19336252 
20065342 
17365848 
17545037 
22578352 
616173 
39765922 
39273741 
14253587 
7477212 
17004618 
15089174 
17225211 
1344951 
17036898 
27457788 
14434011 
18455965 
24009286 
4970771 
35753126 
25170188 
13799922 
20072808 
21323188 
16366629 
46403451 
15205798 
21412870 
20622724 
43173208 
44155214 
26234671 
31892440 
23475683 
21411180 
28943421 
11426 
13649002 
20187065 
22079998 
26759915 
22976472 
18521391 
2057421 
1468401 
20776696 
16877220 
18903971 
22770584 
19314650 
28123862 
15587500 
822215673812119553 
30313925 
26003792 
17444573 
36412963 
16467958 
15171664 
19120850 
17960461 
24861878 
19448989 
19658936 
20149254 
14499829 
18170896 
21581503 
21583814 
14282672 
7400692 
21793154 
20602394 
28153561 
16558796 
14408956 
1630561 
16602831 
20962674 
14377557 
14943818 
1035491 
31512743 
10215212 
29881875 
16484374 
16587002 
15846407 
14464766 
19397785 
22685200 
2768501 
20155652 
23600184 
19644592 
18716042 
19906615 
21746513 
24884587 
28342308 
19658826 
17074440 
18270755 
24447643 
16681542 
8993582 
12435512 
1468151 
20277810 
22158898 
16190898 
18294197 
16664681 
19418459 
18485106 
18048886 
21096869 
3646911 
19740592 
14293310 
17029640 
14019992 
15859039 
8820652 
7402032 
12185672 
20376113 
18938604 
18066175 
15222806 
15710120 
18058741 
21655125 
15923077 
21524655 
14628075 
20672335 
8622802 
19637934 
7587032 
15081182 
21419504 
10491732 
82243 
21879024 
15445811 
11891512 
8596022 
18332190 
20713061 
19408917 
6017542 
15974185 
14971572 
21237942 
18725026 
917321 
20718719 
13220062 
7426632 
16832632 
19335378 
9468992 
16528975 
14647570 
21092495 
17531205 
611823 
20689749 
5747502 
19339713 
12 
15178186 
14474325 
14514804 
14677919 
2087341 
14420767 
20225180 
18764841 
14270650 
12340562 
15689503 
11771512 
15234546 
20608910 
4119741 
19364382 
15134240 
11856422 
15110431 
14176607 
18311408 
16274690 
6773322 
2521001 
761 
16683666 
19982092 
15689167 
10234162 
15243857 
12134862 
18982136 
2488541 
18735898 
17442357 
17442033 
12079312 
6133472 
621573 
19655729 
19712106 
19657855 
19682815 
15661604 
13098 
12818 
6705042 
75503 
7589572 
11855222 
1586501 
8974682 
8973092 
8973142 
8973062 
622113 
7905122 
783214 
816653 
20307554 
18272393 
16376711 
3487091 
17393831 
5459482 
19394188 
972651 
14224719 
20 
8453452 
13058772 
18058609 
657863 
6120472 
19111767 
7076492 
18980276 
18809812 
17681513 
14700117 
3004231 
5520952 
15227791 
12044602 
19095849 
19353294 
17241622 
5959342 
14569869 
18676177 
14075928 
5695942 
13348 
16042794 
16539573 
17850012 
14123751 
8161232 
14446350 
18791763 
16819278 
19058681 
2557521 
15253147 
19562228 
9534522 
17242874 
9734372 
16887175 
19524590 
18953259 
17753033 
15485441 
6273552 
16727535 
17220934 
15224867 
10810102 
16297426 
15439395 
16045527 
11677 
13 
428333 
14603515 
1877831 
1775731 
1435461 
1774391 
1769551 
815994 
807095 
624173 
9056642 
2662651 
1584901 
9300262 
14154272 
2884771 
15568127 
612473 
16343974 
14703188 
14602259 
621533 
7400702 
6796502 
5988062 
8736882 
788524 
9676212 
4898091 
813286 
2182641 
661403 
