805632614182883329 
803566767717187584 
15181977 
492991594 
278930750 
541858751 
44359860 
326139135 
29938901 
1080211093 
157920406 
2218390334 
303855298 
1355181415 
1459232030 
467726691 
1058431974 
3751773020 
774044749 
251441174 
95465520 
153966123 
730552170953756672 
1092305288 
16162637 
1025998374 
101000096 
37581349 
281335900 
71084111 
2430294991 
3178145446 
15422056 
3573724754 
28974836 
3176626581 
19850906 
9269372 
25152524 
46137915 
292511934 
17781604 
750728611 
537412961 
57589386 
15867443 
14513154 
85462521 
288571295 
106204123 
244627772 
549412718 
15551263 
424519964 
419015547 
206854076 
14213597 
103972606 
537177377 
14466526 
1638217238 
259674489 
15458466 
23285178 
371172423 
2364600889 
44862591 
32257770 
19678509 
32301689 
14800144 
435929732 
20625601 
45933668 
146601627 
872164718 
33906521 
472120749 
14120538 
71073631 
41513270 
15123846 
270144738 
10117672 
358355410 
2907651001 
2364287598 
402869335 
2409431994 
2030711 
348658524 
17339064 
24567046 
540973577 
29725730 
313377740 
299594057 
24792635 
276314137 
117027069 
3027402069 
20553408 
902200087 
438364335 
26931992 
1429587566 
2755277992 
2861019185 
204564308 
623269076 
422720800 
364465366 
2457171944 
148292326 
281000012 
249984162 
1154220907 
21259909 
27036492 
89365830 
855604866 
1935397638 
8903942 
20739133 
14340145 
2203878362 
607606323 
563361945 
91291036 
2561801544 
796745155 
34545483 
2552570702 
18576673 
182840025 
2869405704 
2402548327 
16970490 
15867182 
235706649 
953210450 
14532006 
1169649678 
582962011 
48650283 
42442665 
147123768 
13031542 
558856151 
30224702 
1325726533 
82884121 
2656247601 
70402648 
12808192 
547837199 
496922304 
1938663272 
253006112 
117157321 
18261310 
1656413190 
1717931293 
14770785 
2150040512 
2333780706 
199848209 
1531652898 
30048861 
125512325 
14321959 
571202103 
55638250 
27741349 
2589733357 
2709796362 
1002513128 
14981294 
46854930 
2265343890 
342915221 
251848509 
2722997613 
1069695415 
234507510 
14609420 
302393125 
140518316 
175228441 
179023938 
614646192 
2291695838 
138475538 
13832242 
2615608495 
135005726 
46743752 
1912829425 
2162177428 
482333114 
701656657 
126039900 
61922821 
1331648340 
22661861 
19181549 
147797737 
14760559 
1278426829 
2420979043 
1877503412 
2152464326 
210952466 
1069120831 
135726311 
41710557 
438824917 
2227148305 
461257299 
307577710 
83793339 
18200236 
19659468 
32584728 
12331222 
1644991 
1683911737 
196458749 
556151596 
19280537 
415041474 
69643988 
1686376789 
18725665 
15907986 
901822682 
2296271 
12925072 
1262814457 
30484294 
371997297 
1460442584 
1651565046 
20246389 
85319948 
15914126 
1254436789 
1580289068 
15804313 
443082770 
1390818332 
30360774 
240112167 
1308821364 
588492837 
287495698 
72734966 
18548722 
18066598 
1660285279 
339289291 
558146655 
423558161 
19178745 
14192558 
166828896 
68867220 
284685528 
107481328 
22807941 
415786964 
782315516 
571827312 
158774692 
174863731 
14578782 
390675817 
102792727 
355906128 
832089986 
61813 
1342917680 
250439656 
23478246 
426736203 
614966950 
138532530 
413456178 
19306848 
18963080 
36996314 
417555187 
14098159 
321453540 
17879144 
835549358 
557395860 
16908002 
17793541 
16636428 
156587993 
92656861 
548394077 
24427165 
16262114 
47805306 
190841531 
17192286 
41663576 
111089965 
319929467 
23435867 
405067576 
36481062 
1632891 
154564075 
602132842 
262865354 
27471564 
92308073 
977243948 
414537122 
16438430 
155470242 
38670814 
16651708 
28762367 
18838539 
495206031 
26642630 
279153931 
29642614 
98206506 
796823305 
9965842 
83268821 
274529494 
1137237582 
7068442 
1217081695 
50306686 
15027086 
41960265 
879161563 
1028234732 
604808703 
14371388 
11438322 
5126711 
167339643 
190932382 
381507944 
243669251 
72157537 
97937014 
6532522 
25718597 
9781002 
1021176966 
90948539 
19311662 
23217401 
623850262 
433588512 
1168531 
15039402 
448971869 
151191680 
62930133 
472713894 
107530760 
541869617 
12294512 
25954756 
946371024 
158005729 
201479562 
618259831 
16045087 
11475412 
182935564 
188554158 
11887042 
1061588851 
103001139 
113874950 
72592685 
474461180 
321492255 
350708826 
262633476 
21301606 
521658579 
724873891 
978693914 
436058303 
102825668 
165387461 
747891578 
115268948 
387089072 
139244785 
8883712 
319772948 
202595945 
119498147 
118952409 
42285488 
18495076 
35745598 
99537806 
37375074 
465523862 
19539314 
252890019 
19623009 
15807502 
587113479 
206071884 
250756252 
392878534 
471304441 
29392243 
216036567 
313707925 
512054364 
447727093 
21179667 
82477970 
301566610 
472132412 
216514881 
19038283 
577684341 
200134659 
745534626 
7770202 
243237935 
18583732 
23176276 
42389136 
256529211 
492537348 
369258508 
15552773 
257832686 
110257168 
1393551 
37870523 
51473146 
15726358 
513824018 
20865979 
56596677 
25707034 
19752441 
451478678 
321277715 
537645228 
231796277 
825905731 
21962687 
727360291 
750604682 
39166602 
21740969 
16072431 
133546344 
370715434 
547767119 
255471924 
18976102 
21512266 
318617386 
37841444 
57210865 
59229256 
302139494 
537520004 
43897002 
16017475 
15907111 
24789175 
16503460 
20212448 
598790857 
22881126 
395555062 
14996840 
20852175 
52838384 
175633651 
111645972 
11388132 
112797929 
16670485 
359680043 
596324570 
635800781 
148353635 
564875153 
14358464 
83784738 
95341502 
138920356 
43035795 
396287481 
32733149 
35186319 
336644583 
29120942 
578599109 
19336500 
14595085 
185637973 
234014769 
92140084 
296383014 
349195231 
121795815 
40720843 
17780312 
14769324 
20738299 
72862200 
17545077 
21512599 
261035565 
321098758 
47018428 
351108842 
42903387 
307509250 
17783001 
19413210 
231743954 
177644273 
330403351 
104239079 
116644166 
14658125 
287625260 
56771684 
360848817 
351009869 
408515386 
27236550 
38126671 
37372199 
19760382 
19940347 
23485356 
239924971 
405114642 
102254970 
200306618 
20445888 
157329621 
417529652 
189676581 
1479731 
19238211 
409755283 
14753130 
79884542 
136320236 
292472676 
21242865 
170750000 
133448108 
22309321 
374684043 
287327290 
103729129 
28625937 
272692763 
329567714 
29650732 
14993972 
54735483 
337955864 
373047456 
343752395 
400160947 
44619448 
50422038 
21426177 
264929747 
208568172 
233440564 
76431666 
113234873 
6290892 
55295563 
21503961 
260779572 
25388528 
20775310 
150484953 
36658502 
38003948 
29855774 
18911795 
20109139 
222833842 
50561137 
46312976 
21370787 
23197154 
18626154 
28601666 
112861579 
15134782 
45357480 
301833227 
35537893 
177330882 
124235071 
262741494 
77849414 
20556427 
16017924 
14886149 
16468500 
143214738 
54576061 
20803065 
74851127 
3100311 
346352285 
314103531 
7749102 
7700662 
35720149 
38962746 
27552112 
35011765 
146725830 
266666585 
76709924 
44498048 
7112862 
34457744 
38927700 
16269180 
159290235 
11736882 
19523238 
83932732 
109746822 
14937574 
32134080 
73993916 
20296815 
18012310 
9716992 
174355307 
25728193 
60036818 
123702732 
15075911 
34460986 
320386439 
7019062 
19475531 
69942034 
249816316 
315577471 
72384679 
68127669 
115188595 
334800769 
211660716 
119912303 
15322706 
57458369 
15115612 
29265274 
43745367 
270067386 
14097396 
125471278 
143215266 
15870978 
274182068 
131865751 
291123874 
15399771 
17539651 
17997341 
63615723 
173373241 
119796728 
260106441 
296249068 
307057517 
183958000 
297764688 
115758025 
306221834 
57748873 
15794549 
227144203 
103448306 
159851271 
17043839 
18165251 
85356833 
291803970 
179045851 
21831491 
149166756 
256152986 
15409797 
240803211 
168731134 
59515348 
87013060 
42366489 
197962366 
274843974 
40671322 
42913189 
25316873 
173956660 
84329811 
39300274 
27197438 
153531879 
199946689 
26089030 
270721634 
17565045 
15926956 
94458249 
250768717 
6312402 
15303882 
204457270 
283821319 
258889122 
229930376 
261015461 
21712715 
177772210 
6436872 
16333390 
34315057 
86956864 
168987151 
7010142 
52805323 
1428831 
30495974 
167561460 
29206490 
26755733 
50490967 
270608743 
94561549 
221792765 
19762359 
248899388 
236083867 
34697582 
240372462 
230453615 
15062051 
203364164 
12708622 
257284089 
21152909 
33008727 
136798160 
16842377 
27035611 
203185612 
144692356 
14562013 
16144821 
112969546 
50627957 
143965694 
80730174 
44552918 
14762194 
18061783 
30582690 
42008128 
107256258 
39403980 
130294479 
3654681 
162535413 
53687808 
28697216 
59868821 
60149316 
14980259 
76439489 
20805784 
84653539 
10915062 
4070181 
35007782 
15141749 
53538059 
61978346 
12986172 
80068444 
19342974 
243140650 
9935322 
121559715 
226693260 
89944318 
57703349 
12296282 
58653571 
17295345 
256376931 
168756009 
5347142 
32420198 
14135993 
63704391 
198561083 
187346475 
9006982 
193318094 
23090812 
135486484 
235264475 
18590869 
214458276 
12144402 
13770172 
16228479 
10228272 
18107749 
15150453 
223880771 
146719457 
221422896 
199288584 
16307712 
31361500 
18696750 
163488859 
220781760 
15157476 
115475094 
226064808 
32689552 
214142334 
41490158 
7770062 
54650049 
12363792 
16366590 
18389166 
5579792 
258909040 
67054629 
139173680 
739743 
14791994 
40557902 
20570294 
6267962 
97858519 
42479153 
31696048 
74099239 
25387854 
173210728 
186860951 
245870681 
242959554 
43880836 
214253906 
259800620 
18127036 
13247052 
21513032 
19092508 
76334912 
86775205 
790743 
17877351 
71305950 
14240395 
223538031 
22144643 
90535221 
19003863 
18770403 
10458102 
236211277 
240114152 
987541 
22682082 
14961093 
16315690 
26773858 
35649670 
93919805 
235630288 
119228939 
117276983 
228111502 
18456534 
36787335 
241097310 
14528703 
41595481 
51331297 
15784621 
160650063 
11633492 
163312802 
8870632 
22331865 
17564715 
26744205 
35298247 
220904684 
225053061 
17556493 
241236624 
38213676 
37777870 
117773928 
20626784 
255329225 
61758090 
74183390 
63135811 
104649537 
43370290 
195766432 
220693626 
15127423 
250804838 
16709645 
20680228 
47526384 
19136051 
77604394 
49960959 
253485408 
61878975 
188417099 
69586739 
17695131 
59010637 
30133564 
14817950 
15655949 
19126577 
67453973 
250648381 
59111930 
206935248 
39768723 
150854205 
42683947 
221889555 
237047761 
36459796 
92285968 
171588342 
68050228 
16107842 
16688389 
16097247 
15023538 
807976 
43166232 
14540546 
15117431 
25351916 
21252832 
12133382 
15697243 
11188622 
85242450 
38981543 
93882962 
215455793 
14464919 
122153615 
15101708 
45610120 
32502890 
62956363 
55533993 
18468289 
15628319 
24598858 
19234381 
246088673 
191571578 
15379248 
18706883 
15074189 
15707047 
127180820 
220478375 
244770087 
19455487 
15643370 
16833565 
158931931 
777908 
59503007 
17626145 
16581861 
16271209 
15589386 
240038101 
18003210 
91353229 
20002247 
17615963 
116394422 
241074869 
21135568 
215001424 
20737371 
43362560 
227907585 
167933724 
125747812 
26077875 
24588863 
238261903 
16209448 
22276232 
171519529 
14503660 
225322804 
135620679 
237153242 
14500915 
27425609 
60662837 
146027257 
7434892 
103446922 
45643296 
24206345 
38212271 
105310325 
14335442 
54370635 
19146776 
91274219 
3539701 
24812027 
78836392 
53554002 
15742970 
7789832 
34066833 
11637332 
24414384 
19673563 
26574653 
14432546 
17207024 
14325683 
49402933 
25977315 
33044111 
28681335 
31146861 
29239894 
9530722 
18620932 
15440522 
20511841 
22279896 
27149615 
21524095 
15681481 
15420011 
18637403 
15379366 
17287528 
17297544 
14409240 
15264877 
15914386 
64668535 
30278753 
22332224 
14629934 
32963865 
17203389 
42128577 
163601402 
131356636 
125442749 
115793614 
187197986 
209370566 
38513573 
160909553 
150433 
95984867 
44863837 
17852090 
89880071 
158021178 
128042325 
15248529 
223883996 
153572793 
66706921 
135856722 
46055888 
219372930 
144940930 
71050549 
16739710 
80676553 
216105869 
47586577 
22198364 
17448597 
16396415 
31246666 
28980128 
237965276 
153112879 
19997751 
2248911 
18677031 
56751189 
15050944 
15309633 
14544571 
39936990 
40863850 
36799348 
19330238 
19493179 
43479137 
15372644 
19425415 
213473871 
206813512 
153326322 
35317638 
100905392 
221960592 
29471311 
58109576 
17487338 
76115121 
206869055 
40088181 
77062281 
35025515 
201987475 
126407292 
46679675 
18455252 
14472998 
1764971 
25448266 
14852398 
28934602 
161638611 
71471870 
47749254 
90938377 
17624564 
28688030 
25172658 
15075438 
109889005 
7080992 
152764267 
31409510 
27905866 
18810374 
16649649 
44038737 
65890224 
139921027 
194833325 
28487033 
72854062 
195645028 
17480079 
16233216 
176138463 
180527863 
108499607 
10104432 
31273438 
15766806 
16340063 
21342292 
976501 
17401704 
2691501 
59108571 
21971832 
105885069 
76436221 
11635782 
64439991 
14192589 
91390836 
19553709 
54149631 
136400434 
139446485 
11333 
14703271 
17535421 
22974016 
106253021 
68426303 
37285980 
15767534 
13850132 
15764644 
27499190 
37730316 
78890094 
74254938 
25756324 
16004177 
37182487 
19408552 
71702702 
14078718 
142049634 
19255851 
20700232 
21773828 
59659552 
25932205 
15764952 
21978906 
23086402 
23101601 
27150170 
176307646 
19942371 
68754434 
20000316 
156370911 
11922842 
118735458 
76225852 
165454264 
14633717 
6429252 
83676464 
78402897 
8891532 
9917722 
12161222 
1754241 
31502497 
60949436 
103550181 
17120827 
74491832 
148677792 
33008227 
9355982 
17682431 
9345172 
22231561 
146512265 
14155486 
15113820 
95787530 
80050555 
16187198 
16234715 
32898639 
106877424 
14306717 
18102259 
153251354 
24707935 
49565018 
30639235 
22939923 
26779967 
17916539 
15268490 
59332039 
28022257 
18275382 
21923541 
123395800 
91363701 
18247879 
41228032 
40316313 
26189064 
38167605 
65727468 
19207243 
27049242 
58617198 
39477726 
100205641 
33557388 
87227342 
35124132 
18424493 
16892534 
68618051 
10312112 
19311545 
14989626 
15484063 
14609388 
15759966 
9444832 
18242885 
15842893 
15397441 
91143837 
2226621 
56334576 
14738561 
16112641 
94173593 
60975836 
21473405 
57133313 
16203072 
67565590 
107850085 
17943802 
23321692 
26104299 
29595851 
37759934 
14836469 
44198326 
18300706 
61033291 
14177007 
18810634 
36386254 
40014077 
113444829 
61763469 
124250172 
63373576 
56232535 
125440435 
64419084 
91693035 
90716172 
15741995 
109072118 
31669941 
131164414 
34212150 
17108182 
14705351 
17023593 
15808595 
14537873 
14557525 
7862582 
135615040 
16715174 
40970256 
17762060 
79203653 
61851324 
7152572 
65633697 
17599549 
13119452 
89498970 
22319578 
7265482 
15937402 
53185035 
26540020 
119517338 
5390632 
31522489 
31255341 
59233307 
15234407 
121900035 
85717426 
734493 
59475406 
16694698 
18089164 
17565407 
19269120 
18644695 
42992747 
16376733 
20609518 
119097749 
14882554 
14333074 
24736682 
28046904 
23112346 
20336268 
818927131883356161 
113420831 
22544612 
66055378 
37998200 
57053011 
19927012 
43986100 
18752410 
15297452 
15161281 
16027532 
10274302 
18101891 
17488617 
21145154 
16103078 
18618107 
775742 
18070094 
81009066 
14553089 
36678570 
17883356 
76023930 
72600866 
37722624 
64681578 
21652530 
6125082 
43884320 
12516722 
7334402 
4672341 
2279401 
28412069 
86859406 
17340238 
16562005 
18104199 
42738295 
20686733 
36672213 
14687741 
29162590 
26443744 
35815135 
26223080 
13613292 
15345758 
18239140 
26808109 
31263739 
18793792 
31444080 
27875662 
16862971 
74537425 
14937749 
70525359 
66861898 
61221641 
15916492 
57827221 
26571599 
650903 
58696440 
16162922 
18572616 
14914938 
19633462 
10820222 
14749489 
22568675 
16284873 
78013564 
4098551 
69693918 
23612851 
11108762 
15366344 
16249595 
51594283 
20534355 
42462012 
43953798 
14105575 
5892802 
17071254 
10305322 
18939832 
15368940 
14376707 
14241150 
20561278 
20894905 
15335670 
14405007 
55643496 
36100791 
25979586 
8394422 
15334097 
79260970 
16019227 
17346756 
14093656 
49343529 
17877207 
18724969 
16794766 
14540128 
16438636 
6385652 
21439977 
15534685 
19352773 
17245851 
26132966 
16066596 
16980586 
14237763 
24513419 
10206812 
14982373 
19088600 
15335123 
11440442 
48112717 
18037907 
11493762 
74763899 
63736800 
18393829 
34188172 
68758400 
18647850 
57933102 
15447441 
16025577 
17203437 
14416525 
39417853 
14511197 
20479813 
17454564 
14135426 
3725701 
45892522 
50396491 
15467495 
29387414 
65754436 
6123762 
57068563 
17542672 
21201065 
17042582 
14619361 
19696908 
20456198 
36406830 
19078616 
24756112 
9432632 
16342328 
12796372 
17122755 
15829687 
16935111 
17387154 
65702293 
38661928 
19973011 
14095644 
52768208 
52066462 
56857800 
5577902 
66369206 
35213582 
522093 
21308466 
19605981 
15583113 
48454672 
44172669 
17542265 
28356688 
18655823 
41174364 
67401481 
14523786 
16379018 
59522206 
43455571 
18217938 
19655196 
17535445 
61309864 
17081275 
13654112 
16138339 
14269369 
15023309 
1501881 
20959062 
54207734 
11641402 
31163170 
44672556 
14525217 
14683128 
15707842 
41691674 
19460869 
63141011 
18519529 
33488159 
26747105 
23824000 
14596530 
14654038 
25443588 
25211780 
29390806 
12831902 
18626424 
18625912 
8654602 
15840786 
41942934 
1192991 
50695571 
16524868 
18809912 
14446544 
47018037 
5724052 
13215092 
5618162 
14441143 
15279465 
15709227 
18244332 
18292479 
14062221 
19096272 
19537128 
15241232 
28052044 
22525287 
15116604 
20868708 
14183663 
57857023 
15580892 
15590648 
13262072 
59207889 
27034865 
20769972 
9620512 
44917232 
14548621 
14107755 
20814874 
15627107 
21118443 
16153327 
10821392 
15917084 
44254802 
17055550 
59206483 
15887107 
16412712 
14640473 
8544142 
15476594 
17878170 
15877666 
21949666 
15623103 
817045 
17561233 
28626312 
16382820 
17006084 
14391832 
35066588 
34016352 
17243589 
15960585 
53300455 
17580411 
52739132 
44184504 
14296436 
29757205 
18033836 
16076117 
14061445 
19712019 
20752339 
48875242 
46762751 
23695486 
20086401 
17226451 
42550468 
18578647 
32254893 
16910767 
18925830 
47358255 
18411716 
20928893 
2608911 
43386091 
12175782 
15446520 
15828040 
19909968 
19425593 
12257002 
24025985 
20731304 
35565986 
30020059 
15923445 
18869330 
14078808 
16743984 
14315150 
18058361 
15056465 
16610491 
14062419 
30585204 
28225172 
21445027 
14388051 
15133320 
19444549 
14105833 
16485123 
17354152 
16291234 
2872031 
33927468 
878441 
21658285 
15199442 
22288710 
16438185 
18139144 
5451472 
20109973 
14211946 
18369568 
41447136 
4057941 
16130152 
15128376 
37975639 
14725350 
15224302 
32415184 
21872234 
15690151 
18514747 
15818493 
18008484 
13860292 
1063271 
22265113 
14910843 
20291325 
27192009 
40006956 
17281144 
36511908 
15742167 
15373649 
15147127 
39527186 
28123862 
37650349 
32929017 
17974874 
18030179 
15948995 
29279427 
26445903 
19041947 
13517152 
20796192 
37152684 
21780071 
11177602 
9407942 
23798237 
18558073 
12992862 
20529366 
28083204 
18244345 
24492952 
22017175 
17245752 
26404072 
35315865 
29994950 
21810002 
34399014 
25686582 
16260933 
16588666 
28023221 
14669251 
16941124 
32402230 
17373076 
15597301 
22659609 
17522604 
16028241 
6751882 
19658936 
27602545 
17624993 
17580352 
10197082 
15349954 
25273967 
712033 
29892110 
23277545 
24651708 
7541962 
15119968 
16996991 
18163478 
14703320 
15272766 
27943433 
14136886 
14841415 
14530431 
22060694 
15577589 
14343150 
22114874 
15455666 
5916362 
9352852 
19188226 
23083286 
15746110 
14390653 
11894212 
17629860 
14224719 
16566023 
7935972 
16332854 
28022204 
27949452 
8392262 
20563408 
14333275 
15256721 
15359377 
15586272 
4278401 
23921787 
8269332 
15957907 
24252212 
16060257 
21330785 
1487781 
20864143 
17971229 
21928977 
17424709 
19665710 
4334981 
20297401 
14544819 
17550692 
20712192 
14550298 
19094555 
15741172 
14079852 
20882703 
18856867 
17005404 
16161839 
12986412 
19304488 
8016362 
2339891 
16574358 
20254889 
16674269 
17881329 
15233668 
14296959 
14505871 
8527372 
16841328 
18053016 
14279866 
19430872 
18177832 
16829934 
8726592 
16076265 
17572640 
16000578 
15945018 
16930710 
15743267 
16746076 
15392209 
22792359 
11211542 
15356820 
18664139 
14347456 
15155727 
19190414 
14830705 
21063756 
15484573 
20731869 
22056039 
14402132 
14310077 
7269782 
7453012 
22014577 
8100882 
712333 
15126388 
2464091 
14178988 
22694633 
5449422 
14318588 
17754431 
14647570 
16299035 
839321 
19830783 
16470732 
17722542 
18987780 
15182098 
16315143 
16963184 
16644421 
18800999 
21584870 
2318591 
14519514 
17937780 
16351266 
6735882 
9442882 
20642209 
14660636 
9338042 
15972469 
14775654 
18693598 
17780747 
7490342 
19732920 
14355116 
21220931 
6707812 
14858000 
14126460 
20608910 
8740292 
14210524 
17151314 
19243972 
16156302 
17524502 
816201 
15226997 
14273941 
14296882 
9508922 
10859242 
14258044 
4541891 
14604508 
16308483 
1424681 
7108702 
11784762 
10223 
9164862 
3176731 
15815984 
12602412 
17881850 
14895632 
7080712 
17279594 
2220471 
14554800 
15945457 
18436296 
16035350 
15934720 
2206131 
6587802 
9613652 
5940592 
8609702 
1175221 
16506023 
17662243 
16584099 
14263101 
11718792 
7807292 
14454810 
8940762 
18948881 
17450838 
14373036 
11093592 
15677417 
1000591 
2707551 
14289197 
15325945 
18024729 
18595662 
18588259 
9648102 
8753452 
13604142 
11491082 
7752402 
15959560 
16819278 
15867638 
2900 
14739775 
14847034 
17293337 
755460 
728873 
15903426 
14965558 
5636242 
15406939 
14863355 
17749502 
15467920 
6892092 
5738952 
12648482 
12316952 
3114611 
16330522 
14818333 
14357956 
8700902 
17542562 
16942907 
14463324 
15886608 
16529971 
7644442 
15027207 
5653072 
14057243 
14991366 
818614 
17322445 
16673982 
14414022 
17428691 
823310 
804863 
818176 
16931304 
11578042 
10683352 
900191 
14301756 
7997612 
3855911 
5879482 
15026610 
2105341 
568093 
9777432 
12081832 
9614762 
14687806 
80523 
8769212 
2902901 
755113 
4303181 
17220934 
14299391 
10256282 
16440050 
13303262 
9926622 
11152062 
16345739 
4903151 
13373192 
12772482 
16733030 
10419 
778057 
1127651 
5644142 
15693962 
13528282 
13359972 
13418552 
14312628 
3745171 
16148277 
15761394 
15423652 
14539464 
14450237 
16305544 
14994970 
1753061 
10202 
16725176 
7895442 
15831762 
8250762 
14345811 
15862339 
14643456 
14171725 
15726227 
5032021 
16247766 
15459036 
13786842 
9720292 
16265033 
13012632 
14335380 
14115719 
15316113 
3533231 
15282432 
5893522 
7879442 
4804601 
14629337 
14923177 
14526445 
7744472 
8262232 
15026717 
14304994 
14365077 
11999872 
12011242 
14568881 
9249112 
15578444 
14573045 
6834412 
3241091 
15154784 
14798710 
14466542 
980611 
813286 
13410 
