2664010310 
731761670 
1543920283 
469043447 
1439971332 
538490581 
275175365 
571651807 
444095923 
3241967302 
252264551 
2384096557 
2505900266 
2263777604 
2235109095 
744320448083562496 
995020980 
560718068 
2768905839 
110215864 
1170482292 
2796782212 
2771765284 
2323175293 
2467836750 
4780247474 
739935840 
555668286 
989824136 
721438998892118016 
2830700817 
594054396 
1184239680 
2516919153 
329991719 
3350351896 
1056492074 
328810158 
518703365 
933116558 
14260960 
1483630206 
83472953 
130379269 
78986763 
338033299 
1451940956 
35985504 
1122732866 
275249591 
1211283176 
25073877 
3344192961 
1264721953 
4310001801 
1463425315 
115979798 
748137168 
836310252 
187508860 
2583220293 
4108381889 
57107167 
545557618 
819446666 
2229224007 
436345429 
1417307293 
1093404122 
22611082 
260012530 
604261155 
389642141 
921947960 
444797405 
561439420 
2808663432 
3596707154 
577926669 
491874666 
3893854336 
255212355 
3697083622 
276513437 
574998664 
3845166267 
881201611 
616229625 
308216876 
19671129 
22526593 
278098811 
41468683 
1374932796 
2301655718 
1564899043 
1071898170 
2729421083 
487023546 
624398529 
3302060564 
2402304913 
843848210 
462543118 
95312848 
557029511 
717414060 
2835653131 
3004231 
18222378 
27195114 
2223592103 
17919972 
331994127 
1158730974 
846436242 
730143354 
465145261 
822215679726100480 
1536791610 
485056306 
911298222 
510678376 
1387804657 
749952350 
1438162062 
551149727 
766726754 
482658470 
1587678775 
3031859110 
557037287 
3115479575 
2965101436 
3103055482 
57356422 
476234589 
1934140544 
2909817873 
296623811 
430145070 
748561230 
2781210052 
3042861496 
1253013174 
933055692 
1264788474 
843112550 
504044910 
586189030 
1305995330 
199110089 
27830610 
286742737 
32340023 
499238848 
149760844 
2279017017 
2870078111 
590299736 
1682428022 
2795986300 
2440317383 
540245594 
2814132558 
1358449622 
549856434 
2255818643 
19171163 
2764385199 
24623145 
146540920 
1465787221 
580164989 
28133800 
369911953 
18217574 
700289690 
1104327972 
162940479 
2839593631 
599532419 
16435735 
94421729 
1628944225 
99006192 
21212604 
23002923 
25399731 
332638587 
911083885 
2789325395 
5162861 
22940219 
1011741356 
766732982 
422271384 
552252043 
701143754 
1480432880 
1105228094 
2450950119 
44666348 
254178196 
268439864 
31927467 
1633259659 
166478326 
566979505 
299379624 
858378360 
2497458150 
51233139 
275173582 
1705644570 
785271894 
319446289 
1872243062 
413213031 
64929124 
73406718 
184964515 
2451463016 
234092838 
322254717 
2329724372 
26565946 
19777398 
15485441 
47650483 
15256225 
25375962 
94419178 
880993380 
434545375 
1909928276 
332941772 
2285681659 
787089032 
17071845 
25196075 
805842890 
1090184822 
1343462282 
2400734365 
275795979 
1355367300 
478660685 
1852534999 
2237137908 
743440284 
2363642670 
2372295631 
245517587 
382880375 
2189081064 
2197626876 
2349293654 
16407418 
21660529 
2344600194 
2368217575 
21447363 
62894963 
518050446 
385736039 
395637472 
1370729256 
2315080072 
2263496928 
43885373 
270659633 
813610226 
851731022 
593999150 
553973426 
1132578829 
124335068 
50004938 
295202106 
459602372 
759939978 
587593372 
485182129 
264257750 
54791458 
191590813 
222264418 
111422855 
262915519 
543687027 
303806325 
53834054 
27947088 
33936681 
20264905 
159967760 
389757150 
584136939 
863829614 
815971190 
1428654102 
58646914 
360751055 
447317396 
831816271 
627784174 
55594930 
