41768595 
260902720 
598684824 
758040 
32617093 
47448886 
12460982 
14601165 
15827690 
63025801 
17463 
6629912 
13666 
5746452 
18486446 
9866582 
14486811 
14231246 
82017168 
9494362 
14334870 
10178 
15433331 
18327902 
13682512 
21789052 
12798822 
10458822 
6595682 
16135883 
41375456 
5644342 
35773039 
5548952 
2889100092 
398092540 
14292783 
14104847 
981273865 
1536791610 
822215679726100480 
551456772 
45562180 
804535273 
22090282 
2444728176 
17503180 
977291516 
260907612 
2188934334 
1969419942 
2826858770 
818489 
2241085992 
1237411 
13348 
1598644159 
14116170 
42579607 
238475531 
5673542 
1433616438 
1390635710 
624947324 
1305940272 
178563244 
44196397 
20571756 
42829256 
1636590253 
914061 
5747832 
13510202 
15394512 
17959641 
12563042 
7969412 
27183355 
15257727 
15258270 
33500390 
28299819 
18445408 
43373241 
39954643 
43703905 
60321508 
14418670 
12734822 
12963862 
150839208 
316291431 
45316175 
23095237 
20869234 
34027591 
3619041 
37998270 
23675609 
38176191 
16855110 
38228410 
30366947 
22466934 
11331862 
28881961 
31257228 
27625264 
21454987 
25067595 
25335453 
25103689 
16327832 
25106511 
14367635 
24556082 
24287011 
821002 
20142197 
15790006 
9184222 
18628422 
14198061 
