21270808 
178831602 
1654648843 
3347807445 
596566211 
268869628 
804055293093101568 
435471104 
58493623 
394379883 
140561916 
42745356 
1618487628 
465061552 
273204548 
15716046 
18351917 
28257730 
460594497 
87377197 
91186012 
4785031154 
461642401 
23691996 
766727870 
717783964845531136 
510302384 
73982102 
64442536 
1665545936 
286696164 
357838497 
22723931 
712784948072226817 
377129960 
344145058 
18574543 
2752609258 
65427711 
3461366063 
2655172232 
2361843704 
70802851 
758794950968389632 
807137840 
1706466278 
1678315394 
2850598724 
784210425420316672 
1358044326 
33262079 
83749914 
1576420010 
48372037 
120941393 
2850591704 
236275776 
548142042 
3085693996 
1526346524 
176807048 
42839691 
1904665548 
64317310 
106235722 
17031985 
116863215 
18518129 
242550832 
64297227 
46161683 
1439547138 
16224226 
230509350 
84234658 
857171239 
131699012 
48262829 
163548176 
335382682 
567590708 
3518571915 
924876637 
808092792 
17048009 
47875656 
1197905618 
115149239 
111441681 
576679152 
899959370 
55820269 
21330239 
191719374 
99550298 
439740386 
2337742028 
745119543811411969 
361429926 
1075497498 
246343865 
504625967 
23818041 
449409571 
1390673006 
1108017258 
3262237372 
129950061 
94742738 
62853062 
31179801 
1447507789 
467934773 
35787351 
708314677 
2317703226 
18086853 
462530244 
2323818186 
80176976 
4269585635 
1514001230 
1007629418 
3035257917 
364618253 
423475660 
16505330 
742441845716877315 
24944233 
191687585 
2956669778 
1378000488 
1686041522 
2460751380 
16402111 
297576036 
112790584 
2521747249 
54288044 
724617621853863936 
67168265 
3422986873 
2392460482 
355798239 
392094086 
129046564 
372004726 
1122371899 
27513430 
373599486 
131298508 
964791625 
4881477790 
175993789 
3030077260 
14417215 
1883566968 
2310120994 
161715593 
23640471 
2338034609 
325053692 
979569788 
2559493052 
22961538 
64743260 
574020790 
776755364 
43646613 
851147851 
736374246583218178 
45295003 
1628944207 
136463849 
565998471 
1402443781 
199946313 
198891988 
24595303 
30109196 
20127529 
112019174 
190512079 
154221292 
149200401 
727643832607707137 
517243709 
14134204 
33684077 
35010485 
1736410118 
1378627525 
561714492 
1193360624 
3075279266 
731299649999519744 
707138296233603073 
3054094681 
1289012348 
19409309 
29901879 
268602857 
970420422 
724749744 
177992145 
27455575 
1380155623 
1549705375 
53740206 
27112844 
54171940 
9313032 
145473648 
172740903 
39911089 
1148503249 
182536022 
20025792 
48628610 
515967794 
313979251 
76948266 
101547019 
3364421493 
487949906 
721142640260091904 
205106751 
811654200 
58089043 
126417904 
706231869717790720 
2442887570 
24041067 
472487967 
68425534 
830056213 
551268123 
503172662 
697501878431674368 
34016502 
24283029 
306396569 
1973426636 
1383130266 
2892325737 
39692429 
3015301350 
25206041 
2535545544 
2638803219 
3338337647 
138262278 
2232261300 
932686764 
32199928 
537702411 
1471056036 
4018968869 
21257383 
2331122378 
331830016 
288589337 
784088514 
483165892 
384692274 
112036578 
14635408 
2859296453 
408833193 
114228203 
368002912 
173059511 
18279444 
30111304 
24494557 
18246082 
129303971 
125873850 
4735550317 
1183887576 
20343780 
528916310 
857106697 
410587906 
3401248409 
515098058 
586963696 
2346025812 
7376382 
359636263 
188481768 
68821374 
2842855064 
19844308 
1052711089 
897759505 
634307213 
117260966 
1709888594 
209289538 
195568427 
462082389 
1713681403 
26180278 
562898690 
855141854 
19632493 
17567822 
2321899690 
137566276 
1289590094 
276328808 
1493893410 
37588916 
189780974 
281766200 
252863309 
39332055 
24340249 
43470379 
115474142 
178974702 
365734586 
2296390723 
1031393274 
295346352 
41447804 
198135622 
426324149 
183810968 
3408175919 
22444676 
195449944 
3111110433 
1428929839 
442392470 
489851616 
1909331166 
259410554 
1484693856 
836985187 
867961386 
2255521845 
43647229 
231884771 
369500073 
15397558 
382858200 
22102467 
81383122 
30318542 
73705222 
18840542 
550657247 
606035973 
356653908 
310687757 
2743113943 
1022788062 
30450679 
92341735 
774761570 
629569254 
79660009 
3640849512 
760491314 
284571056 
235660311 
1435839540 
247133238 
1380441055 
3027607118 
22277800 
132973004 
239700809 
1679259534 
1186999190 
88245498 
440991178 
2799100275 
3535535956 
718627434 
928830512 
83231332 
407103657 
346789427 
61552459 
163282445 
14805775 
30686649 
26127836 
556653260 
1120755697 
236028706 
254228635 
2385755276 
20922014 
21265120 
618369446 
576462153 
822345643 
2424602780 
2426543533 
34837654 
618007033 
14074803 
16213013 
2869985205 
351055613 
580172775 
564071680 
19881193 
65238006 
2437553618 
26239721 
14194422 
392497527 
38088484 
23141473 
484986884 
273589205 
35874572 
95940022 
1228037485 
297690193 
296526749 
3011483207 
1594032414 
252267909 
359499679 
15449962 
16507684 
1673610680 
39511493 
18170732 
15345206 
1494486926 
891508999 
1280984430 
105149437 
762108247 
3012051817 
914960226 
2958902353 
547248375 
1891988851 
297111703 
346908833 
215334944 
281210838 
14518904 
346130825 
46689703 
267305045 
111728171 
43864871 
375841003 
2314510639 
1764115320 
201021074 
1703498473 
4587261 
3021882558 
32190080 
149216551 
24705610 
2835962353 
529984173 
247808193 
143474991 
19081671 
67744795 
1531932348 
2158034417 
863448655 
296452549 
634813216 
17201964 
6110982 
176258266 
766375 
189003097 
3113599987 
316610191 
435403927 
1021587998 
166468126 
258603085 
517492793 
41945982 
70510910 
17655448 
34733520 
527890337 
71381718 
234131184 
403697755 
29441764 
522839399 
11547782 
2202537120 
106960432 
453322971 
28389698 
26507438 
24236425 
1237970420 
9237072 
7178352 
16555803 
15454202 
375439802 
42415403 
15467558 
102522868 
338180561 
200560442 
264610796 
556375147 
1375736322 
290158798 
12780292 
1364950495 
507699231 
2438808708 
211852057 
307548363 
612750924 
420017699 
14373805 
114323684 
182106541 
39318099 
28090945 
23539346 
46206733 
21671528 
186860459 
30336038 
586892658 
30485204 
41084386 
19612883 
276038065 
18227519 
85844398 
22156181 
891794228 
433610219 
22324642 
22479281 
156643799 
19568680 
21622407 
16941646 
292922583 
164432130 
600915529 
17881732 
29312953 
927026954 
21449197 
16818600 
64839766 
557379987 
19059863 
18817827 
177964619 
16472657 
1370514590 
335534204 
173047806 
443216748 
430415685 
612638207 
471545340 
112865360 
21656384 
451144821 
131144285 
501165076 
390323576 
2325182577 
182214332 
2828177656 
364986032 
329815303 
330516426 
36636297 
40888609 
440551449 
26427443 
1176806598 
211419571 
246534425 
1646765102 
813788 
81451324 
116046650 
68606521 
20113887 
24263451 
188784241 
273124289 
1092042798 
20026175 
19009559 
1111944062 
219829599 
21083356 
259051472 
122755543 
1587206370 
332537509 
61350000 
224436515 
93291571 
739832503 
275389151 
24044056 
1627941193 
525551253 
134927540 
321171283 
20767812 
55687582 
27873356 
333626629 
15165542 
139542623 
205966646 
2865832128 
33247810 
534954124 
117736711 
587899750 
356901185 
2274408280 
322381603 
451945508 
271049772 
413476710 
112478938 
330800308 
65781614 
704915642 
301215890 
232376381 
56715462 
1370320530 
783851148 
357839393 
139901358 
2918229551 
1062323953 
23612272 
41825490 
56780049 
2562132251 
207299060 
2914752892 
1668385362 
21064941 
37477792 
847501398 
2586950847 
2730401680 
17609668 
17921997 
711677192 
1462030022 
2915386924 
204102227 
50148070 
448916202 
18333737 
397763566 
57751532 
130481026 
349175754 
65730742 
2162196637 
1611498121 
21663801 
2927739464 
15514903 
2670739622 
2193468083 
28645707 
2615667895 
598777046 
29456255 
20754253 
182533587 
282432085 
299304247 
221219275 
159249668 
24735302 
406370849 
240840525 
373106621 
115697565 
348826527 
460746775 
293184479 
535617627 
481562948 
1508538704 
68024942 
225947100 
733206428 
861380024 
2464387717 
633201659 
297557052 
1022680807 
503741840 
285276502 
32028976 
23327153 
628632958 
29905755 
237316875 
2730094942 
203262839 
93509366 
2183774981 
33257837 
14637832 
46023518 
15008247 
350520010 
702776138 
137170288 
1664024827 
424478466 
468911399 
1066848072 
2710795639 
196900526 
2526299095 
2924599076 
399837908 
428220936 
2498249987 
1050889746 
1227856614 
155911739 
175141595 
46666884 
1863963781 
1724220931 
557835121 
2719906198 
1000414092 
23623778 
305797312 
33869499 
401453314 
132658623 
95790479 
473505794 
21506487 
361867322 
426371294 
480891629 
38084009 
267532184 
25007206 
16049861 
199611401 
349204409 
25817292 
34832718 
290826520 
9339252 
121912055 
22454639 
494464696 
32639940 
1877021442 
1053386497 
993614569 
22307959 
1517101902 
2913905864 
176551823 
51644521 
2757775930 
50098111 
420057624 
25847912 
95063463 
1596307513 
1596568202 
2746379732 
85860986 
28576516 
21050390 
212849538 
1321622970 
60496189 
270693642 
285271697 
904770864 
17887550 
470820309 
281207634 
85349985 
30685339 
1608865116 
367980355 
295439081 
482518523 
266951847 
533937627 
274721707 
497416378 
1102623133 
457175739 
261753554 
313732253 
138543353 
208241435 
37204529 
2163367416 
23493625 
621215937 
362721377 
113550946 
89859008 
20014300 
75613350 
2739585550 
2296642667 
543075104 
1650555750 
2182871881 
237007497 
2880207517 
1330380613 
33829863 
1260621752 
176926713 
323601598 
2383199997 
27900217 
318160469 
9664912 
64628077 
269489568 
375286696 
250467478 
1074781002 
2473194122 
1908787268 
65141296 
383494346 
2888605419 
849891907 
558995960 
37762495 
259546491 
380575995 
746171996 
255523917 
41873467 
444925948 
465278099 
391396794 
19165721 
1658406516 
118225194 
1350339738 
2264855112 
497884454 
101506460 
39411671 
2730414432 
477398447 
531654927 
2154385077 
948753228 
242185330 
172600475 
64760364 
860710411 
2600918580 
395155049 
2527764890 
2823192482 
313713514 
30648358 
74379432 
1136285052 
377638850 
184118055 
613052057 
700216963 
272758211 
472114804 
258781736 
388508856 
15712459 
75179760 
1117004971 
388591315 
486076112 
48197167 
1117796124 
501399881 
2647400397 
381914731 
254587544 
621405868 
594187420 
53229932 
308364568 
132406736 
122060656 
28834954 
460746200 
432143835 
35861773 
87069688 
2223209961 
2436392652 
2205433541 
238480000 
388022047 
470284526 
280379475 
14686254 
22072125 
179168078 
201020734 
32573269 
44547062 
1183919414 
28529316 
218768191 
366858213 
363254727 
493644155 
634817147 
313872876 
345476426 
846111913 
230911626 
428600929 
318064039 
263939640 
355931598 
115504298 
15941056 
625164655 
126757269 
20018414 
353118152 
101998176 
56914325 
21243359 
168913440 
33815474 
20387704 
597020641 
336307528 
519867664 
22969534 
2781709849 
214290766 
109049296 
44441279 
16012671 
112567644 
19849470 
23255508 
1491734888 
78770966 
2559539761 
590179074 
103704305 
331339805 
1261771196 
267555872 
30817344 
140556417 
852109064 
2340066069 
117245609 
12044602 
16436343 
710611465 
585345067 
991617091 
1373292524 
2327647591 
292700017 
572984521 
461326685 
124943153 
916047716 
169241338 
35027672 
176499041 
15234791 
256204975 
45470193 
372619954 
27525379 
15075137 
158355896 
305144126 
202681532 
1601628997 
24642218 
110055156 
185057409 
36522962 
1166927388 
39056318 
237834309 
354335342 
31154807 
181573112 
59246869 
20493641 
259775620 
325751034 
168314802 
19158287 
2732977431 
30320033 
1232541415 
97815978 
23256497 
104195894 
248490292 
2169900913 
559752333 
25629056 
2792543156 
182197738 
24428273 
121925548 
1004337122 
14210472 
195771250 
29561614 
19315725 
1364681274 
2302884220 
59262209 
1223148710 
16380891 
57339310 
20809297 
284190944 
278785748 
168870059 
47167846 
26364808 
94558809 
466530754 
292852986 
28646671 
385172277 
396927204 
97802210 
1247781698 
321723024 
333705384 
153937509 
1864194073 
528176024 
158170007 
226808322 
288505736 
17965173 
34513211 
271619397 
14216640 
23808684 
169666278 
386319844 
137881988 
468847474 
2760508806 
25432515 
711517226 
376494966 
22448445 
2520870914 
2187725202 
1228335589 
153238735 
222645199 
383506934 
922332692 
24064730 
2389196235 
110257996 
289557869 
235236313 
209725152 
1241925642 
974198634 
2855904597 
1173207091 
17243213 
1477776907 
24822349 
2261232053 
1337865134 
42046337 
49535615 
2252891544 
18738896 
500289672 
30501891 
2826347165 
12266442 
2286910524 
163135439 
18010783 
1244764332 
543630610 
847937616 
280766028 
1152670039 
2849038841 
293266922 
164503331 
525905511 
325927915 
23093398 
2590803867 
404613229 
415190266 
113561705 
203166906 
22205993 
2218551362 
502171648 
288275104 
46757310 
559961608 
142930244 
370853538 
378246347 
64495817 
14993371 
28848974 
24589334 
56441492 
39862565 
20559716 
36858852 
35410562 
220721562 
1188352334 
242539243 
131309003 
87958075 
38787970 
18066955 
2834131637 
2250920106 
2866256784 
1167187868 
1006785109 
549787092 
61975404 
22954036 
175798176 
983364836 
455270776 
254792537 
39891802 
25560965 
1462157304 
434484066 
734073798 
57505507 
611195924 
2372783982 
25598403 
22729723 
2357609631 
716461056 
802338661 
143557079 
497096143 
414569910 
1263110414 
210648307 
16095952 
168925230 
27640855 
434682680 
49387463 
45742154 
917902772 
21230274 
383572928 
22881961 
94241543 
16641629 
1905110450 
2341186123 
24651804 
47764096 
90241758 
73535303 
66650578 
256637861 
311063550 
206780893 
197697320 
21819461 
18569726 
18039382 
81202081 
88832617 
179182531 
395396598 
323966711 
334354508 
367287105 
19400804 
748333058 
850275336 
238315659 
128669573 
20715322 
456227014 
21636776 
142888813 
52318165 
261963872 
23009408 
2251302853 
42710338 
198747258 
1337496306 
594176368 
15318246 
23907609 
156304231 
40954886 
409629319 
246424527 
165970976 
614899264 
47088297 
479876679 
548842863 
70191182 
51100921 
31551941 
27803433 
72327284 
287791232 
833981592 
757599637 
2304178834 
409728612 
121886641 
622412738 
455138384 
515805350 
179134844 
2752952903 
2278166197 
2825385016 
2820290917 
171210825 
1641906157 
2294267763 
38540382 
1127981492 
306688161 
1273791944 
2319188267 
305309592 
2324505174 
355601797 
40516341 
459836594 
284905213 
1035726199 
61481954 
1309074793 
944897658 
34318100 
17827003 
2861149814 
60977212 
23166343 
538374464 
491645070 
325545346 
1616224472 
23808645 
352766002 
236147989 
108724113 
418282218 
400335917 
543745249 
382124777 
1315768668 
1037415488 
790331454 
22978888 
1671335594 
340130746 
216234962 
392378583 
360968953 
36952420 
621419621 
114063429 
2247059721 
1434486168 
401781902 
18724754 
286811849 
16444665 
1598431819 
25587983 
26892306 
149184587 
65464662 
151844024 
322960065 
2476068925 
66698978 
560848539 
193754044 
23254420 
439657527 
156642818 
1084053139 
2239568965 
260514690 
992115024 
506493099 
55936771 
20273920 
1109766193 
545411221 
246979968 
109923085 
486170515 
16673553 
24014559 
221537587 
1418477827 
25622585 
28260818 
609492665 
16670566 
25995017 
73973847 
607767442 
227156359 
2266731378 
17326674 
408808727 
2776784503 
25631063 
442459433 
55960923 
198622907 
573984841 
117802928 
409775903 
629848387 
129257868 
54025897 
16272273 
162162667 
161329695 
16752739 
758359094 
1198889017 
1385039983 
238331841 
305350543 
32377257 
1120886292 
1595758190 
29884342 
522727187 
449519154 
191641632 
386899696 
454994345 
715247100 
48170361 
26763946 
72076021 
61323955 
573930266 
48934021 
64714980 
262107361 
186532644 
68602333 
2306356623 
68521166 
351403613 
377125004 
26821056 
1220298762 
380690967 
14679892 
291500277 
422180923 
1437357270 
31574069 
32202948 
24754542 
26637613 
21144578 
1175225646 
56524749 
387685288 
1102613617 
339194385 
1441845434 
45491069 
20531979 
43300936 
215814106 
229293851 
14677294 
32992682 
39152500 
144856822 
70481933 
309395438 
417386800 
385188507 
33674096 
144680212 
169193892 
78371393 
296535792 
25145797 
161433589 
84671522 
27879973 
1083400321 
409687720 
19000490 
366788519 
10112862 
244385744 
35324787 
41981901 
2821562512 
1385421720 
71722340 
2464421402 
2845470030 
219895041 
237426750 
166271423 
218546323 
27507196 
130624334 
52191142 
425352926 
21817790 
255207337 
602437240 
28345773 
633103613 
104258032 
18246163 
261193765 
32630453 
358102461 
224728384 
273721246 
1689175873 
523790539 
256289565 
512578024 
2418070202 
2462213606 
616759906 
1242921996 
73137691 
560548935 
59587845 
601240835 
16287365 
197814476 
268421906 
15139246 
29356064 
292434388 
240863912 
321011027 
32830638 
1936006045 
2786089840 
1239470923 
269917795 
338159197 
484325014 
944051058 
990090752 
1398203082 
452329059 
385142771 
240860343 
27685937 
148536285 
315942756 
275616486 
22729400 
111127830 
162474490 
24087047 
299684372 
125163840 
26236129 
314750370 
112269725 
110525942 
2582101914 
68073104 
51293804 
59078389 
23365569 
54636897 
338054369 
2501860654 
294717727 
14617822 
392307734 
21995630 
2429850031 
2579225502 
146971333 
29287945 
553967378 
1083935516 
105873739 
60370887 
39463824 
24057877 
299989358 
305951869 
1142662801 
14881006 
2376001358 
760696500 
2505276303 
359509989 
115749851 
743161898 
631230105 
2287613131 
100309139 
298111050 
38570872 
512807128 
1635954451 
43002789 
68472786 
50804041 
41040754 
518217952 
215076308 
368777194 
25083159 
1112525516 
394512706 
18858951 
1252836264 
46042954 
31331015 
371986443 
119196200 
553161071 
31520903 
328113049 
32564624 
2230725878 
109173319 
1965496050 
1199270216 
64026673 
138533704 
90947591 
54657316 
113814600 
41097832 
75366557 
26817385 
1078433233 
397515764 
39042943 
343589091 
1164935557 
315369406 
20932704 
43708969 
259897075 
38466777 
2403561940 
57731288 
425383187 
27061136 
29435424 
194461804 
1458543025 
1318516394 
1469864144 
163480879 
56928256 
66950357 
2329497432 
28301925 
35225789 
1488080096 
160190953 
23678518 
48689061 
46164750 
27035316 
61396505 
51542757 
366927722 
2251250660 
325710826 
1909487803 
1715128962 
525706591 
163215062 
547070857 
2706710924 
378357241 
28648539 
472384533 
761584465 
766634426 
15663231 
515884590 
210818915 
39846453 
1973735316 
231904025 
13729222 
343029275 
141321630 
972786180 
388524864 
42088772 
380155004 
154336729 
127701670 
100163181 
26586720 
35384875 
150109151 
27460553 
214409895 
258030481 
726884276 
28652980 
62837839 
27689262 
145298253 
21629134 
506211887 
28287083 
71149925 
30664846 
68437776 
142504204 
311835481 
183499219 
149586981 
65971498 
56225218 
37544218 
358965590 
311215936 
49645408 
85195883 
445220406 
25130784 
28902548 
60171498 
750318440 
20465839 
166880219 
24105471 
601326906 
787901773 
19512621 
36861500 
2202625532 
333851424 
785293256 
2743853127 
84181849 
248755228 
541045418 
2339523493 
307514673 
22858674 
25289261 
298110432 
80190721 
1857091849 
582030528 
26477378 
92625969 
562047250 
337319480 
2730796210 
2205887857 
525884872 
27922132 
539371609 
303203148 
482635262 
20282499 
112021919 
64930069 
200666315 
2638008400 
50450211 
2358721087 
1149720324 
796074522 
22116777 
212091626 
383401303 
1961149064 
842815934 
389800856 
1350187621 
365358874 
291331158 
17929917 
1158812520 
29619149 
55488469 
14526725 
75153795 
6252142 
126162916 
23449008 
14258312 
513982246 
17346174 
116284162 
263310916 
469539739 
371051247 
101365081 
201853857 
28645404 
45349596 
564850431 
33584630 
296041241 
232443987 
1512052478 
132608747 
277075696 
60220110 
196760588 
204505658 
587176740 
406615018 
21078531 
2159708378 
27800447 
18640826 
49053657 
258605767 
270561414 
256671039 
311726469 
509395465 
57767420 
1278228847 
438280897 
259013596 
325331542 
527727479 
25167177 
20025702 
22403007 
60670128 
25896768 
42500624 
136232151 
103086988 
2545198602 
314639369 
25631000 
607763133 
124428591 
122220599 
637257805 
23392546 
24613504 
613819913 
1589550330 
27332307 
837039660 
276600032 
40529160 
86984795 
25304003 
206018152 
36722263 
155367164 
61377031 
527001808 
862427335 
175733493 
70877800 
829897166 
507901277 
49351954 
26530375 
14367687 
16100378 
16665588 
43177644 
21677991 
289135186 
417320749 
87550993 
582083533 
166614547 
2262085310 
555915197 
42198561 
119677856 
202773871 
1290053569 
1345493688 
23334258 
391179300 
1323855588 
100306939 
508215573 
16068822 
561590226 
1403362002 
37755347 
999878191 
579534120 
387382946 
287402742 
14637817 
28441651 
1020089845 
278229709 
415159974 
265667980 
239195339 
182240219 
252403301 
1033064516 
1594731218 
626869426 
45278113 
88504046 
22870514 
545545887 
437154911 
821607859 
101807446 
2513136820 
9630642 
20216768 
70236804 
324451507 
261812932 
1105183736 
15183830 
420028216 
965113951 
258448210 
2459152989 
364604326 
282317701 
422403880 
2718896079 
2460702206 
28667504 
197480062 
1534647480 
262375773 
133845672 
1377909433 
38572617 
741571680 
260932473 
2324527273 
27179223 
54083092 
723322645 
5874712 
40429888 
43783301 
73205098 
15911988 
1119977574 
30523552 
903038762 
426319372 
24452893 
269018151 
221494797 
25714844 
105628329 
772264398 
23136715 
158158847 
2832161072 
88116106 
18424433 
1167214939 
97255302 
278139659 
823104948 
383589073 
16170494 
174508920 
1920556542 
468968414 
240515324 
408058756 
23790702 
1031373710 
189718704 
113472226 
51282566 
61804650 
293465946 
18548870 
100899179 
2341237201 
17157155 
17665064 
259046721 
98762881 
18094524 
124041946 
62975428 
15271851 
14312048 
20061468 
23219108 
118588471 
790035781 
1016585366 
107780037 
45156251 
250413205 
1426374926 
75203653 
250311874 
102841232 
432042094 
287377993 
235306920 
378763344 
127963413 
178544370 
489730575 
45260462 
295474213 
560602557 
14434693 
1897575517 
355631536 
1169882378 
50324167 
374720912 
1033473979 
2185425863 
239453068 
322913478 
2205492125 
188059435 
64109310 
390450293 
2801149444 
390954135 
18318832 
761793396 
378303575 
160019772 
17903228 
50180811 
29525911 
1642456550 
606879866 
779202234 
2334135805 
228198861 
1714408518 
26402623 
272581619 
1078583839 
305363109 
381203030 
380606447 
288960392 
363703383 
268342342 
339479010 
548708331 
39039975 
630831609 
159799467 
2314623934 
14075195 
45502942 
1035263514 
70243678 
2794516976 
69443779 
637297861 
448272061 
24797811 
2163535341 
140056918 
320778049 
290037179 
2502976590 
210670508 
130323324 
422353054 
171534038 
2149774848 
2273148706 
2196948126 
394455701 
2385141553 
498526159 
868069182 
2688456847 
88685630 
265458738 
2685873995 
24791418 
425478702 
339210612 
599592160 
280250391 
1043698586 
35569187 
781028378 
386856812 
522586847 
574221188 
368592043 
755866753 
122932121 
1517660305 
270106270 
124235578 
245118590 
375930954 
219759162 
2240873410 
542060472 
2355418610 
51901868 
2255892386 
1728520278 
333572087 
2784307343 
2493158228 
595497635 
18436941 
51337235 
309441072 
440384720 
386766766 
189393519 
1396047313 
139471315 
1349533261 
364009509 
151228856 
333818813 
510850912 
386244484 
883101493 
373399847 
1087342566 
252249001 
1455886782 
104704880 
367215239 
77811125 
184645326 
525993605 
1594700264 
80720090 
1064268956 
28034353 
2235554688 
917113616 
23720577 
841745749 
1591759874 
472326528 
2347651540 
117612529 
715564678 
565922522 
426917157 
1102756999 
861944466 
15606365 
2399915155 
110281898 
339908232 
2421668134 
872018047 
28041537 
384085378 
51780836 
436376263 
35347087 
557021269 
374099798 
291455417 
372603014 
262891191 
594705374 
45408510 
1279491498 
64447002 
303450518 
410886251 
359127164 
463413180 
272161225 
2765979501 
432150645 
251658163 
355318032 
1138543123 
30987878 
376932446 
2248951677 
162761263 
330026012 
457296005 
305896022 
811939650 
1630815804 
32422409 
2787219146 
451806267 
2322496272 
176866059 
256075370 
412287096 
333393132 
76421029 
23132455 
2191446091 
246957609 
1601700859 
1259801702 
23149004 
915638365 
2242730746 
443339918 
232383489 
18814933 
52900966 
1064613482 
168345547 
1129970940 
613949402 
235049318 
505180670 
384604528 
6686322 
274325628 
143442464 
74367577 
748218984 
341839415 
36666249 
341541518 
218755794 
423106185 
25434452 
81916207 
57209089 
219091357 
216541556 
990063456 
2738692875 
90718573 
182701168 
1678886822 
1084462662 
502387045 
26355325 
413677489 
59589710 
36200678 
346017665 
357749139 
44515376 
15388107 
368436493 
1149198475 
70787808 
22336068 
499825669 
430832061 
990069654 
493793416 
274779214 
748190539 
220891622 
367403718 
463020241 
61366070 
211365781 
26845002 
49806833 
265751116 
151849543 
625941494 
48444366 
529896540 
26258434 
24235159 
2366503020 
1073025564 
403187222 
405167575 
347476227 
883073868 
259682395 
1084292887 
1242678049 
221987992 
33353591 
58956862 
346005459 
1228478996 
777348582 
273785757 
28666133 
36610498 
595109868 
322995217 
1918569548 
17693272 
357940002 
519207225 
511048693 
735783505 
78735577 
94807103 
55392622 
2495329472 
560513610 
102896539 
21409586 
247494756 
413501180 
188954229 
351771287 
307038668 
73281842 
76516456 
1543311318 
219026000 
84221537 
168314849 
572979670 
500489188 
279977319 
1902672236 
1312188246 
589534481 
313547533 
711559116 
164352892 
48497480 
369814699 
40741032 
323907055 
90134368 
991868568 
356488865 
2580949892 
64572811 
278916525 
55071343 
16654507 
133459826 
72386135 
552323485 
39041072 
625248178 
489040172 
219777828 
21148840 
341115824 
200705307 
30238224 
394402928 
18300652 
1491441836 
133389936 
354659501 
69355155 
86864188 
324571009 
12789802 
56237824 
303999212 
589082039 
19036340 
1693874582 
27274369 
261343468 
598776029 
343685037 
158091526 
17176089 
66746315 
591914360 
1101856796 
21343418 
139787430 
196004926 
1642679617 
262440146 
566044371 
339853632 
523898497 
18155002 
1829799972 
1199390179 
15451256 
77749364 
15551554 
410476846 
1466390142 
314914715 
454526570 
244786167 
2235252281 
376764887 
251450214 
18038743 
1466325895 
249845611 
295438318 
289102169 
376525891 
408698057 
252770237 
776741257 
39084983 
165948722 
593837560 
283229547 
1353234908 
31318297 
489379423 
27572612 
75397222 
19936368 
213116289 
5567962 
35163540 
278615327 
633354160 
607879601 
151735218 
2173718332 
58752580 
48114547 
213302774 
110304508 
23290993 
366631688 
1232077051 
92606370 
158396623 
29767978 
202415747 
16511923 
22265812 
1673475002 
399823606 
2748045181 
45689724 
114782468 
308855064 
2762371084 
549776872 
344475960 
32610875 
244149289 
102813039 
60404538 
900065444 
881687370 
442340744 
15569013 
123680068 
89947401 
157170814 
2496380876 
552498525 
111704137 
347587182 
375486940 
2450801030 
225902663 
269341175 
318115607 
361854873 
2503039934 
40401633 
25615946 
407466088 
179726267 
16598302 
2300484805 
1430568648 
26396940 
1621605061 
263459313 
2357391601 
1385893578 
72772993 
548926404 
2372893128 
1624888566 
96656636 
411695413 
2471152158 
2790579596 
291793108 
25468791 
813859190 
1635916800 
24565827 
45594825 
708963224 
94247233 
493707256 
615791439 
577374333 
1663701650 
204110710 
177371662 
193549954 
396976553 
2768393818 
2804731194 
501131257 
18325756 
87617850 
1905777432 
45283517 
59055162 
427030750 
508305247 
75958425 
382418864 
42178915 
1018887504 
42802175 
297676564 
242451984 
571962775 
271939007 
2244917070 
400863953 
77298119 
85191757 
337398710 
15707692 
22070505 
24019351 
66570870 
24272863 
944651868 
26578028 
401763311 
34166050 
382880391 
125806396 
2599608553 
67373321 
902170279 
85895151 
32565080 
336590273 
258021050 
365522060 
566516857 
350364697 
14075156 
17495700 
16435320 
94717732 
355638268 
66493463 
28058204 
330096622 
2670489804 
264274213 
127118101 
509711388 
2767940854 
436220237 
771963505 
2585835991 
940640556 
25646830 
41254880 
2220750435 
1935500142 
2773241424 
1004736062 
1237406376 
46136805 
2152300506 
592024708 
2334374419 
30557399 
369272822 
295231326 
339436899 
2408003820 
1228756014 
999355698 
58495466 
28169297 
374812164 
386910595 
446404587 
384545159 
842447539 
154072092 
632703809 
189552762 
37573294 
273134945 
17634906 
29856373 
270116649 
360188837 
256806346 
273186254 
1365830906 
29523117 
76032134 
1198987290 
100160314 
502536793 
421518046 
28161882 
191976801 
1247693197 
480758343 
262235124 
53209361 
203707240 
15379392 
277774775 
16393999 
2172446191 
40413510 
197511423 
24307902 
483595014 
885300540 
2199596059 
1205178548 
620484999 
930640554 
338457992 
809861580 
421621902 
309264640 
292023223 
35014696 
277805937 
2732816574 
1921089625 
38017335 
2765086073 
2267854745 
38018576 
45980506 
33643570 
38018648 
33644051 
483070067 
38017164 
38017041 
33643424 
38018360 
34283424 
33643118 
62593084 
33643902 
163679315 
33646917 
402367363 
33643230 
165892325 
33647303 
31944984 
38016873 
31947966 
33629660 
31950762 
31941043 
31946366 
100051677 
31943957 
31952051 
31937423 
16133073 
2319138998 
72143160 
391539406 
34711895 
1614258872 
798169896 
446848308 
67706541 
33904810 
24605647 
156848896 
331842182 
366373927 
1426797030 
2416114542 
192410082 
91464442 
131194309 
24552361 
15937294 
743736228 
29554618 
22107848 
305917489 
388482062 
11671972 
16323849 
406617100 
186178942 
1056106159 
753921151 
541280142 
204643457 
133131867 
167655980 
331223013 
28859623 
250301646 
398323499 
839736338 
37476201 
2804247522 
1118003076 
2260808773 
40292203 
1602208044 
709730090 
15248343 
24849555 
17281864 
289172931 
336328178 
252375619 
360383743 
495524303 
151314051 
350688034 
413567938 
74291334 
15782543 
277246281 
65046204 
31483387 
2801432893 
28523765 
90328434 
2174466600 
381064894 
36730497 
138476846 
359735135 
176592925 
33814710 
2796221593 
14630214 
343095903 
199975921 
33988244 
49890909 
1061266717 
259058557 
1542744612 
342818564 
38714732 
563434331 
135506000 
180087066 
28293956 
74482560 
206465507 
20473581 
82158350 
1043915642 
277225446 
1048277443 
321687522 
774138204 
281862391 
73822164 
27262634 
16107394 
1427694828 
592085965 
2413335211 
228147790 
17981338 
18326075 
177221550 
62106475 
557280759 
28025564 
17654090 
238474670 
592096911 
420743708 
85203754 
1476096062 
195596381 
834856596 
880760653 
511183380 
2757513268 
2794779800 
2261121073 
1864154112 
278796606 
1359826388 
148109496 
15276396 
25327969 
616675970 
906818900 
369621778 
429494179 
522887320 
154805189 
46118406 
1887368174 
553712569 
1477920175 
1571574049 
2174421170 
449893011 
89789570 
17557950 
2285772870 
1107130483 
141656531 
614821072 
19156612 
483282871 
160536419 
1049212927 
22074711 
2427975841 
62401823 
126049541 
2453883906 
709485596 
20985591 
426795492 
142509562 
15199708 
24940050 
46946868 
30797908 
423067074 
21415643 
1069907330 
15886056 
873013141 
15676303 
1016364326 
706516328 
59939095 
35296932 
118493729 
177262146 
41892122 
89064544 
173670228 
161493540 
553156758 
89347327 
153308360 
21905891 
352710275 
21625347 
108132592 
142438433 
47859831 
38305805 
348040039 
18825002 
224073848 
325214194 
331874236 
441505966 
230059094 
286252368 
281842309 
9535322 
74279923 
186692737 
62418804 
21603336 
19748766 
187548368 
364645690 
48462221 
180631675 
120809942 
69697939 
207816209 
115483362 
1120252022 
251930151 
17149442 
45301127 
391664494 
171973447 
23139995 
31171664 
57488518 
332507174 
635370121 
167236979 
1975987494 
1376206543 
19288152 
1728581420 
331398437 
185393327 
23648111 
284249569 
75105297 
22708783 
90349975 
24540958 
2789752800 
2462243460 
2596294139 
1547985685 
481686173 
791638770 
24331837 
40176550 
331201100 
13744552 
378695362 
26277551 
249311424 
552977358 
1169509766 
16984055 
17406688 
224884063 
49742650 
163609630 
18571938 
1944870542 
15123131 
874068666 
1461622758 
2319124129 
1708059534 
398374507 
374307051 
24482980 
14565003 
776785626 
14612123 
126443956 
282867041 
241575660 
49105137 
405807471 
46569585 
256344729 
2796856598 
48221180 
1040764777 
1004221572 
170130402 
14458038 
63813253 
219466790 
512675771 
64929299 
157756113 
25891527 
39702333 
177047293 
22085622 
900358831 
160566817 
600242239 
399160169 
14993066 
32732495 
15333634 
65707960 
2575438722 
2298387614 
74352444 
709479816 
94922124 
38770144 
116341095 
27570879 
32677635 
79322505 
1336627135 
2168525712 
889546424 
101621348 
724679629 
2670144459 
1206547735 
582801728 
305300234 
508180759 
292631960 
545631063 
445088569 
171760640 
2794189453 
1928466032 
550616175 
1628959706 
173080501 
1514449754 
135714476 
14973648 
39053045 
1273804207 
2467694328 
52869740 
331348032 
27518819 
1499659855 
346713088 
15551405 
1105229766 
1896229712 
1576291394 
159375273 
253227145 
272990364 
34840158 
23528584 
571824924 
267451024 
86116398 
549412718 
190940598 
139603995 
941348402 
2312901204 
61695459 
13257442 
1885044577 
121805292 
36071706 
17722075 
814407194 
1279429417 
1284512533 
1534185648 
68662362 
2596529227 
74376965 
166297057 
249327786 
1534741346 
2173274708 
1973717941 
43109133 
22673493 
34842954 
1016015216 
1968374971 
132660722 
635925835 
2400031 
133137145 
332598631 
281702621 
23863352 
123615028 
15084653 
174718681 
151739526 
26299200 
942747115 
307460904 
822168290 
14532192 
908382223 
46038826 
554446791 
184584288 
274200687 
100866343 
563419321 
68855816 
87230046 
451707131 
381249054 
931033669 
189175133 
199111271 
210957270 
394440969 
348884839 
464756200 
112798520 
457798858 
317421459 
549784005 
17997903 
450206865 
146156967 
106529557 
14527155 
297828211 
18345527 
594922397 
15730129 
23728967 
744320382 
140655959 
197945940 
793009182 
110571266 
564258478 
282862024 
386318306 
21866144 
7209172 
214781958 
939444877 
419064008 
1928074670 
1495693404 
2184263296 
44431973 
290285170 
1292666334 
16519786 
72907029 
68572764 
131330297 
574158956 
208815307 
1941457854 
2163169951 
1416532532 
1392885618 
67956103 
1883459520 
37474804 
51261219 
48859734 
175055479 
1183886226 
1315633940 
2560704816 
908838462 
262198196 
30813532 
178814259 
19756966 
1491943945 
378728669 
338015645 
346597110 
88120644 
358583816 
38716025 
80935538 
89387303 
317864744 
136480338 
110041438 
21955277 
28425161 
114813977 
15959484 
134927730 
352842581 
25096757 
418364889 
313541982 
2424433338 
109649291 
757843339 
1048918874 
22096941 
874249981 
1658839261 
102625081 
23618261 
2729499066 
19132452 
48547129 
465907840 
2760527148 
14618322 
17393182 
581883749 
402717004 
229950884 
18697821 
97100928 
47689152 
266793162 
115846387 
97518540 
32578285 
1122535604 
381256768 
1296923551 
423518265 
389829220 
1659122354 
338238951 
255760241 
144298999 
355307031 
40690018 
537611522 
501452495 
103646578 
23774022 
484324560 
1247846664 
213179464 
385574324 
613917553 
409579511 
29371183 
880621 
224451537 
603915029 
933189380 
39646828 
357598861 
314800802 
758292739 
861960824 
386902282 
2256826819 
78486584 
439865479 
979342566 
1603587482 
27343313 
539793575 
515736402 
155056786 
941923130 
450909484 
377853884 
140326558 
258398939 
110470660 
28487661 
61099900 
820633686 
40686318 
42483245 
199142710 
192411466 
53524961 
1418554968 
14997912 
1543902938 
257287113 
27560980 
315928130 
61369390 
2480045508 
23147380 
211202965 
1053794551 
233266253 
70188597 
338792441 
204826147 
2230031016 
2778450865 
21273132 
113094480 
118507815 
1217936156 
2786616480 
363292018 
30268282 
176248279 
21148214 
891012306 
229558368 
315504972 
35851044 
731315366 
332568339 
264623337 
119222004 
19990256 
477204812 
53597578 
140090751 
195467184 
2415855068 
176266729 
52838181 
47454737 
462492934 
276117987 
585217337 
586603157 
351860160 
492568007 
266607013 
49032525 
137762584 
88267278 
2749564977 
1249869306 
32967814 
98537758 
148245426 
440681699 
342785285 
47456547 
82182066 
27295759 
32950875 
513386906 
1296048632 
382854354 
845664307 
70010490 
303900218 
216546392 
24579778 
148873712 
1852475532 
545222849 
29654066 
30740026 
492669163 
738241284 
123005623 
362010277 
1387274053 
69374940 
309728617 
168931485 
166845966 
874135885 
64548603 
19861740 
365673001 
21532598 
244781657 
17102697 
1048473242 
24078764 
257823770 
322793053 
35877553 
38932838 
108493258 
337946093 
213182635 
241675723 
21035135 
237771491 
14137203 
429644497 
14453949 
61683133 
22501364 
25744131 
217210961 
1447276369 
70711221 
63995591 
715136892 
86976825 
28617625 
230489303 
21040084 
16939158 
203580276 
36906589 
141813922 
851845172 
105325165 
933195643 
1909434182 
2371785642 
277690117 
346901578 
474125289 
898241395 
1865954450 
1395405440 
2537999551 
55883013 
187626040 
270663761 
2153552095 
1414299984 
46839569 
171362512 
414457533 
465937263 
38066940 
47167321 
155581809 
2419222867 
26907066 
1490539574 
453501077 
786149383 
1529683045 
1470580140 
623820001 
996284064 
56893619 
77241577 
324141763 
961675524 
21923323 
146209847 
429304563 
255162226 
211934179 
2241394592 
747799459 
21317517 
713568038 
635891702 
320571283 
178152980 
543772029 
490719136 
2193244765 
279750134 
355812971 
525757267 
67310382 
21717014 
74750776 
40097422 
519162498 
820072152 
459047180 
316630130 
16153643 
67807230 
216801508 
20452303 
69481617 
30314441 
31135763 
26316883 
15552754 
394145413 
521500487 
351005512 
16634962 
94228016 
457846851 
164431087 
71369739 
977261444 
219765746 
185461689 
384146479 
32551900 
568590165 
554420639 
46224835 
320346572 
285738349 
389761137 
358014801 
60161444 
575655563 
6511442 
28707482 
2214765056 
82408753 
26083614 
292500953 
401073042 
29267226 
2188961911 
302992415 
26558381 
120343911 
17725078 
1145260800 
229055499 
190164931 
1629595555 
312274988 
260517321 
608543382 
16171562 
498274769 
168914566 
1621549579 
575639787 
573464684 
108989977 
457554412 
29121726 
2669459229 
167617115 
326580446 
125335284 
257700660 
225176551 
263377338 
2779809841 
90097449 
2588567418 
765044910 
399342838 
1011506431 
2335812164 
117316099 
13947512 
34797730 
1583504004 
117873149 
2485428222 
586805431 
15386319 
506849583 
144391180 
112597251 
108504430 
544464556 
402423605 
874791774 
53162988 
73159251 
16092008 
60986231 
341656845 
387893665 
173768804 
414336188 
1041297590 
22278569 
17795518 
366895627 
365422335 
156519176 
325884601 
260818019 
132246252 
933040778 
206558609 
46278337 
49521483 
83042449 
988047409 
2731142111 
61280643 
1633261134 
938360552 
314292636 
48724811 
236951600 
74044254 
154815746 
351347745 
39980004 
57440613 
2359966639 
35261294 
1450162807 
398927224 
24629020 
35928130 
15961390 
18681097 
104352322 
22680498 
1271221417 
439390094 
321183477 
962659220 
16020765 
33682480 
119180176 
33476007 
27033122 
885843726 
156330431 
412469700 
1194934765 
485415122 
702031147 
319356134 
231810870 
34922588 
37541071 
1632021206 
368139524 
17243858 
62617906 
2480857945 
121342234 
705762912 
126985051 
614881364 
944672257 
366409652 
1000093530 
275227582 
110289654 
228843761 
472070343 
1107436730 
2447722741 
103686814 
51904661 
21087777 
290928299 
36173049 
628734156 
35768709 
261816413 
1631978072 
1297389355 
28610363 
377812283 
28353751 
43945141 
52292790 
262787062 
26751514 
149575562 
360843093 
75939216 
539499980 
389572736 
39511639 
345909760 
1010286146 
2448310232 
481700105 
281805196 
181434565 
24229373 
378157062 
23075799 
19737138 
168890283 
15025270 
341855229 
16499268 
382139972 
2153601383 
921941059 
263415893 
292589180 
18710059 
1335254678 
32197603 
458643790 
18038181 
23722521 
917075994 
2776370088 
18064419 
1603748678 
1592322072 
52702957 
225285704 
74430660 
2273309298 
1202441414 
185004847 
1271468258 
1230234667 
1372213344 
509037770 
535291633 
112475199 
142139011 
520860587 
729274843 
570598604 
2194820115 
232659218 
33250076 
64561889 
2531787496 
628449425 
134894100 
52843350 
220730516 
529603056 
17637006 
57725680 
16967846 
1101246206 
1887239011 
479854703 
1638600366 
436045601 
823485002 
24088426 
553114195 
191573303 
355045930 
255834519 
272068558 
19827345 
516067986 
2475907064 
269479978 
500467854 
790716324 
34336822 
417557429 
22927935 
198050456 
615609671 
59468250 
45636033 
18112199 
68983312 
897121760 
498506531 
284328609 
433868357 
956688883 
474942226 
362852204 
731855130 
1276428708 
23400517 
219926344 
124893690 
2248190096 
106789469 
1343007996 
1398446580 
65477933 
1871896334 
246348877 
222373096 
1159597718 
51143130 
259048500 
19296436 
332006584 
637052036 
104329150 
519130380 
34546879 
484821174 
311703639 
1177527198 
231476651 
169716201 
544590122 
34558130 
42112757 
31607370 
18224176 
18311890 
310374620 
477856223 
291897916 
193392539 
613917694 
142040290 
427757571 
305950091 
25602716 
420344362 
317691924 
2223770280 
799043118 
30603120 
22585003 
37725043 
809046084 
855376356 
371538926 
1873091 
600293238 
30749873 
885128648 
612644766 
547086536 
616360940 
21206648 
1188094496 
2297884206 
29031278 
19264290 
444943899 
785062884 
356646232 
342209334 
2487955032 
39284242 
215814909 
293223867 
536375558 
409716640 
225472625 
171221667 
19976011 
634202993 
268931250 
464701896 
18532888 
1576680895 
2671620888 
252727019 
377450226 
51449298 
1031896962 
49236749 
364607652 
56436093 
70746935 
76652226 
842644278 
586939612 
2431168523 
191235341 
821966420 
926510456 
283339730 
53208680 
21546732 
859089601 
19935774 
118838503 
1214488795 
423902472 
349285093 
993220357 
2559788171 
27894770 
83949382 
304079029 
367993497 
64040620 
23513391 
370324843 
8168652 
49352164 
1816541 
541845311 
2160632194 
2339819416 
259457477 
2273623859 
1444375434 
553671578 
35814478 
2209152269 
2355783563 
2723115306 
2273785204 
1901305112 
151218105 
1144048238 
519635780 
2174695802 
471602519 
1133911910 
2372010515 
10846312 
214635592 
42773921 
24499211 
343817255 
118245235 
95557827 
94309644 
227742184 
153453129 
1896060097 
26299276 
17294648 
45125474 
74066117 
117974827 
234744597 
274756435 
15208526 
948257156 
15129603 
17809006 
24894213 
16121791 
36445142 
95521792 
38754718 
35143891 
701789387 
458937609 
344660211 
64225794 
2595226736 
532344148 
790146314 
21438986 
372933493 
604141707 
724936244 
72965762 
597970307 
235704310 
2495809688 
713435638 
53987692 
48097478 
198352699 
1348255278 
35899936 
232088962 
329102396 
177044701 
121240946 
271206401 
161358116 
228514197 
2263836066 
500382943 
97217509 
715081326 
103773417 
158209366 
865669236 
25275196 
34274854 
755817992 
992095819 
2228519957 
16469348 
30973 
523752415 
2670019052 
2318937051 
493432290 
34616154 
723038184 
1648938500 
289502835 
1413999342 
47717164 
349745797 
115774575 
596687193 
17469142 
15418056 
18776647 
14294699 
109046256 
243893687 
473467005 
18220351 
926129275 
525679291 
261336707 
244752167 
31003023 
242024396 
84352455 
15110194 
130186856 
552518124 
50717159 
44316546 
240431011 
1933042237 
15447034 
66243467 
260267051 
18962780 
256580874 
479968771 
1087320391 
407925118 
359183313 
158382338 
367251510 
572102171 
1396984608 
35878487 
29935655 
624041220 
380092516 
50921970 
311784164 
618275775 
277813161 
16783851 
25939200 
2478702866 
745713739 
2618456792 
96415736 
2619666847 
358517100 
933247999 
576804942 
172073307 
116022499 
129366798 
1710768408 
47805697 
411086842 
34056320 
1976738508 
536568015 
457959403 
400723529 
327542528 
485213161 
100874592 
503431610 
101858474 
72493057 
493609150 
461581899 
240769154 
906239754 
601804771 
21425795 
109685571 
2359459213 
1385124684 
40899705 
294994703 
234936435 
2249559829 
351976974 
2617634947 
2471223846 
153206583 
117466322 
2468678755 
1284360606 
985717735 
1648488876 
51548797 
516183528 
234621244 
1258216998 
2700606394 
737313618 
2314327728 
59376931 
465839007 
992177947 
536973816 
2539787999 
232744539 
369787812 
773790085 
1433057041 
186703251 
824574181 
19952913 
604988073 
22916759 
40233101 
2616072746 
396972286 
256076043 
294185396 
735820140 
17402023 
566691782 
179682851 
166404785 
2212718753 
23147897 
465884545 
362197670 
907009896 
463798190 
586149080 
236545631 
576625904 
615634299 
959569160 
16797022 
368996560 
272003145 
546535249 
1480672238 
516010647 
2592851889 
238968969 
173994676 
479859285 
451768938 
334695013 
45297965 
263499880 
592131035 
976634995 
195992523 
211216272 
1684289012 
491054042 
729396139 
462553896 
507509972 
2375671104 
217313744 
256272021 
139859788 
332598094 
29109464 
288586519 
47043947 
89796953 
98460158 
422047517 
889500894 
23406911 
260274858 
160454323 
2263174980 
745934100 
589602071 
16029705 
38577243 
185784570 
344779704 
2176208549 
437624858 
117270853 
1531000909 
507666557 
125844061 
27804208 
21536318 
2493751610 
328813308 
850148942 
2518503968 
16430507 
570609798 
325151432 
634366479 
29837580 
462557487 
739577575 
249837130 
2324526060 
375928157 
1143241682 
476903935 
2451898646 
495601401 
2687166441 
1388394542 
1553059543 
296345007 
41487787 
2309205486 
82738758 
155306138 
2225718002 
409704959 
1217226806 
2614293902 
1011835956 
995983291 
276283511 
428679217 
870365389 
17643326 
385148474 
432004000 
1247785020 
575583112 
700643 
940153165 
433898981 
316147108 
2367549786 
527008607 
581410819 
414281008 
1217106048 
528654875 
2367599527 
256718946 
356399916 
1653914107 
354087163 
365082903 
422878459 
327687705 
1308912728 
219777396 
342261896 
2430776444 
338051906 
102542597 
43359691 
484357289 
32554573 
38977114 
56844413 
333760357 
1283304092 
239538303 
104938125 
2515634233 
1123880359 
867101912 
37256601 
17490653 
703552886 
726712604 
114945326 
1711110948 
828239893 
574909214 
241340533 
43436965 
352607754 
384566787 
17000540 
1551714103 
810231841 
29036206 
746534448 
394894206 
88831089 
42200367 
1547282318 
264625185 
27083995 
996333433 
25175044 
374718918 
1362883808 
216527896 
68895325 
15651988 
91682029 
753670105 
1494619440 
310854213 
134589789 
400926442 
144531892 
8822562 
474486747 
248440581 
558098235 
214633136 
365562540 
263029241 
2332926956 
76813573 
2660375248 
2597236514 
793846291 
259210591 
184980176 
431638091 
261566896 
885717930 
34923072 
181418295 
40794419 
55650377 
168007787 
102798721 
610295375 
128432598 
1574040686 
299330714 
26912889 
284745102 
14076630 
105244583 
1146555642 
243739335 
14400341 
2326416140 
413210416 
389215202 
235791821 
446009073 
36461453 
1358349937 
24375583 
255727884 
11382042 
56374350 
37440369 
508256952 
854825292 
118830984 
342522932 
29574117 
34521445 
16049308 
17164016 
1003214341 
2327860633 
2463555404 
107292284 
327455015 
230955698 
31490746 
15913375 
309313950 
190495283 
628917014 
52522406 
455839051 
571913866 
364061279 
496424653 
848193493 
216191042 
166479880 
23604989 
566777372 
234909121 
538646738 
21740684 
1925421374 
506900510 
325344203 
18293362 
981856376 
43568450 
246113603 
28497979 
325676409 
15344383 
36369759 
262050176 
15360536 
24532322 
21538417 
360386340 
114774207 
560392213 
450160747 
19083109 
46018614 
91283681 
17001459 
201523482 
463448532 
418158354 
299233001 
898860762 
2330878639 
19712728 
348321338 
606827788 
272771178 
179999229 
596362760 
500365910 
29061747 
263841402 
518741148 
331384393 
112326932 
244339945 
17259102 
112271549 
122756764 
168355952 
35866054 
16678886 
100424204 
278845535 
181432184 
2570614564 
1385494831 
207777531 
29234666 
382974014 
32540985 
22458060 
922149086 
2395263254 
90285126 
314134379 
175569673 
556602333 
701790744 
135669784 
1161559454 
909571562 
578604522 
1433580433 
527940989 
30954729 
38512532 
376438165 
46454668 
2436280220 
112867596 
33365432 
801219800 
197579170 
603299292 
311113776 
564820786 
264383792 
626533183 
407442020 
430207495 
397676571 
22329074 
453560915 
548663877 
324577862 
20247072 
940534274 
264658716 
369895825 
131728627 
347441004 
359407421 
413587569 
295175471 
24262347 
28655018 
603081157 
629181357 
57199893 
15632320 
467089371 
121841688 
15605665 
143470102 
16537700 
131430034 
75091114 
1873088724 
90456901 
1469956560 
49805818 
872625480 
216734971 
372969258 
605811110 
22652407 
90653225 
20744467 
1005337434 
126981483 
119252514 
16672410 
16187851 
1703200261 
1137049453 
274706343 
275064394 
814110954 
1706197622 
243376718 
403007373 
1962902216 
30692509 
16860609 
75927467 
263787891 
17773764 
175520514 
23223676 
1278863370 
224363234 
309980619 
212444630 
72348113 
472309426 
477448809 
29959059 
372975439 
335495020 
40952919 
39021208 
23846845 
32030187 
427543419 
583418583 
536796918 
95491871 
952805593 
262661303 
765620918 
350048945 
29367915 
174810836 
172033987 
182569463 
50648768 
162549547 
613138271 
43127368 
126347039 
392885558 
259515923 
243537129 
624002465 
1445130030 
2194255234 
14731792 
345059850 
28100353 
2153736500 
14076376 
536450332 
1489382484 
2323036993 
533890356 
325226215 
25557640 
355661407 
104841362 
56768271 
24113303 
430471045 
615424235 
40397307 
1049660520 
87085835 
233818316 
15789848 
441269932 
22739659 
122425526 
1189912758 
377763368 
1975389938 
92918920 
15488700 
2196846553 
759914574 
298899302 
428232251 
443251617 
237088518 
242770535 
383965154 
1164418638 
362763611 
262197671 
53304822 
2658014229 
748537861 
1418745782 
1220392831 
307177520 
132219506 
1319350338 
389249247 
24394519 
1686921613 
25096888 
25728802 
93562092 
24775571 
326283701 
883142444 
24377227 
44432523 
124514402 
34204450 
345203426 
134029134 
303033166 
43987258 
807837967 
15386950 
222735274 
190696823 
294914552 
569161426 
30937581 
30129125 
37560950 
294488222 
817767468 
153596222 
1673702574 
2482267020 
99803704 
1355681947 
1618104842 
16729068 
15012620 
375940708 
16381999 
54629274 
790332758 
33444112 
60419235 
367991337 
19053589 
77205236 
2263814030 
282640918 
521822942 
803457356 
35880492 
2268355088 
451178078 
81045677 
258144052 
17593180 
14904980 
37428569 
20230544 
615767857 
248967049 
40333743 
1167682369 
51352590 
1429528364 
2413208929 
2569412247 
792764090 
726473724 
78777538 
90535094 
371874135 
159697322 
72213020 
55790794 
49960467 
39119656 
190860964 
232116543 
1064486070 
20007705 
26479134 
17723839 
1083432042 
1275690877 
41010351 
80683683 
282678339 
23471117 
29267598 
972918553 
2250916148 
208379519 
32519530 
20894619 
33744811 
143934443 
235441033 
290219350 
17723996 
314724464 
28795015 
43741495 
529926498 
100091849 
51185035 
38889172 
17824719 
249995904 
334896448 
248982286 
247644300 
150074282 
466187567 
870561607 
282281101 
348174344 
177823456 
307570957 
1368155191 
383506185 
705452876 
743546964 
247522650 
47331888 
21802062 
240855413 
22317834 
24992190 
2437431252 
137177109 
303932277 
1330389960 
169607819 
25443065 
547161865 
2214053953 
242889229 
14150441 
52253700 
25010840 
137476795 
22507674 
34117534 
92680995 
22923113 
510867142 
602116271 
193969624 
53230983 
389204901 
1507237734 
18571508 
179383466 
239149559 
141745470 
399807963 
264992003 
85414373 
55583407 
21255645 
320486343 
243463896 
86420781 
260080082 
49371921 
348736071 
30027626 
138090829 
231347447 
8606702 
633160054 
545480368 
127266655 
62901395 
44790319 
326132326 
169678645 
2511461196 
1191450272 
1616998622 
1149349939 
2382337543 
429530122 
1678253070 
241416603 
622001851 
381531969 
19202528 
418327636 
390894170 
818464206 
166717222 
281774849 
33810255 
2372939066 
298601097 
35416617 
2395591302 
123027852 
846763064 
24091272 
1898932578 
611724316 
2379617603 
155427437 
119504025 
1332562627 
930881342 
1052040300 
312229070 
498404153 
34758417 
338108670 
19170180 
240357586 
2199785207 
780697724 
155125762 
985641373 
61785262 
19605391 
369224054 
1671199568 
1331941068 
25684314 
138929421 
1454265186 
1087601214 
373581367 
755494812 
2228290418 
29120362 
586085360 
256847222 
977516900 
1404558259 
351346081 
23624655 
363296307 
7577422 
48204306 
17106985 
39942435 
2465386622 
516248518 
1003309904 
339913961 
525588914 
1393701565 
218329808 
62195520 
422685193 
635436934 
371055821 
183802565 
22441185 
20409811 
492688867 
6215572 
80917395 
352693172 
580109057 
119056112 
1595738779 
394680297 
255703755 
252267827 
177056288 
25516645 
356562006 
59539385 
14341284 
32772791 
102467386 
180263251 
185006666 
32662255 
78402284 
17168795 
34101128 
514796927 
623286123 
20233244 
183000734 
62388016 
16317267 
64033262 
762417565 
50531077 
310953443 
18977489 
51983995 
1143495090 
2337814978 
387431715 
467670242 
81678375 
22070359 
45656089 
1942099674 
17315229 
1036215812 
100428266 
2279896530 
208726268 
2199491555 
34524045 
2516845687 
14679246 
192663568 
75727496 
23279761 
1583654126 
378954080 
220807392 
157863194 
226773846 
359653890 
888200371 
737622091 
30752822 
55420648 
341340724 
582024589 
36809983 
354546574 
111072575 
25414214 
452994061 
13489352 
902599399 
25330905 
24088298 
45596192 
426098614 
187017235 
25690076 
88741798 
18736824 
25495493 
77619489 
146961575 
161804856 
101425253 
75180755 
1651317600 
17181516 
92401638 
51510080 
2233428553 
224788950 
17727146 
557441626 
21039319 
78187956 
26174295 
141222602 
91519135 
539619362 
850139004 
33617767 
22446489 
1117518769 
23904779 
380961713 
49566765 
416684835 
25641916 
19793433 
299677341 
35073628 
431197475 
240844460 
66802345 
46457368 
314317529 
217189053 
137468316 
29997686 
24573979 
624287586 
47367294 
350307347 
26925384 
838656067 
1461244213 
211533964 
458033751 
305151594 
204048421 
32811427 
207361599 
88747913 
26416133 
1616398837 
60797823 
319439400 
16934566 
263386656 
45197416 
626904228 
708720064 
38475248 
21815199 
539407888 
322288488 
618757695 
35222456 
397684469 
21342854 
1726585452 
39746193 
130185652 
114126657 
33910200 
285545924 
255292584 
147728529 
37332982 
15446803 
24976733 
31501605 
38012245 
27719667 
366862856 
1163913098 
195077827 
97600066 
125505280 
2569586757 
72954335 
2361180276 
2530274144 
2568845487 
801709519 
253884233 
1257173222 
27358742 
842574180 
233353995 
16990733 
2218517647 
158915500 
15823881 
2409211441 
388605204 
182441611 
93530574 
16520392 
844557517 
374564893 
137476964 
411681995 
28728749 
2266858525 
22097295 
26130159 
23546379 
1078432340 
1923531858 
575636593 
2369624755 
37560338 
20393765 
21463208 
345022956 
185386115 
438014817 
