68711832 
3173845605 
828284976709894145 
2316224708 
20182089 
2905208669 
47548777 
2419522674 
3353363717 
4196983835 
3353651812 
740864424370638848 
196465635 
348889653 
258868647 
32140995 
249348169 
22546003 
17833557 
43532023 
11359872 
373983928 
120297769 
1032005196 
13566952 
2612760636 
340324298 
63308479 
952740715 
81757891 
4854438394 
1377155214 
225571767 
15908429 
738825010786095106 
290180065 
97133219 
133915463 
256619276 
1405585260 
283399270 
210926192 
23593446 
30803494 
39835002 
782252706547195905 
769334185643216896 
780972043273510912 
3228514906 
774153474367827969 
769678914633465856 
17089636 
1686865412 
26000428 
22867317 
252794509 
185716178 
1507338108 
4200716788 
307912317 
1303298030 
26265057 
21428058 
101818391 
18495954 
162138699 
20180089 
226011566 
137319969 
15684633 
813286 
2185084844 
118747545 
19568591 
2421067430 
33276161 
193365375 
2316383071 
93069110 
2962923040 
14529929 
85131054 
2883461 
23814999 
154273251 
20744708 
15276573 
25096930 
619278612 
11744152 
299802277 
3246828520 
3763655603 
75875590 
17025399 
110299604 
1689785383 
187240774 
25134754 
89545649 
17293337 
66021490 
71273952 
281341580 
577294377 
24963237 
10232022 
1251785912 
793442243734544384 
14308508 
578650970 
823384095917010946 
358741386 
331143764 
2419784509 
369813627 
66182591 
2273872578 
59514202 
63826562 
12407 
24164338 
20094105 
50463338 
436709787 
7429102 
15025738 
76997832 
717740325427515392 
14248315 
290276805 
1013399942 
1421082818 
11815482 
558907985 
150078976 
3092565073 
824332206952714240 
824292426961408000 
4797361833 
824320219866923018 
72851387 
3240143771 
133832049 
823565852922576897 
987780067 
486799450 
611253430 
822517901294845953 
86640232 
84653850 
800942537083068416 
4833128677 
3314963469 
28657802 
111159289 
33537967 
862430754 
323404062 
1363037420 
21166728 
297690193 
804015436979277824 
816869611480186880 
71256932 
20221325 
19011374 
3515085202 
48388501 
15675453 
166669818 
33801277 
627559793 
20608701 
14247236 
1197582763 
168663228 
80335611 
586960773 
783041834599780352 
129252801 
402888514 
22811937 
18470556 
176179746 
715209574802784256 
715211464953319424 
21441341 
3157736703 
17400407 
43914724 
290890104 
1093187414 
4310571 
416715629 
44601026 
14353392 
34713362 
2862787737 
59264384 
58173990 
1686531660 
1427982906 
14764240 
310374952 
28181835 
261749497 
1480852568 
2816048001 
286364589 
3974747237 
2396682116 
1075190366 
14515799 
1004605801 
13678962 
268057676 
3809743753 
115710058 
132496568 
2467791 
143186751 
59128724 
132948409 
6576492 
212657985 
16451457 
232945847 
333558922 
22151193 
307781576 
22427824 
1371742513 
18655567 
48075643 
62502942 
742698940311699457 
4419407355 
28420827 
337945245 
329877981 
104981251 
16017472 
720228997 
2967402199 
112814906 
47348884 
808498466200682497 
770093058 
280630251 
78293304 
408036857 
148593548 
9548322 
24190981 
711272149168877568 
34848163 
37547775 
1666099686 
16868756 
14410756 
16224705 
29580450 
1598322511 
68449573 
26863892 
787275833631207424 
646893 
32372834 
47678070 
408843906 
1005143113 
461681102 
403543450 
36273262 
1077308449 
455764741 
103896637 
149954544 
1917731 
159616650 
17698956 
85362822 
31439308 
25190928 
26195911 
1921565042 
8287312 
28406270 
94129050 
51488681 
2920014210 
803293184809897984 
724575481 
170217521 
2411539585 
308536927 
21867341 
42995067 
155784594 
2922928743 
344750248 
3118837723 
17742722 
46335511 
1650665269 
2172922045 
23103488 
15931959 
633 
803281100097355776 
2376776131 
599482855 
18926455 
31585636 
1111940934 
174110843 
55910998 
87037825 
2328695240 
280461866 
782973815496192000 
2730066025 
366010246 
809887021 
455024343 
2300278368 
17006157 
2594098429 
65825138 
32694215 
65108529 
1085087898 
3741751275 
771750115358957572 
773583562704613377 
23833641 
13393052 
487198119 
245457370 
1328324106 
19753703 
752499373989326849 
20962674 
2745877572 
33766143 
2211860454 
262827299 
7093352 
243413965 
243428457 
90959399 
33857883 
42560650 
493482998 
717994058111655936 
13493302 
13497772 
2559288757 
15342992 
224759504 
47475039 
767880855024828417 
16378093 
318692762 
1347111570 
46933873 
522345885 
466783875 
4324519876 
735607711405121536 
87778499 
110396781 
66381461 
753600114304901121 
3308368829 
338703920 
2335679893 
6738012 
60798114 
54490237 
70893561 
277261996 
156886659 
59293302 
211237746 
539699081 
19722699 
17045792 
637338906 
3296763982 
2217099931 
15359205 
14208457 
19624836 
600179330 
2151794320 
152835605 
14497828 
17789751 
182037512 
144748652 
246458223 
4075925727 
174604481 
1041353138 
241544156 
14344140 
2565963218 
120536219 
143695947 
2759649542 
92623 
502158861 
2251623492 
814245511 
27941766 
405543136 
3234382160 
1117786405 
423523212 
270139494 
80937511 
16929108 
299968531 
2575581534 
16337846 
523822734 
3571111935 
259317559 
2329391649 
1707427058 
175378976 
297311764 
1221705061 
58838415 
17900130 
3285694916 
28221296 
61734492 
30249306 
22931893 
519438862 
24613245 
8593862 
1179613418 
192824559 
165247460 
235764167 
23871742 
172869874 
23546286 
4852071808 
21212087 
39979971 
2444425802 
1106501 
2834981677 
29429862 
29342313 
2230397137 
289946122 
42097354 
143551661 
555601363 
6931262 
19767193 
2844569713 
17634365 
252250951 
562381032 
2455445803 
915726438 
720951847 
780576632809529345 
48899468 
1344951 
401388881 
32178047 
215207998 
49986034 
717504486370099201 
4881093582 
39530187 
50339158 
139162440 
1270579339 
244452760 
39800314 
2372672922 
59593 
198606465 
14602589 
16361902 
461513506 
14982804 
34743251 
41272346 
17221246 
246519126 
703472386105085952 
20956686 
511402689 
28567809 
185817496 
1552201812 
39668527 
29417823 
182500191 
136379708 
6705042 
20779255 
19711765 
433439383 
3033098871 
552078286 
15484076 
33920667 
345673106 
22756947 
14410280 
762809404244635648 
1030943912 
88776580 
120153772 
309978842 
25581439 
743585142 
12193342 
17137628 
19826509 
44238517 
15648633 
105231326 
24274948 
15174079 
25108518 
336071136 
28145061 
16170115 
19086859 
928481 
885361 
4099171 
2709152000 
15245975 
111339670 
15925179 
778446120 
49649821 
66025575 
708435140301553664 
2551052347 
2252299098 
372341514 
122169984 
31080039 
71350663 
3240420332 
18587457 
17791015 
188061519 
62575859 
636586551 
89503894 
2752775016 
445967423 
131935861 
171691486 
19530289 
711267703403581440 
17152685 
305005427 
373437924 
150861920 
16955517 
25295123 
1565908723 
87600238 
52747097 
21744554 
57411021 
330743859 
552146644 
78729132 
1363206528 
28421825 
134832243 
3526481243 
3418929253 
357832495 
121489431 
18766687 
112463759 
384374298 
3053338062 
540812894 
27445371 
20604228 
48240096 
6287082 
1918546543 
771483386015866881 
339790344 
3634897695 
414551276 
369153664 
3043883823 
4335118216 
697113757856575488 
36202186 
253536357 
1226199920 
772194260762304512 
17040452 
2826425052 
728916072 
142702404 
110727296 
23845320 
1109082601 
4843935136 
25523318 
197147314 
15294641 
807613860 
743901275146813440 
453566851 
625636678 
62620585 
362688723 
26867012 
170656227 
3051742662 
1201074944 
260439155 
127305588 
15550671 
106203272 
318575294 
721111193872633857 
742713442142937088 
454499544 
2499848900 
2944953687 
2966283777 
27479039 
117907358 
386521020 
216495966 
3130261911 
1278141793 
704187613 
3348951713 
3311264367 
170023430 
2360981360 
634011027 
75890868 
236459451 
19071682 
2851146208 
3351698086 
54430133 
22974854 
45112524 
33806698 
70784623 
1620914700 
83105742 
38112303 
232602648 
168606911 
24931027 
58882193 
756656266085339136 
94124057 
48341224 
765198145953247232 
2350395900 
4292624962 
23067226 
14207863 
233416255 
481834121 
21268897 
44175777 
710528914020380672 
2261645749 
14955353 
744368156865617920 
47622780 
2165131938 
3016183119 
212557033 
132148992 
4513025417 
11179192 
36623 
738800968901361666 
520839756 
16669075 
106597684 
66369181 
15647676 
2359926157 
73181712 
115749048 
175097133 
127739478 
36139166 
126931699 
111778335 
97353468 
24939473 
8932272 
275400473 
1596639318 
163297163 
1691819642 
36095579 
76386405 
89337224 
20715956 
20107966 
172858784 
25013423 
1879674031 
314922039 
197178598 
20746400 
322658299 
510455186 
81870825 
753692879499976705 
462416971 
294246919 
20621206 
19052116 
16307503 
1530953521 
818331493 
17002395 
1599533816 
749654189655994370 
92337244 
382848199 
15507433 
16146515 
295899118 
2188931167 
42883134 
17093768 
356614013 
21689701 
81482674 
1032965329 
20642645 
47216804 
287430827 
1360870376 
39550095 
1148429688 
16369150 
18955413 
860158302 
292116015 
749255320187219968 
32178336 
41655821 
2322470167 
316327930 
172317565 
17521340 
23023236 
2275303376 
7235452 
253810773 
466649398 
340441440 
7868832 
73238146 
2780867496 
2514086186 
173979863 
19843630 
47433923 
308407719 
21242028 
381187236 
1343132275 
383107127 
37781348 
266650070 
14437914 
20651511 
175711277 
4725965727 
18032774 
119829799 
40260612 
16002085 
16247224 
724802568241606656 
563924098 
738058909617913856 
522325755 
47349506 
3321670796 
15489945 
728428740376592386 
374631578 
552122008 
980046830 
20649037 
4171329732 
101797894 
18294197 
102754598 
124772047 
1089498002 
2767429445 
1259626064 
17047208 
16629477 
18964696 
44949890 
41569365 
28690762 
352548417 
3585001635 
15041321 
36196298 
241608523 
30128506 
321801106 
23061674 
145950327 
2438938190 
130496027 
321698644 
62631989 
16268187 
309087942 
18494242 
103099657 
310673079 
2731876593 
3290207398 
817386 
2819474253 
79923701 
200434844 
21144414 
278098811 
14283164 
8083262 
31320681 
1059273780 
113122010 
267325627 
27583598 
810709142 
2707081892 
126682128 
437183111 
16190898 
18479513 
19249062 
120096860 
17866318 
2587740884 
2426220144 
21367240 
777104388 
3312118280 
1316862882 
233392121 
17165909 
70757632 
571202103 
13566872 
999293378 
352886904 
3188826024 
3030403905 
48785160 
282346346 
102800830 
26958310 
367407815 
366212624 
714628417275043841 
521528729 
272604633 
3168247662 
2414834689 
309081444 
24133371 
48103665 
39537053 
21004947 
11679892 
113450686 
113678423 
381347159 
9042982 
14924745 
16033525 
778798705 
75116881 
15129265 
60813201 
98395301 
16013924 
708072909114318848 
449462207 
62902914 
16249259 
588990265 
106832630 
3034892963 
2481485252 
243236682 
57043553 
17781673 
97701898 
84607672 
4914730337 
127830995 
23480093 
15865896 
80048596 
2362923030 
3883416257 
2884545496 
302440905 
180871553 
17042078 
18843227 
764204616 
1214341440 
1278738301 
78691410 
25787758 
267371257 
261070959 
384923143 
16339870 
14283618 
2555654275 
86956738 
17423992 
581329060 
491376236 
163501000 
14859380 
39257690 
17046368 
38213241 
2814822190 
111113061 
16892481 
34409159 
16399949 
373490653 
2241491610 
1173685621 
20950239 
636023721 
88976131 
180159310 
717313 
1339835893 
326979952 
3198454103 
1184194147 
4899012447 
16828819 
138460384 
246538239 
15595001 
299343530 
740109097 
1482771301 
22720093 
4011099154 
4877959005 
593125784 
66379182 
1352971002 
554735353 
17551643 
4568325672 
34859699 
22054220 
3420477195 
381565337 
271725689 
88210305 
2150041849 
2149663698 
2249523787 
10937212 
19673700 
174315350 
3253923222 
213731000 
3311775544 
4531635201 
4784267540 
201419073 
3630563842 
4775102675 
2832475948 
22034409 
3102601401 
30364057 
98685536 
43119695 
2779030333 
14295896 
30693705 
42341973 
19022052 
224020465 
26207922 
935339798 
2938774234 
14085070 
2903979971 
356834376 
155905528 
108408529 
537787984 
66726759 
29470620 
19937188 
4439514088 
18713552 
20068053 
257466644 
24886900 
5845242 
73494048 
7621482 
2584971097 
3240296269 
586909317 
14342564 
454313925 
727007094 
1202760024 
407387443 
451128139 
65410718 
21208560 
20342875 
320404737 
59183399 
354972158 
4453179972 
1262715494 
52796949 
465208798 
1873782870 
137848152 
87215923 
204923834 
1371081080 
28422142 
33719868 
207256884 
108200472 
352026528 
3543767476 
2353551360 
212590401 
16172991 
130979339 
15506669 
14761795 
64786200 
1458272461 
243210078 
2720782466 
3311040341 
1266281 
259379883 
30109507 
15181734 
11447852 
338084918 
145499533 
338057229 
176623632 
25633231 
488300738 
956354678 
579327281 
2745226392 
305287070 
17576549 
16129920 
80039675 
326627850 
174357608 
34701240 
30364328 
274806472 
2645602164 
17916838 
878221542 
3398919244 
3645653963 
3523255755 
1485231470 
293078127 
2572543462 
256682900 
29193463 
75054396 
15173859 
19034656 
12655722 
17544638 
41209663 
65772461 
221147416 
120943272 
197161417 
15383427 
373359021 
409563362 
65671583 
12011422 
340416414 
1972769490 
3196448745 
39367703 
361351581 
2892400527 
723517166 
1247773789 
16017753 
14334547 
17275913 
146538068 
18396070 
365687902 
73292940 
1224386275 
141257151 
15005770 
34781412 
50159591 
15283643 
16027201 
166593728 
19697415 
130617778 
12413032 
60709500 
201654004 
403786250 
3580701441 
950398340 
19026991 
14968559 
425042191 
234791213 
392916386 
481647429 
54239985 
22315090 
3372348975 
896057234 
147947169 
901651 
1851865598 
84348043 
423109364 
72595726 
191265053 
3452941 
322658873 
21056978 
14059338 
1849536848 
1930971006 
1148468052 
427951650 
102046114 
27544980 
152972996 
3044754075 
71048726 
86454370 
2729915437 
2916305152 
222177780 
430048955 
27976719 
49185855 
152722527 
2517988075 
740905255 
10666172 
22737278 
21941508 
250386727 
23544771 
299221089 
3352523621 
36346391 
3406591816 
3290364847 
34643610 
276064511 
18224170 
14935412 
1393155566 
11435642 
125453969 
15891430 
874481815 
348217747 
34119643 
2918995944 
50959677 
164220544 
1318481606 
243725308 
217211892 
2497242884 
12654772 
24382468 
105644803 
40054423 
16435797 
592912724 
203479775 
52521572 
1857354134 
19479487 
597091963 
273483641 
19238073 
22921528 
3153308917 
2747279930 
21410529 
84756974 
1218800106 
846675133 
1263091783 
2273808601 
1854572569 
19086456 
52611227 
1327350079 
139813550 
938367194 
159449639 
33229166 
351131742 
2877860594 
43441672 
357302757 
2408916805 
547176522 
842143333 
856649808 
2755310156 
16846973 
266768078 
16258157 
1115440075 
378703672 
15612654 
352570175 
14807898 
22032817 
19766166 
116947296 
64470344 
277302744 
232235048 
312926678 
296357818 
60491464 
211731328 
84351158 
3028843845 
18204778 
277317752 
84685733 
29675916 
110195330 
1520501 
21406834 
1305940272 
284944250 
61355746 
738197486 
133448051 
28665877 
336124836 
122130797 
159904799 
1332566462 
385037784 
119693437 
122756889 
2666450827 
34317032 
1604954443 
309111663 
807310362 
2431229922 
17486040 
258839819 
36081866 
308994641 
306277831 
588595552 
316832974 
1143319274 
2654031992 
950683976 
2628305908 
394134791 
20153725 
20861943 
3233815033 
1526052913 
214154663 
38430677 
944884962 
33290906 
277228255 
2417085025 
2819976351 
16581861 
170254080 
302981800 
367873443 
49893405 
9335042 
15631850 
82503827 
930881406 
18768802 
4070781 
14296958 
401063200 
1660468830 
69751591 
2378921312 
16645918 
356872253 
22402924 
1153695775 
2155202028 
3191292237 
2614115335 
15020933 
351952711 
30453099 
35391464 
15466391 
43394402 
56768257 
41924163 
66838545 
16424006 
1853107308 
62906518 
747836472 
92792405 
76977679 
24871090 
2809515681 
15224895 
1101913766 
2232352123 
16192111 
175434906 
67918993 
1051269306 
2290250419 
305468597 
35583547 
19312115 
2478283627 
221580114 
14211121 
611318385 
125420462 
24225074 
589535421 
172774474 
338069208 
2951538370 
36123018 
1080197306 
326768577 
68857274 
586193370 
364751266 
556151596 
262317278 
559018022 
2978205952 
42047446 
89211365 
2303541462 
199732904 
546947761 
2510951629 
4044061 
44513878 
41266136 
37999041 
2561995710 
24927677 
755906576 
294176651 
1080509366 
29100243 
196917975 
7215512 
117759812 
2734713482 
235409684 
15410395 
34719469 
333982066 
33602654 
16912124 
71564479 
23959074 
1090796659 
20019276 
2244340904 
16931273 
48173196 
832734967 
200918990 
52322559 
280354655 
309906278 
930781598 
14601208 
1769191 
473014087 
7209912 
213689248 
27653325 
879521 
15157971 
2267572486 
338797206 
57680299 
44903491 
12118102 
17050431 
1917690408 
272593847 
13053492 
627568193 
256722290 
181348989 
19176369 
16104133 
20626103 
17163156 
14476251 
132624322 
21666845 
16180441 
12195302 
58872308 
1327886654 
17175139 
805328677 
276969534 
89115467 
2830279756 
255301844 
210633817 
341717260 
29450962 
2596923487 
45586617 
27940885 
11180212 
21553839 
9500242 
8938742 
31623973 
21481343 
851440194 
320959649 
16059332 
34255829 
15675013 
12037732 
30351387 
842100810 
12345222 
23664529 
17904392 
110905920 
328287799 
2292128732 
430199139 
107276975 
599393705 
82463247 
29998935 
14534382 
782325 
486997945 
164089883 
2746492014 
23624565 
918115549 
477295249 
88440274 
21408389 
16082271 
14218597 
2664730101 
14090948 
12 
18774477 
17068692 
24935066 
1002014071 
360793223 
19402238 
414488432 
117783379 
25375092 
27834920 
38259453 
15518170 
44939979 
373564351 
1307544762 
145625854 
1041346340 
16485116 
824157 
845453754 
2329066872 
789339462 
82970941 
402793699 
15653430 
123053518 
11688592 
21969930 
14088984 
264382869 
257131701 
130906331 
59159771 
2602730706 
23854882 
8711912 
1726872962 
2573382302 
70706327 
195685539 
475350818 
71678953 
17479787 
19358054 
908401382 
31434745 
13766492 
1891806212 
618300542 
5943622 
365616878 
49211786 
119956011 
2361513739 
1614057440 
562585357 
13062172 
2389718611 
111635980 
14609631 
2552646697 
19324427 
378272434 
20743 
7848212 
1452706213 
373729837 
56135375 
53881027 
318850388 
600438948 
614646192 
15353398 
572349473 
485405686 
2437071890 
305015198 
23395072 
2485871142 
23043922 
2244290719 
28788332 
1288552388 
143912910 
1974645270 
994748959 
2429287026 
1349410248 
20053378 
407770579 
1246708812 
944467345 
14717197 
14983574 
16078010 
45992465 
17725983 
78010102 
19729115 
12609882 
114291091 
63121936 
26858764 
21436625 
11620892 
169627405 
17382568 
214653213 
499396922 
970800091 
2357132486 
620003165 
176922325 
17509945 
131497030 
18301602 
558148770 
14863625 
365438535 
47786101 
104644638 
40959308 
2289964416 
793926 
19551341 
16678835 
180889575 
133483967 
1078595977 
47379290 
117932428 
256277422 
2256486061 
541656550 
14232646 
253663521 
20849273 
4816 
2239438034 
37774152 
162748968 
481943972 
19599375 
76330124 
427397243 
283687745 
282861802 
20748665 
516769926 
209634483 
462220933 
76146283 
202098194 
222154821 
370879693 
1398439915 
92694743 
243377979 
58812628 
844132603 
723926383 
2327424613 
16267101 
2268076370 
26254990 
2305761578 
1536811 
785808991 
23556677 
932495264 
16630098 
52740676 
19620420 
926698514 
1973136500 
283273730 
14800270 
68768975 
103072142 
454244871 
295797876 
1004926940 
16984777 
348284120 
234947344 
163517707 
29481563 
20095865 
336000170 
110189578 
16879321 
17539105 
21634600 
273531261 
2258911 
1482686809 
19476702 
356564509 
60622156 
396076305 
1022127404 
21053097 
186154646 
12456402 
1327865594 
103041418 
42435206 
1843791936 
15393596 
266663992 
182839127 
31451838 
633231346 
165751336 
105312894 
500453883 
1220139644 
44136646 
374691705 
381677670 
100572403 
977383291 
448476934 
18104452 
989633635 
29093157 
27887863 
18724034 
20603718 
236215899 
19325156 
142818316 
236662899 
1094224340 
389797969 
1559201334 
29808890 
19735580 
14608587 
88763317 
282154125 
50057005 
259375460 
23501022 
487848229 
19816859 
548796124 
1365585096 
16619832 
563008766 
40927173 
15222806 
1886578915 
109958517 
17077483 
757303975 
94622216 
233842454 
55648286 
1114465094 
974708869 
253388937 
64808513 
511065332 
353066648 
60703867 
19266899 
1647015804 
480837885 
555387698 
83958109 
14606618 
19382872 
30431081 
17808045 
1550059938 
100559209 
1023133279 
17972198 
185728400 
97480774 
106542267 
21034324 
971821572 
364290706 
1330457336 
35652801 
1482425552 
254667693 
142821348 
1531589653 
235573486 
1480146510 
981127062 
1242284070 
546844616 
57279246 
133545597 
15071040 
47207043 
18896867 
494518813 
16314021 
54735120 
316389142 
15482156 
352766884 
13745872 
68001927 
11545652 
17820399 
1485600931 
20522053 
219614843 
18250336 
366631688 
15859033 
18481646 
36498980 
10685202 
1340984659 
1114865460 
63374874 
214152483 
14940354 
520766752 
181272163 
75865329 
188882559 
252438977 
16716425 
211520261 
37153648 
567452140 
574855965 
46326920 
139071484 
19496411 
29179882 
399591286 
19239984 
1364396671 
85879744 
754060447 
27193480 
14849562 
102768569 
897766328 
7140202 
15234546 
334086596 
382748292 
18023868 
208606449 
271586770 
429253192 
15571577 
1321226844 
95049422 
19001036 
116821796 
202566017 
119162868 
18808527 
14850576 
1304996504 
108819636 
127409480 
88365730 
974852491 
72650607 
321029318 
74292666 
1236135817 
484805333 
43910797 
970207298 
379625477 
168780835 
61197041 
501170062 
970848264 
899052043 
460470940 
97260588 
17047046 
230492604 
240061941 
358260333 
850414476 
385131056 
96021736 
331002768 
844047523 
364062266 
34018296 
15275677 
14050550 
1131407466 
707512656 
16227629 
281728419 
210162960 
14650130 
456930921 
314515213 
16210723 
257893956 
308623046 
185666045 
198020721 
102420649 
14089370 
323754242 
396388103 
17790274 
796830096 
209262555 
56694282 
22058884 
14161568 
819440022 
85100906 
188827756 
1069063760 
3069831 
597049552 
118938550 
22028564 
257437336 
508331924 
95418595 
209861162 
18808936 
194198640 
83221847 
543969168 
10989152 
477336353 
152862026 
1026475700 
1005116389 
95953600 
603734466 
103925618 
15863124 
13325552 
19272796 
462389375 
970703778 
182273489 
87501034 
211001085 
324978565 
5051271 
16220088 
43078028 
942588794 
438483210 
14345137 
79366215 
24705126 
38266009 
24001448 
123060268 
493266463 
346207393 
884747528 
181550972 
20457323 
544316117 
909529062 
814589791 
36757972 
55338739 
454206218 
15865670 
20184945 
115210837 
18131748 
419002477 
324914739 
21407531 
881257760 
21634541 
388896121 
403579653 
16443512 
11178672 
26688378 
71180562 
396775476 
870429146 
42645903 
37689091 
46593413 
33977598 
108493356 
21344507 
579299426 
15537007 
854885672 
833427872 
16685003 
19054333 
383466257 
22058679 
300735398 
38245723 
794808 
16356190 
16649758 
276259528 
17783546 
13893712 
803766673 
76376525 
801802950 
506382311 
799806085 
188632613 
362051343 
11975742 
24066046 
182524220 
18911898 
37532099 
18736583 
781651411 
24389878 
9210392 
26832834 
305246672 
15862891 
386172493 
273753448 
21439405 
735096642 
19242784 
83424009 
7272252 
377558229 
384182912 
107174526 
145784826 
21754490 
100266394 
44090103 
281138722 
604880882 
177005581 
17007351 
13691782 
131942721 
17939037 
88918741 
130273820 
28543386 
163573983 
594666501 
14078084 
29607664 
252786025 
197607341 
236400612 
16228479 
560818371 
603367602 
531824212 
18228165 
397291963 
395342029 
600803781 
81542847 
378643551 
14325025 
37666263 
74572650 
14118112 
14630696 
15022885 
104517739 
44196397 
80603341 
20212299 
30065770 
523339137 
279028091 
570243017 
20658851 
413223602 
16188864 
5110861 
14446849 
6392972 
21221064 
244655353 
61216073 
116994659 
141525305 
189875844 
45820838 
286349430 
415822027 
256271629 
13264462 
57563568 
20020021 
366665842 
208008927 
314849235 
95894506 
20280065 
34020042 
5690002 
326834507 
122480588 
103366453 
16437568 
238286255 
15571983 
56179493 
25155290 
416690534 
80655195 
17981537 
104068477 
105973401 
335652018 
86493795 
102115921 
211177035 
47753705 
169108978 
26246606 
168790444 
188916172 
77907514 
380414259 
34264979 
149449715 
131570276 
373416209 
52488565 
15993122 
211860860 
20382472 
87321664 
65946380 
194663014 
394879847 
376949805 
39549278 
67738195 
265705352 
20052728 
107061895 
211029903 
14091529 
16146513 
31148737 
41383831 
228895521 
31128630 
28838219 
56529102 
28698001 
233336165 
14836230 
55247508 
204918880 
209743834 
37360019 
2228471 
36743910 
370638564 
293596423 
168295477 
15694863 
72913473 
25029672 
120181944 
172880083 
14505838 
21388284 
1435461 
284071322 
153535819 
27247475 
100567485 
75041020 
25118264 
19596074 
289276876 
297556877 
20436443 
18691746 
287858376 
17871298 
29620091 
150435789 
27733204 
68641036 
39279027 
64527451 
129988372 
255663202 
33375476 
335503719 
253280416 
68103 
28047280 
14677919 
1833561 
249879153 
174202599 
117636908 
296010778 
161939929 
153023389 
44089805 
103731431 
63004503 
37269308 
27890540 
34036358 
169273650 
86573512 
14154684 
23484510 
224632012 
15633766 
212376858 
214212539 
308151547 
252791434 
190359580 
22070993 
28030038 
286674601 
113831189 
21438902 
273615113 
275565615 
211904285 
25734277 
15117554 
168003156 
253722827 
88740365 
19300648 
8653962 
20122754 
136406719 
32212144 
32123458 
14987459 
117861866 
281496963 
24683525 
13567742 
1046661 
17004139 
17839622 
166022406 
201831911 
21218554 
38926255 
118975084 
17086094 
122795357 
53435986 
23573663 
247672062 
171221404 
34278838 
195820818 
63157272 
15117652 
56788628 
242539525 
145613468 
259401680 
26257927 
15776381 
10642472 
256018613 
9963832 
15772885 
19084034 
14238165 
159589430 
20745803 
35534272 
226277269 
247336430 
24670390 
18705448 
23588075 
1598411 
33039483 
40198892 
24876649 
101364936 
24797315 
92546663 
16122373 
23839835 
8963722 
174847568 
17449143 
138151145 
14327715 
15484063 
1317661 
49164309 
88290488 
38271276 
233364902 
75055280 
36203015 
119276342 
211004186 
19599946 
16971997 
20060293 
21576334 
3125721 
21417577 
220610706 
14157048 
14837054 
15078840 
18788629 
213917132 
84351228 
19802879 
13318492 
140167725 
15084855 
18393501 
50382497 
48180033 
113480103 
14496034 
116831170 
183707859 
61249886 
31443503 
47359057 
204416862 
174740894 
88973663 
200219772 
12413822 
38764853 
16827326 
17002736 
54263599 
29780473 
19658826 
21906582 
149891841 
26254626 
50778320 
82186838 
42869411 
11579212 
34960648 
37710752 
185345185 
24223641 
166233427 
143571157 
18985501 
14926210 
21238335 
17825445 
17615311 
44090154 
19118613 
21495286 
12649792 
16399045 
26277608 
137471526 
22465084 
52584039 
58681382 
1672821 
18235879 
50219804 
46598192 
31128730 
14315063 
23153051 
128292609 
17450354 
33648424 
137858180 
37705193 
72842277 
43331568 
146469194 
8383592 
4753961 
14230987 
87516430 
43321666 
2087371 
22656534 
83237493 
102581666 
16468874 
18318144 
123048755 
20609518 
62709299 
139276176 
9534522 
16623719 
37740845 
44212108 
21217790 
135694624 
69085928 
693883 
14534803 
20543897 
30028674 
26024010 
56470841 
24212723 
17222002 
16888712 
15255914 
122973878 
15960725 
84445191 
32686298 
36292086 
15706976 
118798373 
45516390 
38302101 
15463610 
16078406 
2195241 
19505749 
17026080 
14801264 
113139187 
16114437 
18926099 
91530575 
106854478 
50393960 
16017475 
86336235 
97532053 
38762773 
23119615 
8210552 
18996618 
29328707 
16869849 
14478046 
26372787 
5698342 
15500649 
17522684 
92030522 
51241574 
16978136 
21124286 
23965121 
34801753 
94667476 
14104401 
14062221 
15726728 
21231376 
40534439 
21405079 
15865878 
19430233 
22883622 
14834340 
17720129 
15703032 
23758498 
6017542 
9007752 
16677622 
20730673 
43104516 
27547832 
30000912 
83221061 
83277772 
16130330 
75986114 
14312126 
21912985 
12986592 
16982863 
13693032 
83874770 
18226927 
23976686 
16291865 
20517668 
19965811 
18208763 
41620322 
16465385 
79570653 
15649736 
18274904 
68987936 
14928287 
72561442 
21636265 
1947301 
58489734 
20193452 
21119658 
62581962 
16843817 
16407870 
56347220 
19830721 
29912873 
24773177 
61550116 
18227814 
27316876 
14294089 
20994043 
2234881 
60664050 
40408254 
15431856 
15586341 
12645432 
48564118 
36683321 
62996230 
42766638 
34601473 
18938727 
19725644 
18739693 
18737944 
11885742 
23503181 
16079276 
34745427 
32520177 
15022168 
10712072 
17371549 
1980621 
10950722 
7369882 
33478349 
44321297 
14647570 
7494482 
17057122 
18126845 
26074603 
19658162 
18921377 
20258964 
23162064 
39572686 
10069282 
14789995 
15428397 
14406567 
20778012 
43338592 
18801105 
9753672 
38704445 
16482833 
17751509 
15859268 
38502777 
17431236 
17217640 
18656604 
14499829 
19658936 
14924310 
14043142 
17905977 
771619 
21611239 
17159804 
16257853 
20144931 
17997858 
23306262 
16434221 
16063891 
15237501 
16816155 
19407891 
10333202 
16018985 
14323791 
15975498 
15690382 
18089292 
17251787 
19428507 
18336512 
11178782 
15473958 
17580172 
18024496 
17610192 
15247635 
16891267 
15165502 
6273502 
17107412 
16989203 
15740362 
13394752 
14343392 
16871524 
15120110 
16866617 
12840022 
1524931 
14693823 
14514611 
10333972 
12437282 
