53368069 
31358286 
38111948 
224125829 
276032901 
14117282 
310521602 
138845026 
3311087795 
20457806 
16150688 
35961145 
22623663 
130073271 
700651406038999040 
56488059 
2293551781 
134809671 
89583421 
115363159 
443311356 
53250509 
223607752 
158336781 
995141766 
114185871 
3675571937 
2752355256 
65595647 
4444594940 
59540047 
2727059465 
142334215 
20546301 
473037746 
99071487 
1655311789 
876358518 
207831463 
920836814 
388234560 
84489844 
704715888537296898 
716607738 
703366975997779968 
3244005011 
4910984677 
788324275 
1625413027 
3992802747 
185714109 
4405402347 
22907666 
15249076 
1429453404 
18406193 
798491287 
241988507 
21155592 
21536805 
82866312 
1461287894 
51571330 
253774765 
590782282 
1527912313 
506407977 
2184614086 
19266899 
827845603 
573458575 
335879714 
58270351 
109631571 
236426279 
1909866488 
3312023087 
82115899 
2363709181 
125804915 
14701917 
364909652 
3842687537 
569428388 
176761001 
587636274 
3381872393 
53449999 
1063679816 
2296026543 
2502220557 
757852106 
33989819 
20032880 
308346726 
524692186 
1183699904 
99781533 
3357377021 
2584177616 
321702063 
37978687 
1296322321 
1280844817 
707551213 
2978546749 
568757967 
927447372 
76060246 
44268346 
302071787 
1092576019 
40925068 
17192736 
714862334 
2430695293 
40102344 
291958593 
18507457 
418690607 
149139906 
958434702 
1632915744 
201857425 
1080966421 
197642885 
420363475 
44238295 
54551715 
312877157 
464094274 
74469515 
3373975961 
2860503935 
1252006784 
26606075 
8906652 
1684863169 
2332047619 
72016798 
173680476 
153486585 
297175369 
3058704205 
166229440 
977337043 
489702600 
1487869706 
107542945 
142583805 
1152685278 
1938595638 
16817766 
421529211 
2154848054 
42253616 
24249724 
164786129 
214956833 
2227231658 
366402145 
2362263554 
918178092 
163640013 
394276145 
123207212 
467567981 
80909367 
48568888 
1905460862 
2588011975 
1135484923 
353532219 
972182456 
1532585107 
15154409 
3308471716 
245978701 
186779176 
17184495 
634071799 
3127058824 
140646957 
1175087604 
268910047 
16865221 
37705828 
193668524 
114296950 
2165051844 
288383788 
388015792 
3012558429 
47605629 
350948634 
14814313 
1168103749 
621326443 
30879162 
30693108 
36550615 
2891751000 
260069818 
61577832 
1250776898 
18587992 
76799368 
2596084884 
2341784600 
128348725 
1686869306 
2494673166 
798102 
569184459 
548512175 
24169338 
517103914 
46126678 
35541393 
534818697 
26183601 
2983202507 
2763392429 
49114561 
2741119554 
2740666387 
132142347 
45248942 
2440265994 
594747294 
1620760826 
87598086 
16831435 
2396176969 
281031538 
116473444 
245623641 
92511066 
1684231363 
1443891559 
2496338820 
827878496 
110733632 
225034946 
31502951 
115786455 
3230727842 
108593393 
3018744260 
587724811 
132688733 
925138136 
3237545399 
826304004 
2331969624 
279999113 
1080749822 
3267322628 
61207355 
2906488225 
3239482962 
2725648692 
1655695452 
1583898368 
364475880 
2180867466 
34938405 
130885802 
49455370 
1358558832 
2860841645 
19936652 
2575477260 
3201401103 
3050646151 
28503759 
2207883678 
17713130 
2909694307 
423573194 
3237617877 
2870963487 
22395778 
2424103860 
1857466417 
140841974 
2557128816 
3223504710 
2541200827 
903015606 
246555809 
2764296108 
41077147 
2790295200 
1871868530 
94076949 
200854219 
2290069605 
843866942 
84761237 
96102210 
47379290 
487833518 
27596259 
2785551645 
319763976 
3138956750 
19843630 
17385903 
415601652 
41859177 
127305588 
86626845 
142320786 
41658737 
196458749 
85562366 
61479648 
85728309 
846318019 
240186025 
226611249 
61354111 
173968705 
1471035349 
37752766 
146052064 
503394362 
298031144 
1439590734 
17393219 
480935445 
86243183 
8005492 
15143478 
17939037 
351221537 
19515424 
37710752 
19725644 
158407255 
330725132 
62839179 
17673003 
3305897033 
3141744196 
3288446896 
3153784055 
412499813 
76408592 
2709801630 
1144882621 
181234930 
112885672 
772675784 
2701730684 
180473434 
2214371094 
453892183 
28951845 
2906407353 
3164520900 
2814985341 
189364778 
2207364266 
1140800912 
2482726627 
2287154324 
2352294050 
1392137340 
821814254 
2992552838 
134193639 
932745582 
29498903 
19983499 
387834679 
152284850 
64658763 
223423371 
238718627 
919265162 
590921156 
392760465 
394867209 
15196135 
243520946 
225204480 
2372117210 
43777775 
264583215 
106425549 
1376851362 
283900734 
144972081 
2586171361 
1585744298 
125850686 
1474299930 
90934526 
896057234 
2243103480 
122310304 
274063094 
133649917 
1446602869 
583847259 
59086766 
2570877510 
197425003 
2277530559 
277660111 
60698961 
65633697 
1897673072 
109125628 
76476952 
51179130 
873338642 
46650231 
235680328 
181229409 
269825074 
110435842 
28386874 
102771070 
87508937 
167037793 
389976523 
35662500 
189339062 
315477519 
41823512 
156615350 
434503029 
611374368 
134081504 
581724126 
47295334 
2225531449 
366190977 
1487804700 
295932663 
18316059 
2180296675 
37996645 
132291569 
353634229 
18091025 
17960461 
20277810 
346515319 
89426783 
34631836 
1004206838 
367195155 
89456112 
171599679 
725956688 
24915458 
2156316684 
57891876 
1163694660 
32611827 
615113627 
267399199 
25316676 
315704114 
36454287 
1401594044 
471448435 
1301609612 
32866545 
794900785 
60936170 
67714069 
14142099 
1960622382 
1965281125 
137247768 
16908002 
300827773 
57016387 
1960997011 
253082752 
550136712 
1002140654 
290257999 
1067212844 
171613336 
1004662249 
1330855524 
1936650445 
714751224 
317178260 
484876686 
428498091 
1950304904 
1950243608 
1881834294 
1244234629 
70916300 
212234887 
1948889827 
1931098747 
1037393900 
1947196350 
1140435943 
1220101058 
288174027 
74826554 
1855851576 
15187867 
1925094049 
556674587 
222441031 
236459451 
24973799 
1883393875 
478681332 
1917278568 
1919580972 
1731025465 
1403073500 
418507566 
1874952781 
61555777 
199838108 
59739644 
60139922 
1905208590 
1910266470 
634903988 
1908074436 
383605157 
882593611 
822022946 
1903948254 
212508746 
562534418 
1906918033 
1202813792 
389301691 
1858734884 
20744044 
45980026 
1880686578 
943752338 
561422152 
61783820 
302255972 
1858028977 
289051710 
226119432 
267573800 
1444165801 
16062372 
1883938045 
1616066426 
1333461242 
1858543116 
964523743 
102216413 
359944582 
224077367 
1880675766 
24869690 
271562273 
277453207 
383011724 
1879987639 
1880293812 
12672352 
364803173 
112979911 
287646004 
44642902 
1879396196 
168776165 
1673802410 
1469768634 
1876845949 
295854265 
114658793 
1879016268 
1878313914 
1243789201 
1707189956 
1549999064 
94365736 
26699641 
1871980705 
1223659944 
1865079044 
278050248 
121684992 
69155843 
72313685 
471297882 
1416260846 
46665741 
219486185 
263569778 
189067264 
1858837842 
1606783824 
412859114 
428483392 
1857686798 
320476197 
1603851667 
248074501 
1854544506 
1853761644 
232939597 
1589668436 
278567964 
412362943 
1854625862 
539651801 
48944257 
1381259922 
763573586 
49492914 
15471549 
126996283 
1471036706 
1733476160 
740449934 
276127794 
1560922094 
256219605 
1663172287 
451580421 
194320089 
476243619 
1556839267 
1732910384 
183194529 
804751388 
280702564 
107173464 
1731747174 
1544068759 
295366360 
270647245 
104272995 
61230861 
376097062 
623709090 
1160234072 
273769473 
1581077346 
159862679 
1724936275 
1725358483 
360705551 
1036761078 
35891526 
973910532 
290660982 
17900437 
771710371 
328730751 
29405939 
131669495 
410109579 
28507777 
1712764081 
192831981 
1322735954 
1703849863 
373479785 
1436998243 
490337628 
13063422 
194041684 
96498195 
1645397714 
1152714588 
797011934 
1696362553 
36406529 
267089020 
251210277 
1688848920 
1329161964 
980834707 
380916511 
264402381 
1051345512 
74686404 
1268204017 
116688029 
325340678 
51974596 
1681050607 
899784211 
351099571 
267861891 
1699187678 
437757726 
95977876 
1693536252 
606453175 
1672653242 
1678261 
1692752749 
34633479 
82131338 
1635025436 
1506348020 
25138692 
1691097674 
766127880 
539277282 
13953192 
84729972 
321750368 
1688356436 
888141253 
52546232 
266851687 
360623903 
377178736 
1684410506 
382066185 
1683466044 
1305558812 
995282118 
1057437793 
144457583 
301522857 
1467205002 
75968156 
1679919547 
1679196019 
247753743 
118726942 
1064218592 
323445568 
218228017 
614644977 
16126957 
80308457 
18910683 
166140243 
1674292598 
21225233 
284572672 
245908274 
15236822 
232953159 
1670973968 
211191392 
39716267 
1672255910 
1672141952 
1564613400 
182915458 
586410627 
1595262043 
19079110 
1410875023 
96680982 
1546260960 
1527339199 
387914765 
230923410 
236432484 
295880986 
350141222 
1508042994 
228401570 
1416179185 
1647203892 
583221177 
1647910196 
1657961732 
1654971020 
42523038 
1658232512 
25327370 
1656211003 
339948192 
858499904 
1654921538 
19149683 
1653684072 
19662097 
339663200 
1651396052 
606415156 
563698814 
492835064 
46424320 
316171771 
490979526 
763231933 
1100905927 
1650199027 
1649927304 
85538686 
43408677 
23484042 
993897794 
1382122411 
568448714 
1600655796 
1183330982 
1445732035 
1640389464 
471366632 
1637223554 
252225857 
37929345 
176371365 
408823762 
72466943 
600350995 
1637913888 
1636819272 
223891952 
251535825 
15546879 
217096194 
84102064 
76402862 
1634857758 
39483798 
99080529 
138804294 
21556535 
18843227 
127894600 
222918197 
1632698167 
69698239 
152833629 
350906229 
576086175 
967268364 
1625998044 
96485229 
516870465 
235008179 
1244458748 
1620060410 
245520753 
472447257 
280904854 
472710990 
61893164 
1619459646 
18534046 
574666372 
1617901386 
318256905 
18771192 
90699238 
350540259 
292043783 
6616262 
1614652633 
1396540256 
488959642 
189995805 
624873645 
578740409 
458702858 
16928770 
775693627 
215244619 
788311514 
67992650 
273146361 
1608399728 
14776420 
899128160 
47422811 
29214540 
62083833 
334694339 
574012819 
1606201867 
1321112016 
288402923 
1603976503 
1596079530 
1601355890 
1308097688 
1601231432 
382716226 
1527273877 
358056678 
14672237 
287838818 
1528675237 
68709659 
513646813 
1598176788 
116763715 
582120655 
843644952 
1597947698 
31441946 
360369161 
814989440 
318014695 
1594851908 
537184620 
305476509 
50393802 
1580667246 
555963756 
43518367 
1577086836 
551894305 
58760504 
125748710 
341258185 
119223484 
1583077297 
903368942 
1582997064 
1581938604 
132114802 
338728541 
215960010 
267270662 
72580592 
1312963424 
1293374226 
1560205302 
1394922121 
39527609 
929030564 
57130672 
412342834 
158757746 
1558961916 
351629374 
140708350 
394678182 
28654545 
223627172 
195556888 
170616991 
1568411347 
1573657358 
35044776 
1273090860 
1469212104 
1511512736 
1577783550 
604008191 
1511505482 
1127735882 
1053724531 
457337698 
306534546 
1511467614 
620261568 
58829876 
143437969 
1166791916 
21805621 
383471097 
17502344 
439748477 
257564200 
14336598 
129032033 
555974707 
194235592 
1555446474 
1549970186 
1551393864 
1079621611 
567971788 
555307309 
1549062324 
107465204 
306953965 
914451464 
513204845 
17437735 
34010976 
397500644 
231510453 
11157662 
212384117 
39518442 
262322947 
106542267 
89717736 
57484168 
1545162866 
1453857487 
1186884896 
1510965468 
544470925 
1432536907 
1524014976 
235557651 
534941616 
93870127 
1462673120 
190921586 
34362889 
288417882 
1531258032 
14165662 
409306825 
1528173996 
247251357 
1077100351 
327866119 
1003247616 
1080318097 
145972117 
226723766 
1400972852 
778907148 
14668770 
1006273664 
257972044 
355668977 
1543612412 
1000204842 
218839963 
836275897 
44139859 
281791889 
313873655 
275690183 
14267665 
17096754 
64460022 
247814393 
30103231 
148036558 
20185345 
18106428 
188828685 
190307712 
24493624 
241931370 
17176391 
42841990 
239483749 
104070525 
17780580 
232886388 
7687322 
49832877 
174847568 
12190892 
164736263 
17278322 
95265217 
18477428 
12819112 
32372834 
19837528 
44418062 
20707999 
103606189 
15893046 
41668035 
20543795 
6841112 
50414348 
89041976 
31000651 
33967016 
111127561 
18495854 
48791993 
47302738 
47812216 
65007412 
28050921 
15122104 
39313777 
92010665 
43199901 
15282064 
27081406 
18198832 
18094559 
20535486 
16678835 
26571599 
16499272 
5912642 
11976432 
86936172 
25975700 
27635178 
33894167 
47847408 
59199012 
72766879 
20506286 
16449742 
50099651 
84702292 
85474415 
34718083 
16274109 
70548606 
40319674 
20821119 
51227365 
17779259 
19542750 
19658936 
21237486 
36066745 
43937824 
26487100 
22659609 
20644924 
18920434 
81779075 
8600682 
83916414 
36214647 
30062649 
74407434 
29982331 
82515919 
81856436 
56758053 
26452922 
25510510 
20815041 
8814152 
62862144 
16473271 
68684453 
32615991 
39663025 
16629477 
18217519 
82612073 
16643178 
31877693 
40819944 
82428110 
19710916 
17122817 
21135198 
16548146 
15411998 
19677621 
59645583 
29918476 
27879109 
14985943 
30862829 
58838415 
40047360 
23876839 
51474018 
68097360 
28879788 
33046629 
7600692 
83179254 
22636185 
24235302 
5687992 
23841368 
19614356 
71647666 
19956296 
28193612 
14129586 
22105603 
23451114 
6166042 
17326466 
27705017 
71228132 
72629265 
27844415 
48753815 
8365512 
18754768 
29347448 
18062440 
14355836 
35632036 
49030085 
82426855 
22421558 
73668621 
79711826 
82285989 
17042078 
23810494 
15309628 
14156637 
18072544 
37563 
27557706 
65053003 
82163240 
18920498 
64273621 
31443503 
61798050 
63715436 
12506972 
14209777 
17251787 
9917822 
33331464 
17449143 
17567533 
22075295 
81473781 
16931840 
79367117 
24871608 
81252631 
17222002 
15213803 
38871071 
16055364 
25661626 
16632949 
27183118 
14143950 
13129422 
39284958 
66543391 
59968368 
5581662 
29413094 
19566759 
67604977 
45797754 
15300606 
58503428 
68902654 
37385239 
46089731 
5633202 
58806301 
20234549 
71477108 
20148215 
56679995 
62496433 
72279972 
46548407 
71053238 
71003003 
19689807 
73528509 
75593480 
11265832 
7076182 
17828008 
21892013 
65790875 
23611272 
24954845 
78168560 
63457567 
72890124 
38793346 
16441998 
77074382 
71490827 
17488862 
3421551 
14699615 
38660771 
19803702 
31164769 
37853 
21885781 
14740434 
15421384 
35546323 
18679517 
18810324 
57804024 
25925451 
17068558 
24280870 
20749763 
62465691 
20603062 
58933427 
16344137 
72290368 
17070787 
68784803 
16164520 
19032351 
26233068 
68482220 
20189748 
14390827 
16465385 
33812807 
71277792 
44398190 
63183702 
19311873 
36786275 
65460120 
28190845 
24704470 
37575172 
60277141 
4083781 
35814702 
61730259 
16050032 
67710938 
55646027 
69373773 
63531120 
19190028 
19386015 
60848208 
29601340 
52099398 
16737430 
26521820 
22750901 
27705445 
44016871 
27156683 
43778214 
42785658 
37867038 
40543167 
46387310 
24323431 
34542518 
24588563 
17767357 
22555296 
29423960 
34541022 
30649636 
21325462 
34699787 
20515365 
44631705 
42905120 
14522185 
38500641 
54540785 
59038273 
39079792 
53093249 
32545301 
12163592 
908771 
20214925 
40084258 
49127323 
28173220 
21342060 
14892098 
56378468 
48567087 
19240173 
17557880 
21880565 
48160641 
52774790 
20359366 
54979912 
49619853 
21893885 
34592711 
41561657 
18795101 
51444942 
44463164 
18251778 
7093352 
20038221 
35304791 
27310376 
1087421 
48059276 
18569484 
50985164 
14177857 
46478786 
26579295 
41959236 
22985842 
36357777 
17682429 
20636592 
28944780 
16376925 
21665847 
14273622 
13604782 
20928893 
16484374 
20147730 
35080292 
26528586 
19766789 
20131821 
20087849 
27779882 
49689297 
35315865 
20000164 
725323 
14461362 
29024460 
21917716 
17047208 
42255460 
19114465 
15497613 
20228595 
42943840 
41713288 
18032441 
23962312 
15484063 
21581503 
15987295 
19923265 
8963722 
25140707 
19808176 
14761717 
11317392 
17967436 
22272053 
16280566 
29131141 
45069745 
17120814 
26881608 
43462357 
14670517 
15915504 
17843175 
17156053 
11177602 
15449242 
6385652 
15154811 
19767193 
23575322 
18985501 
18904973 
17630993 
14451981 
19033795 
17226612 
15022490 
43644842 
39686955 
26859830 
43909789 
21308466 
21922029 
43247469 
34954043 
39186183 
15617959 
18998656 
15237935 
17482371 
37018946 
18339832 
18835333 
12202412 
24212225 
43185871 
27557847 
15349827 
26793833 
41274771 
14400948 
21658285 
41689907 
29816082 
15044033 
33881792 
41603881 
32740336 
35634590 
28863417 
23576978 
9407692 
18845950 
25874141 
17984902 
18694163 
12374342 
20695614 
14199378 
22532665 
16781369 
26118231 
26710622 
33727517 
18090786 
18294197 
14601558 
26759915 
19359256 
15565076 
14714627 
14461439 
18818769 
22330318 
14213216 
18218367 
20774885 
22707454 
3743321 
23598351 
21870046 
18693357 
18544610 
12701802 
25737374 
37955670 
36426150 
28588873 
36579835 
20749866 
31466300 
15255266 
20439740 
17657031 
19037359 
34693426 
26016503 
21610524 
19384782 
35741756 
19120392 
20308951 
19599322 
26560959 
25212047 
18758500 
36464221 
34366649 
36759379 
30230854 
26248463 
18872735 
9606652 
20638800 
24607189 
31731382 
36998066 
37983813 
22167056 
34916303 
35812001 
34543158 
24639935 
17311496 
31400913 
36090419 
18061489 
21411180 
15912113 
33930395 
22428221 
1492281 
22545783 
26748889 
17001483 
16788288 
32980766 
18376303 
22193796 
16439546 
31227588 
25698204 
14562968 
13649002 
14186094 
17093617 
27789515 
28508876 
28334510 
29033575 
29456521 
16087177 
15572960 
20093607 
12214712 
18432948 
10121552 
18558855 
20808694 
27870494 
18089164 
20516172 
17413604 
16649817 
9343172 
8517152 
21501224 
17376218 
19143215 
26250872 
16132526 
14108099 
14617444 
16826629 
15134782 
17089344 
15458958 
16175350 
16354077 
17871298 
14594799 
18075185 
15641853 
14445542 
14063950 
5849072 
12984852 
17900301 
18089292 
14334370 
2443051 
15971556 
16878165 
15173603 
16264588 
16666748 
1046661 
14461298 
19658826 
16448814 
14095644 
18537317 
15480686 
6612402 
16298452 
14503773 
15250998 
10742132 
18305736 
17051344 
18953784 
16470732 
14987728 
6436872 
17819179 
6647182 
15493608 
14815685 
14526679 
16404688 
17194296 
15134240 
15232525 
14441010 
16519380 
15191551 
15432704 
15460353 
18700629 
14592723 
14901582 
18693989 
19019298 
22540474 
17560765 
18313204 
14461335 
15737467 
18431900 
20975313 
20161577 
15955754 
18760596 
16817883 
15110431 
14647570 
11856442 
3199201 
17783546 
621573 
17897474 
14073029 
1435461 
11348282 
16245822 
16895274 
14282672 
20651502 
15862891 
16649758 
