286901372 
17093617 
62597890 
12524522 
16712387 
15426948 
15843059 
34034366 
14761795 
8161232 
5946492 
15090360 
813286 
23492901 
3070181 
15224867 
36082429 
22685200 
35958852 
15147630 
22404600 
19696413 
34129449 
14775671 
32519598 
14090931 
17266725 
15846407 
15485441 
16190898 
16974981 
14459169 
15799309 
14456233 
24205565 
15131088 
9701272 
10889782 
19616069 
19397785 
428333 
23364910 
16320465 
15131310 
18948682 
16138751 
19773766 
8825342 
15385564 
6170822 
3036 
6170712 
7346672 
17365271 
18579806 
14469074 
16514474 
11228572 
18998158 
18963428 
7438042 
10110612 
14055088 
15328881 
