13669 
384986062 
724421678701391872 
61375313 
885222182 
80703539 
4625428821 
68034431 
970207298 
1370384035 
795709378968088576 
123231225 
16935292 
762169122 
2788246892 
2561649554 
276107696 
739214344324448256 
21146733 
481361589 
26927750 
2441928061 
452378303 
3298504068 
719872190410317824 
35698201 
74462761 
2761677983 
851422050 
380066066 
722608088021340160 
142849883 
80937844 
970208198 
4508051 
705024921647374336 
637196658 
37721714 
46417885 
422355017 
15519766 
386076684 
27474449 
568786542 
1192338240 
931130899 
2927107460 
326619024 
4125347899 
718663934 
2916305152 
244756350 
3256722790 
275361193 
44981866 
374052497 
2511593226 
2862104471 
197962366 
2311048112 
2598358111 
259784801 
474643035 
2432341326 
45744578 
113927507 
249348169 
2329302656 
379434417 
100469406 
383378172 
926687227 
2249009828 
2241415554 
362268799 
238789206 
567399817 
40782375 
552985513 
104520976 
1304824848 
1328264138 
32969825 
1483355989 
490913837 
778971156 
362054660 
618198703 
203132377 
1881937952 
268357486 
9078002 
1671581622 
1104425378 
1581428923 
298132156 
88392301 
1487752440 
73407643 
509564171 
959675203 
236050146 
27462553 
50413725 
35190328 
1554151849 
178364764 
1409435138 
1546475930 
1549717748 
1466186588 
536640330 
534675241 
15750214 
1467298254 
1589549106 
1552107926 
1549088888 
95418595 
1578030882 
402914646 
1502852976 
1172600041 
1535957611 
541106092 
1532023490 
1491083406 
797904840 
129924486 
233433874 
238450199 
305870046 
76967543 
88318106 
195419597 
953960041 
14589902 
52291710 
1388447228 
1262837064 
1374777457 
1350554455 
69499922 
161262905 
978343472 
310030170 
1168017062 
1348418731 
151291412 
30283853 
1070929856 
1276589412 
76461271 
378228848 
10845332 
23414715 
17093617 
257922239 
1209986857 
41706471 
1228544437 
7900802 
1219915730 
943139178 
1170194004 
18206129 
1172385756 
1163321840 
1118388440 
889147140 
257416176 
17110661 
412435981 
15275677 
1087315136 
1102521408 
916735110 
1041364340 
933838590 
14055283 
126118634 
914018270 
864827617 
23752466 
17873693 
97018629 
766646857 
263087638 
850946989 
19519071 
821988853 
754466984 
950531 
612988937 
11695472 
728249510 
285823200 
174099571 
637446210 
559783111 
567791363 
16131946 
211887629 
10720622 
465158654 
185671206 
194776164 
14358679 
541037965 
16680433 
125592325 
330502724 
504026778 
257170054 
492294546 
479720918 
20685433 
468800181 
44267515 
121625094 
358741501 
105585184 
458605143 
386642310 
278222345 
272550180 
384923143 
460955853 
83805957 
331228642 
251290990 
339348427 
345840814 
357000422 
353728829 
342927813 
446580270 
36948268 
110823581 
317388648 
358939565 
243236419 
35091395 
270493674 
23820179 
199640036 
350509998 
82179147 
61082393 
78356106 
74621272 
166463963 
168582433 
187988558 
196753919 
305395340 
200537311 
241420034 
20202055 
25496823 
7334402 
234141596 
28602948 
153944899 
15361570 
29201047 
29442313 
231854033 
132278386 
109071031 
19318314 
62667032 
123591619 
47285504 
36334610 
17761350 
243851509 
24891119 
134344813 
113264424 
17662910 
37038178 
224663971 
261029965 
208040000 
253259547 
19512725 
235569707 
276835279 
209653975 
102108614 
181251768 
188712168 
34238631 
99030527 
140266454 
253757578 
278335344 
41374052 
22707454 
68549521 
89880564 
96164095 
259873788 
211821761 
94776307 
84954092 
15222737 
279027428 
274029868 
4983 
67024934 
114270788 
189292693 
211741483 
277341230 
243948579 
68724036 
104731421 
58152231 
76896815 
19456212 
257528516 
18115825 
267762792 
111502535 
15367288 
24972462 
16743762 
35457103 
121207936 
38031983 
246497322 
266054237 
260962926 
37455915 
238258121 
107265060 
21562989 
198995572 
17972104 
16062768 
102952656 
49208923 
28418129 
73035442 
58156435 
8642882 
276112776 
242288569 
17294810 
12298342 
94790546 
54725419 
32687827 
27273881 
178526476 
161773704 
229922993 
23201043 
118650050 
72916064 
15195801 
58484947 
82640802 
154010744 
54134590 
226580583 
23688091 
43556867 
15898355 
91405501 
43864349 
193164879 
227381114 
120140865 
278536093 
262405016 
119857848 
89839307 
91136433 
25838635 
14926935 
75118422 
243138640 
278330712 
167604588 
220338728 
168365412 
266221639 
273646247 
78509903 
198860942 
147009233 
114533051 
126032063 
23410387 
118558959 
39914619 
117636292 
252479614 
217548189 
22448220 
77283686 
229255988 
277955704 
20536124 
239186520 
275654099 
277185875 
277644317 
165083973 
260325274 
277653683 
277185575 
48087640 
216417129 
143925094 
240338914 
30864524 
269649507 
18568064 
94892936 
21939230 
127374383 
158948467 
197219696 
205952975 
254171838 
276432681 
90929395 
193684094 
28999780 
211549833 
264387069 
165594154 
250254704 
181410053 
22947128 
264943671 
234916113 
276220741 
56280905 
37920064 
147521437 
17347401 
200638473 
24794010 
148458178 
221471437 
260473475 
240752888 
142326651 
242158851 
29089023 
8044362 
264385885 
17480520 
134901577 
275577026 
83401500 
14870804 
272082381 
34929436 
237362273 
17518176 
260631674 
173678438 
24184173 
264813439 
261403279 
87604178 
114649145 
116049408 
170383197 
264253270 
109237155 
78309716 
264665928 
273387677 
267969847 
95933579 
48474724 
237208862 
16544555 
263485942 
269376660 
259107799 
179272091 
262862764 
248046993 
214775973 
143409620 
266550395 
19650336 
177912324 
75136652 
212301857 
262799446 
271067498 
192462915 
195356645 
253918738 
161549673 
193078502 
177728250 
223348859 
93762876 
87487771 
266774155 
236272407 
20717030 
127398307 
183020151 
264541771 
18587408 
153486030 
14213520 
240712429 
28780348 
105627604 
271787499 
159369088 
268062384 
272047105 
48415669 
192338420 
266394629 
216425254 
157535256 
55157836 
18120961 
269276634 
211519792 
15031359 
196027617 
63554761 
226408923 
46209753 
27084955 
252038155 
79043438 
65427346 
84158550 
119400166 
38488854 
14309262 
233627098 
202136385 
182795116 
165832484 
109734554 
17087040 
16499516 
19029851 
253768252 
271219076 
196365537 
48097709 
116065011 
268332710 
215989131 
16943168 
35019126 
184699856 
39568359 
111068133 
136649570 
17461911 
196161118 
95464467 
262555436 
237755467 
19341833 
259460544 
19242929 
219827776 
22380908 
244611237 
259192013 
86342311 
258978394 
258978438 
259321328 
258978415 
258978392 
165039475 
231215334 
257987559 
270265782 
57258516 
24054316 
16485528 
196809475 
119879844 
109281226 
188185864 
31311753 
253001272 
201361917 
231525400 
269492048 
18102609 
17357771 
261764116 
268126557 
44362897 
154500610 
193050127 
121089646 
65946380 
245515191 
125331429 
268783868 
265894343 
231651518 
142761850 
97985235 
234929886 
15559028 
150045838 
19639988 
247320721 
113123149 
16013226 
247465656 
97984975 
27292928 
189245716 
19291327 
55381056 
163887841 
249672809 
21770440 
75704938 
267562318 
229243933 
243736866 
19163207 
153586491 
59530093 
86853882 
18257088 
96425385 
108451985 
203349693 
44754861 
41277584 
117483319 
36801473 
17999296 
168483478 
261747490 
44839780 
106826079 
256840895 
54266542 
222518187 
249830024 
252205146 
129705377 
120878191 
33217483 
66916322 
87397508 
263749047 
254418475 
75066258 
100101765 
180002532 
91368787 
56244778 
15715358 
22356271 
259917536 
226711981 
260044241 
96822735 
17834220 
177497579 
205703881 
218335286 
147726476 
242369729 
105728658 
19049343 
140647440 
19797187 
76520255 
81474481 
248465077 
78657256 
265563501 
80350908 
17187009 
264441342 
233583527 
17666684 
25534916 
228604553 
202953066 
210419746 
216997336 
23373 
17172429 
192993048 
17351893 
122336294 
251949700 
262170683 
26211291 
207394412 
14770715 
125229148 
17162906 
238250849 
199089988 
48686069 
185771589 
166835776 
112505204 
179135454 
173977062 
185376452 
256565094 
262508016 
194428867 
30229424 
85111260 
38668365 
61568262 
195087683 
113569561 
242063970 
128763579 
19340202 
64219380 
45784069 
263493049 
250556012 
50568910 
14907491 
17084495 
72627338 
63017756 
261251840 
144117202 
17486602 
27022403 
262841011 
244193944 
97515033 
190605676 
74842372 
217468275 
254184021 
249265752 
202313343 
9780452 
260854404 
124039084 
250343460 
220612899 
142985281 
100396728 
169754003 
244707404 
220114916 
160606885 
248413587 
86118270 
244679865 
120931435 
219060579 
262406076 
256502935 
145244233 
60628392 
208899087 
254251426 
221803184 
95740429 
194492224 
34639706 
70044565 
28242956 
251399213 
217067834 
183796248 
96468445 
253255281 
96874848 
228983316 
27808794 
108005885 
128352496 
19712635 
73376766 
217580744 
29652976 
131410232 
165814563 
232394039 
239321747 
166412760 
83534083 
82431376 
14419495 
49414270 
108382096 
221180607 
239264980 
51779527 
221794818 
259448554 
134194278 
189127157 
220718452 
100275683 
259697323 
200086541 
33226309 
16138011 
224117191 
78909210 
91302871 
242695849 
105868161 
151070386 
132947252 
65665199 
245872653 
75882114 
55935900 
50257912 
54617157 
61003957 
98001659 
159735593 
213751216 
146279848 
18990186 
90472451 
106805824 
213159134 
15363133 
24016611 
212859009 
259100087 
222035695 
259600464 
117605489 
19380111 
137906641 
236040462 
248298290 
19089993 
94429667 
16956339 
134505123 
205232247 
171624902 
74797004 
21620816 
70562492 
257868640 
213527800 
59894716 
108881339 
214023727 
155201220 
17022446 
153289149 
46653134 
26053097 
253053833 
224666841 
234901467 
167662192 
253923203 
14998176 
228176964 
170404126 
23530440 
233666071 
212089096 
188150049 
18784703 
230145205 
3390231 
200730016 
108992325 
54375332 
80405999 
233452063 
89735094 
197052868 
214354733 
74339181 
21498462 
44098475 
15462399 
257602530 
22517956 
87502184 
135462829 
117394332 
255453738 
231749537 
234409462 
198230846 
132564172 
242558829 
22730940 
16847525 
740203 
216090250 
254121318 
16850607 
51403557 
182838461 
84497439 
95022368 
256495353 
42054347 
248188967 
20897273 
91896627 
256328533 
233961811 
198806397 
215842506 
83490848 
199079241 
52689846 
99219346 
249457113 
209639259 
48473208 
55386887 
52470970 
169236682 
23913090 
138104359 
16893035 
100249410 
19698109 
162756337 
198175295 
255814061 
189982275 
54645522 
21812079 
26239576 
141451138 
138815441 
117038462 
230605763 
216697381 
51096590 
255094385 
87533633 
207146444 
209787289 
126410058 
59939284 
102394548 
138131901 
216506266 
124692458 
245478516 
18641732 
125746328 
210886654 
82828264 
130950095 
151594090 
197215087 
36918294 
251083184 
201832995 
156145802 
159152215 
207688934 
25272008 
45815962 
252473228 
111434749 
182141751 
147395969 
160517510 
250849122 
37970685 
16482165 
23174261 
187697977 
237388706 
213234200 
177457684 
189243869 
216943856 
254238066 
252382908 
197447816 
85178437 
161385763 
157235398 
217541352 
30564810 
120659435 
231089659 
198212025 
160133519 
8716562 
121982189 
253429898 
1057211 
193235970 
167350536 
253067364 
197339592 
202942738 
200697025 
106610435 
228471753 
192895653 
179000737 
88690779 
14858974 
108791852 
131914889 
26539579 
191571578 
171538785 
15165877 
18998089 
242204003 
83545570 
249722299 
249879396 
140647476 
55232927 
122799032 
251926122 
189065117 
6071552 
16261984 
48378391 
237907024 
19120850 
95186093 
17692307 
14199349 
18216566 
177808319 
215856402 
81909876 
134564540 
68036460 
193266989 
115506034 
60717379 
204138373 
68121390 
28293782 
46724455 
78275869 
248335582 
189237543 
16289622 
131228656 
126219935 
137774787 
97357986 
229735692 
61063991 
7288532 
171818516 
202140551 
119710421 
247494623 
249484321 
212676062 
153690347 
79581485 
66951419 
18670070 
103106691 
21014087 
250155321 
163973036 
54398637 
247062055 
223883569 
238928485 
23904675 
87770230 
160281672 
247409670 
197441504 
249907590 
86709195 
173272679 
74638190 
223611059 
7209262 
39591754 
134841238 
247462443 
84552175 
13732022 
40198652 
204932864 
236048399 
29406621 
246454745 
249063980 
96503905 
24853232 
11745522 
198624798 
68378696 
101657044 
56461597 
223356102 
197318241 
69032300 
118964319 
13057142 
210654940 
245909666 
143170641 
103663277 
249159326 
56409203 
26228060 
17858513 
19306298 
18454286 
202077738 
232983799 
96596535 
145925672 
182873573 
104220451 
87402534 
196113769 
23892094 
26022574 
14334487 
202970206 
143210614 
226745689 
45419511 
34390828 
218037603 
207734408 
60542559 
20695233 
28832219 
111290855 
191333389 
50638384 
16481257 
248335453 
55308845 
29517549 
22254576 
222269148 
107224763 
229919068 
104285242 
178488409 
110090882 
229689694 
40912544 
213702635 
104284726 
28666065 
118095932 
160574661 
221398975 
245076152 
233652235 
211624089 
120145306 
244565062 
166001873 
125682098 
22714197 
243960358 
41620652 
235963020 
214679808 
23556764 
192421864 
15602409 
245424816 
77111894 
225886026 
243761589 
154328441 
15594015 
164815468 
19605981 
15442036 
211264326 
15888185 
96112280 
32159660 
18503255 
85068950 
23220909 
63789532 
97271997 
25405104 
29781695 
84141876 
13113052 
16955809 
138077175 
48439052 
241821186 
76545486 
229643211 
167737965 
68186426 
83659451 
20976071 
124399512 
221098226 
245878089 
245254804 
52654972 
19714900 
221425460 
235036355 
204118199 
18542762 
241695867 
136045868 
29651794 
131476167 
19713521 
73300855 
176348139 
229233662 
17547274 
159365116 
84391982 
41919601 
141426204 
153277918 
33735594 
92014939 
48864605 
225301621 
47832269 
46861681 
213287023 
179434709 
114859549 
97457556 
218585983 
104900245 
203137786 
130707154 
97069929 
22308438 
221136130 
204834494 
210606456 
232872141 
24396155 
16175706 
14864150 
172769124 
16835676 
20574237 
102167907 
173250854 
177425469 
241906512 
243598301 
18600631 
244173755 
27754979 
225843951 
214959582 
225065716 
28690851 
244012595 
34675122 
208639837 
15364276 
211152189 
231970863 
41211760 
112657269 
225570641 
240434471 
124199094 
70110334 
103993823 
27800598 
23146985 
125880837 
18976530 
241388777 
223479834 
226448109 
154050756 
873141 
5968892 
238454368 
121889306 
21484964 
19497913 
28630278 
16638990 
145024619 
242949792 
142107953 
25771436 
97931428 
18454720 
242831751 
22640376 
242386521 
241248874 
19546634 
22998929 
236429481 
71560467 
221124056 
241063245 
75858593 
20681685 
12360642 
24921980 
216550571 
28375373 
14776527 
212371473 
21028629 
81668312 
19244181 
14187606 
104939215 
239338109 
135257089 
121996364 
17097590 
102412552 
140286403 
171750398 
241797442 
81166825 
76431196 
32212283 
17787388 
239837651 
24191638 
173546625 
20416410 
52328110 
44691654 
210691524 
35918386 
17899880 
237195075 
169317229 
34661082 
238417579 
19329119 
23387115 
49849732 
45005686 
74773347 
39283907 
156889894 
183242723 
90871663 
14879764 
196173293 
237803382 
237795333 
44370867 
15683606 
67073189 
235598077 
25284728 
17538786 
131371863 
229370101 
35036166 
238841561 
14538854 
239677227 
24257762 
238518323 
179602590 
46089232 
34242182 
86795040 
84276695 
239291234 
29611521 
160637774 
54806131 
61244832 
25128021 
177608750 
116062388 
238722683 
51556470 
201406332 
108669470 
138710832 
128770705 
89386570 
212383745 
117303124 
149379537 
151652902 
15868433 
19805515 
196071730 
200835577 
127877048 
24639845 
147887812 
215208742 
33800756 
193767669 
15244346 
237165747 
150750707 
205487808 
80963567 
124481695 
175049009 
23582682 
34569160 
226120728 
219910844 
15986376 
24305191 
16132066 
14430522 
171683695 
16658967 
160696211 
24725032 
45930775 
236731293 
33814070 
32508227 
84935337 
101526896 
49797407 
227449920 
43909030 
232654949 
91104734 
72650942 
183767420 
152901076 
35230694 
133414920 
90632986 
158418546 
78574632 
235768705 
22445925 
190196537 
14194381 
16800098 
47721059 
216941630 
65508189 
231881691 
76136811 
197298711 
14676845 
235405884 
216106375 
170129605 
234460388 
112486037 
126408596 
46542062 
235155741 
157751404 
14235552 
173494153 
85475825 
25925079 
5500792 
154007338 
95457404 
36827026 
18376550 
234372168 
144162954 
133242990 
125767077 
62534809 
68800557 
234224613 
41130950 
126261609 
125077295 
195511361 
55583238 
15010261 
41604344 
224744632 
234052968 
199440328 
14701791 
72513391 
26424231 
15223877 
116564961 
17112197 
93018550 
29478334 
20163447 
233698971 
67038496 
24224879 
228873919 
52958086 
197568125 
233659378 
51111741 
14936005 
229857213 
80732267 
233651060 
95807284 
93223785 
161060631 
209722902 
18564162 
25364528 
62962059 
126686453 
23188316 
223104300 
147572975 
20892379 
198992797 
222646560 
25518625 
225244003 
15187984 
80317232 
159547694 
84482662 
164340878 
26738014 
229079559 
57971011 
208928741 
192727493 
225712815 
140742267 
19352503 
221929304 
167324463 
23446957 
15426216 
61620886 
179154514 
158423972 
88881541 
200280207 
219350601 
191582023 
84742293 
223662066 
215851285 
44904933 
36986214 
223124759 
73000596 
14300265 
93580989 
224060447 
19413268 
101810576 
209820325 
186514369 
212821937 
228630591 
185508695 
190697596 
229820658 
32376216 
197388196 
29564973 
178967374 
64530583 
18298038 
171982460 
164389168 
19005867 
188908202 
93874520 
190299027 
169357596 
228874888 
10268302 
78381170 
55627597 
61545748 
41041857 
223246578 
54654320 
152262136 
219271336 
15981892 
187291413 
28904073 
66463018 
62430048 
193572341 
206571323 
74887389 
225214054 
79576460 
219710667 
14098484 
93947490 
15944799 
105565819 
14634304 
185629586 
194155079 
83900310 
215161091 
188779905 
223520280 
14514411 
145791686 
31909212 
228259139 
210934599 
132188898 
181471609 
224924147 
47157629 
212072385 
51524464 
219378057 
199196943 
224415786 
37020376 
14497833 
56960437 
63098077 
149666043 
77491934 
160615374 
16020326 
82976842 
218989387 
227515031 
227458806 
227632596 
12887962 
148157399 
127307561 
18578719 
180173730 
6283882 
172841794 
193741476 
18857825 
26812002 
67186535 
48719291 
14596185 
98125435 
138517584 
84661546 
71759293 
18508102 
174559103 
19282076 
180393257 
208561087 
222759142 
27581129 
191739511 
213383433 
193021651 
6635452 
36659886 
103991688 
175886721 
217858178 
19424173 
30896652 
35249000 
216549097 
97964879 
189306450 
150679011 
18318924 
27724634 
25405932 
92654986 
183443051 
16186916 
214295097 
203095796 
17200655 
14929558 
225695461 
21065280 
207715535 
14116906 
22142152 
20464843 
199208214 
81986044 
167670570 
199510393 
225328773 
220871680 
222242066 
18981376 
14492500 
28503272 
11327392 
212172616 
21982338 
21665196 
191877275 
20174536 
197214296 
188798070 
19889739 
159310689 
14572947 
224752091 
216363198 
19108742 
97381056 
21571337 
65045791 
149704167 
222854282 
50348553 
15367337 
97883743 
1934931 
38674401 
189663569 
54359895 
124922921 
86743097 
181590690 
95421953 
5667612 
16369898 
8194852 
40293637 
217536203 
221931304 
6099202 
23349958 
16198705 
98364447 
120989270 
192658582 
220817130 
124027521 
16844529 
143209916 
178559079 
205591306 
88006665 
84413113 
132051612 
142367578 
55547392 
21007091 
21313727 
99509421 
15304010 
221051748 
22076984 
60540452 
213500476 
136354310 
201597902 
26756907 
16370003 
215682063 
207115694 
17381284 
214105439 
78602185 
26574530 
183905154 
158920352 
222572768 
19484429 
208120591 
51827732 
222641276 
127062196 
197060643 
1520501 
170340549 
191625166 
16863480 
221229585 
8059162 
151838233 
204968902 
124234862 
214192940 
23484619 
107161315 
221495496 
80808902 
20897386 
83192648 
142369620 
221765484 
222138383 
17013286 
222210118 
86338663 
192842634 
86987686 
221981753 
209633889 
183513740 
112973994 
64021549 
65764760 
43092107 
101277262 
67678471 
48833816 
220940985 
218786889 
217253242 
48879877 
221393123 
156275067 
121156266 
94211954 
42359029 
76115237 
17826300 
15113820 
145675012 
20329593 
84460847 
65239488 
20953662 
13212042 
37055848 
159893711 
45921588 
16355708 
16529453 
27323999 
54070822 
220080783 
19022764 
27874157 
34249495 
220450468 
18226744 
27911608 
116168551 
14169783 
177790998 
189597886 
184141965 
137723882 
17969335 
9345172 
96072188 
88920384 
42568212 
14524244 
172740181 
15557617 
26337158 
135155472 
92159928 
94101350 
35587917 
95372877 
141237427 
137597198 
88186934 
173843114 
218716325 
188376965 
107476220 
193721508 
113627145 
59112084 
47945674 
167495547 
211312761 
25777375 
191814507 
24435138 
127030142 
203307022 
219137989 
216413517 
37061182 
121555245 
216489615 
116979667 
212701183 
98967291 
20708033 
84151509 
125030663 
118069970 
87474250 
154655265 
27390881 
62588397 
111128083 
182868791 
22208439 
217443460 
113941629 
15213755 
73582404 
218546441 
37884869 
213176032 
191606226 
97334668 
6753532 
18549868 
30641927 
102508251 
217297785 
35339639 
22100524 
199355627 
21607398 
50008018 
79449598 
65110165 
54246080 
217575228 
678393 
80999143 
72892215 
213501111 
31830665 
151195646 
48355781 
216978820 
20739503 
14913099 
36815980 
105789419 
17885526 
65711568 
35767916 
50319006 
140959145 
126429670 
215704975 
48365899 
17468329 
119710145 
125909902 
197199298 
40063641 
104080028 
214613207 
18921376 
165839533 
182593144 
185019142 
215792819 
100552886 
216819486 
211196019 
138007270 
109816851 
208158580 
41445718 
18352339 
26092570 
116628885 
181589205 
34289606 
215129757 
30037412 
17689076 
26145597 
37872331 
191191285 
128494760 
214105046 
213696472 
14616784 
206144091 
46435965 
7911732 
215062867 
164770185 
143365736 
21453088 
89619251 
38805018 
166689425 
204740450 
214909124 
14703254 
156214500 
211390583 
76407833 
122820168 
14782635 
85498238 
203882279 
137745893 
213408736 
193544742 
93869462 
23639309 
21790801 
42550246 
212074142 
20652615 
169146357 
18173755 
155125025 
186575162 
208708708 
206391296 
73674839 
93995711 
205410232 
111809520 
107294102 
30882061 
21343653 
120861356 
182115592 
42095430 
84034557 
185616273 
191769497 
214431102 
18124692 
214538085 
186108718 
201308896 
35500607 
19904164 
177493051 
47943186 
54161293 
180539393 
18104730 
40539191 
20688492 
155590828 
147691384 
190648677 
55268337 
109906697 
15456497 
203819665 
8868002 
148099915 
20599452 
138585804 
162836874 
186568831 
141645754 
82531755 
43310902 
29221344 
180455137 
212772872 
18343779 
159793445 
131604708 
71074619 
17158378 
158872555 
65251290 
140079968 
27805007 
16621353 
43475901 
60629481 
150279423 
212463932 
83305398 
161141384 
92165395 
196807000 
211422631 
196797332 
52921905 
154601685 
35149106 
20926746 
211522994 
25027080 
197248342 
116868319 
126590131 
133328522 
85037333 
123405195 
32276754 
101629381 
207398784 
9539382 
142993827 
164708248 
142910122 
191931460 
193862929 
168151475 
147682036 
32886860 
211326012 
55447281 
164048090 
24922040 
18356451 
183037760 
191486090 
135976728 
19261606 
87518416 
120822165 
177717649 
16727909 
21347577 
127636054 
143401987 
199168941 
94278285 
18450270 
154810974 
13443342 
106611059 
19824430 
162577797 
64697428 
20337725 
38925280 
41660436 
54575021 
41847726 
40031821 
180921730 
193024176 
72562983 
18352088 
16912012 
29393077 
203463717 
153091876 
63793060 
25461316 
58359125 
183199370 
91924723 
209193191 
98296223 
135023664 
190148580 
30985554 
180668837 
101058943 
153737821 
40430006 
16720669 
36963421 
19838397 
167202748 
18348376 
113953051 
194208312 
50963402 
158046364 
19256595 
81837587 
12917712 
127568696 
208031288 
18504693 
19840789 
17885517 
205788356 
20633239 
97073628 
180533262 
87536517 
21787013 
25641088 
161176615 
14418787 
186422311 
189145352 
207348070 
9636172 
203569071 
193494162 
159480648 
20204317 
194704832 
189376144 
148489354 
69583833 
19703435 
115249236 
143638853 
65618572 
32751863 
206024618 
64233857 
18721323 
201309750 
191681527 
34403094 
9692182 
139254876 
40515178 
22590040 
189729413 
184786757 
16376733 
57482529 
183197100 
93702915 
47772315 
40787769 
14423526 
32329933 
81111080 
201444666 
15286332 
29611192 
184680084 
94585801 
205829115 
150569932 
196100117 
108741173 
20649967 
205454711 
42131294 
106554657 
186043578 
28883874 
125254784 
32693999 
205154223 
35174637 
125899677 
204932888 
139471757 
179600235 
14640383 
194696835 
45659261 
35320925 
46321233 
17202160 
176885611 
169106309 
9784002 
21182525 
128040105 
50412296 
202657668 
24298191 
14769047 
18541052 
188974304 
194501380 
113059235 
30337443 
96104692 
200102242 
204380984 
94071372 
151627966 
86416095 
72675033 
33677416 
17875179 
203347057 
71952529 
68364805 
190635904 
77967577 
129926371 
59936316 
133926021 
14090931 
86566127 
78907953 
44483710 
166514590 
6146682 
197767752 
31361573 
2586071 
21156916 
22946605 
202787004 
107850085 
193480680 
172468042 
202999717 
202292930 
21159120 
137953927 
201144772 
161467401 
115091705 
21007148 
145170110 
23538973 
202937470 
180186097 
77933310 
42836702 
16425169 
195128398 
191283426 
123892707 
15416739 
33938380 
22606550 
102452033 
53005252 
198596577 
119408460 
124170235 
43633230 
127745504 
197972833 
27381833 
19046807 
168592782 
150732553 
202309799 
162989968 
75742264 
166838942 
90519001 
86864857 
96523674 
142265166 
180141614 
45243439 
145983220 
81854309 
91960210 
51598027 
173589452 
38418982 
189624167 
45187586 
24348494 
27274001 
152689748 
157379461 
116271255 
175420641 
132583061 
26185824 
16264206 
61072363 
179407202 
105979410 
15158014 
200525801 
24454393 
182482684 
44157138 
192069964 
198652740 
120509781 
33062085 
96935961 
38025757 
192792907 
110824765 
27406723 
185283860 
19077091 
37116997 
16574552 
200915912 
26557369 
139628316 
82051521 
169835923 
126716929 
159327753 
29620256 
142199485 
51488412 
86347063 
199953006 
106878204 
18884683 
191809819 
4864171 
198824316 
77984116 
27424230 
190723132 
19661217 
71022260 
18644548 
194277962 
33940551 
32547189 
14719706 
190742395 
26201682 
62938597 
133716986 
25658504 
72208976 
145761020 
125807008 
91228816 
29785300 
134944855 
14870679 
21008728 
150895237 
109036577 
188481474 
84390582 
14851837 
90375419 
32066687 
132982302 
181652067 
194228898 
195292491 
26036392 
132590778 
198357252 
21454857 
198863536 
19167564 
197890676 
15043376 
162132889 
127746661 
167580587 
25669740 
37977930 
181069976 
189731589 
88769799 
16143986 
96225958 
166284124 
43981245 
42799135 
181466316 
145533925 
68038576 
198102680 
152764267 
196228405 
14704795 
185270420 
172474680 
87909751 
185811049 
184468420 
196925415 
135004795 
14670866 
17646857 
197124779 
132394928 
194661313 
44699314 
196043609 
100787967 
14926345 
179337579 
176717042 
58911838 
179335188 
110971122 
197678222 
12633642 
14178479 
72921072 
186243625 
193691648 
27120756 
196591365 
130341140 
73800593 
188919725 
17746927 
184959604 
126598407 
20178997 
195522808 
14931031 
35579899 
164322849 
18637643 
15807757 
130768857 
155392675 
161915935 
150666823 
45820186 
141665179 
107646400 
34784086 
159010870 
146992127 
38800660 
196771177 
49171436 
196319914 
85646109 
161063949 
194994741 
153928242 
16035734 
183386109 
183191973 
145207353 
186136532 
110823030 
193880897 
90264702 
34612898 
38523061 
194224438 
77474804 
19362838 
90668015 
28153657 
96203288 
20249406 
101814481 
132188223 
118549571 
186679055 
145758046 
155125143 
129783921 
111802826 
26485562 
190212754 
10312112 
73840293 
191792276 
35269621 
23375394 
185788668 
176744780 
188143601 
191196414 
194616209 
49973365 
20308380 
184519459 
174402354 
19912725 
68593455 
177299426 
16458786 
15084569 
31668866 
15689264 
74178438 
182052148 
155377073 
78904728 
54103631 
108045600 
24244122 
193949148 
190386212 
167401223 
138088487 
189084325 
186081834 
146943043 
191879985 
20122460 
94431251 
186680624 
18604464 
158098377 
38683902 
189850699 
38186697 
32890883 
101517197 
193043637 
43194755 
191449308 
83613765 
170192109 
54636454 
100412157 
48815423 
154140040 
192954948 
148589737 
67588801 
38452308 
20977531 
18572616 
119049214 
158253258 
61923178 
158700487 
15838032 
172108989 
189072475 
125734501 
69373931 
95217654 
19167496 
28224782 
27515809 
84408365 
92873166 
192339775 
18953266 
146069707 
53272256 
34923198 
31334942 
192626199 
188847758 
25238789 
7315022 
20781511 
37635320 
67793931 
40789325 
191788595 
129613095 
31786278 
25877514 
181772613 
55205218 
174762864 
76713902 
185647215 
185665651 
31137047 
187884207 
139737099 
15487147 
28721660 
21451672 
85534405 
117760527 
122470895 
162708788 
30177928 
188258803 
191417740 
50699976 
97425457 
43088859 
111104192 
113008098 
20546536 
65628299 
36167384 
184542014 
128615396 
104076047 
159315734 
191077889 
175489276 
184702861 
129925077 
14632859 
190767998 
18067401 
130026674 
18830590 
57874436 
184005689 
25465511 
66401678 
18396917 
17679194 
77687437 
90892496 
21794561 
189199430 
188632613 
24282616 
91378530 
17739773 
114332629 
14718163 
82179580 
179543420 
185293128 
49346121 
26593533 
16874454 
16510503 
134303302 
28995080 
186323938 
184702965 
18058317 
17482548 
169859521 
188198035 
152367567 
118571690 
188430614 
14948120 
33140487 
152341174 
43221627 
24645354 
189780254 
57005830 
122910610 
159423243 
189598834 
130225638 
183397930 
189045685 
143351810 
87539997 
90472733 
23634329 
24889448 
175538899 
64250735 
182611020 
51662203 
102490391 
17622991 
18689000 
12651592 
113671593 
32507203 
155866995 
185845507 
185617913 
30282464 
21116990 
185931325 
184702675 
189016714 
14449103 
184858831 
117771014 
31368820 
154263470 
36138110 
180872421 
186953770 
186873081 
159545157 
15679097 
20525929 
145062108 
174697170 
181947435 
55292565 
22371686 
187292430 
62470575 
188366592 
171877240 
164051558 
175807016 
48935222 
175416401 
119094962 
32869084 
46870743 
21395396 
30324966 
117316281 
161514181 
29801356 
188191969 
14629262 
185981490 
161009257 
156765313 
18264146 
183376342 
21574259 
41078169 
87518376 
60303428 
18067650 
22879405 
15092872 
99452683 
87825838 
21102342 
20927633 
49571462 
186155717 
175572570 
36063097 
19723844 
186938521 
80759975 
74326355 
152799687 
175730888 
177958606 
86727650 
18139549 
135137090 
44193508 
33566867 
138313976 
40185924 
37443984 
75896638 
25515580 
19034925 
95161560 
95161866 
90280197 
131574472 
143968844 
18939724 
168951936 
185138183 
69211707 
183300935 
135962109 
58544156 
164377427 
47882969 
185641390 
67944887 
16462209 
22139097 
34379573 
76303729 
19513103 
102777260 
157613794 
23560914 
164615119 
36407059 
146618440 
166104272 
186562289 
30027454 
174801703 
51629376 
22333555 
181684023 
68595769 
141675205 
19040465 
37746126 
112959724 
17752368 
131784233 
82837591 
165437230 
186032818 
15755825 
185688505 
22512097 
15808708 
47469121 
137792272 
88678380 
134197832 
16271460 
5338802 
174486162 
185369971 
184428985 
183457326 
182352250 
53803162 
55691231 
182018314 
92559848 
22487007 
18487111 
159417329 
172979478 
78269739 
44545017 
18682737 
49081135 
121821177 
17546147 
24955120 
86816168 
183719789 
19989791 
183482914 
76885674 
29067969 
72090067 
11922842 
52427661 
184593365 
15517411 
144398026 
185337643 
87970655 
185357294 
24352819 
27576074 
60278641 
30674071 
54799866 
15013771 
52390516 
50242590 
20679498 
167128537 
19779093 
176902017 
170392476 
142068929 
181600331 
124462871 
184443376 
95373836 
182726498 
122583545 
152941850 
48038030 
153442399 
71666839 
95126530 
95207095 
119822879 
150972993 
3445071 
59905975 
45441515 
35341207 
123984341 
49304757 
175621586 
22233470 
173278787 
183876474 
79561274 
46728288 
65064975 
166183813 
25337397 
167634530 
77683114 
155640026 
179090069 
120955330 
160050230 
15212685 
128578655 
83137841 
164573866 
180998281 
118333888 
119006338 
168674765 
177294794 
147994365 
76645063 
145126848 
17719869 
182541297 
31183837 
38267685 
109705280 
17561707 
24044018 
147574843 
22726779 
15195679 
117541829 
176485690 
36731667 
181813970 
178364473 
77496302 
178977594 
123871533 
176864832 
172888031 
182507835 
41406408 
178116074 
7218842 
71381847 
176257197 
182692286 
34562873 
112784140 
2349881 
17313533 
43345762 
163950457 
136088260 
172057019 
182059157 
181526860 
112275643 
109294020 
114863834 
145173508 
20959144 
41186355 
15783939 
17142298 
50735431 
41486102 
16448128 
182252399 
112247950 
55988517 
143767855 
17357759 
22300902 
19285756 
20436519 
17059140 
11648332 
49419457 
101818287 
178263671 
157236227 
181826352 
180978890 
119566570 
117602839 
136434224 
178828145 
15071040 
95667035 
28630717 
123032639 
1899701 
104238554 
150472041 
141672213 
180737508 
64460230 
60840767 
34865693 
118978775 
17236772 
16216591 
22814289 
161125621 
40876567 
180034152 
179718184 
134457542 
101080347 
97702477 
179550107 
26286619 
33098495 
26319619 
175743887 
75690196 
29029527 
124199761 
10069282 
42484359 
80659625 
30685623 
168810327 
91386983 
16686518 
16026808 
45152595 
49737453 
155532892 
106518531 
167495161 
102463801 
175520177 
44933746 
108369879 
21826316 
22876229 
103023751 
91159275 
75111151 
147591825 
178819216 
176673628 
14761622 
170421917 
162218004 
43420305 
66155667 
69683212 
20121286 
174375359 
152134631 
163920178 
18230846 
79766363 
95317566 
114002312 
168100779 
26736487 
15293352 
17299145 
81938136 
165246000 
18957849 
173887359 
156689662 
152053550 
106547026 
178064378 
40675464 
77341917 
59260891 
157232972 
26872295 
170721964 
17388204 
177191483 
84446856 
18043677 
124224275 
19633858 
19174198 
164767217 
14070415 
65939701 
32527444 
71805880 
28563998 
75391402 
16886903 
31266145 
13458072 
146691331 
19896669 
140416874 
176413548 
19698439 
43357958 
19543057 
126436237 
47740358 
45917449 
43204537 
53918744 
96754079 
15810292 
766680 
88700696 
117873577 
98650904 
27508663 
34627843 
174428267 
118580840 
19139000 
14050550 
17136286 
177225765 
33215444 
156895489 
78427460 
6510642 
21818152 
98107001 
15851449 
15778119 
165614213 
64190809 
24506174 
20014773 
161992599 
15520346 
55067382 
110373850 
118039856 
23175947 
37886751 
38758361 
84298708 
176805249 
159368001 
57888537 
10716532 
27617074 
95990786 
172136649 
121058256 
132940149 
6111952 
17598082 
160843176 
42590310 
96917874 
109664557 
34615641 
18000847 
152691515 
31061884 
171655986 
55732132 
165505884 
174708147 
24818539 
125068387 
69675966 
165829170 
46168387 
12330852 
75356470 
88421819 
137482815 
76674297 
34900254 
169252364 
170187453 
175729722 
175686963 
160041893 
37070155 
163987185 
164843440 
62525163 
19791234 
166114026 
163031959 
41250659 
33872801 
109472899 
176020133 
41727242 
124630826 
92777068 
23336661 
15706633 
134344395 
69132942 
23137849 
40970683 
56613754 
175835636 
22262485 
43475558 
82186762 
14066153 
175570646 
165867170 
151501894 
175861178 
64286594 
148080633 
175274831 
19685990 
171874731 
58566869 
20818081 
160633409 
153265945 
175695003 
103037944 
17814654 
27307636 
40286926 
160756456 
22740009 
175198382 
175460486 
21129234 
17871854 
170211984 
126131212 
30150844 
69846291 
83871133 
78389124 
124603983 
19029491 
174023943 
19738413 
118854891 
17423992 
59717162 
30086404 
21602208 
135961837 
98304038 
38026191 
174295076 
27213383 
9759932 
23554998 
27043871 
74025229 
25684408 
173363793 
123464666 
124674713 
49901939 
134861269 
20599313 
145041678 
174956291 
15016753 
90725320 
38062260 
16949674 
32300793 
174273372 
136017808 
142818989 
92462421 
17180274 
31347744 
18134177 
50713128 
25997640 
64243764 
49787642 
19796978 
60541413 
160791792 
115249324 
161979369 
171905236 
15838767 
60971715 
123899088 
46054586 
52795577 
107531359 
36572693 
173980095 
106474765 
56545811 
60626815 
23213692 
170948789 
150850970 
133789714 
53502167 
19278693 
168566588 
78692787 
17262498 
95620970 
137369536 
145427711 
80775804 
173994124 
169166796 
18965847 
83252780 
128456531 
16547473 
167970319 
76866234 
95901615 
14271571 
15738580 
29584150 
16259455 
157439783 
134551980 
76750258 
165433720 
111070368 
144492649 
8057912 
172858185 
92121430 
103128103 
172163167 
59121345 
136582769 
166469576 
91501032 
122758053 
19367748 
15441980 
125985387 
163120348 
22228322 
164176285 
32458410 
101616457 
45674330 
3953151 
23823567 
20485359 
99469238 
134147449 
92216583 
32523300 
36414641 
20497502 
15691855 
18611660 
106473647 
19197117 
170079831 
16501051 
16679342 
105100876 
74367114 
124250530 
131318858 
131315165 
170491582 
15048436 
47459584 
165789591 
25120372 
22575428 
34114900 
137879940 
24253596 
171970108 
171974675 
169842998 
21272537 
14660562 
17307877 
4965071 
87379459 
27534212 
126576948 
819417 
14325056 
16617315 
15926718 
27660221 
78245565 
47023313 
47027780 
166273830 
158188926 
19058409 
106202183 
72557852 
51233056 
64570872 
115119593 
170680314 
142652479 
55719221 
165640314 
171144949 
168799491 
169175539 
6328772 
55247926 
51371578 
114222499 
82130152 
139423130 
166687994 
30050115 
102449325 
42063881 
77309491 
24923319 
164803399 
24526902 
16056406 
52059569 
122981438 
149326293 
164740634 
103064826 
21729493 
128120559 
16696633 
133604664 
15632345 
13206842 
57372933 
116564871 
62297217 
147539034 
28730608 
14135956 
153909159 
64853948 
23722164 
169743814 
14436009 
25697873 
168923793 
128572661 
149737032 
16093095 
39999836 
112144215 
168585559 
15233133 
124379427 
138319269 
166081239 
167143714 
161335306 
152754936 
120705161 
154195900 
127576215 
104504795 
122421733 
143544028 
45336215 
135955930 
21063893 
144631762 
51743948 
168628680 
82044593 
35117516 
161427670 
67531520 
125339426 
141055263 
141574914 
18058372 
166590947 
109644795 
152752846 
13108622 
20244611 
27371930 
42670114 
47787485 
167530386 
153049921 
149014349 
166125150 
168530264 
38694139 
151179287 
102741066 
125400942 
132646469 
138635160 
20187037 
25876967 
15942379 
68431936 
34780231 
87122349 
139151699 
153279041 
150203227 
26887694 
165916257 
53301240 
27747785 
166169920 
16127669 
126594828 
93071576 
94426841 
67737952 
58292752 
164077447 
167717229 
107235156 
60043525 
77712617 
17098253 
75733325 
126058602 
102479052 
45110746 
19965165 
8468632 
18488589 
18206386 
15832039 
34767150 
37957386 
50332990 
113694987 
38698414 
24345151 
104561269 
90589818 
12335752 
30059244 
84131283 
25276905 
124834238 
1255151 
40342431 
40451390 
152006172 
162819096 
77759287 
44939343 
85617431 
49251910 
16476202 
6176612 
23961121 
163181618 
162846829 
133252819 
99940746 
35953472 
17221696 
165201115 
26245900 
155896916 
22759860 
166315244 
35067854 
117956855 
130911379 
34799286 
39629037 
98626008 
17521813 
164621726 
55710696 
16650353 
139908582 
161639632 
32140995 
114203445 
119356286 
16619661 
17836116 
28031609 
88476567 
156708340 
55661777 
98654929 
22139213 
33455245 
101873151 
96626443 
33452988 
161222470 
165738821 
60091288 
131014080 
26137838 
109483885 
127735639 
111954798 
92539218 
15573330 
14703852 
125375604 
22756584 
12601142 
23735353 
116513830 
67878834 
138202921 
158234797 
47926531 
144917033 
133597752 
17277325 
23177645 
105229288 
42680682 
28161811 
24135063 
111516935 
77743523 
163377687 
25548262 
12997952 
21744437 
42383421 
20894567 
147672823 
30302683 
163356254 
69203242 
154053857 
25233787 
139136850 
118216367 
409493 
22235918 
21552901 
129372834 
55259206 
161427771 
40874240 
70535271 
154610363 
22089737 
132784367 
33135435 
164562298 
164473715 
24395671 
66181058 
164589181 
54872429 
67577884 
162451158 
27153365 
26271423 
43938158 
158496973 
163752626 
55063094 
111755762 
146273939 
156794448 
120954649 
84504812 
13654112 
17086505 
43166851 
71083396 
151295107 
74410972 
23598736 
160996450 
16650156 
109402533 
76001040 
17180319 
14981005 
72944115 
89077058 
51283721 
108702370 
73721328 
22257133 
77684253 
25238885 
159875573 
156775550 
92131489 
21857452 
36008199 
130465347 
14337252 
129570857 
14348257 
54589494 
17966048 
154630029 
85472693 
161816436 
128014359 
153979070 
152569168 
36749759 
43840846 
162110305 
19215955 
162466534 
137067055 
54411595 
67065074 
49699899 
14380462 
153585247 
161270520 
127241371 
162358914 
145685544 
150750174 
134241989 
88781425 
16506216 
112543405 
115088547 
159365552 
16892838 
14744129 
19146381 
159184451 
16656505 
16301908 
146783526 
17801509 
162026416 
19265389 
54161873 
160570630 
10076702 
80530081 
16037097 
151531611 
88574412 
49700403 
15012679 
21562704 
36428429 
161013858 
22030942 
39483158 
104787100 
95587413 
25301185 
157028041 
127973276 
39698150 
23829082 
157686578 
88084666 
28278182 
42968950 
123446064 
160285712 
16488489 
37273635 
37552089 
98805731 
147409191 
111609265 
38236806 
151074763 
139817955 
41616044 
150841226 
47283741 
38378895 
157134153 
135674729 
130786700 
35967397 
159276989 
60060256 
21082169 
29628277 
19468364 
80427298 
149365097 
89367536 
109085165 
53297216 
30452836 
56489205 
19711659 
156198931 
17406765 
87609947 
45010875 
96168223 
93666150 
116325670 
17769814 
50412500 
17927796 
15880188 
144410562 
156735600 
21236455 
14189576 
31568472 
132733999 
49075962 
38397791 
144897023 
65780257 
150648049 
77737912 
126427293 
21312077 
14380934 
118447264 
153937830 
17403552 
49484521 
23494943 
155933160 
15285823 
152023569 
111994549 
17123634 
9578362 
91198606 
22124060 
158583036 
125724097 
15612245 
159556783 
19437237 
16167957 
68926581 
159305721 
159306170 
154965036 
126960841 
144720241 
106412589 
39067705 
23957716 
17857185 
33113323 
106118504 
156993229 
133785813 
90859584 
123639672 
32576649 
28884583 
25044804 
65757997 
140994954 
9806202 
27740227 
52572443 
158376087 
146495925 
94577169 
65727392 
20153038 
93920929 
19405874 
37937607 
158470209 
19667353 
43546901 
43293594 
36938886 
18639305 
158600492 
140367961 
158671324 
90979061 
63114724 
49496875 
41129172 
152053614 
57750796 
61296203 
26547744 
24640969 
155932633 
18951641 
40950527 
22527743 
150916479 
122515302 
145523668 
116471954 
104035555 
151340948 
103094352 
22483974 
19939723 
19971075 
142021058 
155944898 
156804702 
116554396 
148001016 
113077096 
91416107 
157557957 
16930681 
20948569 
96950493 
78074772 
153836969 
14625322 
43659540 
154045587 
134083064 
34177383 
15141902 
72859624 
151327876 
111419898 
25022527 
65573931 
152484435 
156306626 
116520387 
94365433 
123579607 
136715494 
99294254 
63067880 
135957996 
137780726 
155882524 
154950268 
33362883 
15704072 
43756325 
152657992 
34611205 
150744336 
153898721 
17899390 
15698342 
16869293 
54667032 
33131811 
130313066 
133202967 
74540572 
103503008 
14868145 
63136498 
47870082 
151107958 
136106526 
14220771 
21585800 
54927740 
135940058 
6514992 
153117845 
16643805 
156149656 
59070926 
153892052 
16155063 
123926189 
149493798 
128840572 
99068108 
18771914 
114180822 
137152945 
18997592 
53654849 
50608541 
16118107 
154458350 
115107751 
154742519 
38953815 
147663663 
145538886 
18197901 
75846796 
79225291 
58404124 
65587134 
70405208 
155342460 
14463236 
44983706 
93904007 
77769365 
42327561 
18457850 
6284342 
48638191 
41436733 
102454708 
78167253 
72983007 
53560715 
53482337 
97322276 
116513449 
47082238 
98924487 
24299916 
22804656 
32676560 
32892189 
146544079 
18365496 
26337961 
78107042 
154286130 
97147249 
128315722 
55681215 
43843223 
57617707 
44031305 
69076548 
117885015 
152603761 
16070406 
44064925 
68767919 
19808169 
33236099 
128028511 
108622682 
111783568 
33113368 
75914787 
25139378 
153542502 
100872936 
3034981 
23689314 
19473742 
19363282 
149026639 
152906007 
15268490 
134394312 
146106287 
113536359 
148198780 
52532246 
81173147 
63372270 
83208822 
79071403 
61859714 
140244871 
142385659 
13995492 
76809366 
29654120 
19160080 
102592292 
150970073 
125306809 
153602291 
119044373 
16996366 
16884381 
52818069 
41623733 
37791023 
30175577 
75329257 
57824953 
44753284 
153089983 
29755987 
152951659 
124203804 
127268289 
21432763 
137106473 
767991 
95400941 
138748921 
17504853 
24170161 
33781346 
11509602 
135634891 
27087721 
41016225 
72446078 
146584190 
99004310 
152877900 
79282130 
49357767 
21583586 
131497030 
17837216 
81387852 
91288637 
135278787 
36946504 
22368173 
92645010 
124833853 
17365500 
12035052 
78525410 
151742053 
14948305 
103175234 
72190985 
77079656 
120725348 
150781019 
22907501 
34655826 
21705488 
53886809 
90671475 
46288971 
99166833 
138628729 
35032730 
73452506 
18737049 
64783022 
24431620 
148924634 
67680789 
120941107 
19301504 
65623754 
55432956 
22371995 
140357282 
30543704 
147004143 
30964508 
133422709 
84262932 
21330479 
125299983 
70435761 
150508362 
16798574 
130935416 
22856463 
140287969 
24034975 
17578429 
129711807 
43193860 
120228563 
17430552 
110095751 
25343032 
125849206 
22275884 
147072899 
128129476 
151398822 
142641772 
77125027 
48254822 
99368366 
94579136 
140204028 
16069492 
130603578 
106879058 
117910220 
138529499 
148406229 
82026729 
68215673 
40856655 
19854105 
70689195 
23258805 
119939593 
126903329 
123449340 
96546710 
143903324 
32670379 
15114667 
139562099 
50620434 
144584510 
103513608 
114869991 
45859796 
41420539 
82869878 
35869956 
13922782 
32244019 
137423425 
149475179 
148780726 
147402090 
106481512 
84121994 
16046375 
21462369 
48426888 
149427351 
29034995 
19320012 
41416662 
127634931 
56814425 
109600675 
147354568 
49273553 
135965399 
19191764 
102367871 
127691984 
117153730 
84204103 
145761090 
26419482 
46733238 
61341326 
34389894 
30114779 
145676418 
25393191 
148598438 
50433594 
128303060 
149042364 
124968584 
105354108 
60695143 
111013739 
110742066 
22268910 
68982862 
138093097 
48764460 
96402158 
148043688 
137927746 
47619397 
128881487 
148120569 
41159844 
5526292 
22987468 
62400309 
130800699 
136029132 
24829269 
143987120 
83527915 
137654051 
80111422 
14867447 
37843978 
127131276 
148398123 
60469725 
28601983 
109323893 
35475055 
51037540 
128914285 
47789443 
5925682 
20966831 
35078532 
37957265 
23423779 
49312949 
113106870 
25035208 
19699227 
15209985 
120226804 
69593408 
41899172 
16092768 
15463610 
137582742 
147735038 
24899910 
36350643 
147423745 
107973758 
53816023 
21069396 
49388157 
39970073 
88878069 
96918487 
28051416 
23139910 
115981526 
144963281 
111188042 
145845117 
44841410 
16918394 
126352966 
115434065 
42224464 
47182984 
138641259 
18688200 
136778929 
143386991 
19616270 
117234887 
19958246 
125883328 
30292920 
131752423 
24869453 
19029190 
58207691 
36761347 
143934764 
146010461 
86403662 
39836659 
43257038 
14909405 
139583225 
73425071 
143135158 
101990782 
67361314 
82237942 
137936449 
136985329 
91530575 
144153507 
133485727 
41299058 
16515355 
130798899 
41039529 
44487086 
2654 
17826289 
15141754 
115261933 
18412823 
64772569 
29098177 
68317646 
6452362 
143472281 
15904578 
67177788 
26059572 
31347489 
97983801 
67130674 
20415476 
15941908 
142706017 
125778522 
29761066 
46656771 
66036202 
144973117 
92890795 
115122654 
84099767 
21578973 
110263006 
27107243 
143265528 
128430302 
16813034 
80489103 
142834165 
130582231 
35175429 
17572637 
121646007 
27522273 
46991571 
120943129 
44514270 
127511584 
33620919 
76816597 
85136108 
95734615 
69394124 
135862550 
14939644 
110773948 
92648849 
55923079 
137851129 
78323103 
24949674 
17698552 
138541448 
25626174 
117194401 
17667416 
54255044 
105824444 
13332302 
26213457 
24470372 
80487845 
108301998 
42466993 
126349885 
142942395 
29247520 
25368960 
115748701 
95883892 
142465162 
28308220 
109472242 
44279257 
19280302 
143287546 
52322791 
78514981 
17548817 
9498322 
71518677 
105498817 
59289759 
11956872 
72564203 
16221344 
47658157 
123290555 
27281240 
111385069 
43166375 
29112179 
32233656 
20967536 
80591762 
29382965 
19413898 
15182666 
55862309 
11938902 
28665714 
134633348 
85912943 
111414558 
64360005 
112057990 
140956510 
142382481 
78693274 
123190691 
19478383 
33104204 
137419798 
42322353 
109045425 
17352648 
24232525 
134324876 
16944887 
40122020 
87241179 
84403051 
78565836 
129866727 
88726875 
127745778 
141998146 
104582823 
125126304 
20947272 
105885069 
133996648 
69510841 
25491038 
127564625 
85702047 
26253538 
23262932 
140248978 
110513440 
32063804 
121948654 
33414318 
22117859 
127751711 
109974163 
106510912 
58105649 
131834939 
96143475 
129817720 
18762856 
136054322 
33148341 
16222111 
38133687 
80438942 
130375323 
141106642 
75338716 
16643579 
137033411 
82048418 
27962993 
100658567 
131959929 
134543272 
139654208 
73250492 
119598122 
31213395 
64776832 
43245357 
98875297 
21540463 
75325191 
23001840 
135716381 
18334172 
53073913 
140448568 
140196101 
64746829 
27880174 
30935457 
131206796 
44594705 
119767839 
103727435 
73957313 
60424597 
87989672 
26044505 
124320874 
36325927 
27702107 
127289951 
30451877 
18742877 
12502672 
131405482 
139875976 
119175889 
139912779 
88841906 
22795979 
138277235 
138926926 
132658731 
52844677 
110972291 
20770106 
126105681 
56000587 
98009763 
128956244 
86205427 
138516856 
136094690 
68707312 
49137758 
103765117 
57232451 
35001544 
112493319 
123100047 
116861181 
56144069 
126976964 
55694118 
13492552 
137716346 
112261319 
45417163 
27181785 
39536945 
41026897 
90547547 
19428892 
136384157 
14288922 
83332542 
127627667 
22728806 
10473212 
125497834 
2608911 
6615402 
18670726 
23118150 
73994078 
135621423 
31749568 
9858812 
39907285 
34609213 
126023070 
73050109 
32410019 
134278245 
95752727 
98842357 
78621372 
113146432 
54446853 
112048397 
95604642 
21542173 
128880853 
20399004 
32470228 
111130804 
14160922 
14305197 
125448149 
29801475 
26905751 
30290469 
104461970 
16968806 
132868667 
77231473 
54700355 
35863564 
15646555 
18031871 
18090287 
17175381 
55306503 
30872859 
45119491 
11316312 
135067747 
22168877 
12081472 
14109075 
134157006 
82982632 
101443915 
35706221 
17739746 
51093876 
17035350 
107270874 
16890026 
72210974 
18615244 
29507642 
14122577 
20223371 
102237513 
25381437 
113611841 
135935016 
109617037 
65909759 
46178232 
136375258 
44773967 
71818108 
33691779 
46954917 
14957147 
15338772 
16265869 
22595217 
105035358 
100112983 
14768661 
17995130 
17832889 
29577082 
40624878 
135610379 
63830861 
115489811 
25542293 
19469061 
16102182 
107120550 
120161415 
115473469 
42520155 
83552794 
89402790 
68259048 
60830719 
1009481 
49102705 
99676184 
54601825 
126962195 
22813695 
135527029 
27086783 
134971159 
134719461 
23223266 
19539716 
17370103 
19578005 
36706009 
118992677 
130538580 
21448665 
20213065 
101290480 
135169600 
133479355 
15099539 
134810316 
128586387 
123112942 
113115218 
39007389 
48367867 
16825202 
97292041 
81288563 
16778242 
91157800 
17829472 
14188501 
127464117 
134058229 
17452330 
132586035 
17817134 
23878044 
89872203 
54563176 
19568473 
66817910 
12014232 
134619610 
12624592 
85865206 
90100246 
109631701 
16956020 
34716632 
119463083 
104173592 
17313252 
21673858 
134199742 
17232676 
71968369 
79790260 
60387574 
116793081 
103497073 
92739162 
122445192 
25463806 
131385774 
54599845 
77816984 
102875189 
128870656 
28609576 
127119562 
41921430 
17148963 
16863964 
15371687 
132497796 
36449678 
63034286 
102290894 
132652798 
33278311 
28756479 
53368851 
119720674 
17982631 
42673536 
89433641 
120978310 
59675535 
108538670 
18992348 
116875693 
29916290 
28522232 
71269322 
14204449 
93916103 
130616881 
7917462 
10321292 
39556282 
16263098 
98431381 
128629591 
58264531 
128404172 
21230781 
97796317 
31273438 
33941565 
45427469 
125590074 
29886563 
94170890 
131084775 
119629352 
90165523 
120786553 
44337193 
104634808 
18590277 
118105702 
110330883 
25075734 
106776402 
26013661 
15288840 
23361718 
131797693 
15709626 
24144462 
9156532 
37376499 
61370162 
68507502 
30735466 
37244927 
130935042 
15505835 
101809232 
122740186 
67677061 
21208356 
33480171 
120215156 
105195533 
25213327 
1132691 
121765924 
79421476 
130920525 
75909510 
132341182 
116966618 
60980751 
109342875 
118588610 
5820642 
30100272 
9753672 
104995961 
89893567 
18150111 
46930433 
123406125 
111179253 
57040691 
6655632 
21276349 
49922227 
71370277 
28215264 
84964338 
131261406 
104412184 
129894598 
117643617 
131526526 
115396629 
54190566 
26315762 
110404277 
20180522 
122641851 
131304207 
125887542 
73857993 
73952095 
85217129 
83304308 
83305575 
54099758 
98147493 
97636821 
