15320956 
154405032 
42294952 
122532942 
58233846 
117733767 
73708625 
2214294854 
515784097 
58061867 
772265146756374528 
745725222607818752 
118187632 
920293076 
790393742045904896 
396867482 
26392098 
826550978509946880 
740310667761065984 
634755838 
408859696 
266504255 
177494508 
1408964252 
70313879 
45729325 
131286673 
53094130 
170897911 
2460103087 
126447512 
165629650 
45883933 
55317570 
22095916 
590813656 
2742827041 
1045040624 
62343412 
16630362 
24967868 
839589045579599873 
2600490560 
2935018637 
266068928 
3719730437 
1735728438 
35605050 
253671505 
2746674233 
22585106 
825802837179392005 
471435283 
8262192 
618408641 
32304188 
20413494 
465721849 
36607433 
45935969 
570324403 
734434605894369281 
918855402 
208060878 
442949329 
22976347 
1056573001 
483553071 
283690251 
265091724 
30581856 
2374544528 
121853852 
130967757 
35374269 
17985439 
840479961509052416 
128780604 
1013725466 
180446871 
1003167404 
184970791 
107520933 
338174945 
22433978 
4228368497 
3193883167 
325297234 
558958145 
25944355 
22000765 
286981876 
37802393 
743128830940975104 
2241377102 
418420363 
3116291876 
72962974 
2587415187 
271056695 
11549712 
264349689 
2280474823 
2584412634 
54755518 
281347644 
199972485 
3301056107 
39653111 
977895548 
147589249 
1571479578 
1561973084 
30979405 
336734208 
822467887499722753 
2346032424 
25203361 
814545904506118144 
536440670 
868933627 
178966729 
33572013 
2763414631 
24649186 
1458644796 
50366973 
702303494053634049 
298663778 
122795058 
337762048 
2603820984 
21230347 
559468036 
1896831372 
96274673 
144663519 
1443720470 
745742787052724224 
706847074608914434 
14720258 
265457840 
728645392708063233 
4213184625 
1646765102 
14810162 
1905000031 
135305987 
1521632468 
497588444 
31302014 
374194981 
3966253333 
31637225 
1163466708 
151094151 
324011225 
303571634 
821768243186696196 
126605536 
27201192 
49742905 
4738841481 
246023357 
3320040203 
1726703815 
40151260 
272077615 
39348730 
24295735 
30549857 
109029494 
433033072 
107622844 
54021284 
1442020724 
148632768 
98461185 
56590505 
784841627558871040 
86538575 
205178645 
946551 
246038966 
3029446900 
16409683 
210919457 
155313754 
1656166536 
2717254872 
202760958 
614852371 
35126903 
1586015017 
738185481729495040 
496463294 
3285917179 
26966323 
28201743 
257126765 
580054374 
824644186024583169 
801922000470081536 
1241740800 
281885692 
15900789 
55414810 
184563805 
5848412 
131059421 
122766104 
1075203236 
29571940 
151129779 
80982944 
1550430660 
16472939 
222276090 
138229804 
4399953875 
49381709 
1074923870 
1389736754 
37779291 
16621413 
190784731 
159188022 
3816925007 
36509593 
1036428890 
626982069 
3321922765 
204904753 
25187153 
52515782 
613586790 
30166180 
16148546 
25977992 
739836760948117504 
380368276 
308384915 
14222518 
94723825 
2710517756 
47732289 
603439203 
195953392 
798464712555905025 
413868063 
14706879 
227480087 
8228172 
381648806 
581369218 
39273529 
756878254070493184 
15795687 
421251101 
24032343 
20525174 
46896918 
70802402 
51328407 
221146505 
18052474 
1874836183 
108068509 
61317416 
26196055 
363108338 
76386602 
233616920 
376832391 
169851424 
333636373 
29893964 
49787995 
60975515 
103012173 
18138157 
544923708 
240864271 
137119536 
15396752 
20576088 
24044309 
16714368 
219682445 
310364418 
3854874520 
2882078506 
819597740267012096 
80094297 
29403916 
409486555 
31642527 
46527860 
87788980 
26155817 
2764468210 
3327990375 
255312185 
773400812445896704 
34999173 
26216127 
435930317 
261806289 
21163375 
768582052417417216 
63488928 
2817124424 
18372242 
151359049 
76491133 
748934144974000128 
320536754 
64872386 
71418131 
4795205851 
138593416 
81756964 
493367537 
22020614 
1321579428 
2760140560 
44246027 
422933714 
476720439 
26964352 
115120168 
410788794 
45249778 
1109960689 
1611730368 
4059066777 
123960350 
2305389535 
25447652 
94463198 
139930250 
828285037 
135964199 
29059204 
2154586246 
127630077 
954831853 
12485862 
4652364499 
66042677 
133488134 
18400491 
162235807 
278504826 
554749465 
22899580 
2205102026 
277495163 
188193267 
54727469 
2620371213 
3406245327 
135932700 
20012399 
26533580 
164543017 
22408691 
4550297360 
415352420 
305407789 
96766453 
501479599 
526316060 
411719801 
731816831586062338 
2830306198 
253402181 
134840202 
398525297 
271727587 
233056948 
21903420 
20691338 
19316009 
453952839 
1096330304 
1837773036 
19634175 
598444364 
2957281661 
252445656 
4207754109 
243333176 
439547789 
17860761 
717643213 
2211835920 
272076267 
773901468546064385 
29660128 
103728516 
1115115612 
1697375210 
31251610 
2245204147 
1050748327 
173055213 
46571401 
246558278 
315326824 
180188184 
357266254 
803671590 
778050091898789888 
775292661993345024 
118499173 
45709328 
757180524775387136 
93238671 
86003559 
1725966043 
3161498132 
4540308022 
2531888505 
792095383015096320 
39263236 
1035898014 
355728196 
52479597 
20829000 
2922268330 
822437467 
501389799 
19468168 
24623861 
1296822648 
3122924188 
92685993 
23177270 
3139180883 
3307218826 
43364907 
42487875 
3349900840 
101966179 
2939316298 
419013731 
32660559 
32779943 
58925081 
3223820484 
2150447865 
723066741375422465 
143126707 
14091221 
21332196 
271286042 
3225848474 
149309955 
2339327190 
268768103 
3251764534 
294922835 
754574562449240064 
531561605 
160661380 
39878074 
468649802 
249902490 
86818624 
154238313 
1327187468 
765779505290051584 
324986136 
2197070317 
1152201595 
250381295 
21751128 
185850093 
20107174 
170054666 
25038406 
2526207667 
27192241 
490127652 
234290406 
163144326 
1385488021 
288372582 
39580177 
52296254 
967587062 
737159723007377409 
542684785 
555725898 
18916161 
32428411 
2744554036 
180878046 
483496692 
2486663965 
734465716691210240 
15613458 
272647114 
18831946 
455500604 
23976874 
16131499 
829571521 
755817426554490880 
317893401 
1257961164 
150997029 
1454874931 
23421880 
762927001 
98464595 
29061705 
637230929 
336423686 
212005723 
24218386 
1226117456 
29607212 
3078942992 
302762576 
41464402 
22202533 
2300835882 
744142362 
31108138 
10161712 
546581163 
230074324 
28668164 
751784047639040000 
28455035 
122259699 
3351307666 
2217260612 
2436233653 
92482042 
887220428 
1242245990 
475288915 
336378807 
231192548 
90319439 
249515709 
332673100 
287522437 
42739945 
3443006595 
17087270 
1365866700 
44185699 
81887467 
476172271 
50739209 
24902579 
220858070 
2340811879 
737475266855849985 
4730436878 
306514241 
17323985 
2421086966 
2711735891 
70214311 
35108073 
232074696 
26477593 
15336900 
3239553435 
69695835 
131703554 
19034788 
633569604 
30363935 
52981507 
184678041 
145007254 
2639125470 
2726338388 
27480887 
22293360 
172634564 
139475139 
2467115473 
26660086 
276759895 
745248153922867200 
1204245025 
117821436 
931112503 
35292925 
29319777 
23549622 
1258504681 
228529594 
718281877254225920 
32929932 
302841137 
4860587738 
62223784 
1222887908 
297095412 
1652728952 
846531583 
76243018 
2488821079 
711605322469793792 
99559199 
174869691 
393548442 
396577487 
233409494 
81430075 
908676540 
353974195 
483100432 
802257817 
3288471577 
762361838 
545429758 
308722437 
133851905 
69463153 
1708870892 
16265742 
704854354419916800 
116476645 
4616955796 
626131667 
1246677931 
1534458704 
2717979534 
89437990 
3044157516 
727158376115916800 
849137436 
2460516721 
2402118709 
295624117 
433746181 
143757601 
562507893 
460209352 
96631624 
140567764 
67202571 
929681478 
44249150 
29283877 
1708234926 
403537454 
48166039 
126176427 
756603348 
50464320 
3552366439 
29817349 
327678033 
1301280306 
3237163395 
715597252752900097 
22168978 
79569834 
988173445 
21421113 
19310190 
5785502 
215952307 
37360355 
34756125 
4293930853 
306539384 
31184208 
30109057 
3037376651 
3050683352 
332827786 
2743252281 
23564380 
239040423 
54407005 
1604907679 
158199758 
22518103 
600329092 
3461798953 
31327281 
28918888 
353395561 
157920439 
19196148 
714292396 
405921731 
313379422 
28176141 
629908105 
71472890 
1277700067 
236989847 
230834677 
212357140 
489803767 
3129965613 
46232571 
26596440 
322688424 
714528721 
14780022 
3108779411 
197598641 
24621548 
4662354916 
427709908 
1057121492 
910809846 
2432306833 
948770712 
164530084 
63891404 
700181178 
287060428 
54817452 
391458645 
3620701633 
2467029060 
28504324 
2924517980 
450374512 
4122620239 
1712360569 
726661785089134592 
4200498615 
97108156 
29330030 
325212051 
2998926779 
90665957 
3152185859 
4883649748 
102454587 
491350825 
19033674 
267457163 
39651426 
4920157906 
3090430827 
303510983 
47483502 
293859229 
2316343683 
2401443756 
52135179 
14089195 
128137607 
45186149 
3481701083 
2204273245 
2203953411 
41973673 
2477373148 
34415204 
194862258 
3308959807 
378386007 
2347385296 
251760436 
3124281741 
766131848 
64641172 
2786311606 
322452843 
3301066073 
2959340360 
2582925128 
2347350835 
909868380 
493553968 
2676196163 
16212952 
97359872 
1360619636 
246956654 
18911295 
2430156900 
1939766486 
810145274 
3497022140 
363972381 
27776098 
18315976 
2180884237 
739784130 
2395305108 
137942007 
605661167 
209003577 
259435698 
390357878 
1718346930 
2365569965 
725218941371555841 
3742944372 
3323351538 
97311136 
23730653 
972557821 
3035535056 
48110004 
125142431 
329197121 
3298746542 
39128955 
2483156181 
2859724486 
125750169 
403055515 
1650956700 
62324843 
2560942492 
742870590 
2307180782 
2593599343 
33546614 
204939159 
1528906184 
291487869 
469110432 
23266131 
42931321 
296444357 
4447558061 
18766459 
73962268 
36711588 
74301830 
22254284 
4901371156 
711872438351601664 
887774809 
23835270 
439846836 
2203897237 
876834780 
965271662 
33158932 
36071880 
10403562 
3244323275 
24201935 
40298090 
196924294 
37009377 
123029923 
25159349 
1877803189 
37472351 
2991547834 
2498944651 
30302827 
82990142 
233365390 
3035239332 
37255821 
2693387364 
243163874 
241415651 
3227489273 
443510597 
32470536 
19698267 
2959359573 
67425106 
608758752 
31217084 
45279592 
2585714067 
2365876514 
38674756 
87122413 
110610806 
80084100 
219718241 
508141568 
28944393 
3720582166 
538153338 
93489016 
34324652 
232645145 
47283664 
4711305912 
703971936037158912 
230513982 
703974238357692421 
703985040426967045 
379305833 
24959548 
25268660 
2609142552 
85365211 
231705803 
263357800 
87171844 
351657392 
361960569 
71045316 
2598552469 
66251899 
3333558219 
107581299 
121199319 
280233451 
3301000545 
131919333 
358804950 
189175996 
190541336 
30493863 
474291141 
129323698 
105830614 
178307089 
47378001 
2793682580 
94709134 
135626721 
33581139 
341953976 
181285863 
911237534 
1707240265 
4083580373 
845719272 
139974813 
62668733 
255306665 
2419584888 
17472921 
217800165 
44060393 
318818709 
229642766 
1572285745 
4130974521 
413137675 
105007723 
332579773 
449444517 
3145499592 
872741953 
479606707 
2164140091 
226720603 
207804616 
2678252209 
77938023 
4034736393 
1613156996 
497333993 
337245512 
37050150 
189011597 
2494963656 
3428657009 
38357100 
2581649245 
18988304 
3632533065 
85496865 
4484121315 
489933956 
3207580023 
1713686821 
733883286 
868459237 
176926673 
24727705 
3251261421 
3292660790 
1611842720 
713782832 
569621089 
4451581065 
143846841 
2779682363 
276366760 
2898034050 
123368075 
1633792825 
188582507 
104026761 
21879420 
51505890 
3288781924 
2411178992 
230035238 
166823094 
17385903 
19953649 
84157890 
429937093 
221919780 
19739097 
1672163827 
224209710 
381679514 
333630141 
3207225597 
1402455498 
73900969 
145921741 
90661198 
55053868 
55383600 
23558062 
19026288 
709947943055400961 
189362860 
2619156047 
885866845 
214894172 
227398508 
20189254 
29229185 
29396514 
1123210176 
204362400 
107587348 
188883926 
236149674 
28504906 
1013802332 
39693378 
1262782753 
4381296382 
188228458 
15984026 
169710013 
27329893 
139909832 
558396186 
25846526 
74738794 
83770776 
282728861 
1436092699 
1714020626 
1972793688 
2165309173 
2251095171 
329606694 
767024497 
393351780 
174448640 
4098797069 
20122661 
2809419456 
3118261239 
452422532 
54026732 
226579356 
248080676 
89486038 
1213050618 
40579434 
603876015 
778197271 
1869119526 
2451790855 
1241553972 
145370631 
4235628933 
498283025 
229333268 
2730041046 
2750821219 
339826686 
369698606 
4037177356 
52847445 
2258176308 
30744148 
52881227 
19410880 
52299972 
463940968 
211655777 
2727532069 
2837536595 
513388004 
236931056 
1677340380 
26659101 
82219965 
142219076 
2920968516 
136425054 
33306829 
621066025 
50372633 
443459894 
1582372291 
59812185 
65755831 
157960844 
2992733486 
47561218 
319290362 
36673099 
322295409 
126198214 
29568368 
33689917 
33389728 
80012000 
3159711842 
27914138 
2660607096 
14992840 
235407364 
106496939 
167887451 
897783415 
751957123 
19896866 
259745413 
83631758 
1100350470 
85829286 
65574750 
78431535 
2879722597 
343081048 
2411521441 
244221360 
4107569973 
3096937022 
245470800 
289361776 
256268612 
622447310 
298235167 
1021264382 
1918038841 
1219875324 
289274145 
3270127706 
25132651 
605866346 
578804892 
31170589 
108581104 
1533870678 
86413568 
23134978 
1691371819 
3320659039 
610761627 
36246389 
2831509060 
436340729 
630824199 
407373436 
19809103 
4250599203 
2494328311 
83050373 
19530101 
117839794 
2206301345 
364541328 
41054726 
47828827 
196876512 
50326189 
20030987 
50084829 
32969708 
16241734 
43230775 
377868765 
2580781506 
3082594030 
128416719 
395797430 
246418955 
591629966 
3313846910 
418715807 
38422866 
25549791 
61775554 
78196499 
106082891 
17790164 
18996035 
295227803 
114243694 
234219191 
171172372 
2535296584 
22849509 
131391546 
2249590315 
281300449 
3280347853 
28698062 
3443817742 
56539852 
387779930 
247433215 
496060835 
3515696434 
1583170448 
92918579 
182645759 
34487135 
127103218 
47431264 
15221157 
18253889 
16540406 
376043309 
184116434 
974263591 
133030573 
569525464 
17854063 
1666920144 
363533309 
346263800 
26547543 
3109400593 
21383658 
4920597521 
4222478524 
323417384 
17230018 
625343341 
2175254327 
2586506401 
159265877 
246639380 
25773458 
2725527427 
353970980 
1330697624 
144171787 
170486099 
32746529 
171676012 
100381991 
216201838 
37023723 
314901898 
1000655022 
106838594 
234231415 
262051017 
29406960 
4185730937 
2965020503 
112898255 
324487101 
184561858 
220899652 
331245565 
103317611 
1686149635 
2937367459 
2457281790 
344707874 
401714985 
17929027 
22196493 
12055602 
39681957 
33224169 
26928172 
20064911 
169998272 
46609945 
38972896 
2994326866 
408056433 
146879230 
30545391 
31232180 
2178013839 
178965058 
130573612 
40875344 
207633925 
64296958 
3432151104 
95318252 
24995696 
58786027 
2296372772 
432985329 
87813585 
217100313 
63667471 
32152573 
34817666 
40455889 
40134589 
89210037 
22108726 
2305743397 
168220148 
335361222 
2998646783 
44507632 
1911669378 
23482952 
20737272 
543737941 
399734384 
4530570148 
28997016 
33499367 
1048790610 
212207696 
35710937 
7625482 
568383556 
30932032 
36017684 
36734275 
21068902 
73466983 
38933355 
2883463365 
16200497 
16554719 
269499637 
14222536 
83877357 
280523993 
12498442 
175581656 
342986542 
14261961 
497243103 
1201710146 
14539473 
51858262 
187595765 
19312115 
14740219 
21133060 
3324517272 
14162803 
3245825218 
18468591 
377075543 
20926233 
18286505 
34176182 
71732691 
2894462885 
89986486 
317399128 
3905237085 
559677797 
358458926 
3067314224 
152851563 
937879789 
271278238 
289438014 
142966873 
12914602 
978815113 
912727560 
3295477099 
19382041 
17500298 
221446827 
239879330 
1016601894 
35936200 
33583146 
252314920 
4106471237 
26867307 
346872985 
2563960889 
17053670 
41982729 
2883622332 
2649623485 
1263329606 
52514885 
173521429 
4138719613 
60793930 
30432667 
261229734 
58213748 
253811753 
328670778 
286778017 
271249775 
3166991089 
76174740 
53702414 
634446765 
18773892 
4183323327 
392882212 
19830894 
2395672812 
40080324 
146875760 
2822355517 
98474093 
320292463 
474250121 
15111002 
20537940 
52098310 
2213069376 
301190416 
3062868042 
526833161 
338335871 
2161631623 
1455824833 
2582466126 
30515073 
32453731 
1057200530 
286822637 
50914114 
4239868034 
23228903 
26707719 
1915234596 
26626747 
2578845041 
33671114 
786691340 
2901740594 
72982221 
6110012 
2905440476 
19425054 
20866038 
27146861 
55460477 
391670492 
293793949 
16723838 
49836299 
26323017 
354718832 
19044775 
3923884934 
311151727 
39197011 
60848332 
2445325427 
112228995 
54918378 
167667608 
105022691 
367001380 
554722383 
23390402 
1049004152 
274040176 
27176767 
2646448726 
233504084 
23741531 
1713928748 
83266089 
2708636053 
230708827 
23911379 
371919242 
46601370 
24150252 
346990051 
22858849 
25158023 
1924196306 
239509917 
53729825 
381496817 
53717630 
33684401 
3219120624 
2688226298 
87146101 
3165976347 
83409998 
3795597084 
24724038 
20293516 
4342775596 
2612517909 
2983281120 
525945247 
3446885669 
265707231 
24134712 
1190325248 
345037980 
322046376 
25036223 
523863294 
3253050038 
308166647 
26048199 
43474982 
32663310 
2790183371 
334443614 
1886619679 
22866666 
490566051 
109080447 
339170103 
314165632 
3313746236 
19599449 
2703196364 
92360084 
246027990 
4130961193 
23712369 
3070472615 
43478554 
47576846 
2526880837 
40707697 
3581952077 
33766662 
108595818 
940242487 
3852533173 
2311173960 
2423873800 
190481460 
382763253 
100857164 
924013723 
233755897 
44239911 
3359197642 
17441447 
324716062 
377513013 
75503381 
15868970 
2346739765 
29684727 
355840199 
575018185 
320811243 
20659876 
57227772 
335937650 
540363901 
28457670 
16186543 
418888028 
520529720 
38232188 
435226288 
25153987 
28025435 
2304396743 
65483081 
3189070344 
23205096 
76236651 
581294001 
624373593 
343786488 
24539564 
289164727 
61571826 
2416072488 
155424446 
53195985 
156496221 
3308915907 
767157355 
26817645 
2683479432 
252868465 
108462740 
2347358342 
4705365383 
37612238 
4354454675 
47032356 
4562818107 
32661406 
62823957 
15905679 
14701289 
198609667 
479099624 
26643053 
165948624 
2393415708 
19543777 
329262541 
3291768598 
57125521 
2927423313 
374892928 
3151049246 
23342819 
3254787384 
1108096867 
1712174640 
2275373539 
93999665 
344982264 
69636183 
330293740 
2269473666 
234270885 
30409694 
3108016383 
211266908 
338520473 
3874843515 
4704873434 
2952313048 
1125789782 
208223651 
2532136133 
381056229 
846498552 
731496715 
2332752308 
64933709 
387050961 
922481491 
564306945 
133558723 
3865327875 
2431173945 
594938059 
360916129 
520901834 
18853635 
200984653 
544632010 
793121076 
1909756447 
3260431706 
22304289 
247843686 
2572177261 
27787754 
1276220180 
66030470 
307980463 
265708997 
257200337 
627752425 
763125618 
1162024734 
1143841676 
107561567 
49408035 
230596811 
17801182 
155280200 
257941929 
1104968779 
70238685 
3087716448 
110593394 
148129041 
258970579 
356263656 
607394126 
103116485 
128449223 
2172822862 
409022032 
276722535 
66409685 
402197335 
3818940199 
1654423190 
355994099 
1001032766 
335656350 
23727602 
465797432 
96419964 
2284124031 
2255867040 
251723112 
273112461 
24303168 
2168306751 
529004963 
26096980 
251389602 
33092697 
46960191 
468567941 
325161400 
933407251 
298221627 
305849788 
37823898 
2762399455 
2953963007 
95240465 
941396604 
28226338 
3277946730 
358830848 
15277129 
77761137 
3321213871 
389816852 
164089189 
132727418 
3430649507 
122526692 
2775319434 
104528097 
193859482 
38461961 
91857040 
265499054 
38777742 
972484254 
422919985 
2887046299 
108455296 
1332680010 
21590136 
211617708 
2868720869 
1898920574 
360328586 
73939719 
150031012 
478219439 
80824873 
1723636500 
892197414 
314412653 
1593741330 
36115074 
908854298 
3484348457 
735288181 
465920955 
814038385 
365204380 
2463138934 
2424936274 
60896917 
266229054 
362838240 
2477835888 
2526178639 
3189297060 
586756436 
16844168 
488078739 
73339759 
357935809 
185810178 
2478301921 
144996894 
2434859820 
37959244 
34025928 
384321453 
281226181 
241424499 
216358323 
156606906 
178252632 
2735801007 
36378247 
3524233935 
565468351 
19711049 
634784951 
507264448 
44235488 
484390015 
169497844 
15663523 
3691885169 
191682355 
455093636 
74914114 
2817965953 
295282811 
70325980 
93880701 
1626053701 
160423953 
563190755 
583119643 
23018873 
47232335 
2535874744 
598540507 
543753399 
94802986 
204613007 
384954055 
3838359449 
361909709 
2285539633 
1546194625 
42990372 
125249726 
4018959520 
399574392 
1964310835 
291792912 
550593719 
2948180768 
201428916 
3133712294 
1971903428 
2462159995 
294541309 
474508601 
361616116 
16688083 
1553473459 
78038313 
2197411 
342131776 
23892666 
2712354800 
22234161 
532088935 
423119917 
398767889 
18894393 
3331879228 
1035525374 
417641112 
20661530 
858430962 
92992773 
18849567 
3243904835 
16225240 
211330513 
4087155400 
365481993 
1308957175 
612722660 
402953697 
2373953321 
516188156 
603385490 
58763011 
1344879182 
872726335 
50218727 
177313347 
24108791 
131614954 
83029291 
77599374 
378812819 
1301163888 
16609468 
3388204331 
1240105614 
82888769 
195782004 
22789253 
14287830 
77473633 
2937748640 
31071075 
1736314124 
21257831 
257706397 
411027459 
342376523 
41762154 
3234151650 
388578782 
3002542522 
3252210176 
195446308 
1541366612 
1172702892 
48507138 
1021675747 
24814860 
544749844 
72565911 
171829412 
550893906 
56009366 
260576445 
115433383 
27748314 
1318202023 
4128076157 
384849926 
1122912260 
25489670 
79570833 
32259455 
3260520794 
36636628 
29079654 
76219398 
2232444630 
30149034 
566592652 
2979004180 
30332062 
89048470 
423795190 
26485830 
25641263 
306824541 
2792840281 
3028381739 
1598705371 
2785441870 
205104747 
394967873 
1385646066 
2718547292 
158910565 
1619571738 
419157352 
19955575 
17020674 
18599469 
1058543286 
16585848 
956113772 
64400844 
19374270 
549476912 
59786351 
2436881820 
18924291 
758008950 
94587843 
3086150635 
161138989 
30959290 
32804481 
2410120608 
2411523559 
99129644 
39603710 
42588483 
189931133 
71633532 
328400635 
1691914032 
255205167 
1910039520 
3011577140 
18124654 
42048240 
25060424 
609393708 
120966207 
238260330 
97392705 
2443187712 
189151074 
702312354 
941833148 
2182802888 
37868827 
1442509080 
2842685526 
4367108295 
2367637274 
17216900 
1595889096 
623791799 
221600884 
16480749 
1000018933 
88471823 
2426075533 
4057097535 
623541058 
1589771276 
23530358 
35949598 
2407815798 
2796448662 
62824753 
315621035 
14411797 
52408619 
19259844 
22744842 
36139712 
332478729 
35577173 
16329181 
30597190 
23032965 
2984913882 
815961823 
163877409 
91414350 
24980634 
18098830 
1137499086 
40912271 
2780657884 
4095631457 
285462710 
465351213 
46413466 
4347726914 
1653172412 
2293471885 
41107078 
3064726341 
1677124890 
2916590951 
29168069 
39008044 
375443914 
20222055 
16312576 
3142490826 
28201992 
419767614 
2269828201 
344903427 
18596193 
160383861 
25538545 
288967736 
13255172 
330306256 
96193857 
1923089324 
43905403 
28222480 
128626186 
27673684 
3243871311 
182417583 
21228708 
23042971 
46296304 
551981367 
24967668 
349049140 
611810403 
452671413 
44526954 
32473029 
18871677 
14772687 
432588553 
3282859598 
1886920430 
3180865872 
40969036 
2204878877 
95442606 
19914976 
63978040 
15902922 
4282502534 
226833635 
24568155 
84457922 
1387585609 
33651904 
47825219 
619761183 
2929602590 
392471453 
78462494 
24639804 
65882260 
259839553 
212941983 
24119660 
30354651 
110337347 
20293173 
220206126 
448474552 
110297229 
15817072 
3849818954 
2832599589 
78956738 
45901402 
17408986 
306321699 
3377943539 
17624477 
831637434 
384109970 
3241694276 
197252012 
176118622 
193922479 
2455341499 
20816416 
63291596 
3059771722 
56312991 
358656019 
1281730795 
22848616 
1881894732 
78501170 
289735800 
225585271 
30128874 
1649795720 
3222666973 
140602503 
41889880 
154341539 
562513111 
347711711 
733214347 
1260407084 
2191699395 
196058265 
246556489 
3310870549 
3891240748 
247977494 
1378362756 
224396005 
1395560850 
2544214266 
179054511 
22988010 
25932445 
51312785 
1609060712 
26137989 
1963045632 
336655902 
15759833 
193869534 
246837516 
27819083 
257096382 
540211402 
3397669043 
48862836 
79605394 
242611434 
20492519 
994232107 
216543651 
169992125 
52317287 
118249137 
304014905 
2328578294 
1070126970 
21303978 
188984818 
55519295 
192371766 
3455192777 
2850864512 
1699426045 
156028447 
2569865151 
3154387436 
124968412 
1041431340 
263166120 
230615372 
201484588 
389264873 
804469105 
120508678 
546249792 
860444563 
200197741 
23041667 
23630171 
2719035633 
464374127 
38860110 
2588220737 
1869196411 
2793699678 
14946895 
731554140 
735773 
516890675 
337163383 
78177660 
414775155 
18506837 
168484565 
47555113 
1051201818 
27259169 
2370817676 
301086033 
16076444 
283077817 
459076400 
76279333 
24325547 
112178133 
22021242 
23110888 
25077704 
43864871 
159340750 
717420458 
19589611 
20817807 
30398476 
368999836 
35992840 
38046164 
3048262964 
252252215 
85731597 
242012659 
575838535 
3139701678 
40071040 
803439408 
18916646 
211576591 
17542901 
1289067421 
72428235 
176566301 
3034919671 
24726509 
1936106996 
63172203 
3233256156 
206352323 
2768533525 
143129823 
76659774 
80921326 
836206188 
3014811695 
23762680 
366436354 
45922736 
3230184647 
39987236 
103811471 
141014815 
117087700 
283259872 
21794771 
2905313206 
2696021737 
776988458 
19041450 
29145111 
46213956 
388604541 
60520655 
2224349263 
39624711 
2940900957 
364630013 
154046984 
1455571166 
17351666 
108081268 
39043537 
1528918742 
417306003 
69907103 
299289918 
22568794 
22214520 
2330972328 
301213634 
191166668 
460039674 
1426453718 
2780676776 
2388927798 
25738862 
719493280 
382824059 
1445984881 
3366388175 
18560695 
567838545 
251194569 
2865811286 
18777475 
798665600 
3242405532 
25501130 
26088014 
428432978 
117729524 
174377381 
3194817745 
26528322 
2576043173 
113167729 
1560945494 
2721075823 
312008154 
99570783 
33433183 
224295548 
20584154 
170702121 
1077288937 
23894637 
23456995 
165524798 
74628799 
386317180 
287970452 
44365447 
411244066 
36705874 
118967915 
1445637175 
25513053 
15994406 
12844642 
542224247 
90461080 
1356899113 
27877700 
15652456 
107927286 
28510799 
2288790219 
177373113 
94468529 
179264374 
745222477 
214270316 
306947969 
2463787094 
601520868 
147285166 
1540011018 
27022632 
242501553 
23806691 
115817069 
2352729630 
34036315 
173461931 
333805692 
60476973 
20783583 
214513149 
3357199486 
18642132 
45678296 
246105661 
440685771 
331114552 
2414865755 
51870335 
1497402584 
622956477 
714440311 
148622179 
42457851 
768304548 
3323430393 
26828406 
1636049132 
180164298 
111419335 
174898946 
43200511 
632775923 
3041646891 
425105938 
160355580 
398818527 
633748232 
1611635503 
62710398 
20064380 
56282728 
90527260 
95449064 
82728727 
111680446 
108372881 
1927381536 
433890626 
29792396 
291405463 
16518145 
180698657 
71354887 
35982520 
2402201444 
2479879424 
269587453 
2279522616 
46274562 
27955861 
455358218 
236256454 
117243086 
898970738 
20991494 
1615533354 
2218229587 
2742679337 
93238063 
223161480 
83996061 
102535393 
1554640866 
173084562 
3346882558 
116520581 
3713286513 
237729960 
62140586 
1542982322 
54089386 
220804067 
329262013 
193961282 
37137952 
241747718 
34127140 
25929602 
33060138 
111064739 
353701419 
48528232 
21600431 
45721650 
349759838 
413561903 
29940431 
320552355 
20612033 
718858855 
208291954 
236516429 
79054946 
1647275017 
1593655710 
436100252 
83982912 
346907980 
16419713 
347430522 
42279025 
273246436 
2905256259 
239445521 
24226441 
30848963 
20054788 
267581677 
21108073 
117376208 
255660197 
869973271 
1609915734 
128601914 
219527429 
3697332016 
77842319 
34519049 
33311232 
26879544 
2566026342 
2649180901 
124003770 
27858820 
79238164 
24161687 
530850623 
24666230 
64631399 
55500137 
325059717 
314160287 
30863615 
2701907004 
2153839382 
14239769 
18186143 
118198929 
2155897448 
3084100613 
89564114 
44027817 
880499084 
17888589 
79841037 
122232832 
1586274476 
513009516 
116873658 
22121373 
1485484459 
27725199 
1882736624 
3531229347 
3551097620 
43032549 
23390446 
33149449 
25042579 
3070870843 
410165295 
113392466 
503717862 
20825142 
164293605 
244980761 
3018111009 
3190642982 
53487649 
77646259 
15371482 
23978727 
64242926 
422316753 
3042347402 
455081716 
15879853 
118143382 
214882399 
23039285 
4532891 
613862745 
2918319661 
251706984 
1927205714 
28090945 
487385047 
262881419 
15958130 
18033816 
28638191 
62375698 
18156146 
242849452 
378655529 
76786732 
556321210 
23672606 
452181841 
3128005156 
157071545 
2751848129 
3852674021 
401035575 
29123681 
2836994837 
216444984 
108056535 
108459015 
28863179 
175767619 
95717258 
1481103372 
371452526 
20727684 
324554953 
91148941 
98986187 
1854924924 
257906341 
56026492 
836047392 
3011563423 
1935788173 
251613981 
47268152 
137933303 
295469019 
53203892 
14934818 
19084855 
3914839573 
247133229 
20493439 
3313410487 
229248249 
260560343 
89397987 
25194335 
409145784 
1104988483 
532819389 
2608935265 
165834612 
291521551 
117037787 
574829891 
18075410 
92449132 
23289337 
28255616 
77012673 
3306650643 
199999865 
2733597561 
14150937 
103636664 
41225977 
63807748 
1110229524 
313361640 
87054237 
24866239 
177453900 
21599871 
578779146 
178765854 
122539413 
110811501 
410369486 
239990213 
1163428476 
21706560 
45196738 
376565445 
4007039293 
24216951 
19955482 
10876852 
18201114 
27772844 
11082772 
310342098 
14744569 
1242557695 
1275556052 
137896488 
387187240 
2618213024 
149324796 
892080535 
116636059 
509113202 
31329186 
2584805923 
1669484850 
3291192658 
326343810 
3006400839 
45460060 
15260542 
69896356 
533450154 
160924299 
1638406346 
1646844787 
72093743 
1090466041 
110607543 
2879782649 
221107659 
2984968521 
369631951 
17179626 
1869127680 
130314799 
21475393 
300893869 
42617207 
49223850 
4194538799 
3377837601 
59255136 
129009730 
358455579 
2958057364 
431198250 
15375383 
133076073 
250338114 
31733035 
28504041 
161004605 
472481720 
126350703 
16211566 
41334382 
46873234 
463310561 
1217068771 
71633779 
21886583 
2939615284 
2213083215 
27402482 
116234078 
2447994380 
2804802483 
633880645 
38295069 
19571212 
175316806 
39825061 
29810888 
14791162 
34635687 
56406574 
2928753442 
1231915602 
768405620 
2213133616 
169273810 
1642901442 
2987695956 
68424709 
376300960 
20518298 
3769725493 
21897334 
228332540 
114788092 
325665105 
113450521 
314351116 
1682582293 
309966221 
23432676 
153144959 
47618120 
144716431 
142834410 
27982422 
2470440078 
515599125 
30979980 
457000470 
2944616303 
2884771 
14629315 
593553282 
3245434200 
30832542 
41003315 
454463906 
22924867 
26972830 
632019277 
72073289 
552462961 
3271175936 
2542475130 
2460771012 
29381752 
168327958 
460237810 
29966539 
392189297 
998134116 
1467332090 
7111412 
325260518 
746371706 
67465938 
3300950916 
429147025 
617601980 
3335008653 
2272376246 
18996840 
632256341 
22733444 
41780491 
74254895 
2329855650 
94891429 
210534870 
2655311047 
1523039833 
79880045 
280700586 
3312815204 
21708728 
2456350372 
3390519501 
138189657 
951741913 
20711389 
25633837 
20808358 
61484151 
3326460612 
25713124 
36293194 
206508957 
265237275 
465269441 
131989111 
31649424 
326189270 
428307450 
318838693 
2324170926 
14270970 
36963877 
381847366 
2726545135 
1365999175 
17971150 
465883101 
2432683285 
2301367332 
21265137 
856842774 
316573822 
1715847848 
27402812 
38384748 
233336132 
355248308 
46500797 
419371928 
348300773 
279264217 
2350074868 
185789158 
406024694 
332889530 
148677139 
21844099 
24401592 
47630741 
438611980 
557014267 
863721446 
158879326 
213773771 
35909599 
65271935 
51959764 
265951697 
1010101092 
3094889566 
220046334 
66073907 
58487013 
16698503 
3379864665 
2587574752 
29470184 
345203433 
64117463 
233394326 
26667074 
243956258 
28922653 
235769468 
2374945868 
20328080 
457070452 
1380696936 
70167055 
345014380 
428789216 
127371753 
11309682 
41977770 
526035717 
1880900215 
24469111 
485977203 
56119308 
311159087 
162347290 
46975842 
50096544 
50793235 
208856245 
14423603 
211633421 
134662346 
251433567 
144591704 
47438881 
83717403 
20317290 
1398660031 
21202079 
2284923457 
196033511 
17610715 
23612453 
190662631 
30821400 
264541639 
30020994 
416354844 
180217326 
120276387 
54721359 
219789184 
28661411 
234964786 
43874043 
19312918 
514566414 
26950199 
212906661 
259799313 
3139869339 
1577857226 
22562425 
345323161 
33068058 
25103098 
205027965 
350662893 
37850339 
14328445 
65500118 
25996927 
49416225 
1317526255 
263898906 
33158980 
23036409 
26195354 
44006753 
1334310271 
93352247 
68903000 
1117849704 
2822829044 
572083129 
197303127 
517807339 
48488535 
1520182500 
2317599735 
3314110246 
47961012 
787533121 
518737741 
38180439 
225153404 
1576865498 
766467206 
18968306 
206832181 
14597239 
312139726 
540965454 
214622133 
16055389 
435892374 
2204034272 
201148117 
2298419224 
235628671 
86983269 
336386383 
881435678 
2897510448 
2872370481 
1909425505 
487584454 
454739849 
845246330 
149638765 
3433553079 
3022215370 
29839606 
386318846 
236639156 
25583761 
27340460 
95386169 
235647858 
14235543 
2583015318 
102558152 
124496489 
50494228 
2762864549 
3024409997 
249512777 
19926495 
18619664 
215736563 
107441378 
333488499 
34365099 
462934241 
219301268 
441959408 
1776453380 
255781565 
3019196980 
1228636578 
33777424 
856503973 
2301837697 
874299356 
59708334 
222622254 
22322638 
84626338 
14704052 
221166041 
16502245 
261492707 
16900536 
2578538992 
2479937205 
217150938 
42542661 
341057794 
139748150 
250247780 
509896899 
221764914 
335065819 
448611332 
1058104100 
1621330416 
201015170 
337701356 
2233214250 
363390151 
58054957 
2540533153 
2845416188 
2278112131 
580433087 
234182230 
27420657 
3258408514 
27580052 
83555514 
31525107 
1587797390 
30437091 
274036100 
309100967 
3265372914 
25081449 
152169668 
618357814 
31277996 
256971024 
25642566 
16232920 
28294634 
1893835622 
1242236492 
31212165 
3077576533 
493107763 
875671951 
1340877884 
359266678 
3009828915 
122689201 
597511160 
21998156 
267812459 
212474254 
68178058 
1494243410 
234139115 
29916073 
43371495 
17549140 
383495916 
29793913 
829438495 
15924321 
251829550 
281272504 
459728104 
15366469 
150290913 
415778715 
99670461 
2801634740 
3309139560 
99010053 
24292190 
307587787 
20370943 
184884811 
41657398 
156392485 
3408173271 
143253903 
739817048 
3010642808 
2611659147 
305986390 
150755033 
184553662 
49596617 
188318652 
265599901 
108399109 
112112047 
29962578 
3386537747 
258073716 
9830762 
8161862 
3007867185 
1300048447 
3312217606 
829509036 
23882409 
362844115 
261865738 
169811836 
62643360 
35180522 
282785368 
168296715 
3429171615 
1976762172 
2233278769 
284880923 
296920445 
554962747 
482227291 
41866057 
43563720 
35511504 
1082136150 
272152059 
1270972280 
254388290 
51966877 
1120437674 
3281924209 
27303284 
492498500 
513760493 
181256743 
76543278 
436131191 
34301875 
2458283886 
83064490 
156821456 
19079498 
321458085 
565688258 
2849428304 
1124907697 
18009221 
599457462 
976114412 
21824536 
26588516 
54323378 
73764162 
27775883 
21748010 
4027749262 
21424860 
61596232 
3305465362 
167921651 
47527270 
263740828 
1938134712 
34195020 
33202284 
24449160 
24941744 
1051342777 
106560713 
118254177 
22688063 
372640781 
17693277 
28071321 
20552792 
600844761 
213485384 
536971703 
3059848209 
69756300 
443627365 
89513392 
148950479 
74518740 
22156213 
541448329 
3515991441 
153499283 
957113226 
595993654 
2924762348 
85423424 
509604205 
188566044 
2723635109 
9720592 
103085985 
58440245 
82770852 
636282390 
2504372224 
35897210 
16135783 
165638461 
236150197 
27112844 
586310057 
24067933 
29133932 
299364430 
408139229 
334940482 
105961394 
17883892 
31093408 
2917944726 
157473281 
1942539986 
3287688120 
2876297428 
3096981691 
313017958 
19017237 
3299307994 
191568130 
376845127 
24795163 
3335936039 
30739570 
396261737 
38609073 
108466268 
63492043 
192615095 
803729780 
32477210 
605006552 
22975692 
2166027223 
2206824755 
3589791435 
70977038 
1522329612 
3308237472 
1720714849 
3291982718 
3269563244 
68003308 
1465662080 
34716038 
20225875 
2325885294 
748232324 
3108137311 
2378120879 
131018403 
1306264843 
3027273509 
1034333036 
34943702 
163755960 
1246057196 
23672980 
29925273 
25879842 
16560657 
22951980 
75649261 
406206694 
23888081 
121470572 
928144556 
212883127 
21070739 
826549368 
764865943 
14199567 
3422896943 
154024082 
19055236 
3267400560 
2958376948 
316233987 
24976570 
24036264 
74955358 
15899394 
3197583240 
336704013 
20206221 
165870323 
19616686 
32944517 
25783933 
61336445 
2409755714 
36456521 
29128728 
3631840036 
1433336294 
1262279462 
223047786 
191184680 
183183418 
34029950 
25095418 
308827701 
318720691 
115219217 
18123507 
1456048712 
30942251 
154498341 
379187261 
11277292 
141389143 
22560739 
254065456 
2497323409 
227394675 
160036329 
21584689 
359410828 
16466943 
46116615 
114326809 
1448703019 
185759701 
305583981 
186417114 
1376710069 
1927446103 
361427154 
528700192 
70996795 
2263309443 
22417134 
124112589 
34691626 
62665500 
474417935 
3079353977 
139494998 
343625812 
44815165 
413819556 
24918393 
451511119 
41588119 
36017559 
257844720 
184373852 
302737071 
201205415 
19421736 
176938896 
98839668 
32515044 
298679527 
202682708 
1160580642 
26962320 
23744086 
24675357 
913383769 
26421401 
3104322370 
18935811 
561885301 
105482989 
339676482 
25686763 
2446981383 
253629530 
1451601691 
905931188 
1066315573 
291382148 
323278597 
710548242 
3240622293 
124635269 
23844541 
628773508 
303509656 
53521527 
3295258164 
545336522 
37938242 
173001739 
8509322 
103666927 
229194892 
24564086 
150425432 
26589987 
491721982 
501235157 
220938290 
57972290 
1855685060 
114870386 
67732578 
112747576 
25478204 
23813552 
528627293 
111778260 
14984955 
24987045 
15101270 
2746260567 
282523661 
3198039500 
37992531 
110302940 
237165121 
33455830 
3529755976 
15471045 
3354166955 
131998755 
183620439 
3072381793 
2944272012 
373471064 
85380508 
386761016 
1549725732 
91148601 
451938702 
37251100 
2749510452 
75911240 
26915428 
63037213 
25875209 
170551541 
191752561 
2188514275 
35823993 
1705145430 
90706034 
100588178 
33686913 
792769958 
25939081 
65268066 
338070697 
162617034 
26178504 
100140767 
31896857 
468911862 
43522180 
2808519581 
29773242 
32705637 
37673861 
1116541460 
239980122 
211886443 
2802480870 
3374172395 
21250868 
18038269 
88737546 
27279922 
285956337 
3297265615 
2781543287 
1059034194 
2717177668 
740061734 
244927675 
16725309 
842979601 
148853680 
256407837 
826421808 
291991947 
108389004 
275192498 
53216997 
1051180596 
67130476 
197915652 
36980342 
23409163 
1289537552 
96429722 
66750855 
141327214 
256450825 
97593887 
212326976 
501973262 
766286491 
2904782029 
2296558632 
3044040317 
260448246 
397075566 
321970500 
501603795 
1471210621 
76064267 
20576735 
134892392 
2857274134 
294359461 
404578993 
364450389 
3025546533 
1379409475 
372938044 
3229413865 
221190918 
58529612 
33498000 
567605201 
1205165352 
2966479404 
16910406 
994401512 
92574760 
340516596 
255087638 
381105068 
2582203856 
101346548 
15962388 
2797459852 
16682151 
112783739 
141087307 
158136202 
335157067 
2586662430 
36738570 
259941317 
2382673736 
2560793696 
133053068 
59022281 
3065454893 
301684259 
332473158 
2379290894 
98746727 
244278069 
101670542 
574857684 
47666792 
1388498726 
78895070 
320571378 
553348788 
17540864 
15416955 
210684204 
162800488 
164425830 
32545520 
430250398 
173893698 
348736282 
17523013 
1427020052 
124212458 
37192565 
407125007 
202775347 
90012796 
196761869 
62186584 
30132229 
173740053 
356917430 
2567657396 
394424172 
21925346 
72041808 
886227506 
3241208779 
55919541 
982725576 
2285472985 
268316966 
22840721 
102185111 
39930604 
3154951732 
39630126 
1721312508 
18295688 
29441705 
465932219 
19486963 
29417304 
28127189 
16870853 
365662685 
38127400 
427740766 
246088583 
106407733 
448521595 
419838067 
963242533 
33651797 
2423562593 
407752302 
2204660114 
3299103285 
1482706002 
2993981110 
3242226737 
2712505553 
385011657 
358727809 
195485828 
3106690167 
40937731 
16216109 
18675582 
3246908337 
453375276 
47290876 
23265506 
18350387 
16359238 
2390138004 
456989740 
512613427 
213386120 
250715248 
2184073414 
27512619 
45758751 
1507864411 
21428498 
3033323695 
227516842 
46709326 
915582217 
3177647818 
1022493150 
18884693 
19278826 
2421251322 
163602426 
2165590886 
346931833 
2749355381 
27677483 
3070030827 
325247983 
2324411436 
1556738660 
19458908 
2968608665 
16716726 
2243010818 
2493237253 
518916352 
117314237 
2192040969 
15933953 
70983920 
16490974 
1234518536 
531609845 
20941787 
28870149 
18545675 
1144425990 
17169320 
362905174 
44207541 
30892730 
52740631 
54050340 
1291770157 
96846955 
2303428627 
436839589 
614073528 
35788016 
22155584 
1534994748 
35106687 
65804015 
1132559599 
37073397 
368649018 
27468293 
42376397 
2790325556 
21265748 
171178664 
797248736 
79021388 
25442915 
57143986 
22123525 
15455433 
194166475 
35350020 
1063143290 
2948799783 
41126960 
244234172 
527096028 
332416400 
2163342352 
2940971657 
3246947548 
531579874 
214695695 
370234164 
1348846538 
160386957 
292488294 
383542426 
2527274910 
584514601 
704560961 
93736389 
258820765 
57955090 
2287931445 
807453229 
147645576 
624249058 
1289950548 
25021693 
231921851 
16118151 
98478871 
84500944 
87104935 
55740999 
34180724 
98722382 
31196429 
1872753030 
239249893 
357956902 
1853732496 
620353303 
2618618865 
324532327 
164707756 
62293855 
16173113 
264862160 
3111489303 
720201968 
17662117 
35882252 
405001975 
2672816468 
353402287 
161516081 
28242029 
732626101 
2831512085 
23961364 
973145252 
799188786 
3253920541 
1625498088 
355861713 
2190596328 
58894482 
204387637 
278111486 
536549910 
17843036 
809828137 
2593589952 
24244583 
21117305 
17356059 
2159095167 
2822332960 
220668496 
3304056605 
981487844 
499864307 
721268264 
553156939 
1668174446 
33905773 
125945180 
1619477203 
2914913416 
33794509 
31184516 
1431639872 
1603772690 
63857044 
2203902366 
1161785053 
155762672 
2717989045 
3319659773 
585372558 
1862050201 
234166506 
2853557997 
433626817 
3138457719 
561609483 
119913901 
1602253002 
351315352 
15120158 
1494050208 
584382830 
1195443776 
348222887 
449406575 
2406160170 
3009464552 
703940851 
563255380 
2269031112 
2425945532 
2861994002 
286353716 
212801209 
3018112567 
187977029 
424831273 
58029820 
3230941624 
333041721 
251920161 
631881598 
3128198796 
2159420377 
158494133 
2974996135 
35289637 
2586828451 
423854323 
2854687297 
2334906156 
15971455 
2856127790 
3188730723 
108256522 
111426124 
36522309 
2526567353 
2773025925 
1141320589 
315211568 
3134595857 
158927945 
1430880956 
230312875 
30570038 
39636055 
172578487 
144398115 
2600526444 
1564126573 
559294197 
2685372184 
1952380376 
180428383 
815589494 
337597113 
247022101 
2312532377 
292941921 
38017743 
3299905990 
2629312228 
18142170 
68124125 
3111011511 
61344006 
61341403 
3239264988 
2330369940 
86447421 
96871430 
1148936066 
319373560 
8236062 
46932622 
1658518278 
554840156 
2939806574 
38481690 
517203256 
56928738 
1671835586 
2533427480 
540455580 
404048673 
18200176 
68975742 
1903157054 
313023732 
17852400 
80844183 
35293765 
1373507365 
3124176334 
199420594 
47277261 
353536536 
101661139 
279319860 
388594350 
466844890 
308826248 
142961395 
30388506 
3082008073 
284789499 
17030149 
505404605 
136958178 
207076392 
30372911 
1576843393 
1206338449 
2399873322 
125468589 
130022363 
637120554 
2440901391 
703960171 
1462445828 
68040627 
441207660 
18041983 
19413611 
3218710364 
1110316656 
2739892863 
21144485 
193536242 
521881685 
1952726582 
597934653 
79316162 
189363777 
22460919 
36696960 
3044395278 
210852429 
30401480 
15319698 
324160959 
2260598737 
191299915 
553981129 
23847123 
431482750 
507561785 
465686937 
625099686 
25771604 
1349790757 
15819295 
1737699463 
490861516 
721408842 
594035700 
31049361 
435562558 
477900987 
230221843 
114618852 
3098071798 
500280941 
34393410 
451040584 
281827331 
112829260 
25059788 
27815230 
26280414 
7745762 
1514860333 
846176569 
179437385 
39687776 
27512477 
2417679674 
172461239 
178191934 
23416365 
52308645 
2352142008 
25421094 
1665849420 
446747158 
98800613 
47777768 
1658439883 
2862789286 
3220751773 
2450116094 
423968444 
2847817528 
300615346 
86980090 
3032059390 
2802001844 
1636863176 
3016308047 
406620474 
23880118 
35547308 
940500337 
40799957 
34828488 
891794228 
1613587286 
38719119 
2262686971 
618935031 
136158916 
276456174 
17788194 
1559188735 
22515143 
84123108 
2650444122 
36851184 
233376519 
25091844 
41867280 
3031889569 
271657717 
325067389 
128311764 
158602174 
18548136 
1489123836 
518617070 
76205088 
2937936047 
389313301 
162048206 
3055056979 
80176924 
316736973 
1514217464 
2959990960 
35513392 
2213505150 
85603854 
26009287 
2321502360 
1502742576 
18108786 
30498900 
2405952059 
73904981 
2303781890 
2703219690 
944685025 
38157251 
3219570134 
224773548 
394742271 
53058523 
1043624022 
208101829 
2258872474 
36117822 
442070221 
3080173199 
57138421 
112598833 
1683647798 
180148890 
407916687 
15470081 
29286377 
464862451 
55786041 
35303718 
223991161 
29190153 
45770836 
32607263 
2440304586 
2252227653 
36478834 
30959977 
86239686 
89968942 
34089352 
22638826 
20049064 
63242347 
35590781 
288346935 
19701253 
22557318 
376244874 
248715444 
1161234300 
256881576 
82134555 
1064785292 
20805555 
102422860 
237262082 
234853484 
3241051294 
727392756 
145046590 
151739057 
171166654 
24881571 
191204273 
2660954613 
319320307 
19312934 
36466584 
28581873 
3139738885 
26042984 
12135162 
2189660720 
2223213156 
138301727 
21495363 
953989633 
2869832220 
198211268 
1027252260 
251314573 
249314664 
196378005 
36590751 
633198011 
1173785689 
27446642 
301194802 
43174225 
2866123714 
30912148 
20997902 
626455457 
3053896926 
501418797 
745541664 
533475949 
2150034579 
325727953 
2526600655 
63488390 
63745443 
93231273 
139762531 
499872061 
206150054 
442043594 
26987492 
2978665755 
2755874637 
107892819 
762469315 
348694294 
120221047 
28876898 
304610825 
32758890 
2781108564 
634255790 
563164537 
407517788 
42452450 
1673496228 
325076723 
2871367661 
321929171 
778793556 
93423966 
151176864 
127431090 
19611483 
2318106231 
876765642 
102891361 
28028808 
16732892 
35993724 
55466936 
216570501 
60486781 
1062093576 
123667266 
145823309 
2340169285 
33374078 
21055045 
1232596110 
213281421 
27235396 
160570886 
1054556096 
51147229 
465220206 
2228618370 
265056090 
170455425 
2657619823 
280832094 
16645151 
47278900 
29628029 
503779491 
33438477 
212119047 
300428398 
331734424 
520924190 
138993784 
108449748 
50751556 
3109177051 
2842116479 
818284082 
301217638 
43825805 
2285684946 
250477734 
432981782 
37836873 
185384617 
356467120 
276944172 
27357315 
175491940 
52509155 
27195114 
82345558 
21912730 
84236011 
287835552 
3000351918 
2799284261 
42953876 
55998901 
24279857 
93219862 
148835602 
17915334 
128421348 
366761821 
18623956 
311043925 
246400663 
26517985 
330628081 
19678781 
40295453 
14275624 
2860753657 
32258967 
14240065 
568024772 
314216363 
1661567670 
188047348 
224030523 
39615521 
848267882 
2873934984 
31526319 
150918825 
2295436898 
24543424 
20631562 
57548726 
3091706538 
253434605 
457554412 
15485441 
118256817 
86300007 
1002408884 
853676599 
22998640 
266795060 
104315900 
432027134 
257128841 
1190207790 
254780125 
14835956 
91693266 
97125936 
160393437 
85732258 
133583482 
593342308 
20598239 
425338232 
59903884 
243401403 
448982458 
154280902 
307750448 
1529433848 
233595369 
144578327 
89303647 
35548641 
19329393 
129801188 
2196980845 
772668697 
217178314 
3120593459 
1941970567 
111504665 
123675034 
3094127887 
487126376 
221863913 
300132739 
278831497 
2476874516 
20472641 
203957378 
386788088 
30815788 
16607026 
197792498 
2400607903 
129218734 
18219730 
839285371 
367444854 
232308926 
80301877 
34047021 
87520485 
771967166 
3048057940 
1235116482 
2436133905 
133428181 
30157620 
29489708 
2288002098 
1503814262 
17579194 
17120866 
1317745052 
2493036398 
1335133794 
474396358 
171891951 
32941679 
850794967 
42448735 
374146424 
68901125 
28415475 
325692381 
25440698 
28987258 
2456075135 
118459344 
231509549 
189671070 
2273343445 
2944079405 
237936035 
2805284310 
68998860 
104319700 
303582076 
2289224868 
3078870133 
300020615 
77581024 
1242820231 
39496381 
34465304 
35070079 
1899268686 
2817691832 
555685047 
163345913 
3019082312 
3025053379 
1616869962 
297074025 
62533677 
2383550334 
2767996145 
763683 
2436146615 
518885961 
126532805 
2165854046 
898782866 
28214985 
226296257 
322445635 
19005719 
2924452428 
261827819 
84477340 
201006002 
272053515 
64124125 
2373214256 
453495637 
46812238 
2362129345 
33557523 
34007214 
456090167 
30130137 
522465494 
1714724228 
1651260804 
49417894 
131262973 
215453878 
966667285 
48136475 
748118101 
80623097 
32762948 
2946339035 
119036660 
210650677 
236381618 
546708588 
207318493 
34029507 
69945459 
2620307250 
84405358 
36833061 
47526347 
3048884612 
395732814 
18104737 
2861771621 
32213049 
3063121078 
41279798 
352893249 
78777315 
2796437380 
19467554 
1252486394 
20392804 
279207739 
572462550 
41046334 
2195044543 
133864666 
543575751 
73172161 
65002647 
269257855 
2973051342 
104346974 
104708072 
29695226 
21047397 
92310402 
3064574511 
806371670 
18279102 
48157361 
1924580042 
2745539775 
2327807257 
18309456 
96421102 
23026629 
14122358 
38027892 
88521390 
234190648 
2954438507 
229943531 
2480098940 
2952339738 
2523817427 
37788316 
23032749 
42769316 
19728037 
58598187 
813814838 
868769292 
335710816 
1633914312 
187728800 
330727286 
816153614 
1438316863 
70835265 
282888063 
165343170 
2388460880 
2159700978 
366321046 
2380873554 
2871730900 
292733657 
376867110 
97791514 
438909330 
232246149 
70226126 
156751240 
3022374910 
62139455 
39414799 
2846588342 
1864279724 
310929854 
48709282 
1911738332 
37532597 
68059145 
100800329 
224354592 
57729514 
2655496058 
33637444 
22728561 
501360622 
301213931 
66464669 
2205260230 
138947259 
631319304 
97489758 
135663889 
2890334146 
511499415 
401779531 
22759229 
2200758434 
1872945098 
292502520 
333592207 
32827059 
768033 
501327362 
78784175 
54234365 
525640174 
464398302 
505046264 
1063753110 
211892358 
125165996 
528935835 
30182054 
1133196438 
54372304 
3048141533 
946862198 
451747002 
357873174 
190825194 
235770004 
327120422 
55678806 
250241544 
2548290074 
2361114477 
67659621 
34507480 
124580089 
215158158 
2993274297 
175614658 
486211365 
1723192550 
353245528 
15436779 
37531037 
186945392 
29563850 
1275986034 
2367911 
25060780 
1865034816 
8007092 
42889399 
1959197336 
132279208 
279187137 
23033786 
2170485054 
18825961 
449243170 
844654501 
236531771 
1407441840 
1724393102 
281820484 
29330103 
871593864 
98450325 
171083579 
881175480 
22549334 
13525812 
1330610239 
175188109 
415465624 
455475403 
110570972 
33640137 
612989590 
2850324987 
839870124 
85750531 
105625231 
397411039 
529983003 
15794155 
18343197 
185049131 
17575084 
33033220 
373678093 
1252286282 
2612885725 
16394515 
49408180 
22582061 
1703201922 
313556615 
253996243 
250405600 
625940884 
30487536 
21817485 
188177693 
165904172 
2237478821 
134931887 
1271782009 
435841519 
17869330 
489763505 
62786088 
1904946540 
75355310 
30492272 
82704726 
123475367 
245077141 
81522621 
2329808472 
41443871 
27524397 
204975714 
333502142 
45920222 
38556719 
17756771 
47562338 
136750136 
19281323 
147426896 
177302762 
1725695378 
197470341 
119434210 
1159419961 
25786824 
566387682 
150341606 
201421857 
2159504318 
35718125 
37164006 
433027749 
337570700 
313063143 
40602905 
187801049 
2436464287 
26197736 
1340528486 
222935244 
3024563384 
552709652 
274099860 
1468415569 
449826905 
3039978442 
88203302 
317483733 
616487153 
14892308 
83912106 
2248367294 
2646801648 
1272872916 
310962745 
47520782 
369829481 
40780105 
2939004748 
498573981 
522392298 
2256680651 
2779393183 
25927287 
280771441 
20588959 
339975582 
32441870 
2981290074 
575033081 
555188388 
2740867366 
476267963 
471405105 
2147595756 
2505179685 
885808128 
161067913 
501220766 
1631929398 
2714565741 
1393284817 
705420399 
98180899 
192733986 
110611375 
86954214 
420613490 
1268471413 
1215850646 
1598528384 
16469474 
421929168 
284492695 
102257184 
205358878 
104232368 
205143516 
41138624 
64346050 
2871868690 
799661214 
254578053 
26335317 
118702351 
2451826627 
928757286 
138104258 
2894264692 
886666597 
1403136535 
263419358 
1444879081 
23476372 
108723154 
158547762 
21423087 
2659630704 
51510771 
16833314 
1110062016 
589718647 
31085470 
2473674206 
2342335681 
81429249 
115633811 
770943174 
909397094 
26440017 
33388769 
83739980 
156055399 
41036429 
162194271 
1908357866 
178983425 
56283390 
25680860 
1951401204 
25765570 
72061435 
142802494 
59275335 
24744022 
724778666 
62712567 
1617843768 
217279288 
776560032 
247667507 
2743277756 
476600355 
488218984 
53526475 
1634157175 
258593081 
24921294 
23905899 
274611679 
227552675 
3031348599 
35762240 
136030354 
29584415 
1496187546 
227289459 
2528029919 
155734158 
2491446216 
30758335 
36347626 
323312522 
2419887516 
571241678 
743730931 
554764242 
1542296324 
2956557710 
86999428 
14632500 
204080652 
22813645 
542969756 
180260891 
41908155 
41781447 
22277684 
565164910 
2647881527 
555688860 
21012071 
255747911 
98303306 
51457973 
16029249 
2427614702 
14996251 
828155418 
2291686141 
240359530 
68602752 
393488321 
286874506 
2943189441 
57101290 
2174346147 
2310698848 
1684653714 
285671694 
393145048 
2902261339 
1931528365 
230349598 
473278726 
38295547 
306024318 
2231847984 
55125238 
41065631 
20121768 
259977038 
494678369 
24606439 
63037256 
434453011 
250194212 
193047788 
52521705 
35136549 
60733645 
441257409 
77161480 
30525701 
779461441 
19925091 
261502444 
553692568 
48760392 
126954963 
2250775429 
2830948652 
133153127 
30027287 
27357239 
16742190 
44386981 
62851829 
284712719 
25325769 
378788689 
29207734 
822382436 
37538064 
145283839 
161480797 
95535239 
36460263 
21586997 
2894998068 
61830111 
1514384990 
1906809168 
56550598 
59833765 
868528693 
2716049463 
1916159605 
69052733 
2931154694 
18499667 
100649772 
35043029 
40525534 
380815785 
757455272 
49501767 
29506231 
547804618 
43797855 
1178649800 
161839674 
2286175467 
19671932 
49257002 
1515176629 
166863073 
90025688 
2993110564 
