716323734190161920 
558334886 
770828875010023424 
2329116443 
767356676 
622110638 
4178028915 
2834730071 
182104983 
21896677 
19089077 
21440866 
4385421951 
251012121 
87081270 
225932420 
2557251 
285772956 
1589744360 
355321621 
26554371 
4147838711 
492753365 
37844996 
390412142 
2848663822 
752769821926973440 
777671333379313665 
749068048175247360 
3311309578 
942655830 
551947957 
4555952357 
5485192 
1011422586 
4769400089 
2894007586 
108652447 
614331415 
56338775 
14823163 
709200170819256320 
535932595 
135955994 
21816779 
550253069 
4002396939 
400441896 
2551145532 
1490683939 
20421101 
2277928742 
764209392572968960 
4340311337 
219590088 
84365021 
16901643 
71074656 
193085856 
22421817 
75885864 
791477283290624000 
2545698576 
264467370 
71102590 
33014441 
15440463 
407468552 
70214007 
2578106226 
2286252332 
181649168 
891812292 
261241995 
2508781596 
1377610063 
244364287 
248055875 
278359403 
2589212653 
3588618214 
2342396287 
242290825 
387587351 
15146931 
4580095214 
742426300346818560 
702534799 
188006067 
373770415 
33515899 
3225567514 
799935405571375104 
5514192 
277794736 
447930183 
707350742261178368 
831765678 
300772055 
127196118 
44949890 
154895324 
305091744 
787567414456320000 
781953968544940033 
2611830698 
2834102508 
2868663736 
238664986 
171491393 
783421085211586560 
777273312774938624 
3546182472 
3158475356 
19665360 
2849823800 
1132447022 
612807447 
1589242464 
1155460398 
3111053451 
3324467603 
63897432 
3193528620 
1125181446 
122481454 
33438815 
2582966965 
830947530 
75051887 
271147332 
23536764 
259433399 
2811095673 
118306776 
702359964803842048 
249439395 
39585367 
2744768052 
22209201 
15162136 
33375268 
417201918 
21048644 
1720971878 
14927729 
292361273 
26845918 
2889200437 
41460883 
1451288419 
59554123 
2893536972 
4228728989 
4300973653 
3062153582 
32071415 
3021314001 
14183663 
2244290719 
2849980672 
286117007 
299062149 
27873266 
347220973 
387094002 
464163488 
244998644 
182421263 
139510761 
1133129990 
3248024463 
28086548 
3131243261 
407003104 
8273062 
4562443628 
464704091 
5483422 
16100506 
14134204 
12151932 
4125685891 
3318767592 
36986138 
12610412 
740614939 
361875005 
183796911 
15420486 
4705897519 
27810845 
106324963 
3403704074 
2734052166 
973753897 
2434760077 
86214774 
19912099 
2245870753 
34971242 
81849067 
3145373241 
1489703012 
260340277 
2365949660 
97136793 
3319501608 
4909358353 
25539759 
20682620 
91882544 
16249938 
14645160 
25537232 
834594530 
2186062965 
18890115 
2784820064 
541179754 
286233279 
18882555 
193462243 
101321544 
2918961768 
5548212 
113369350 
21822121 
4045875496 
3922388053 
2443770223 
814245511 
19316661 
3594123433 
554487897 
3302124063 
53210455 
4824159112 
399842966 
177198665 
5800582 
3203140707 
2470296811 
3190849684 
57705515 
499073990 
2956385276 
159525316 
3438131158 
2258900437 
3474606374 
4769966538 
23625793 
350675440 
4436956402 
1226567534 
2600432198 
4819049559 
126592212 
1693499504 
2897717827 
373735487 
101729599 
17628827 
111832673 
473285651 
76966092 
1203444194 
2423235167 
35646316 
35649573 
57280645 
3232166601 
6108862 
3473923093 
3618649873 
2852005103 
3302359673 
60470252 
21283508 
521017945 
35645649 
18602971 
1242566886 
286185263 
14433036 
635957337 
469806383 
1110662156 
215581580 
235198452 
2877146470 
575925069 
3261182474 
2914169049 
6509062 
3223929086 
252777601 
3242984084 
854647891 
3127738674 
2543686548 
15807837 
21182766 
354990034 
15450996 
3261187646 
2829428812 
2722505154 
1329619934 
3947901292 
3223963855 
3152940058 
3153333203 
475744504 
27354702 
336790952 
2899522158 
142913793 
273603872 
17850785 
21794444 
29336037 
220998317 
3223867200 
2853600951 
3321532260 
43414122 
313413794 
2841964389 
112800006 
18035122 
3357823389 
2558769558 
119480392 
2801560054 
20237407 
212038882 
124826748 
101523159 
260887905 
2861448539 
211566617 
1456682540 
14913837 
3230633423 
2885707365 
2759157810 
102246979 
49876550 
18986537 
15471789 
550329052 
14550893 
1487510586 
555854913 
3344959372 
161644209 
2899131464 
2899133017 
122030129 
2753920782 
24006926 
18267263 
91460306 
23228150 
148800323 
3222337057 
2790195291 
267391862 
98427656 
208139326 
101393314 
27216496 
2949943211 
3318192802 
108997531 
1271490397 
1064087257 
1359561446 
119228939 
3068606273 
3390178041 
226344247 
43388408 
22128237 
38 
163582516 
28320528 
3070552639 
1900674584 
119146887 
30500021 
131472597 
122231203 
620381863 
626799631 
35235242 
3097407803 
14700874 
2966709867 
23483073 
36131823 
42422882 
2950729564 
41147484 
2636394013 
26376283 
160483591 
103051012 
1206534896 
1876661095 
2359311132 
92293468 
165135227 
561833095 
1877408240 
16634360 
475148760 
112924655 
297122566 
18145841 
796600112 
14325892 
14716224 
188066062 
146501677 
14790351 
124944466 
106811968 
6362172 
1641790064 
2934078309 
821533404 
2653337689 
2522775577 
222249603 
707546280 
2542844000 
2315770448 
31471791 
68247622 
241006357 
2869292740 
47030292 
872751920 
170039453 
2678554854 
2351819389 
3056498673 
402944504 
607633104 
323828583 
62643312 
175966006 
11245502 
346836110 
989731322 
2677659408 
19170906 
2886687969 
107498722 
2447513227 
88515943 
348667570 
55267464 
20192882 
110182628 
1615897724 
18122984 
356581623 
2909299092 
2840425534 
58569413 
2964179506 
19686578 
16783957 
418794092 
2466372005 
241260517 
2701492915 
17908182 
2486034890 
47229344 
808893132 
1154197692 
447421329 
24636191 
104821261 
14192733 
50294938 
495195803 
225553867 
2750513041 
26554000 
126781721 
1915684634 
68743119 
2576661460 
2303750858 
631669280 
34390936 
858435709 
2409160062 
318766771 
30747766 
346705172 
75961222 
1258586034 
2272597693 
2537781000 
1620010466 
2505077599 
60653539 
338291677 
2701556196 
2361516942 
19555073 
14414730 
461013813 
51352022 
1610187517 
19539314 
44130491 
547032102 
481278199 
108554712 
457338834 
2904967574 
1533840589 
1525689241 
100277835 
114925260 
1611669086 
40031058 
2913126060 
2958901219 
32164801 
225010383 
319962159 
319404056 
287285192 
2329114100 
603986609 
1965011929 
2155339598 
14069063 
2379700903 
117498665 
2889102218 
2654543552 
34146256 
260300375 
94135426 
556110677 
2477067229 
27649489 
211595978 
292391519 
28319608 
1575731102 
1428434406 
17852602 
2729653654 
218634414 
46130283 
239175314 
17989166 
38007098 
38187267 
955121 
2875052993 
150224923 
229520129 
26291251 
23106509 
37772647 
2832047763 
250833022 
42646236 
29040264 
472132412 
1335002192 
2816947358 
253021980 
2842095532 
2690479476 
259666947 
23891302 
277216431 
26526616 
14840030 
28354318 
19357358 
277717836 
410408786 
43619758 
40744725 
20522531 
45635444 
26087037 
146099195 
49114382 
25102100 
634080546 
104949285 
17880018 
59938075 
24091173 
28721660 
26388811 
5995882 
15267917 
288918890 
249431361 
427919386 
342849301 
441198497 
16433899 
348175292 
62898712 
386696799 
1858703407 
16316655 
2375578512 
106837463 
556218642 
16662766 
23158000 
102502357 
92539319 
20180153 
20066182 
740476927 
8229182 
60201764 
721332054 
82303907 
1367907667 
30140392 
400389615 
1572444908 
104115145 
370264640 
104548229 
255232885 
142056446 
18478307 
21436558 
95941018 
26597015 
189191430 
10781952 
15822273 
15042296 
40043352 
14434424 
15299357 
20263610 
14875771 
18247659 
16331259 
8965932 
142328811 
102602862 
100292002 
76117579 
116792723 
2275054172 
475093416 
20785093 
30950136 
1327641 
34400375 
36568996 
168676529 
35750011 
148078415 
31422554 
23034309 
15934897 
16908535 
27908212 
17898098 
17177048 
715098687 
322687767 
557637713 
335346199 
113893067 
141996813 
397936358 
21394506 
50744599 
46166658 
46401025 
217185420 
200121937 
19064362 
302104348 
235203992 
35241468 
20663265 
14632998 
21769704 
24150615 
330359515 
213316645 
29417232 
18159749 
76645688 
211118252 
17842162 
207439375 
67338972 
112778281 
540532230 
52344237 
38148180 
103923824 
25524787 
126590318 
207581356 
190263049 
40261565 
25528736 
115906943 
14849266 
38147626 
41079443 
70954919 
36359142 
20583188 
251097612 
45911194 
107034518 
81826722 
14301757 
181621352 
21777619 
38191352 
19586325 
135110066 
48371340 
38218114 
487440163 
102032684 
38146811 
24694427 
22003610 
325196695 
160958570 
36061470 
137638516 
1947301 
742143 
5988062 
5402612 
428333 
496394130 
20818801 
588609936 
16955991 
807095 
45488952 
52824038 
35773039 
19406587 
17048614 
24109240 
28582166 
29476717 
132480900 
20536103 
38141721 
17994406 
15293080 
51758379 
59808547 
19366046 
28280004 
156169587 
189330522 
169413838 
71579514 
77028545 
19082054 
47405431 
56742002 
27871697 
31121585 
21982720 
25691305 
20067215 
24870223 
15250756 
17448907 
269544041 
39482703 
73273051 
16517326 
48527846 
22671461 
117812113 
25273394 
199327139 
135192835 
8485002 
478988995 
65547319 
40241501 
59156862 
18900771 
16627805 
17310934 
17445514 
14884180 
65165345 
40843590 
18804364 
15019821 
31467470 
15662359 
16336440 
21719637 
22190395 
28579125 
25687502 
25690886 
29774570 
16547325 
19304788 
23467152 
26581946 
16049481 
24931569 
20597436 
17073988 
17628446 
7115872 
15309288 
112796663 
25322292 
22553032 
20005684 
15111030 
8447862 
17221806 
329402715 
80331801 
17161138 
23484629 
18964696 
111025037 
26533046 
15636291 
19175640 
23459740 
24948287 
31838755 
17196807 
26762692 
20681253 
20691449 
74478182 
11447852 
1463330191 
14868280 
39341439 
14123751 
15898172 
50325701 
2210191663 
286703 
17967925 
22001973 
24886025 
1270535226 
1164741446 
17918704 
17544803 
16220088 
15439395 
30864759 
51371553 
41022936 
28414302 
20015311 
165462788 
19562228 
109312855 
18310261 
114249643 
111038779 
38850530 
112905673 
291444596 
256664859 
312114447 
359988339 
182500769 
17899893 
128636277 
1627614061 
389270491 
1909272571 
18151673 
33322462 
344760338 
286292407 
19068720 
26566469 
166881188 
17002914 
15734380 
44395182 
71256932 
19927627 
14360757 
19816859 
46696817 
15633626 
23187207 
19402584 
23975060 
1434251 
13784642 
11178902 
54730258 
87403396 
308062362 
21982526 
292206096 
939749864 
24866456 
14871283 
14165645 
177661775 
162691514 
105843882 
7732132 
208127734 
125371687 
16511710 
115725034 
1362469213 
28162514 
111987133 
323487376 
74360641 
194566346 
139692806 
26133666 
45181145 
910119978 
39063962 
16492352 
17681747 
119081473 
60704215 
23850176 
44119857 
143189838 
16462669 
26569855 
51197470 
356347957 
17131042 
289848649 
337435682 
21623464 
868169880 
14554959 
1499218915 
33696409 
27073265 
14589408 
19917537 
54930231 
46038104 
113126324 
131875240 
28045033 
23794763 
85606729 
5625972 
20266431 
109669677 
18189445 
21712592 
408583853 
246316549 
823905 
262742534 
123485252 
126047245 
14075928 
75115774 
37908683 
116341480 
221274019 
16187291 
14949454 
14677919 
137352522 
14566578 
386270039 
31196535 
599444535 
204859134 
15164565 
122028557 
16934205 
22873424 
478245845 
56113824 
1652541 
287783449 
18092741 
95944876 
239131864 
19711718 
114930528 
135288093 
15151876 
267850381 
23429244 
278211420 
157798886 
35865630 
246055470 
18681934 
397727378 
380078631 
1069351 
55355654 
36511031 
102581666 
15458181 
15220768 
18510860 
14619600 
15367674 
37828474 
19399033 
154598371 
123090386 
17033708 
16733010 
4620451 
1261161 
47721847 
105051958 
24363945 
367744839 
296080440 
5129151 
56796431 
17497382 
80473367 
15808502 
28254715 
296493118 
132519817 
39204563 
244395909 
355212262 
944613877 
953277980 
21712038 
327227173 
614383653 
22122833 
450404915 
193243462 
103550181 
101797894 
575785013 
361945640 
39299241 
17610715 
49250495 
18234651 
195796423 
36145659 
15726264 
121834497 
36751148 
425481628 
1520501 
115208044 
524396430 
352546073 
580355328 
2884771 
14687193 
41912400 
16581604 
559984658 
73190286 
80769387 
15258479 
50835878 
16606962 
856521222 
39429438 
44726094 
197177267 
11628242 
14458280 
15433946 
15873031 
27856620 
359617996 
36691039 
472808469 
17504672 
461427197 
15259875 
31159879 
70121038 
19904067 
15651700 
9132192 
79543 
1221471 
16164520 
15299912 
26576457 
109335353 
6609072 
44856252 
59185814 
12830912 
106814018 
399140433 
148674007 
23802752 
419861360 
15873436 
555678908 
273481179 
422216482 
29089023 
12294022 
15448204 
563140043 
20187649 
540850614 
8525942 
546521523 
34457469 
78195709 
17592685 
30493117 
456975335 
231397313 
544535918 
24922534 
59882808 
440851855 
14511951 
17793431 
9628612 
623899439 
16402507 
404232180 
59889953 
97985235 
284221122 
512924342 
74869627 
20582958 
87818409 
19598418 
213802532 
171119403 
81961881 
18843940 
322945201 
320198274 
32792392 
358039647 
253693387 
11413752 
382237724 
14872788 
44371633 
14717197 
16910759 
75573233 
18742360 
218887587 
15533111 
507762718 
36735590 
304500182 
329061409 
177684087 
212345218 
221766898 
400445445 
408077334 
48351048 
94420628 
432852393 
20521204 
39082663 
64706130 
382376904 
146146938 
331816614 
331817345 
221184710 
459557995 
17293897 
14094852 
419440053 
83602448 
14305837 
182216222 
109123845 
26657119 
17051560 
14780915 
210305579 
105629904 
125683123 
18534880 
17068353 
397571375 
340173423 
17517014 
370268330 
266221769 
141312781 
349621312 
385184627 
7744592 
122995028 
175672630 
15016800 
19344608 
364416913 
175280623 
24944915 
292344430 
57429951 
18346101 
76747730 
15134782 
21170191 
33246276 
78416234 
14792789 
195288148 
14128086 
361535072 
14978954 
269050438 
15791276 
344242038 
204138642 
3108351 
348978956 
359059924 
26643323 
289239299 
259786275 
15724606 
18689581 
14875930 
71723646 
18492412 
69342256 
15236740 
45974096 
187199549 
177296687 
138166066 
16818325 
22023172 
190640850 
123522688 
235265839 
69560579 
48371770 
44410862 
316377144 
150252097 
324404949 
14529564 
29986245 
271589041 
213067514 
127579530 
15311989 
7134102 
19089993 
112497039 
268482314 
53096698 
8880932 
15124941 
185085108 
314820883 
2243161 
19943410 
23176276 
89738027 
18988212 
18653598 
279138057 
306317057 
286749983 
15147937 
257173792 
20230381 
191920757 
257073583 
245369706 
294154735 
212059944 
262041062 
18402888 
16218669 
61638802 
15254815 
258457230 
175802331 
77251889 
33500075 
255578067 
34570614 
19290023 
225173416 
89904998 
16270390 
54660651 
45375728 
27664428 
18822720 
16098199 
166181690 
233957964 
36558003 
15749558 
60971759 
84438350 
256636248 
230344835 
14800096 
189846043 
15930616 
69310376 
17975500 
261046408 
186845337 
23270090 
191140481 
186042179 
145039026 
29739489 
20793816 
6017542 
2836421 
21426547 
153815089 
77360677 
13410 
143834487 
14800619 
236913686 
12027082 
25979586 
207521149 
3714411 
97117980 
15463671 
14897615 
25065717 
15867069 
248587620 
69001280 
80713805 
27354501 
101777660 
43251655 
15241485 
11776682 
13 
20 
12 
16012783 
48632908 
236219191 
233960932 
159462573 
14020902 
790201 
15015467 
12534822 
16956296 
92817110 
29466547 
135583583 
79859826 
68846485 
27298394 
92281824 
178008885 
238499143 
16808381 
15987060 
63824746 
19370748 
28359133 
19097625 
15683276 
23497893 
657863 
47827212 
15303834 
172860706 
17176391 
89060990 
31138381 
13234462 
15859997 
18677224 
54241149 
25852882 
11114042 
229646746 
154597801 
21672721 
222986351 
24280970 
779830 
184102626 
216966234 
2318161 
16436464 
218482405 
16186995 
19319337 
96811071 
19303146 
109602134 
14652517 
61593160 
11975452 
18967346 
17174053 
103504216 
70246837 
18343779 
17004618 
194627356 
32189358 
76942771 
2182791 
39422117 
23095426 
21421481 
17786250 
20298535 
142724360 
21400157 
636843 
16513931 
5375152 
16300769 
16565738 
72273106 
10228272 
52724961 
16201819 
82938151 
35242933 
62098091 
29067969 
22103903 
25810170 
150729380 
190845927 
145533925 
128690141 
185267372 
36401980 
14262772 
76488224 
27692968 
52526819 
14922932 
23886777 
44943591 
163685995 
47205013 
19298732 
92800607 
135850397 
14239524 
51096590 
105325009 
51632842 
119550436 
75711686 
113476150 
63763683 
140175270 
15815862 
58857264 
113413353 
89841567 
15194217 
52214472 
43237308 
103942710 
161730294 
19448745 
31246666 
20177741 
165599452 
29650732 
61225635 
50551163 
154259786 
137929407 
80530081 
67613436 
69779846 
14124541 
102752121 
54082381 
34055603 
51909152 
41856062 
141783486 
14258373 
116938032 
117979893 
52140205 
26572853 
169698258 
20876522 
114529259 
113320341 
53092693 
87807413 
144725026 
58981222 
17314912 
143571133 
39485994 
9545532 
65642972 
80149492 
114514429 
30569982 
116729166 
108951424 
74741813 
16882833 
166740845 
45892466 
74330135 
15444630 
117912491 
64622228 
146518263 
164508066 
18213546 
160973285 
14853987 
24411869 
67714462 
26411190 
14517221 
66510042 
22285454 
159178386 
116765352 
15672616 
17457642 
35105338 
14484885 
105910478 
123647481 
52378823 
109144647 
93868002 
24569636 
137044871 
47613333 
20646277 
96893802 
154981289 
21341987 
158620986 
11349102 
27740227 
89897472 
98850435 
36702552 
92044301 
14648998 
74340650 
24889964 
151938868 
15245652 
101711568 
17766365 
103464524 
103087546 
155446497 
123449340 
34257986 
19593307 
19231654 
29765235 
48443444 
15632345 
135435362 
75327299 
155324430 
127360752 
38427173 
14783359 
151442962 
59020509 
54779857 
22849466 
74352199 
126048462 
15206433 
16282427 
29962952 
31891798 
27829712 
17848135 
14020862 
117725951 
24436190 
133144199 
110952526 
131479802 
18919233 
45838934 
23820501 
113470464 
75705253 
17868589 
150441772 
23046396 
35880417 
138648519 
103461738 
21885342 
112263315 
38478598 
29963839 
108206097 
17852560 
17301903 
37273635 
138830294 
103198386 
14275475 
60190631 
87097272 
65561626 
45639766 
106916931 
22987468 
41622158 
84380033 
143771751 
74744419 
20409140 
20187037 
62400309 
18073937 
17059175 
34831094 
27012480 
133716455 
15516599 
16793368 
124592143 
96196608 
29810141 
135518250 
34904126 
27436459 
106412589 
44659370 
17134204 
106775892 
76416892 
16012310 
14217862 
138288497 
14393955 
67086356 
105978070 
106067676 
10336942 
137604919 
68688970 
116697175 
19886908 
88823388 
20567743 
788352 
13392402 
59916471 
95404682 
46340656 
14855279 
138083535 
19355325 
102190367 
109009790 
10332932 
102054373 
791635 
39793002 
91686618 
23135992 
50747187 
72118539 
65658051 
87256477 
63976607 
20551422 
19263461 
72971011 
68767028 
19824145 
72448484 
59523280 
16846879 
125406868 
65678795 
96585127 
132638609 
28547024 
81883179 
124460468 
22695266 
118051058 
15997345 
12049792 
43213287 
76792477 
21703120 
18609673 
15346898 
116532121 
16727535 
39197910 
21997914 
19733262 
17345332 
18215347 
23676623 
15661406 
17541209 
72863606 
17697612 
78431255 
103117447 
19918317 
61567056 
125989985 
14182576 
62998252 
20860459 
89044620 
16870522 
119172821 
122821048 
74822975 
16070406 
18182511 
52380966 
18576239 
16327598 
14328059 
73586610 
65748515 
26835770 
23400537 
14886149 
68961444 
754556 
99562076 
15098639 
95738741 
22067712 
14738402 
59077080 
73207952 
19312329 
25334756 
55419136 
15587506 
15798100 
18757645 
109465048 
105885069 
61023825 
15113820 
58872232 
120620950 
21850829 
46037741 
76909608 
110528118 
2142731 
75167853 
102954341 
118464225 
36249985 
72557852 
44066138 
81093422 
112763580 
46867297 
11637322 
9834692 
45867564 
55283186 
113718208 
17302542 
17501358 
54356929 
106692145 
37046688 
24793928 
102952656 
103098876 
65036724 
14219877 
6324952 
97519529 
55678018 
80461984 
16788695 
31048244 
64141011 
48823903 
19613693 
19061450 
37293408 
112692459 
86387616 
17838744 
93617657 
117049787 
9569412 
90059826 
16014809 
20609518 
101067823 
35856419 
39507651 
37478306 
95489087 
100904901 
18663128 
3300111 
10035342 
51391696 
90859156 
115244070 
51133666 
14303651 
26225464 
14535966 
19250839 
17486417 
115522286 
22501042 
113271057 
33582979 
100004981 
96732363 
89387343 
18348715 
61475078 
98936882 
81124594 
52346434 
89280747 
60767059 
21078990 
71265947 
6322442 
27416249 
44877909 
52483618 
67061758 
20025265 
13371902 
82192276 
21256413 
89560948 
19638292 
20336758 
35770646 
79088332 
47656425 
14834729 
95400981 
18863894 
10054832 
19463173 
19364366 
20335044 
18468289 
43986590 
47768822 
44406858 
80152429 
19916486 
70066724 
57541673 
30615272 
65656439 
111159176 
72347161 
16695640 
19340854 
38116841 
16880826 
13961052 
27656504 
88291815 
14141887 
37313792 
27890540 
16605875 
8706852 
57977654 
22544948 
39436322 
40384869 
24387045 
30366587 
110072595 
13167742 
22127526 
102783265 
8727812 
17036004 
11402542 
17166978 
107190661 
77034495 
84240622 
14279055 
26756830 
56091339 
48788280 
8793352 
100804920 
18316846 
98257713 
12994322 
96168157 
18300797 
93969161 
68123936 
63615149 
26674529 
101105387 
27943385 
107439632 
108371362 
108362718 
107832989 
19165675 
47700549 
17088733 
26466598 
16615594 
50301019 
85136308 
59909335 
22842472 
24626830 
51559012 
54755545 
23630018 
19007158 
14542767 
32333767 
95056637 
104899837 
34091877 
19877600 
24520957 
37974797 
106611158 
104548958 
12174472 
37877645 
45351383 
16812375 
82199759 
70917875 
24783755 
16636745 
54446853 
41728236 
3611041 
5597082 
83417581 
46878851 
8776962 
74988238 
19263151 
29674344 
66555896 
44323150 
15742514 
85645895 
37831315 
97309251 
13022422 
93840738 
33488159 
15822191 
91174774 
15082651 
57187491 
25458378 
70741592 
23568222 
57779787 
44059592 
17446103 
80827391 
9639352 
24623163 
30173948 
67997028 
35120520 
84742429 
73292172 
72552866 
40943943 
24398352 
73287189 
22423078 
90624249 
78971949 
5840532 
68584161 
16108727 
15451434 
58865494 
24830220 
49463843 
18808214 
98231300 
17939941 
40100089 
20063453 
41253290 
97846404 
96147859 
73978243 
15171605 
26475133 
84305727 
19261180 
82350347 
49015544 
50683700 
15989069 
41585958 
22360606 
15784302 
43986100 
16888592 
18092726 
93016148 
17380756 
67069699 
70359538 
18606076 
92046112 
7180132 
27270787 
16554602 
53434947 
15757071 
29397307 
100834868 
16027532 
60702288 
46763756 
18814158 
29548063 
33817704 
16794789 
26114441 
3533231 
45070836 
29031502 
23349990 
14695241 
62127631 
76653652 
69151577 
38237407 
20639602 
48092632 
15959560 
82585402 
95339341 
15969217 
60655732 
60134494 
75017171 
20862406 
23062720 
20693416 
19316312 
83665703 
15874797 
34552159 
38344425 
60645421 
17027102 
10955102 
15589905 
17438066 
24054715 
37397602 
14057976 
17969511 
16787533 
21951939 
18047067 
23954548 
45735118 
93464249 
77890226 
63816745 
19164008 
41633252 
71133461 
21953645 
21291667 
7734602 
60095753 
17930053 
14379553 
55907456 
95330519 
97398709 
17494869 
15782399 
16359850 
44360350 
12392822 
2608911 
43065412 
15093646 
54616128 
18589998 
19423292 
19478383 
16738745 
35836888 
95253536 
73994118 
71197509 
60695143 
16131988 
21342612 
93611475 
15746084 
15181209 
49321795 
23968858 
14274372 
90996009 
30546091 
7441322 
14985438 
28408729 
19925336 
43142046 
14631638 
20814065 
73713474 
61749572 
14549384 
42629159 
93716020 
67184765 
1174681 
18521341 
28369816 
16635390 
93774660 
41638390 
18845253 
16428990 
14642722 
14200437 
35649479 
44153288 
12060292 
37635895 
17833436 
66463674 
78565077 
43709948 
14465597 
15268047 
52092606 
48534339 
5065051 
40425635 
70822654 
70293629 
89433342 
47244754 
34373064 
85648495 
68818125 
18975088 
28060275 
50497567 
18254256 
78547290 
79070356 
63720229 
37695476 
39616153 
14027532 
23661767 
86272337 
8406622 
9547222 
23272177 
25082374 
40874402 
67995893 
14953865 
17646308 
17221783 
18248426 
19331859 
87839124 
10865192 
47259993 
85584857 
16077485 
29356669 
49056528 
85843019 
87015534 
23371952 
26355211 
15249991 
14705345 
14927707 
81722002 
20113234 
17812714 
62000728 
17336310 
30059550 
17494860 
15769010 
75273589 
69888266 
72037902 
72035894 
72400832 
27013065 
55298654 
15412118 
16844656 
17300752 
14095082 
6140052 
84946665 
21726923 
77343343 
17545909 
87124340 
83297369 
17354797 
64912551 
67611378 
56131610 
15942137 
16863814 
60498723 
60988829 
25204536 
52021377 
39657223 
85917504 
47864765 
29999693 
43982987 
20341590 
16243061 
28908736 
87769779 
9803572 
9520032 
25891370 
60150061 
65351512 
26415786 
80153997 
18421937 
18626680 
52729072 
78924236 
21279340 
26563593 
54718546 
49693015 
23160927 
30428126 
78430106 
37061000 
57951868 
15930377 
44075793 
34383684 
84653539 
47200651 
19250495 
5442012 
14918105 
21651598 
53318939 
59099457 
57265480 
67430443 
48482750 
24430413 
90498208 
17872325 
15515812 
45402934 
18751661 
22235371 
16153984 
13889612 
21001534 
14711675 
48460353 
44834228 
22777809 
42603999 
26002251 
14407713 
28353811 
19785284 
22264513 
22386954 
15254146 
20557588 
14177081 
20492305 
627033 
24034975 
71282975 
73155824 
10305322 
64462445 
13193812 
35433434 
17796855 
76253635 
35539308 
17260136 
42182260 
17946610 
16248319 
6102602 
15437593 
14652963 
630763 
16929279 
22763256 
53416012 
39715256 
67809102 
18234841 
67460152 
43432605 
34924608 
61172452 
21138026 
38236806 
18181082 
84639748 
17193751 
3128381 
43629231 
87745325 
19579595 
41238441 
14194155 
49507201 
71069656 
54601825 
20696414 
21551820 
77694716 
21131960 
14812496 
41632113 
15665008 
19306178 
63649354 
77692918 
16908732 
68724449 
82576964 
14270329 
66780876 
87178340 
19422931 
17056765 
66196028 
87813952 
19109169 
85713768 
30696036 
76564402 
18959821 
19483682 
40634117 
43140869 
18507130 
7696252 
26025988 
64992893 
46192869 
79665340 
18169370 
27248664 
15559831 
50764162 
14290415 
25493143 
22093870 
26922002 
27381623 
21780257 
14499023 
20800764 
76140062 
28803574 
54318242 
28572374 
12768202 
14837385 
79376683 
54328003 
79539767 
17522407 
23139931 
21376637 
84311455 
16275559 
10329052 
16270424 
35655272 
81331305 
17036420 
41850948 
15590768 
57827085 
24626089 
87120050 
15523525 
14593458 
47943186 
34041170 
14539464 
16553731 
16197737 
36835532 
79660300 
14718163 
70175632 
15293352 
82636345 
41419003 
38121662 
30696928 
28602899 
19498780 
84029728 
71520927 
18342139 
58281229 
69273811 
37886572 
47204428 
67556325 
14078817 
18367832 
18951703 
80700736 
24206535 
83800145 
65481742 
81781065 
79661923 
65280313 
76736449 
26466680 
34170274 
63654147 
79095785 
18620441 
12611932 
85873280 
24601244 
60834607 
34224807 
64305886 
9405862 
15301179 
37650231 
75662468 
85334473 
77672093 
19605836 
43622577 
80125921 
27279694 
36735215 
56991633 
82768169 
82312456 
50751493 
66171145 
58805096 
19098222 
85497208 
44905264 
17970639 
17004026 
80934787 
15347737 
17971459 
61540226 
51113759 
16689819 
11326272 
58029111 
80990981 
15934407 
15899152 
31552297 
21366195 
17169694 
32220512 
19784552 
14049744 
57652542 
68492218 
74111164 
18711319 
40015083 
52950241 
59492622 
78545256 
82033471 
16356692 
18329725 
16413061 
21093392 
35644266 
23223266 
7524902 
6729142 
61449240 
19920201 
82220958 
75002456 
61847733 
14323769 
55109529 
61301437 
82662611 
78813592 
80252863 
21984794 
27477949 
77645945 
62591501 
83246110 
19253237 
28764153 
37787129 
74089107 
78475817 
20414363 
611043 
57547090 
42327561 
53129665 
55882303 
81761975 
18302410 
83317560 
74714888 
81301784 
83168909 
76976158 
70345051 
34605032 
32316034 
84439551 
29776514 
9930912 
28994898 
67004976 
27740645 
30276528 
68814538 
15826025 
23203100 
69116070 
18961196 
18696710 
65219237 
21452024 
43665985 
42849643 
78513697 
65486037 
82222316 
16129800 
70960452 
19734025 
80644678 
15232240 
17788646 
79700200 
68848560 
26770711 
74762384 
68187145 
18819574 
32038168 
75804788 
57700637 
84315953 
56684031 
38186171 
8348772 
10971502 
18199492 
56665153 
27288574 
27926770 
68628287 
41325313 
63513299 
53488727 
25055664 
82639300 
72299939 
79068053 
83632215 
55076459 
80262585 
16699495 
39095991 
34752096 
15872017 
62781966 
14454605 
50770118 
72548737 
47410100 
19900849 
80707418 
17407827 
16272650 
15232437 
60094114 
21561620 
45546140 
23183591 
34572831 
42805792 
76436417 
61250785 
26159255 
844631 
70553564 
18104118 
81715954 
65899823 
53114807 
30157682 
22922567 
41890489 
79931028 
57072835 
51381346 
16782062 
40952039 
17723857 
42432819 
62554155 
76036641 
77016765 
61765272 
14249588 
24962239 
67456058 
40031451 
65642469 
46266252 
22123860 
2662221 
7350652 
39589897 
42956912 
71496005 
75804523 
41852681 
12184042 
79059031 
15524646 
30202451 
22835891 
40687173 
80931526 
22212279 
18494767 
68600595 
71334521 
4322111 
24926737 
17802630 
81302926 
81951180 
21128685 
70176200 
81553800 
18131828 
22147850 
45324390 
32157595 
78987061 
18451465 
15802805 
65973559 
66445455 
19498445 
70873260 
45176963 
23669783 
55853926 
21885610 
79474071 
49498964 
63437500 
24733117 
82890626 
76745526 
16632226 
82998724 
14727879 
26383282 
14590573 
16489585 
28365816 
15183072 
80990044 
53215327 
18770451 
24210466 
37465018 
20618205 
11962342 
20398847 
14410290 
16549745 
44910349 
47454270 
27762335 
18669417 
26138537 
20399699 
15471816 
17146919 
46674759 
7721322 
20687708 
13064752 
18488262 
20093357 
18369254 
71633179 
11093872 
53714715 
48383949 
18471702 
17094485 
66161350 
15963227 
18234522 
22664506 
16642585 
66111131 
31304147 
17857911 
29413354 
21102958 
27077554 
41420112 
17212832 
52781112 
14514177 
28134790 
65604207 
20971653 
80681424 
81939126 
60645193 
39506101 
19062839 
31433193 
15337192 
61231505 
15823044 
17788255 
61973829 
64739004 
31456731 
37534319 
42975474 
40093024 
52433353 
47260762 
19735514 
20399091 
78483954 
14567177 
20174882 
16667193 
18875611 
76656711 
10109412 
64865406 
62298320 
14543670 
15911980 
15865248 
15840665 
15840568 
15911947 
15912116 
14334532 
15163466 
82016682 
25503051 
24910424 
21571977 
71122311 
77413685 
81833469 
39172609 
48737963 
53456418 
41358380 
49377187 
33829341 
80360545 
59082722 
26307295 
40632745 
15587548 
54368334 
16746668 
15062528 
46743325 
57832626 
56185855 
69282328 
69279097 
19449254 
14300954 
76747443 
35045870 
79915948 
1090951 
57059361 
24912882 
17549222 
14633814 
58900574 
80162358 
16487447 
43590532 
21040094 
69130870 
36082907 
14832607 
42391032 
52918287 
62118550 
38797833 
57371988 
37018152 
40526566 
15300337 
61227707 
69094877 
80723209 
76629590 
53705028 
17833536 
54529629 
80568119 
69692866 
14962170 
24896870 
18890232 
28851521 
59474216 
15765299 
63510894 
37258976 
14149563 
17900130 
74218428 
66452148 
14428739 
16507493 
23593412 
22182982 
18415784 
16621190 
18479094 
67025110 
23376461 
67955958 
12704672 
56316655 
20982682 
43545374 
74679617 
14612704 
65441993 
10765022 
53125435 
9460932 
20578990 
21000370 
5913432 
34552419 
39586116 
19167378 
43515523 
19989746 
43035423 
21724970 
16264654 
15029537 
23470003 
16230539 
46924453 
56377868 
14089578 
15199539 
34951926 
20082550 
58558991 
14191456 
71857191 
16340938 
28889422 
17238333 
15177122 
68463952 
75441316 
14672537 
41092292 
23476453 
41040638 
57150926 
15100689 
19916237 
40417097 
31312232 
79110440 
80740797 
14518306 
42109142 
61336323 
16333180 
42434031 
20135723 
17369005 
41060366 
76658940 
56803229 
20659095 
42871498 
48201618 
18171949 
14652160 
42631355 
15779105 
11375752 
19736614 
69372106 
53589069 
36653379 
15868316 
17800341 
28878144 
14875023 
67637899 
72419082 
30783702 
26764319 
18191027 
66098609 
45312055 
77296634 
15473781 
57032695 
28835888 
16348945 
17976302 
24392455 
14448298 
29327446 
16621072 
29018768 
22153333 
14127179 
15012520 
39268301 
53056410 
16683941 
20539901 
60058336 
6695502 
80428362 
14846143 
15193356 
17509141 
44711478 
16988613 
48044718 
14252369 
23074824 
19162197 
60119740 
16296313 
25344899 
15219725 
67317879 
20202182 
42221684 
8171642 
15285399 
80689244 
61901428 
69785349 
17588509 
63934776 
17656060 
1318301 
18517482 
9331732 
17531644 
76830251 
79412859 
50407864 
17578231 
42566902 
15292264 
37329004 
76550837 
18312678 
16142807 
16327134 
40316096 
8488362 
22673630 
15949585 
65007823 
14277847 
79705747 
62885801 
18560386 
39896587 
22002047 
62694739 
16208379 
16205295 
36348213 
15291488 
54819021 
14973652 
28251546 
77024946 
73481226 
18702605 
41591243 
44936368 
42787285 
68223919 
21686396 
21430495 
76854888 
16683949 
31969059 
77289832 
79880517 
27682206 
19246850 
35146042 
32798760 
16819934 
80057702 
80512142 
49658393 
24089740 
35904413 
77765605 
16136799 
18500743 
34855275 
44596556 
19083755 
35748736 
35725319 
56533624 
35730865 
57181658 
38045603 
15707539 
31711838 
47439488 
56064415 
784492 
29823572 
62799565 
75144038 
40299387 
68301362 
17375330 
30442387 
73354537 
19278408 
17006500 
15806905 
21656327 
39859738 
68366217 
77631925 
36512364 
31497080 
80123389 
74611298 
16693169 
27593348 
12415202 
16711259 
14909369 
20717030 
59577808 
11242082 
68736569 
20405428 
14339170 
29448335 
63685242 
55505453 
14116024 
77530164 
77532252 
77444680 
12148412 
38516549 
15734464 
33351529 
66848269 
42490740 
73907373 
1824111 
17859282 
15582013 
79220146 
33853031 
7282092 
16256725 
17982389 
20649501 
14718315 
23456207 
48116802 
36722788 
15603258 
47573520 
18037907 
35205205 
79249149 
36996177 
79686871 
59918325 
21466461 
40625911 
17837984 
79587652 
74923682 
25236423 
14255759 
50816619 
14499447 
79456714 
19912933 
76899412 
18947610 
29379934 
19150696 
56102829 
48442714 
26570717 
78736082 
47032649 
28439936 
22203887 
16441638 
38252846 
76634592 
14310525 
44258000 
21094795 
25375288 
67056853 
77752013 
16312422 
78859316 
15336468 
51218947 
65547556 
27213383 
22195515 
55342112 
15896304 
35663498 
55397215 
66408053 
21677071 
20847634 
22154468 
54266542 
12029882 
19511386 
40275913 
63636801 
14100717 
18597908 
25864339 
17083645 
64458109 
20164296 
77397039 
60042572 
51994609 
18907289 
65304372 
14610275 
60345696 
37939753 
14661283 
9205082 
21459026 
10404722 
20334905 
26236577 
22591462 
23909875 
74507823 
36989860 
20806376 
17069525 
43625088 
41404841 
51435170 
72035843 
57638899 
48827908 
77628150 
78534928 
3297651 
20087388 
9668472 
71650123 
17120109 
33925316 
16382482 
16837993 
15639821 
15123446 
23076807 
15244771 
18910220 
29099632 
1973361 
14167547 
68691152 
20277636 
22933610 
12098632 
17404194 
19295156 
15163261 
24047251 
29247437 
15165587 
18564687 
22721392 
19593530 
74069855 
23029177 
78273412 
13813212 
10461692 
20262263 
23375198 
39784002 
68052389 
78241605 
66188538 
78064092 
16313373 
77825149 
32336536 
73884400 
42249358 
76753213 
33132808 
18943491 
21192532 
30423631 
18983837 
14313749 
35418609 
25752595 
14792496 
37545188 
63944797 
38160948 
39727657 
15014405 
74277343 
14435000 
15437409 
43508239 
63353912 
74783092 
49785050 
76766582 
51883226 
62899732 
19081063 
76139730 
19864282 
77855317 
11271852 
65083622 
24608086 
77764331 
31838293 
14595574 
15774048 
26116352 
19096902 
58287616 
61698230 
7404632 
45301048 
24809669 
70731582 
9062052 
51851526 
47434277 
13765572 
12506972 
25685423 
9734552 
18058555 
16707927 
41259916 
18843650 
70714368 
75438387 
21425995 
22360594 
60105013 
34233998 
815299 
39201661 
21381831 
61619849 
50961477 
71206071 
54662338 
77598348 
26889413 
62623876 
40456188 
9802712 
67940228 
37833915 
16674576 
6123762 
23918315 
63920081 
56305928 
49404066 
72595048 
70451488 
70511216 
76378026 
58382176 
76146429 
19837231 
22377781 
50814821 
17291599 
26280979 
39739808 
77397221 
28542721 
44744034 
17379032 
24507004 
73108394 
77345416 
54305997 
28490530 
14368054 
19395651 
65182550 
72858582 
74800000 
46734259 
70736446 
75479944 
21014481 
27511623 
35993602 
24316643 
14355087 
71437350 
36239394 
24290130 
66628421 
5578812 
22042254 
16917035 
14178543 
14194887 
15686692 
20241452 
15708761 
26716018 
68234101 
9136412 
46875817 
63032799 
21397702 
16369049 
14222218 
19983769 
29655018 
18806359 
17762060 
22099973 
14236468 
69755282 
14343596 
17641457 
49970305 
77213108 
60146816 
70580169 
31326347 
63602441 
48689439 
25262272 
6877722 
14522944 
69955915 
18395782 
72160560 
76594470 
20115443 
69783957 
10029732 
75241193 
61593055 
40218214 
50096394 
69955035 
68312222 
17752041 
16359117 
76197757 
48746687 
53112612 
21817105 
40712506 
62702611 
16256611 
76590903 
57377665 
14833707 
16441139 
19337165 
17653667 
49073754 
38783307 
9667082 
16557449 
18953439 
58111331 
15919082 
12728672 
41044925 
73705688 
34398966 
17394919 
34376087 
22131769 
49917300 
43155565 
18758318 
38638608 
19019212 
74601370 
60665992 
28609908 
10753742 
15916681 
18682014 
25798234 
76233535 
57393375 
18150451 
72932340 
56800772 
73259546 
73560968 
64144762 
41526574 
42601947 
76119551 
48235272 
61224140 
73543557 
74343325 
19290107 
16173828 
44380269 
33113508 
18677880 
62802807 
42223472 
47254530 
31119704 
66878633 
14314467 
2040211 
16929570 
54951191 
36036421 
15538028 
75312034 
58877637 
18461227 
15803875 
17068947 
75730209 
45765535 
18153673 
29280239 
73505922 
16942891 
41339860 
29016250 
14444996 
2743521 
10394242 
17000122 
2108531 
15186189 
68614310 
6639572 
20604214 
28225645 
14343150 
19232548 
11859042 
17423829 
10342142 
5920872 
12808502 
16134962 
18461885 
18271581 
24747180 
27860409 
18059761 
15809131 
18664689 
17614702 
22466372 
64753246 
35162732 
27061948 
50916766 
7922242 
25642955 
36574363 
73516227 
60523798 
29360600 
16971295 
21579611 
63758922 
17991579 
20852569 
15573453 
31301038 
42680682 
17491102 
14481475 
55465989 
27326210 
54076643 
51112755 
37898343 
45993589 
6368162 
15783465 
7112862 
17945513 
14227603 
39698834 
16355431 
51550779 
42947084 
14775948 
17124140 
74926698 
23663535 
34905739 
22413298 
9675952 
74982613 
21739588 
71888187 
66826880 
19751635 
54064198 
70718677 
14107038 
30479730 
49928442 
75125328 
40835217 
75125723 
40592088 
27059308 
30095783 
45301853 
44625387 
66779755 
14508983 
16605600 
48024153 
72922288 
72795835 
12035332 
17227214 
22288009 
21993699 
56994923 
15278981 
39828896 
6790852 
15658327 
15832542 
15050944 
14338007 
54126163 
69979811 
15486564 
73091662 
14765213 
16386009 
22718297 
1020931 
17316059 
7064052 
13443722 
15374687 
21854069 
73825454 
52722392 
29389981 
39726180 
73915718 
73258273 
69943488 
38412829 
74188304 
56722328 
39728229 
17595759 
26204074 
34635715 
14339157 
17519194 
14270645 
68402444 
16134837 
71141547 
14406947 
15275359 
2876911 
28005863 
18819250 
54353595 
18967318 
56462323 
22168101 
15127632 
70197458 
34869875 
21888990 
19562864 
42390897 
16018523 
44931365 
40970683 
21527112 
15875403 
74084359 
24603879 
74665936 
54837501 
38869744 
74608262 
47209382 
43245214 
18908076 
44627341 
19630781 
6656772 
21252723 
14590880 
15040500 
20599584 
18142108 
66000392 
12892162 
24735054 
14936899 
14283573 
7006032 
16911837 
29827578 
3488491 
13406 
47886144 
16254484 
24275472 
74430545 
20356155 
71337513 
25344447 
62827843 
30323648 
62782498 
61019972 
30229248 
26009451 
73045018 
61582463 
26682642 
42738712 
36468550 
72289939 
44740201 
23101838 
27436167 
9831002 
6366042 
23599453 
16431622 
33977943 
14208453 
38518032 
19608801 
20114077 
46305243 
20650886 
32440943 
66496362 
67332767 
20480752 
15934623 
25943767 
41234498 
14941706 
17545648 
21660353 
13832882 
60954837 
51824271 
53907578 
16505652 
49714129 
42475511 
23274910 
47271538 
7861312 
14950476 
38629149 
1413071 
3031011 
52540452 
72841123 
20669952 
73190236 
65736674 
15230583 
47951693 
44203097 
7626142 
65809507 
63620816 
16527415 
48950372 
17805062 
14297693 
73721059 
25172914 
49002946 
5435942 
70757413 
61172211 
19856688 
19658936 
53301240 
57619292 
34057324 
6560972 
5693062 
68321809 
22905695 
20661527 
72487146 
60150818 
68831198 
35244169 
73437308 
38436883 
14060711 
37668611 
71277481 
19572710 
62459012 
46816704 
53121398 
28556511 
72998282 
20160897 
14935643 
65666427 
46254126 
64383259 
20295092 
20477352 
39994371 
28996273 
14535185 
15008069 
15510756 
42673536 
59129487 
20655848 
14866155 
22868427 
15116604 
70305774 
21343463 
16652613 
64355728 
24856909 
50460873 
37440958 
59084406 
25215820 
18730534 
72544762 
67040982 
15014203 
34456417 
64750008 
46384663 
22118295 
41856628 
30761135 
72015396 
16702055 
36479068 
18185124 
13119862 
14721767 
42114582 
19522527 
14389062 
41559469 
41229105 
35054578 
16383523 
18467164 
20167606 
54641697 
26112211 
17975926 
14192589 
43274249 
24440532 
36990012 
56462475 
72132114 
27194188 
19053914 
15391773 
64354882 
52168977 
9928102 
8932122 
16809738 
25763891 
17883356 
13011992 
25315352 
71290785 
18810707 
15322471 
15870923 
14486811 
30822202 
40237506 
44197065 
62313079 
18090956 
26510157 
15769958 
46024497 
71361515 
40321985 
20257941 
63079479 
46736448 
14278915 
66848753 
15264739 
60904722 
65293330 
19293494 
70673670 
14181336 
21104103 
18150258 
51170360 
62264357 
19963949 
43904737 
24825275 
17586622 
14813318 
70115025 
51361975 
14465113 
59952027 
16317784 
25805648 
44712560 
46277972 
70215681 
39054167 
25745470 
30619936 
17930905 
16260034 
14574514 
18453901 
19658179 
14787410 
17215722 
18536910 
58024283 
24432483 
27792360 
16015196 
18207725 
25753419 
32929290 
22183923 
21216917 
62951977 
21914383 
23460913 
66085450 
17960437 
31404936 
62561217 
42197910 
67615626 
7758522 
65446421 
42012703 
21457796 
60728608 
13293972 
65459707 
66136939 
58567305 
19047089 
17987451 
24073872 
68738305 
62794594 
65986236 
41446262 
70057364 
60562629 
61068432 
21968242 
16185512 
22914797 
44117981 
68904239 
66956927 
68999543 
18881831 
60180108 
15209694 
47621373 
61934211 
56643765 
18187744 
53073939 
55431680 
17171721 
15693174 
15706633 
16025244 
28607881 
68534634 
21066792 
17011366 
1307011 
10846482 
23336661 
47198093 
54290548 
19183196 
22907693 
20948787 
15343506 
40347338 
20626408 
45423489 
25390009 
59246631 
54525773 
33333183 
14095856 
22072828 
17582806 
38368505 
55250811 
30334489 
39795485 
44118535 
39347302 
61432177 
16530660 
65205477 
61798269 
18948624 
68438036 
14097541 
19382068 
39994795 
14804000 
41936364 
14457091 
25227195 
27111862 
24182806 
45454862 
57575137 
37399434 
48304993 
61864565 
30558597 
22333893 
22441611 
66035865 
17992196 
49558309 
56554540 
18538564 
50027471 
17145442 
18424282 
16477939 
12710712 
17081275 
62177944 
67419345 
49377630 
17483462 
44452723 
62533708 
16655604 
24471386 
33393714 
23407409 
27533944 
27091965 
24683631 
26430264 
40249956 
17194825 
27686533 
18228815 
21362958 
15888078 
62745160 
17883015 
12719802 
10106202 
28543744 
23774237 
9323292 
55364741 
22703195 
61123229 
31773037 
62951029 
18471265 
23902501 
20177347 
20677895 
63231833 
49608724 
14422705 
61330771 
33433455 
40751647 
19345846 
20755912 
15808460 
30917871 
23395450 
41189107 
41915872 
6435542 
57457477 
25042251 
19794839 
972651 
18485250 
16672785 
38514287 
62070100 
49326314 
67604958 
22431811 
57390047 
17595832 
16612560 
32653911 
26673464 
58966988 
24453540 
16010406 
24965950 
29698259 
51900126 
17644526 
45088086 
16171355 
14726654 
16584099 
22949669 
14261168 
32431483 
25276905 
38069075 
10000972 
67234168 
14951685 
54440732 
15779337 
18195182 
34743307 
55131892 
27700636 
24896910 
52943103 
16354755 
62951872 
18470417 
16380110 
16781500 
37260720 
37474372 
50217936 
21109533 
23453581 
21435766 
18898143 
23344327 
55049325 
46358386 
35452114 
14476147 
25059016 
15685444 
31076739 
34785175 
49316833 
36820661 
14221588 
39051892 
43750969 
18915657 
18937024 
20029224 
11991142 
17077889 
30909678 
19524281 
22264606 
14852926 
19414742 
26907363 
16296001 
19609340 
65623306 
16958526 
21502759 
36175166 
20977289 
18770571 
18620932 
52283946 
16951086 
17329442 
61505083 
29322046 
17964468 
13831452 
62661123 
10461052 
29843143 
58047580 
47865477 
16060248 
37555434 
55646271 
19342287 
29005137 
25726282 
23492053 
25593014 
52417400 
12594732 
58831618 
65164946 
20453337 
60699354 
44174621 
17279559 
21521770 
17357835 
49729214 
17385902 
20328982 
64172287 
36998066 
15233287 
21319346 
19090054 
34647880 
30050019 
54205815 
16614343 
57689143 
22363505 
14457311 
17813344 
52827908 
14336454 
21699582 
30062074 
61803738 
15393764 
16435897 
18591276 
60722155 
15660193 
62471732 
59282335 
51284971 
43222134 
64038022 
14579992 
18247087 
43843223 
35110229 
21218343 
20071285 
30841587 
29785521 
21696112 
26535008 
17536486 
57981235 
59172014 
40978404 
40935299 
53786744 
37717280 
14923177 
25407781 
28728839 
29242189 
59808060 
16968811 
26859409 
37628833 
16409007 
36225314 
40361478 
62367360 
32484592 
25880421 
111743 
20642103 
50325815 
54155904 
61588676 
43723239 
58602902 
14271227 
29946892 
33632918 
17601983 
23528556 
17145135 
19801959 
18901562 
32258552 
62577003 
17643927 
18952855 
35926058 
60286412 
33520946 
49221202 
60812034 
23172966 
28506495 
22491695 
16491354 
16117481 
17976976 
9899822 
20622528 
16957675 
19868105 
12332412 
31795557 
15822628 
21114461 
49897308 
56989632 
48245938 
53450596 
17093038 
15993125 
49288404 
14727152 
14452610 
20994246 
63713296 
19319302 
19380318 
37365670 
62083677 
35652122 
40621798 
43919215 
27210300 
61609561 
23507749 
57457988 
50557691 
18975725 
36631750 
45897954 
50568737 
50893130 
32101842 
15877062 
41674294 
19774114 
36224599 
26892763 
15081002 
19169892 
30279074 
58428820 
21325232 
25860353 
49203823 
30198766 
50322412 
42977781 
27884062 
25468180 
57216119 
24091706 
56078143 
22633398 
59525600 
21836409 
29280682 
58834031 
25897317 
53185073 
50387269 
6712942 
56293711 
27072071 
22405731 
14617602 
25069953 
17140947 
14612296 
60786873 
27396708 
19491657 
48528914 
14140713 
55847150 
43138053 
44560242 
53123560 
26014636 
62083151 
23081019 
57976185 
60446314 
17946811 
28541738 
19273500 
15832120 
62830022 
16378990 
17859265 
18488909 
44365018 
15352646 
42999110 
8176352 
17008328 
14287191 
30494501 
35122114 
50794213 
16393835 
41872498 
42864669 
20691901 
55360596 
18802547 
40304492 
19965250 
33590051 
34381522 
20951882 
51276577 
48157351 
16676953 
56404988 
41757863 
60476846 
17194090 
41916457 
42330840 
52480283 
25360285 
57579192 
26249434 
38931262 
57153934 
14191823 
29791357 
17913750 
33903358 
18150085 
39527774 
15466853 
46527179 
14634144 
10312112 
44728577 
53056876 
20423892 
15141276 
40157380 
43046854 
56610325 
14419495 
58184782 
15634154 
14340505 
59187077 
28499604 
53904305 
61691835 
58118920 
14115587 
23158507 
20221328 
21568707 
21875520 
45686021 
25836721 
50723869 
18004612 
15980891 
15181500 
30294787 
55542999 
21753852 
58090265 
23669136 
17601250 
38409883 
7305822 
18760460 
14891172 
15515651 
60961261 
25455332 
14482971 
50532588 
16448118 
46417657 
23110184 
35689383 
26977505 
59228617 
18045425 
37674122 
46836724 
57235360 
29762396 
14413498 
42590600 
57289766 
14461655 
41576550 
18564722 
60686666 
1384531 
22789509 
16498848 
18365169 
33750798 
25356215 
25040738 
58450380 
17808442 
16881342 
31043468 
49925946 
52402286 
814090 
20914157 
21009277 
44895427 
13571462 
16929650 
22412151 
35007560 
45909907 
36370927 
15000796 
19794554 
39221227 
18135746 
21066926 
14411485 
50855104 
14425899 
15441231 
37598380 
47318099 
30010644 
18538414 
18602625 
58774589 
21109696 
19919519 
57052706 
34773053 
17812157 
57402248 
42895138 
44458336 
55590082 
16159836 
42272787 
43206211 
14652240 
23577367 
34745836 
43122609 
34517292 
26023304 
10943482 
19091621 
16425312 
15981382 
17960903 
14243094 
29232884 
54396558 
27305067 
51400389 
55937820 
46034108 
20830291 
29961620 
51219350 
47905029 
16850302 
28358028 
27250894 
10441 
14810884 
17443572 
53452243 
38745184 
54285395 
56753479 
41697832 
35114229 
58940279 
39217743 
15036089 
56097685 
14239222 
14402657 
59513941 
57441498 
20767319 
43304448 
48219212 
48359856 
23239209 
34546483 
16098881 
23128953 
26864514 
44805655 
16282385 
26318094 
53099474 
15668433 
16413489 
59320561 
22718786 
58617437 
24204612 
22983163 
26848276 
16317640 
32746306 
59438018 
18179024 
48863406 
17088898 
39817649 
21029741 
17205380 
16519111 
20914969 
27503850 
48664783 
21774976 
15572352 
15294871 
37786250 
58836235 
50768526 
19273104 
41988119 
49827295 
17996822 
24735134 
21821378 
14567295 
39563680 
16701898 
15307587 
15465963 
38218845 
52499799 
18203909 
24725078 
44384628 
14193258 
20630597 
34203357 
34800455 
9587452 
51968506 
16872524 
17634056 
45882179 
24742604 
16406180 
56672181 
53719018 
9056622 
55877066 
5823382 
17810452 
49286417 
41535155 
20688539 
17086556 
55415714 
16117054 
54623403 
50314080 
15871505 
45748293 
57927602 
48075626 
21612923 
48317405 
17142109 
57074976 
58265218 
43720981 
23969249 
16111612 
36389870 
45627561 
14086866 
31152881 
55235593 
22715672 
18785524 
17970407 
25894920 
24913422 
15274509 
52741845 
29231788 
37657943 
52347033 
53510234 
23094790 
53624168 
19658011 
55925195 
28586585 
55262673 
42728423 
22506695 
36101633 
50850631 
3872281 
26355735 
18567331 
51959064 
37515149 
24861212 
44184897 
42617443 
7326382 
14870855 
57400816 
26294247 
7957772 
15391427 
21310935 
41217921 
20582822 
57463743 
30300467 
25838797 
7888722 
36790494 
56443923 
50274131 
53555244 
54067280 
11740902 
15631870 
15568612 
16956020 
17376797 
49734051 
50091509 
56229065 
22981451 
56933527 
56132987 
34717289 
56439561 
48343144 
34680741 
21722083 
17047841 
56431944 
18930356 
14973669 
25565867 
56475891 
15058068 
7355862 
24750480 
46825907 
9565432 
21032373 
13492872 
21329770 
38447955 
36223144 
48167161 
42113866 
22111194 
56708120 
49346073 
42595734 
25393563 
54837399 
21435574 
16200848 
14408351 
18533386 
19596276 
50003481 
15925352 
20254889 
48348100 
21993221 
53126446 
34772152 
15422277 
55066316 
28571858 
54268069 
36474637 
55648973 
47569482 
8906982 
17422054 
19953948 
33918760 
22072638 
40068518 
16910946 
14234689 
30977299 
9744852 
18382625 
48393525 
22950604 
16283859 
47029438 
17943673 
45708232 
23685059 
46568609 
30888370 
32886189 
18635755 
55938239 
18500764 
29769321 
55029218 
51220700 
43867106 
53599379 
31461941 
48865254 
27349969 
52968415 
19802954 
41390434 
42121318 
50688700 
15518620 
42213693 
16834248 
53481136 
19060908 
46477903 
9247272 
55917977 
16184610 
25311996 
55123081 
54786294 
28315268 
18673283 
23159435 
4545841 
16033158 
30299773 
14277146 
14619227 
40841316 
52408201 
26857742 
54042528 
41112122 
16709645 
13384352 
16710015 
27483938 
21824837 
54812509 
28336055 
17505542 
40536768 
14119067 
19657356 
21351786 
49649678 
19681291 
43403705 
51443369 
45516744 
43698630 
23210576 
21085948 
53968225 
15979423 
35392381 
25825071 
24641671 
47513708 
22257513 
16602663 
53002399 
49168097 
26562546 
49071959 
