159894847 
16374678 
47207414 
21506437 
77888423 
14505838 
37710752 
63226624 
38934178 
212283372 
24122614 
148937821 
66008852 
22664094 
56278839 
65728512 
134494935 
14738000 
23851851 
15233716 
29237487 
114951373 
37986627 
66904532 
29281960 
83131740 
70715598 
60680813 
98976870 
23398184 
95480696 
16266259 
238625041 
128919710 
53839578 
59159771 
18333304 
16550480 
14230524 
138860888 
15901190 
57107167 
9601512 
25350749 
24626969 
24223641 
71802596 
18676177 
19621110 
6250302 
8308762 
20265510 
19925142 
23518723 
15679708 
25170188 
33622288 
19503553 
15015384 
34332836 
33430389 
18247597 
71080327 
104082271 
16136867 
74005920 
20612442 
53177602 
21676777 
55930771 
72685208 
20211747 
20710809 
10926202 
41229669 
92409577 
18939092 
23502733 
18299118 
14172859 
23834147 
58201845 
55640472 
17952609 
23130466 
16429977 
23169903 
21381830 
16893996 
18337683 
20225716 
33337501 
24047109 
39243299 
22788516 
24748555 
49792526 
14478840 
19207045 
21413857 
38041098 
37706653 
18455121 
31905298 
24929621 
1468401 
25402790 
24285686 
15580654 
16653335 
15571000 
21315481 
14577706 
22182334 
16214271 
17685196 
16765853 
17011341 
17491982 
5808612 
8503452 
17795002 
22822179 
16899075 
16266280 
14075928 
16297024 
14937441 
3829151 
13 
15693493 
15610878 
17053517 
18541684 
16446860 
22947756 
21427531 
15004732 
15090204 
15485441 
813286 
16866978 
11522502 
11587672 
16331259 
21324258 
18536547 
18879108 
14600831 
15433144 
14495977 
18747527 
18943114 
20550950 
20499804 
16142558 
16281388 
21272105 
14353392 
10810102 
712423 
14869251 
14647570 
18151438 
