3285737504 
251773415 
2453555647 
34743251 
1480204800 
2380785955 
14809262 
1514608057 
2424488172 
2573624719 
42583325 
427905721 
22209201 
5548212 
16099291 
1429337214 
18801482 
390255697 
2338821362 
530803142 
495127465 
602725665 
1132010306 
7009452 
16286532 
21272357 
97575808 
1425728864 
1717291 
2296795214 
25923 
23880114 
101584084 
2186833712 
1380628526 
234765685 
2279023741 
2178012643 
15638834 
130185764 
474464361 
174377718 
374822255 
14138167 
763893 
8960102 
159124891 
34783009 
14518765 
75095317 
20414967 
8329582 
24581361 
19971990 
303900416 
22642542 
28081724 
18005237 
186470618 
228842761 
21867203 
27977493 
25928714 
8616252 
21808875 
20016973 
1605 
17127968 
275818987 
778290468 
5413 
2244340904 
626703 
21107053 
17444309 
2197606969 
21331965 
16139193 
17931932 
70506261 
14788198 
7017692 
127678939 
268622470 
21388935 
1523501 
17346623 
262105303 
91353376 
364230348 
163334723 
140252982 
202756449 
15659000 
348150131 
55113687 
18983444 
155127038 
785157 
14461282 
26948155 
1557403832 
14561327 
756129 
14261086 
9395832 
22330739 
914061 
14225267 
12901712 
46063 
8925322 
14636084 
16578083 
9729502 
14696890 
11417802 
17735909 
14651539 
52147618 
5501972 
20495814 
1097324538 
5566292 
14344469 
14850356 
21674969 
6535212 
409585066 
126702857 
1394979583 
10751252 
15858340 
17744829 
40959553 
14805097 
5797422 
14220606 
652953 
5883472 
40236925 
6503412 
20643889 
41553 
15012042 
15381458 
25480976 
22708585 
41783 
49036948 
15637057 
297214832 
30168936 
16026475 
14477161 
110699624 
138353711 
93428043 
197709990 
18520806 
16893764 
215095630 
14569218 
1487151 
4467271 
17854366 
811350 
17872737 
2969791 
154869720 
596823630 
234688558 
13201682 
9085252 
2727051 
6740642 
21806813 
18359862 
284072318 
4833 
76465257 
11768582 
282183485 
27179105 
423130342 
5449412 
41656328 
44771048 
13198 
50485184 
8095292 
6145622 
5965332 
1979921 
18327902 
14485678 
10955762 
3291691 
72403 
20952222 
14130408 
5702 
17657037 
34505633 
15744118 
47539748 
24041126 
16407251 
14492722 
19748320 
16061930 
803694 
23664532 
281800967 
5017 
691593 
1000591 
5814 
13479 
6385432 
817209 
5968272 
735983 
23643493 
15934340 
2730791 
15921173 
6036422 
93957809 
769254 
64844802 
16242081 
49736166 
137804340 
17503180 
20348377 
1190051 
10078 
992151 
183749519 
295 
819999 
3283901 
11094232 
378223565 
6611482 
14541402 
1137701 
38267932 
5732432 
5943622 
1159251 
13737 
1322691 
16916799 
20263710 
5520332 
1058971 
2529971 
10638782 
76823 
12920142 
3839 
44196397 
146525713 
205915163 
151232686 
233386754 
259379883 
1118521 
28140646 
32359921 
26658046 
24919972 
22083548 
780459 
7101692 
163464222 
80468100 
5802762 
31353077 
34175976 
92367751 
26642006 
35376813 
119221502 
90139166 
29761123 
32227807 
35770843 
28266505 
30584508 
22677790 
5668942 
5695942 
5942302 
11041 
59213 
20336900 
11740902 
19554706 
18420140 
291 
17266725 
12 
13 
10350 
972651 
15485441 
657863 
16727535 
17461978 
807095 
428333 
5741722 
2557521 
5392522 
9184222 
14437914 
2884771 
14378281 
1402111 
820828 
11095692 
801157 
12235562 
15487785 
662433 
7587032 
7950832 
5793822 
8654602 
14377875 
19871879 
6513952 
14063622 
18325358 
11891512 
15484885 
19842983 
15111163 
11522502 
19797964 
14200259 
14212297 
21765489 
15820371 
12611642 
14626683 
18277078 
18791763 
17879299 
16676932 
7178892 
15870627 
16549129 
6487292 
17243913 
16166108 
16404712 
13027572 
14345095 
13372502 
15729205 
754511 
12090122 
2528871 
15633 
7198312 
6686402 
17624304 
11414 
14888217 
19093 
15353711 
16672215 
16513270 
7426632 
14438417 
16871017 
17072944 
17112370 
9358042 
3169051 
16089738 
1501881 
14994465 
16197852 
7280572 
15127641 
13557972 
14295025 
12480582 
14590903 
11063312 
15327070 
771648 
11381692 
6079592 
5969122 
12101862 
1258111 
7861312 
16611492 
2355181 
15816414 
14126162 
16499712 
14211204 
749333 
11089432 
66653 
8929822 
802318 
1729741 
16017739 
17840460 
15360796 
6154112 
14712063 
3652891 
7161172 
5845642 
6839272 
14656145 
620863 
11622712 
19058681 
15060048 
17302122 
15169635 
15251252 
8368862 
16431351 
13364 
16105059 
15756105 
816201 
15960705 
15208271 
15303630 
15653840 
17926342 
14644509 
16102437 
14600753 
15032862 
793238 
9165802 
14988344 
8771022 
3028161 
7065032 
14983059 
60663 
16456506 
21819162 
816653 
16138224 
13857392 
7581972 
14267944 
17850012 
17243213 
14208982 
15077962 
16687370 
14398941 
16224620 
17602896 
15065568 
17737166 
15001291 
18182988 
19079767 
17789793 
16896029 
1473431 
17545037 
9507682 
15818479 
4654771 
17613870 
17878800 
17290193 
19173512 
14357188 
16941528 
18664838 
17058358 
17044187 
11105502 
17855102 
15596589 
14281860 
17357507 
15219339 
17247809 
1885341 
16513388 
7688492 
14561974 
11325232 
16303654 
19065268 
9486482 
14165413 
17599333 
19133774 
10835742 
17077019 
15403149 
14186729 
15368117 
17497263 
14275203 
14270583 
14796493 
16651411 
15391680 
15431289 
17997511 
19768609 
16554900 
11340982 
15591360 
17274405 
18550695 
18550894 
18551039 
3452941 
19248857 
18647233 
14115719 
15704986 
13348 
16590125 
5511332 
21229932 
15888142 
18251618 
16857338 
7921402 
18965851 
7846 
15782821 
3475 
23573 
107 
20 
586 
607 
9900422 
14703882 
15743570 
1081 
3382 
13642652 
14282124 
1912641 
9463492 
10367 
33923 
793830 
61133 
25993 
752673 
5827 
646533 
10202 
6466022 
3840 
79543 
1143031 
722493 
