821782476515409920 
17494010 
1639207880 
448002010 
2847565678 
2340558698 
1071777608 
2303751216 
16017475 
4894095909 
803281100097355776 
2810688646 
707119819 
816653 
2612311915 
1317130676 
622519917 
2326027771 
937961 
2315376242 
3020043783 
16528187 
2384102353 
44441112 
80344952 
1891806212 
351736842 
197435771 
2577642943 
567360618 
1101409862 
1550974969 
37750012 
1428575976 
31253990 
270922424 
495547426 
494518813 
365383773 
1110226153 
14865238 
728938712 
936063638 
307509250 
382605604 
738762078 
305196931 
6486602 
206764702 
15496407 
536905167 
362724902 
369278628 
16813249 
16632090 
20094734 
351493826 
11633492 
22330739 
402875257 
96103179 
319228960 
13434302 
217804739 
415145115 
545379248 
529675927 
5570982 
193030139 
434787948 
454520808 
487789715 
410244108 
151551090 
370819439 
153992365 
55403536 
361338491 
39550095 
15626406 
15132914 
244599524 
14948842 
343084232 
250823312 
367195155 
260932610 
14155350 
49263521 
297389046 
346515319 
183465413 
22340001 
257405293 
138617637 
244286175 
254271191 
85390802 
189618679 
135523474 
291648210 
282615966 
44732412 
274678881 
74568958 
162886404 
20876522 
81258436 
22756071 
209484168 
20711514 
141220659 
45148558 
51176059 
222246979 
11356 
17780580 
74719185 
14420132 
22674400 
253898758 
120088140 
28620999 
258806899 
93244606 
27143494 
224297396 
32615991 
30133564 
24692769 
194728123 
20707999 
14526679 
224631899 
67976245 
90450996 
208988759 
244404903 
97657130 
185224837 
17868090 
224585288 
209592307 
199810377 
33871117 
189137225 
144972081 
41628166 
174584172 
116455382 
93812187 
180928668 
62581962 
29450878 
90148711 
67403703 
43123141 
18999920 
120821393 
176759148 
58679405 
36560323 
108185297 
19289907 
155896618 
14244747 
148029810 
104228250 
52853085 
40905438 
18567605 
17660579 
18644961 
66581961 
81092283 
20531154 
30005585 
26973164 
14468254 
10383 
105848710 
135432729 
8994762 
14702706 
29215545 
109639760 
26228896 
20793634 
123685271 
121989974 
16449543 
85711315 
6892372 
57427122 
31120070 
87696171 
14863043 
1294621 
14878918 
17430435 
38630193 
13027572 
20365073 
25119795 
14799261 
3382 
14278978 
77266639 
46571758 
5480492 
15525364 
21015529 
111182852 
20116095 
109649370 
21676831 
14228195 
90701592 
47528281 
15237481 
91097448 
12727902 
88767967 
56723924 
76074292 
20029471 
80208349 
14749606 
17529303 
46129587 
2545051 
18536110 
83628778 
14394151 
22956184 
14886153 
21457289 
26047565 
39316822 
80289311 
66991330 
77279546 
14290415 
30280962 
30342866 
18037907 
33324079 
19114465 
52421783 
79201835 
46478786 
24750178 
41044925 
24387045 
28876775 
72190937 
13716022 
963121 
70882605 
21745153 
17546952 
14306280 
15931771 
32718488 
19024373 
41308320 
79543 
17439693 
11620792 
24196664 
13348 
63183702 
14135129 
44229662 
43248974 
34876153 
29719006 
15734342 
30279238 
21354462 
20771637 
21070623 
61043073 
49127323 
32879813 
14129817 
15166857 
47706093 
31452568 
38255111 
18025142 
16070198 
54914628 
34351198 
38076232 
46158286 
41258860 
16440882 
37994694 
23021726 
56384845 
42858606 
20526984 
40084258 
22939740 
14620544 
16852081 
15916492 
49074122 
39924174 
24180209 
38986882 
53053332 
26506721 
38371279 
15485085 
3171031 
20402460 
22786326 
8132322 
52036173 
20557233 
20695614 
36222682 
19570576 
48347254 
14511328 
14333648 
18058024 
44758465 
10638782 
43462357 
28204884 
16223177 
26368450 
37897828 
29054405 
22747624 
839561 
17001907 
42542492 
20277810 
11132462 
44418062 
14303261 
13198 
14654777 
18339832 
11148742 
20278673 
24199715 
18294197 
15237935 
4083781 
34932726 
23579834 
799630 
38500641 
38149143 
29131141 
36129360 
16584947 
34643078 
33528078 
22532665 
16026430 
11114 
15028704 
14538310 
6802212 
1458931 
26117527 
19408917 
15769734 
23554196 
21407484 
35495208 
31311757 
24743117 
20865389 
16896880 
13963012 
22603283 
29601340 
18499709 
16484374 
27752669 
14503940 
23762043 
14219103 
18498684 
22926596 
17415379 
23962312 
20815041 
17754180 
3552801 
23941720 
14055820 
21211751 
23345682 
22032434 
14465570 
17540316 
20444515 
20821119 
10884422 
18802665 
17960461 
18856180 
15432704 
17083904 
5668942 
4925881 
18537317 
10180222 
14962567 
15308469 
5965432 
19019298 
21768071 
17850535 
20603062 
16798065 
14912783 
20830163 
17984760 
18089164 
14686098 
1769551 
20732690 
15781499 
20359366 
16649758 
811522 
14971572 
14162706 
14163008 
7431072 
7439302 
711303 
1046661 
14647570 
12984852 
14433444 
5644142 
652193 
11107172 
18953784 
18083983 
14688076 
20317677 
19614296 
16724753 
15317634 
19236553 
15111395 
15476594 
18193921 
13303242 
17654981 
17993014 
18852152 
18653047 
14095644 
17047208 
17237366 
18179696 
17313150 
18937279 
16373878 
13171622 
17463660 
16448814 
14710904 
14738561 
605643 
16059834 
17432932 
15480686 
10202 
7093352 
17220934 
8453452 
15756049 
17819179 
15803034 
14901582 
6612402 
18431900 
14800270 
15411145 
8841372 
15727738 
14461492 
18485106 
8997532 
16298452 
17111286 
14847903 
17653609 
617133 
15134240 
18272443 
17557155 
18237848 
15792511 
17474527 
18026170 
73703 
14174309 
6436872 
10822452 
10310632 
14849573 
18033763 
17642448 
17087370 
17772868 
16817997 
15435969 
14063950 
125033 
17045933 
817970 
16300786 
3754891 
10282942 
14063333 
14186094 
15173603 
15974185 
2443051 
1940581 
14451981 
17051344 
17194296 
15460353 
16264588 
15141968 
15674576 
6647182 
14831976 
16299373 
14461362 
14461439 
14461298 
14279357 
16519380 
9944072 
14664597 
14654679 
9963402 
15282316 
16101739 
15172116 
14297954 
14680760 
14704332 
15310269 
14837383 
15309026 
15537973 
8095292 
3713811 
1374411 
992151 
586 
295 
7015112 
15870311 
15129082 
15232525 
14401128 
14363287 
15455642 
15224480 
13649002 
14431198 
7531252 
12772482 
15073282 
14442585 
15118311 
14972373 
15191551 
14254739 
15318018 
15565076 
