4864611897 
958805816 
1921392680 
99404976 
28016036 
2927363872 
193928467 
58840085 
56497811 
356893270 
19396094 
806297 
182496564 
50662872 
1096353031 
15866929 
4786485154 
2759157810 
40092190 
43196616 
564000560 
2694089576 
21360280 
12096852 
43814770 
144393887 
62151098 
2770776702 
42470788 
93692695 
24613268 
2746403616 
53430742 
14863411 
1566368930 
555417547 
210627760 
2962569436 
19959167 
78016201 
1753191511 
2303759611 
68510241 
15151609 
224256816 
1849250288 
2563918860 
498016824 
14956380 
59452842 
14107863 
27304520 
2470081242 
80655219 
15348216 
17197153 
3319267861 
220748191 
14956264 
14100972 
2361655477 
2291736600 
57725575 
21805376 
77026634 
76992617 
21090480 
28266857 
22514609 
25590483 
15184436 
15369297 
11071502 
16157933 
26520742 
17178655 
20683724 
36556587 
817977 
36383045 
35063602 
14458280 
158742819 
1035491 
20991021 
18806753 
108961271 
19713521 
11073902 
186203051 
8820652 
151885430 
176775528 
8596022 
15485441 
92430200 
18724181 
124335068 
499073990 
163755960 
14454605 
271735251 
951919603 
44099900 
229260188 
69024398 
1394399438 
76114007 
2779516998 
75159124 
15266125 
182452074 
30062010 
342263304 
62820396 
84681236 
3071461713 
73146295 
254531013 
27910336 
34677114 
68232677 
16506571 
15012790 
2493368425 
42644393 
47979952 
288915923 
415628651 
20455758 
18951494 
140441232 
221093764 
114546046 
20395314 
722815111 
434398279 
499117049 
10926182 
2777363438 
18246174 
600353775 
17348839 
15891536 
2760326770 
1225794079 
275100866 
48982378 
77031748 
30191678 
17844734 
860213216 
835611618 
43970617 
195899341 
3081615873 
1876475526 
366913529 
41850750 
2723389763 
248475060 
91124914 
19110632 
16031536 
1774391 
14363353 
24016767 
173992307 
20071863 
70403330 
249759177 
24581361 
22916354 
1603614835 
138471877 
17389704 
1053330463 
131915529 
3047774369 
258597981 
46389940 
2813874567 
25077241 
2161623476 
795216326 
281283757 
57101839 
480016995 
11879272 
21818903 
19236015 
70642165 
14317742 
2966380332 
132029493 
16690024 
38225803 
1963243902 
28918980 
310307592 
467017183 
451745302 
235006307 
2766556122 
176673228 
52409606 
26340080 
14247572 
15468867 
100863473 
2226917328 
16376711 
250470382 
18957032 
43009291 
137447314 
102580841 
30915929 
315508260 
124318799 
255006969 
2426162923 
19185786 
1427810119 
24816651 
1615392661 
194566346 
23228342 
335488023 
16743245 
16262052 
17010401 
16813212 
16241864 
396335967 
49770210 
15951090 
16030780 
288977261 
190232446 
56553355 
70235218 
250785175 
589140989 
59226226 
555593196 
574720498 
273748204 
87975575 
16669120 
8411862 
6936242 
74629643 
14920785 
15846407 
338084918 
267921808 
22574428 
18516743 
2282204821 
186274058 
2314023372 
860456076 
243331187 
18059401 
16461635 
191973403 
26292109 
2182347936 
1594044822 
297743163 
216444984 
18947726 
522489747 
41181459 
958706214 
443172407 
1148524016 
41658171 
993097496 
20006223 
19117978 
327262257 
23193275 
23007612 
871267669 
21835425 
424631732 
10239762 
219054121 
108359575 
144031017 
24065160 
294886017 
265375185 
1222342009 
1157985020 
194398391 
18811479 
39265334 
25566880 
17601174 
304400972 
255049031 
262427633 
788106434 
23120440 
526973086 
874320648 
19340151 
44480610 
450141622 
15152161 
17498055 
79225710 
18819527 
15269677 
1132092745 
363010853 
438555504 
42703557 
195504989 
462308811 
17003352 
10848842 
53162651 
247334135 
415630243 
17547059 
362127277 
219067877 
15740653 
587700404 
980994139 
446548488 
17396909 
41204076 
17180002 
14325202 
93473482 
15481972 
109374231 
950292649 
139930250 
562112911 
16469239 
63144994 
870487452 
191925680 
21529461 
94391588 
20519775 
14344722 
22171047 
32632701 
485023637 
154285998 
750268249 
295325513 
44619448 
16091934 
23637754 
1180991 
377391079 
126362262 
14086158 
572216529 
14870804 
15311407 
36640893 
123145383 
3297651 
16954427 
189273917 
92096544 
16013211 
7212562 
14030102 
264532080 
24910049 
17517577 
160983138 
68053152 
388685729 
14386587 
483481413 
142987293 
291736396 
320376913 
5510212 
20530621 
254736948 
435470259 
19777985 
377563432 
41257337 
74851947 
59603406 
14326314 
25438741 
324695616 
30670084 
290527461 
438380515 
199684994 
15872935 
6291962 
16824815 
18909076 
160777828 
90805009 
127377936 
16203309 
112275643 
186596138 
172471512 
150540264 
65902174 
34375331 
18677659 
16817474 
24909624 
437721006 
370277356 
323325383 
22856985 
145442040 
19540830 
157506702 
24752032 
242075181 
89201178 
391424636 
23913436 
26545455 
97537828 
14562004 
51737153 
18411360 
15472453 
26548315 
27014567 
16987317 
157678232 
16956202 
62138572 
15187378 
2519801 
14545077 
14463568 
15465318 
15169624 
137478441 
10914602 
15894329 
16271487 
15516179 
14251565 
43232540 
17472428 
20723592 
48681259 
371538238 
10257492 
67377949 
15723618 
21328760 
50460882 
67358777 
45642270 
17134268 
21147846 
759251 
53680074 
35002876 
18638502 
14135350 
20603364 
61676246 
42609957 
19778538 
21425912 
19087496 
33925319 
237385859 
23500913 
67069504 
313508027 
141779544 
69374933 
11549732 
284407800 
15724606 
26583986 
216595492 
39280746 
16268411 
32037052 
242570744 
18331064 
331867010 
77780450 
115163473 
131271110 
304820388 
15680794 
42643568 
18978380 
44102112 
51241574 
153140346 
15446745 
27858133 
16542535 
26251566 
22844892 
85966953 
148416446 
121974856 
792907 
14372603 
17334356 
16670584 
14939981 
17636894 
14321959 
141323492 
18998480 
256409561 
871891 
40016838 
16234345 
18995919 
90776145 
14923512 
39506366 
162100421 
122853545 
302850374 
18348647 
19910740 
18019884 
81374192 
16249053 
17793617 
17654296 
47179855 
9569412 
14252963 
21704478 
17777918 
14761259 
22217742 
9484482 
34299064 
877521 
18621945 
16579691 
202658953 
36108129 
185064965 
14765286 
9142892 
132205496 
26085454 
23655031 
175103573 
23594530 
13648162 
14392090 
15736107 
29309851 
30055390 
74193143 
281060224 
75362715 
53925101 
123256676 
39745038 
16714359 
105558828 
47673398 
14234493 
14389031 
14336750 
14245846 
26061230 
14335413 
63790725 
113148404 
33492824 
47423832 
18679741 
28400530 
120210679 
31181674 
20100039 
14789144 
23993734 
64516999 
51188659 
63844028 
66392356 
33319485 
58560480 
8161232 
2384071 
93957809 
1754641 
33792634 
34713362 
18949452 
17166612 
15962108 
112174564 
27029537 
14956372 
91478624 
20569749 
159462573 
15632879 
34715164 
6519522 
180220835 
19245459 
49026512 
75391273 
14244433 
14150774 
222194384 
22377313 
18378257 
26032257 
111745713 
247126064 
63141999 
624413 
17812131 
46788682 
200946739 
51472664 
14837928 
49808940 
16762273 
17850215 
211567031 
138831249 
17008091 
47443652 
34686748 
109064695 
31537307 
20589006 
175733735 
56772346 
14174310 
52229559 
844631 
177664329 
19043776 
142714465 
148803035 
14316241 
17543272 
84601685 
18722692 
198886148 
14445150 
14126126 
185739738 
13779962 
38183151 
19037968 
19322840 
16339845 
61018016 
12327132 
104858890 
51853838 
69793864 
129311782 
17023930 
15851925 
25287819 
23023005 
95720137 
50869226 
25084073 
15537849 
16142665 
17444122 
14237254 
59695649 
36999608 
21955359 
67303711 
21571178 
19128258 
14705619 
68008817 
54996649 
15783257 
746323 
39759525 
15762258 
39180504 
15904273 
5631612 
25053299 
14378113 
14258424 
20402945 
28140646 
40972132 
17179368 
3108351 
18218858 
15110357 
11856142 
65691824 
55021399 
18349090 
14192729 
19578679 
12480582 
13662722 
7975132 
15520612 
16031635 
23986856 
16704200 
113214082 
29738629 
20602292 
19366296 
51615530 
170110217 
16440543 
21130514 
108649102 
14653661 
16869035 
24656790 
18205144 
43621466 
15255446 
14533716 
191672740 
9860432 
10397542 
10775612 
50659127 
21533418 
16438898 
22601504 
69648081 
16696633 
34782316 
15348564 
15871082 
20348924 
83411779 
118286624 
54576979 
57046153 
14228300 
4796901 
8408622 
2677451 
8918032 
10203 
2066291 
15238609 
20952929 
14126162 
93712207 
130700606 
79397304 
155011948 
15236586 
62597981 
83864700 
143552619 
11632342 
103679746 
15768141 
140591488 
145027437 
111678813 
32448740 
20082004 
155960433 
159534011 
136846940 
116339559 
9194982 
80338522 
160636901 
56418956 
16540322 
153103786 
16989219 
16888313 
36455167 
16546675 
50229838 
43111754 
16588095 
111393044 
19407053 
28351506 
796155 
22650852 
54578156 
114869622 
68776626 
21412115 
14288356 
9263952 
22067548 
18456892 
50718249 
36676518 
25455332 
144272100 
10342142 
14804281 
97769519 
78917949 
14113411 
9429102 
9543092 
13436432 
16399645 
19397785 
26040944 
38388028 
15381126 
13331862 
14748055 
34617242 
17449828 
14293310 
14511951 
14423692 
50057353 
6852682 
92114141 
104950165 
39566840 
13566952 
19290107 
64767069 
14760755 
14811004 
54223769 
15706633 
23585643 
18436695 
18290719 
43737896 
82136655 
18726131 
14924986 
18050066 
48490558 
14664725 
24592704 
18752652 
13691562 
14865174 
93719576 
17633792 
22774438 
16494827 
18086410 
17214621 
17088996 
14786515 
42904586 
10505322 
14163748 
15322597 
15580686 
25356468 
45834897 
15247902 
29628889 
15468275 
24893266 
119945066 
137509151 
17781471 
134822130 
117229239 
17116521 
14944241 
15430744 
60169974 
135956337 
24951629 
18517310 
17837442 
14000362 
16956469 
88976252 
18143054 
33342708 
34288784 
3361531 
8769212 
47376983 
18451465 
16296015 
21009514 
15289770 
11489 
14536664 
99802199 
67212043 
14634720 
29249435 
111631309 
24735650 
84593808 
10944532 
14992083 
18646907 
81898907 
23498831 
7195932 
114287157 
19420178 
85267697 
17236577 
6536382 
41864778 
15458357 
18083720 
17513282 
20439973 
84604407 
16252295 
34596227 
18478788 
16557465 
22221961 
18583999 
16888176 
18638906 
18170255 
71640575 
9165242 
18964182 
101919203 
69369108 
20691849 
14120150 
19544492 
775791 
103719161 
6480252 
14326244 
86150641 
16210335 
76996961 
41819199 
47794752 
21318183 
13231972 
26258900 
15764737 
2306281 
2737751 
6680762 
14205258 
21313893 
34378367 
97017118 
24821575 
14775828 
17093617 
69316281 
22214569 
29234503 
29738466 
1912641 
5920872 
16413025 
49055841 
86435901 
22961074 
87497784 
61272909 
6329632 
3041201 
85850513 
90713806 
26506733 
14806571 
9802572 
33589020 
14464905 
972651 
18926223 
94130352 
14436732 
45340581 
19882338 
779253 
18205292 
21155342 
22172234 
23032476 
5525212 
17449231 
17191254 
15913095 
29432668 
17087321 
34997783 
37772646 
18723669 
31853299 
23783250 
63800780 
48371042 
76009565 
18582828 
29708449 
14915349 
49758200 
22517147 
67381328 
61342432 
82156111 
84113519 
58746031 
85198998 
28387806 
75616700 
87956225 
14344497 
19663995 
74348347 
85226574 
46969537 
90074988 
44148830 
42215068 
89564167 
50238623 
7228682 
28325684 
19666291 
58031451 
12122232 
10202 
15397465 
42964537 
8942262 
16656851 
18084690 
24394681 
29972057 
28589885 
57407841 
52287167 
21574259 
45490462 
16667591 
53167839 
30817269 
15290795 
16438144 
16868268 
20854875 
29307117 
39655633 
17825445 
14344045 
16296154 
30279074 
41890184 
80365765 
25763468 
14465113 
18137055 
14848194 
26761118 
88986562 
15755952 
89769298 
20547416 
19128409 
17925141 
16213437 
75633470 
71305517 
86074365 
52814572 
46521068 
19668915 
36167628 
50457961 
72147640 
18350448 
70282850 
34369690 
30180137 
68472385 
61265736 
47388687 
76445382 
40302362 
35366210 
16824392 
29094159 
17460463 
16830572 
8879062 
17317174 
43913137 
44421931 
18821651 
39776524 
18887735 
36876054 
57861415 
37056957 
21240571 
44389796 
38137353 
30712059 
30035795 
49161779 
16085503 
42972316 
56506913 
35774984 
47211850 
13779472 
14480727 
15446126 
18201801 
38114254 
16896485 
38516080 
22544159 
56725930 
15924036 
14578544 
19935568 
29479564 
15090014 
48755229 
20775991 
19772767 
17297997 
28209364 
52470322 
20159905 
19782104 
28493566 
72620514 
64763092 
13689782 
14825011 
62666918 
14803701 
18989527 
36174634 
16240786 
55844315 
15321206 
22181851 
52572443 
27363004 
15445811 
41598756 
17309942 
27502484 
676493 
19662551 
8417802 
24641746 
9527242 
822215673812119553 
30313925 
43372905 
22650211 
50090751 
19915096 
47024105 
18319470 
41710557 
17545687 
22057831 
19927098 
47769582 
15185909 
16007332 
17944853 
20314289 
20544163 
17217688 
10449682 
17556990 
27140592 
20512933 
34291839 
15719622 
18089641 
15738587 
37432315 
14544337 
18342955 
17429660 
18321260 
16116296 
2861771 
14820450 
31233278 
19725959 
20734124 
9554942 
31178721 
14358141 
42403530 
31174039 
21247926 
14170709 
21111293 
14630445 
14170717 
14774877 
16633036 
14177291 
14172790 
16244891 
24896992 
15271333 
43402198 
15163428 
16474228 
14856555 
14115587 
14927794 
39548402 
14323429 
14111331 
1462161 
9746532 
16579764 
15295007 
15369652 
15521632 
16129579 
34975961 
21274590 
18450106 
19069184 
36908460 
8667942 
28856685 
28140335 
25753412 
38495317 
14620190 
14437631 
20167305 
16954099 
16737050 
34996738 
25866802 
14788430 
39486483 
19675817 
18019033 
6797902 
30230172 
33648516 
24641092 
16240907 
28757026 
31713401 
24900081 
23473287 
15203570 
32929611 
18248950 
37654399 
36584675 
36600603 
19568147 
15012486 
15824847 
32405632 
38008317 
18398964 
19907538 
36723175 
16184314 
14338417 
14170736 
19085053 
10688472 
14283173 
15769119 
19617417 
32472347 
32429649 
26659984 
31661056 
14710658 
22028001 
19739674 
2482531 
20337405 
29763389 
16097351 
18966464 
16657113 
27700502 
7040932 
16129920 
14713133 
807095 
22535018 
16891890 
20885412 
25300311 
21212299 
23947712 
23095418 
20545055 
18959198 
7690942 
16351028 
20099634 
23811259 
14700506 
17694880 
2735591 
1143031 
18175252 
15947724 
15536862 
7837062 
16722727 
19928816 
16206860 
15060916 
20744068 
20605852 
19021008 
15064431 
17862578 
13475512 
18680847 
15859039 
16315838 
14227559 
3028161 
17999540 
19408646 
20353953 
2196321 
12262572 
17194296 
18515927 
15826117 
14323791 
14647570 
14834340 
17216544 
13990062 
19379848 
19734778 
17193919 
19675325 
9534522 
17071611 
19040180 
18402074 
17632205 
14193491 
10393602 
14234858 
813286 
8771022 
30973 
16232441 
15789483 
14091475 
3530131 
14365068 
14115817 
14573865 
1665481 
13 
874 
2569261 
15515812 
15164797 
15101578 
14915263 
