10876852 
2458082684 
2840762823 
162611402 
747815998531768324 
3070797622 
223479834 
2518143973 
14266598 
1198575775 
219380482 
235223141 
1046176513 
1139637517 
191908496 
1457354684 
83486801 
127873278 
2658345595 
24506246 
47999622 
304972712 
106364904 
467551928 
2361119438 
193301414 
1379662802 
335419621 
828808105290903556 
21297249 
804033520301703171 
449588356 
780839403501432832 
29469227 
800548981570879489 
3243551873 
39451174 
23462787 
8963722 
4784640996 
841437061 
2782211491 
79919001 
281877818 
2625176466 
750010358958530560 
733006108613332992 
326414705 
114782468 
28172926 
1887215504 
41841330 
2706552259 
3332821563 
214908867 
123259864 
27154035 
16468227 
158604122 
22967319 
478412698 
736627781421826048 
16683634 
2476562707 
225962422 
213282389 
17486629 
130328346 
1041346340 
393456494 
68783 
128622412 
90055449 
17782234 
476091552 
14428744 
144942975 
20425510 
352947624 
2710915555 
2215461732 
16833653 
125135097 
775093543 
111689551 
2696368585 
1099431127 
17179368 
52527173 
4052613553 
1186532348 
720331490597273601 
23438055 
2535590378 
2375676559 
991204766 
2763338162 
522974392 
1735206024 
15801023 
18295206 
17669448 
972651 
15110357 
20562637 
62513246 
41003633 
33846451 
22387220 
19040598 
355866075 
4077733912 
479479103 
699934136580988929 
2436389418 
52233612 
33988509 
399156475 
14004732 
425877004 
4206492575 
17405435 
2725950643 
312927309 
15003446 
2860289139 
545213998 
22151193 
3290899122 
225265639 
762881258749726720 
782939899435429888 
126022698 
122860384 
645503 
3439131291 
612348323 
800972 
756326958946922496 
780015517386104832 
2616838159 
3019975222 
743114773282365440 
33015230 
6419982 
730488210 
1061961 
12553672 
818340 
485704418 
44183122 
635383 
1175913487 
2499341 
552211337 
356861615 
289502013 
3120834556 
298704683 
34042766 
10194682 
14800270 
4714475062 
43901113 
3301771043 
3889039099 
21645908 
53925101 
112236047 
15441074 
16915759 
110965805 
280671683 
4056560116 
21788855 
612463006 
2482410992 
1900720267 
331120729 
746758386130255874 
733246936061464576 
1117794487 
2979527959 
493217639 
32520562 
1588530378 
25584097 
748959955915575296 
1713484656 
562967099 
156811899 
4528116089 
303940308 
2290216609 
1284508652 
67356324 
33612317 
17046369 
17497382 
14458280 
15651700 
3080761 
858051 
1059801 
14113411 
100065631 
328990309 
19918221 
702852640816963584 
328127587 
287309941 
8496762 
252672612 
198700618 
992861 
2632716033 
2343462265 
192969516 
535932595 
2910261584 
354203444 
2209086017 
24660212 
197016444 
21558364 
24673755 
130745589 
76125659 
2850446018 
3318466858 
21416467 
2902901 
113920624 
2347009795 
270844711 
39442938 
382506815 
57387978 
135192835 
102032684 
20067215 
22003610 
47129282 
1381748065 
106578674 
2867403994 
3171031 
5480492 
2298723914 
1013974376 
18119242 
295218901 
7268612 
15728569 
2591324694 
1655488146 
6820932 
190606824 
701811134509293568 
2374416325 
395210814 
738264919 
3204029595 
422869211 
1089403591 
4217085461 
4518265397 
254873869 
20687263 
2338658462 
70897898 
394281939 
3585343572 
94072392 
136245548 
41589978 
27847455 
100041688 
141258490 
49984747 
146198816 
80344952 
20054581 
73121583 
81812518 
201631606 
256898859 
195874539 
117091172 
95071372 
373006092 
171856541 
70975335 
308337715 
2811420941 
1389488683 
48805089 
4194417913 
3338471265 
3241667717 
1487311633 
14235450 
42171965 
697522301642919936 
2482271857 
2831338229 
109590251 
393853795 
274015549 
712821393105117184 
9737032 
91478624 
14885549 
14539324 
6070762 
42703075 
15066271 
15560223 
14763734 
714877281517305857 
204729324 
543285814 
527073850 
310783397 
2547680629 
2362070520 
3695086582 
3231054427 
2180242861 
15104451 
3245257727 
11069462 
3266848870 
16737406 
32216456 
2838031846 
88953269 
2261860296 
2916305152 
232991743 
2944278774 
15310745 
97858519 
19684260 
208996041 
110272648 
591324048 
168737450 
317405206 
322743739 
322641013 
188921307 
17851117 
211909072 
1159339896 
14201782 
3035016885 
14802328 
27945356 
1177200942 
249700990 
571072597 
21271771 
231123745 
47706994 
1961021269 
46350636 
2940095416 
22487278 
209104486 
1948055419 
755471971 
18038375 
3188365332 
211372757 
29011420 
460364759 
46408217 
171314974 
58569513 
2467791 
3240420502 
5988062 
38981543 
185397767 
112471133 
282280747 
288114724 
1227917690 
2872788117 
222833842 
487736815 
872269916 
20406724 
14850840 
2841961740 
2411328084 
2332841 
61596876 
17981316 
2438387650 
3265372914 
32973 
21548991 
3832140794 
147728507 
15368554 
961841490 
31178767 
79594729 
25263821 
508015210 
4333795461 
3694015155 
23742143 
17276597 
14075928 
3108351 
15693493 
7543692 
17804297 
89672048 
67700256 
16955991 
91333167 
2205549348 
254218142 
28354758 
1947674420 
48661542 
78874095 
2695442858 
16400734 
1961021263 
267085301 
67044514 
38130326 
28807412 
25562381 
2784963250 
2883394528 
9759932 
54730258 
58569413 
3044665445 
275686563 
4216879030 
989 
40273 
33423 
2384071 
11740902 
15828408 
20733756 
20749410 
21872269 
29002666 
34505633 
47539748 
49736166 
63485337 
84351228 
378223565 
427036400 
595822244 
1111940934 
1475495658 
36941760 
17748961 
788158068 
14526877 
95064358 
1378137307 
434130489 
38187267 
278847889 
19407053 
13232322 
323938092 
3071186284 
1542533869 
27322825 
131853207 
654143 
1385916919 
595422383 
182642157 
144408677 
961132338 
1585 
22390043 
26559241 
1953648950 
101002059 
977894438 
1531071890 
15755206 
501448768 
550382564 
114857598 
14321959 
2863824430 
114602310 
327672977 
86626845 
30960525 
2744373264 
446490364 
1021951981 
207613033 
2289938047 
2718223406 
621583 
73147282 
6486602 
819800 
2244340904 
112243365 
313038011 
993767011 
1923709316 
2612311915 
2421326550 
2418200417 
1004960875 
2434222883 
47106747 
188387551 
71563536 
41330386 
410098891 
2831779447 
381433986 
257787480 
23125257 
67433343 
612473 
2184465631 
249743006 
13925982 
19529306 
1562935142 
2975134426 
424300300 
19970588 
17365753 
14558138 
3147331444 
16650635 
117386434 
3004199202 
3183983205 
2875909938 
25580265 
745600340 
1344951 
44196397 
17194031 
164691705 
205212569 
38500966 
708447654 
50360725 
2457616159 
2677241864 
18979328 
61730911 
313579583 
2195241 
148593548 
43051682 
3340474094 
236262465 
46279940 
176644153 
16128734 
22762072 
41516710 
10755542 
3287991017 
21866939 
61420741 
14417215 
2766861410 
36531545 
312696314 
52171246 
921839401 
2751594014 
55562769 
5252591 
2640188883 
566544493 
128671324 
44859801 
93826530 
283734762 
14247096 
134665872 
117220073 
390346412 
25388528 
145731072 
1000262514 
69123976 
16936259 
25734277 
28049003 
89211580 
2612023339 
579677522 
3342010210 
799197938 
11009852 
17579431 
12901712 
14541402 
23289019 
1666038950 
357394273 
2540050339 
196970152 
2548824482 
3283901 
20263710 
11648452 
51639960 
265649962 
87501938 
1335870978 
1494850321 
3222294747 
2951201563 
500191240 
225138752 
119725441 
1426388498 
15136664 
633980404 
140118545 
2413220330 
739293 
1486896229 
633238141 
12491902 
16727810 
17372379 
42197349 
11580962 
64368500 
286090258 
8622212 
197263266 
745273 
156407255 
146139473 
10864792 
9206512 
125304737 
2238411649 
361289499 
143053926 
29468585 
894552380 
15438671 
2574487562 
22448617 
19478716 
87930368 
1545593748 
218645400 
14278978 
16385117 
16912235 
2724615798 
18018397 
2534669390 
264973284 
572221707 
51791290 
2775252717 
102432829 
29281762 
24149864 
1022940199 
14906194 
9849362 
238710012 
17621712 
962214733 
41713603 
1605 
2375721396 
1250865978 
2918925915 
9480 
16617389 
357853765 
1305862460 
2711212681 
10735392 
311361232 
60203 
105149998 
76222882 
24512287 
2731163028 
18239795 
471679706 
21530117 
21856390 
143039548 
53374143 
24907913 
221702605 
180327352 
165510762 
115733255 
2881247620 
25455332 
1023072078 
11073902 
15806164 
2567551369 
16838443 
15270961 
191381171 
193846247 
73433626 
17827236 
30331417 
73154356 
52296517 
2451711853 
14130408 
2335806757 
22938914 
1636590253 
20571756 
200897491 
13418072 
30508936 
2190414247 
72982024 
6376852 
13889622 
2867523868 
37228372 
33104659 
1087701 
9854202 
6730222 
404526275 
1325112157 
279144084 
1884019045 
1311827298 
61149956 
1469761489 
14759893 
14669471 
793926 
18466967 
170783148 
85741515 
867503322 
2475375720 
1410907819 
296623811 
14151704 
2734466983 
2228954056 
2916099747 
2204042821 
2584626026 
221911973 
1949139428 
32921113 
35415477 
1305211572 
1383067424 
1347748560 
49593463 
3081345050 
2544862219 
386457686 
2832071580 
5867132 
106109075 
1856980754 
1260765168 
429443182 
14763980 
18332190 
35987753 
1913790132 
2281278360 
2582543506 
2311915106 
15678167 
2312333412 
2337791851 
1413332510 
2287471915 
474738711 
2229295439 
356299886 
84349689 
2880382854 
2888882327 
79120053 
25039065 
2927758254 
5965332 
40528514 
114467228 
16319797 
14590971 
29735775 
10875712 
267283568 
210326082 
267908574 
550492251 
1600400100 
52188274 
543598566 
74426272 
1849321280 
2976745085 
26363573 
26281924 
221838349 
19186720 
1115148079 
61417559 
236548159 
404433545 
6727802 
22967014 
194237464 
534645588 
2803977666 
16242081 
24775410 
21966695 
16064437 
12134322 
2819231208 
48781450 
18630659 
163999945 
16667294 
994869804 
2317849625 
2512715750 
1140640094 
198626433 
201802498 
38226678 
317708903 
788524 
204759864 
957212594 
16322516 
2208027565 
396557395 
189273326 
14580701 
2835560859 
2465660307 
18766672 
216353355 
2917313738 
517021184 
240254617 
1668100142 
327315872 
6473022 
15126388 
19490555 
41200725 
2187117308 
96960004 
2351409380 
2548341234 
2820538226 
2933629443 
2388858103 
2731365505 
153770747 
11833202 
103790944 
16134616 
22524080 
4519121 
20640328 
156587993 
2729061 
19540483 
16689804 
567360618 
353297849 
7179142 
21522869 
2798146176 
14775478 
246220733 
17021618 
15476405 
7882062 
2308045789 
514613499 
135218094 
1536350275 
166315104 
322933840 
430995737 
316686040 
482042857 
14786324 
1656040939 
111197966 
227474691 
244508994 
1236101 
631448558 
1087860428 
20995047 
14112296 
2814161294 
388998683 
2262399740 
50462250 
1890842214 
15056788 
36692415 
2485110961 
2172956677 
2280818798 
10078 
22747624 
21292177 
1020701971 
2362548438 
1305940272 
571202103 
14749606 
13837292 
59420848 
814090 
3839 
298729878 
34300636 
92512982 
413980447 
2463681456 
2646399582 
76446565 
17093012 
247317567 
16048951 
2662818708 
193462243 
2881144077 
367085376 
18944153 
69313573 
392163523 
849591 
169431716 
943389062 
84149182 
18161991 
83827158 
2597498814 
39370621 
579911952 
131632349 
36005163 
1230616502 
2359702885 
21896072 
405013311 
185408277 
2804304182 
2585231794 
18453099 
631989348 
23009949 
451955384 
14089673 
234824937 
59082414 
2423931254 
16438898 
299264437 
1169760512 
158661786 
82333891 
412215172 
21269420 
22613433 
2791865148 
24945855 
3754891 
1000591 
360831528 
335364673 
404309254 
16864598 
26012352 
26780671 
293338829 
1209558716 
16028326 
2801888085 
15372846 
269584194 
66124383 
243776003 
14936846 
312038773 
1409928553 
159477499 
14817551 
2448197994 
221184710 
289903999 
589810102 
19048088 
159642250 
379949441 
488628854 
201825221 
383278970 
121336088 
108559862 
19348412 
2670122929 
21191064 
463867268 
290949812 
168466201 
2656515163 
81077164 
76025266 
498920345 
210574582 
30185310 
2236520328 
64844802 
373565537 
56564230 
528956313 
2361873631 
1326377582 
933968838 
2479033620 
51958717 
469250669 
2766942248 
2473799107 
99709934 
835636850 
1121729472 
896167099 
369027711 
280795938 
10201332 
17595439 
6141832 
1532061 
34716964 
24495077 
17792766 
127226173 
7640912 
278074901 
15729892 
2520193856 
1343324666 
40715529 
391938218 
2273042251 
533486713 
2316097478 
14110443 
2350794840 
149587538 
1595505840 
298112244 
17814325 
68663724 
1251328836 
14528221 
63924427 
293651541 
1273032308 
538996351 
1333467482 
87920977 
2178012643 
146729282 
2248660566 
27814665 
113130846 
14277276 
1957282225 
20043006 
20551303 
63951334 
33065974 
458526847 
48743445 
145359559 
22987849 
529173427 
2331895686 
1876235888 
357312062 
2213861659 
343392937 
262240503 
574032254 
915465450 
2540129802 
1689419970 
424458937 
2484508987 
176758255 
24149025 
1911812269 
817230428 
817209 
914061 
961093946 
450592177 
743768472 
18455093 
2532811550 
625505415 
287409342 
190942387 
473410399 
14118746 
91396252 
465477843 
18456141 
272105596 
2364142027 
14097392 
118234637 
2400476443 
245758023 
532157283 
102504895 
409854537 
2364365618 
20041801 
1412266794 
1436582532 
133793527 
296708695 
23625692 
2174951798 
50090898 
15813140 
53056306 
46240925 
30315557 
227021376 
2320644584 
246493616 
30331404 
47939390 
13982132 
14620544 
823221480 
35203319 
2277351410 
48846301 
91560105 
280190039 
1536116233 
316762255 
14414196 
15538226 
224840518 
1380711 
103625781 
2161641203 
1705885393 
850107536 
329816616 
2317145143 
19906368 
210559571 
1306347278 
220423478 
212344303 
19973570 
589389830 
584121041 
18129858 
2264926812 
492434268 
559690861 
2177665465 
746323 
1269421428 
163487633 
16180724 
25361068 
153897368 
218924400 
8496052 
1482495738 
72558987 
1039301 
179248364 
1497847602 
42226885 
25103668 
20062975 
605856131 
14158345 
16896485 
22013577 
2329112467 
52488565 
107225267 
69426451 
949605048 
41814169 
59145948 
59157393 
16099291 
24438551 
21614755 
1577012906 
111094985 
1688670626 
211806921 
15116682 
278388597 
1453856323 
564731521 
936388554 
154666074 
564686965 
1960419224 
1092039013 
66639217 
183749519 
16002567 
632074772 
82366019 
26697097 
14738561 
390218199 
18218858 
19029306 
1081 
481598648 
15414807 
34425121 
1697125236 
73385362 
619532406 
2177861604 
29458599 
27998331 
15237481 
60642052 
189271022 
472076388 
626644577 
64961224 
19209769 
415601652 
828818330 
58479644 
807018678 
108729594 
1425815767 
1406356669 
1570985978 
84146985 
17798223 
87010499 
147518360 
118861147 
90004929 
356307738 
1231166774 
81693 
248853652 
15177871 
906959130 
102222327 
36634285 
46063 
119505184 
372548499 
703440907 
18940945 
329061409 
14577701 
55315217 
580069476 
61474845 
854256612 
458966079 
347161664 
441208401 
767 
119305220 
464133191 
15995155 
15808647 
15066876 
394563746 
249682563 
107153797 
133582647 
39897996 
248211119 
809012353 
259403751 
15439395 
19906615 
143228142 
6843302 
17994509 
297317600 
174707099 
320986370 
13034152 
142157071 
36458541 
18122727 
14357895 
11112092 
716674800 
498949711 
131035262 
18655567 
112520164 
32850576 
39849458 
377252646 
395238878 
20646711 
25542808 
8457302 
39978805 
175375685 
16869298 
57133313 
14372143 
82853372 
456076194 
1577241 
75585083 
144918396 
254613042 
14514411 
15197321 
21436506 
15904669 
15431856 
80327954 
231176302 
235250432 
280716675 
7349062 
353701419 
384388286 
518065133 
620189710 
87588982 
26590866 
15921173 
31895345 
8343832 
16870421 
158865339 
81243851 
132213553 
21427937 
160958570 
19030517 
510299752 
122492210 
426595070 
278452761 
409583224 
19096914 
578881641 
305743876 
462776185 
388152072 
31986700 
258921352 
34743251 
64544431 
562553873 
236841577 
366283556 
6297382 
59843224 
26099938 
40767944 
117814006 
5452712 
36371994 
231500731 
33098821 
60308942 
380094816 
259725229 
27937612 
14220249 
498328279 
216358832 
19366651 
72831048 
465587724 
25562270 
162015522 
34585705 
15427178 
16680070 
25428095 
419710142 
26793734 
20455625 
19826509 
14957616 
25266488 
14076943 
107776821 
17769537 
72313209 
44509191 
23419106 
112921806 
36782237 
93017945 
32011415 
14861617 
6425412 
15497613 
1639601 
160655583 
26015252 
354041699 
14224719 
130435040 
54234610 
13215132 
22110229 
90228003 
15843059 
37350044 
324506449 
293359506 
386777786 
23240739 
15317247 
244368081 
126776391 
14710129 
260741931 
15662446 
20273398 
9384812 
71779368 
36843988 
332548613 
56475377 
61743163 
14353905 
68769736 
17990493 
15025290 
2893971 
171668944 
18682756 
2529971 
652193 
186488607 
62088627 
23422306 
19038934 
5971922 
9207632 
465973 
12643712 
13492202 
326087504 
43092115 
154134679 
14229547 
17451088 
54839772 
25076504 
249737993 
20962674 
117016997 
131169774 
47021683 
5520332 
14387400 
323752848 
32718488 
19983050 
22733967 
1717291 
22084719 
129949964 
17936052 
3382 
121193742 
17948250 
14627998 
141904142 
20109820 
17542355 
19524131 
56623560 
9814222 
37418072 
55745898 
185866843 
15821735 
20120268 
23792948 
9810192 
201157365 
27872919 
227178471 
15819863 
1322691 
65304372 
237271573 
3600071 
16510646 
39736290 
122312272 
101551148 
238664986 
8596022 
14128528 
233193554 
154937402 
42642523 
18239122 
21988079 
22960680 
26303602 
183428556 
30505771 
216997244 
190638246 
15530097 
39806542 
18629425 
19958280 
15281722 
46679713 
94305811 
20765246 
17676458 
147932302 
22170193 
12955112 
23135992 
151934705 
20050733 
71806313 
14211855 
33917675 
33517796 
21166130 
29875567 
1294621 
45821678 
172608408 
25863 
15596402 
14574763 
41627091 
15854078 
65836867 
18447312 
19226580 
14155530 
16892175 
170060570 
137397045 
89666358 
42609957 
15807772 
121611838 
3164141 
790734 
14049721 
160567229 
22539801 
14314680 
9717812 
18196178 
141527434 
49477620 
20219813 
18436433 
27290606 
18028509 
116197667 
15506203 
20555005 
9923162 
29658046 
39096643 
121468506 
97309744 
10751252 
21155516 
17189892 
48110480 
83683735 
16035473 
70735999 
13348 
24678638 
96585127 
75049601 
15200194 
20414076 
120437670 
29422312 
74184864 
20030225 
82564522 
135872453 
17832889 
14115587 
29151815 
17071250 
17420557 
16042045 
85983047 
20707384 
27612073 
27607284 
20551422 
11045452 
14211141 
12335052 
44415329 
12610412 
110681694 
817615 
19175718 
20055889 
34236669 
71731465 
16129570 
18199663 
22759776 
16910193 
22148621 
87021086 
38630193 
102257360 
30205586 
18483888 
14364397 
77861977 
1361831 
74552585 
32211808 
10748232 
109096843 
29296951 
46162032 
14856782 
78789634 
16901592 
3652891 
25476943 
16380331 
14396148 
24606482 
15646035 
44071785 
15473474 
11746952 
95724019 
27569483 
31243361 
31627075 
14931443 
21326151 
89424244 
85164429 
21902355 
1081281 
15891990 
16486667 
78293063 
43099462 
14241749 
19375826 
16592690 
42244198 
29600506 
13406492 
14672744 
15605402 
3849391 
61540226 
15639821 
62086811 
17383891 
17074240 
21006469 
24670901 
16866902 
19755538 
7408262 
17116521 
18630583 
19011374 
9856272 
31838293 
35710020 
67021609 
16963674 
16241143 
16588304 
61585288 
30849930 
51070460 
9572822 
14100972 
26889413 
14216003 
3220501 
16721344 
22127489 
20339945 
15523525 
8830992 
14361253 
41852681 
84239143 
13239562 
14651737 
17462878 
16378397 
50733677 
27915377 
15746084 
26978843 
15035560 
9017192 
7437982 
27664264 
14264689 
73198913 
27935175 
38946563 
14836703 
8414112 
73393349 
80897115 
7264872 
36360853 
28164022 
28733413 
79007734 
48255881 
15063178 
13027572 
17463660 
8166312 
12144942 
45848774 
75371681 
15247902 
15307727 
19752773 
1088671 
48024153 
21850829 
38440114 
40885516 
28377117 
18664838 
29438583 
24417114 
19498371 
13098 
18584700 
60870374 
59765555 
11572652 
36459320 
17881672 
15907720 
14764095 
14127431 
21589411 
56096417 
18942463 
7087112 
14951992 
18363508 
55565482 
16072749 
40516848 
23097023 
10637242 
14074424 
18934825 
8408622 
20490327 
17111803 
17082898 
47681902 
24562770 
14831419 
49993988 
9825482 
16306763 
13882392 
18959785 
28383106 
12524522 
2311561 
14217862 
18831291 
30646830 
12043732 
35548782 
6175712 
14454721 
15164442 
37570179 
6696282 
14326094 
6776612 
785563 
38427778 
22049126 
15743570 
7712452 
676493 
14328272 
15082416 
21198221 
23357829 
21436440 
18725903 
21871352 
14389031 
17065216 
14413133 
12611082 
22134978 
5829422 
17554752 
14396061 
5846592 
20920347 
6174802 
15631007 
18373541 
27884629 
17093617 
13404062 
633443 
14082679 
20623861 
17243913 
16956020 
16831321 
16511853 
79543 
15632376 
19734025 
22011465 
15117375 
15023026 
15947185 
8071902 
13426 
18329953 
17308527 
27838043 
10998812 
5894902 
15516599 
14331568 
18000316 
19781200 
21044126 
6979812 
22942732 
11755482 
16377749 
1131111 
19661020 
17825585 
7165802 
1332261 
14104847 
10086092 
877781 
3533231 
18879847 
9510832 
16651767 
794801 
18932935 
18829082 
17862883 
22375129 
17352686 
18994215 
17440232 
10905652 
8518802 
17044187 
14424227 
15087414 
14647570 
11700 
19720395 
6877722 
14409894 
12923812 
5449422 
2654 
19333738 
12916 
16574209 
18934465 
11552282 
17304367 
15667666 
20521828 
14123751 
15768216 
17374576 
16997073 
14248034 
1116971 
4414991 
15444117 
14179324 
11774642 
19445776 
15179401 
14652452 
11922692 
17508852 
7040932 
15458767 
17019460 
4898501 
17667293 
16723921 
15653735 
15245376 
11676742 
14345566 
694563 
17126283 
16043663 
13946352 
15094488 
17942579 
10763502 
14175715 
1418 
16982040 
10247222 
16030443 
14093420 
17706431 
15519538 
17038090 
628073 
15246959 
734043 
14098332 
14869251 
814293 
8453452 
9344562 
16144227 
14979000 
14314707 
14112249 
14638486 
1118451 
14087585 
3709051 
871891 
15231287 
15722925 
13714272 
16466006 
10297 
9737982 
14744623 
14145199 
11805432 
14334545 
15286135 
5958962 
12025652 
1854401 
4992311 
