3002018138 
23075927 
24007103 
773274472606371840 
4924437246 
493714995 
3657128597 
114670081 
836410027816603649 
427453128 
834081571493785600 
842137091416944641 
12133382 
1055907624 
7951172 
41655821 
19918005 
1368388044 
338608917 
17471979 
4890534999 
2203870008 
240905155 
39321718 
2649221384 
94619438 
13000872 
130496027 
27852273 
237845487 
798729566126829568 
14050550 
95318326 
834950981297324034 
146548246 
14782635 
15283643 
19533817 
28901346 
755113 
1322965681 
14135426 
1071102246 
701081673681637376 
107594557 
42660183 
755010432063172608 
3011349201 
47184279 
831567731820527618 
30815935 
781233472991920128 
2885138213 
125767077 
16570834 
239509917 
17221207 
822082693819203584 
47438401 
27392088 
142180263 
61216500 
2340924085 
233906161 
34317032 
26029061 
39328237 
488658732 
280716675 
15846407 
1638200940 
32871086 
2991166173 
820667712854593538 
497391264 
474999740 
17220934 
14247236 
10081112 
412008580 
948104532 
2800581040 
607613327 
27377501 
821682947279425536 
188153881 
1643537486 
559891903 
85903528 
832072944918552579 
2585388306 
383764819 
16544432 
15198966 
259547274 
102156742 
3082506125 
1328067144 
253195044 
826472694426255361 
486694111 
242555999 
29201047 
275645847 
810590628727914496 
786309892990574592 
26559241 
20816085 
79055272 
14676022 
604940737 
721409426406572033 
6576492 
635608354 
31128529 
20744708 
2573480784 
373564351 
874916178 
378377753 
31532083 
4196031009 
19418459 
148479396 
389974502 
160010755 
2606054280 
19918353 
2493306794 
22429979 
818384298 
573775393 
4137551114 
58882633 
380346763 
85861197 
772941628134699008 
330502724 
533321911 
135060958 
15639642 
16637461 
13567742 
751473455631962113 
1767174085 
299802277 
824086299652915201 
154717863 
4258924693 
3180236288 
95463107 
824333698728333312 
157584741 
50152441 
245451804 
344972339 
1128514404 
36676406 
4891026139 
48640454 
228249949 
3316098423 
3396458800 
102344843 
825636721924542464 
18648006 
825151045869432832 
250188760 
757303975 
7805322 
564313682 
1586501 
809253009750302721 
91180720 
148529707 
796910354781634562 
18686907 
158426909 
4207961 
49698134 
970207298 
20479813 
13393052 
1561608704 
14834340 
99166833 
171598736 
15441965 
460164882 
14298769 
47101500 
369602017 
47475039 
15939889 
150078976 
759155446976438272 
16910582 
15808765 
824139632354988033 
824190260338954240 
824473943931293697 
9535262 
16740755 
21786618 
236485849 
234050054 
44789763 
54412900 
476256944 
131497030 
14606079 
1707321486 
17086475 
3177403120 
93069110 
1365936504 
824087073237991429 
17773720 
3240143771 
11211372 
304392714 
53151247 
259873788 
376307465 
14211946 
4479040699 
15766082 
758111327206322178 
803237155275472896 
860555190 
244655353 
800942537083068416 
14529929 
2293315159 
48269483 
39000115 
21728303 
409486555 
15220768 
1051396218 
16664681 
29450962 
4051496293 
69372729 
857117095 
22771961 
17235582 
21344507 
351984175 
3368690836 
772808222373654529 
31223005 
235196204 
16583846 
17066022 
558040899 
28657802 
16958346 
159462573 
3047570107 
2432241307 
17375057 
15764644 
7334402 
30354991 
755480867267497985 
16129920 
3183287251 
766020211355054080 
109301353 
5907272 
2916248714 
100168238 
769641584 
2817082508 
534790933 
8953122 
249964618 
96195650 
214354970 
250750502 
15224867 
114825840 
27539364 
14325249 
1432245698 
133794897 
28701142 
17323979 
3449411722 
33537967 
3374477909 
357606935 
470659492 
19303934 
15059534 
703686699415642112 
45340763 
2482666705 
533445959 
87222038 
2500199479 
40051702 
216776631 
29442313 
19721866 
2290369687 
182493733 
944467345 
1339835893 
2284055677 
18555364 
417291182 
256090039 
105242077 
342187630 
231493301 
69699783 
102148991 
3291085495 
569331901 
84704680 
23333355 
18694861 
227082028 
15555650 
2252081358 
37938703 
1143489937 
80758969 
204875750 
15774131 
311075324 
3233750122 
41416343 
916303212 
636629677 
1360658484 
82094440 
2451527654 
23999194 
92067293 
64851483 
38704500 
561676909 
52404889 
36477586 
34434560 
2458399772 
2836421 
2434450274 
2919257502 
166284124 
62519677 
2544201463 
24789175 
123306556 
87724165 
346431407 
19543335 
731635578 
2895837714 
24963878 
30883464 
38280020 
113771254 
113075914 
94119095 
896790674 
16350780 
142359076 
1697668345 
8249832 
91615781 
245422562 
179176747 
52537190 
16662356 
81924195 
59626075 
17526123 
17912453 
370399995 
498991567 
1362613831 
5933062 
1905536150 
1198029582 
2815731924 
2811618002 
756087991 
26065730 
595022324 
122467925 
64021549 
544690941 
165088501 
591401274 
125037727 
126043116 
1469935464 
2300755135 
353132497 
2279427001 
1477808185 
14767574 
382211963 
2329473391 
17970975 
80033564 
2263646467 
601231538 
65163785 
268278168 
872125560 
1061029050 
1103937042 
33920712 
584100034 
2163623708 
1312458080 
19819714 
393597743 
365084070 
17622991 
30821435 
14463848 
106835631 
1862360305 
823746248 
51568009 
1717553425 
19990582 
622055553 
520672613 
26164938 
93723543 
840121520 
567590095 
1169725652 
1613616037 
875778241 
286981601 
719739980 
236696328 
822042114 
627512783 
1170074574 
85583894 
221155709 
1620540242 
1616785782 
1075152006 
1603842036 
38518952 
28834570 
187685848 
24289073 
18435568 
981332635 
93606624 
38334897 
576337597 
836142284 
26610556 
80060829 
342797769 
114489604 
20955454 
28166558 
1329800510 
326813935 
1299957811 
493830545 
18233732 
199043042 
253209764 
116337347 
17966871 
231490598 
862338150 
563421887 
486719476 
1273019646 
29861440 
288303533 
41740625 
369769728 
332544440 
147696582 
74229360 
24879483 
17250802 
631355341 
25792679 
302724838 
153714033 
412648934 
24036257 
17845789 
994406977 
77875102 
17539105 
63982818 
73300735 
630481836 
7296632 
94621949 
934211922 
120316184 
96192969 
612714462 
377809994 
319790672 
461399763 
21317121 
11664912 
22041778 
320401364 
81079065 
90605366 
23082072 
345632493 
17093674 
142901832 
15970702 
720989904 
846611688 
783458018 
155771743 
103034807 
216494445 
207759303 
17815127 
849982908 
84007464 
426915795 
30682606 
724548902 
276778247 
304041475 
362778533 
89777588 
462778213 
84126542 
5031151 
460414931 
27161215 
28066607 
146092798 
16648790 
184574059 
21429102 
147294951 
122423170 
444378105 
549316549 
403434398 
33816895 
92356909 
711219260 
23126419 
5392522 
15602409 
601109371 
492598570 
254991875 
606703243 
81005558 
18137588 
17990173 
38533053 
174308491 
15646555 
88098535 
255469638 
38531995 
195758510 
38516217 
17725850 
25523186 
34749492 
340886217 
255694391 
17476084 
89269664 
59151958 
586145553 
22511319 
50764962 
48357304 
109659449 
573054242 
556345017 
398703417 
46106161 
49989431 
256444597 
156239118 
91524657 
243273429 
360245905 
71334338 
492503038 
17170787 
229495609 
380512606 
432132242 
461767894 
453588561 
50674272 
378607318 
189292760 
300073507 
495428287 
20242981 
247502356 
14116807 
4743 
384940104 
347460871 
327970675 
353866111 
84167713 
59440977 
81533230 
265085341 
229284872 
466069437 
61427691 
312049563 
50117365 
338498345 
323443724 
255712020 
29821326 
17115379 
399275397 
82497386 
135600382 
31788728 
17918827 
17160767 
23622564 
49657722 
274038969 
68233373 
50481490 
23636720 
125622695 
168315799 
218522521 
18445433 
108675193 
244088330 
64996766 
149067200 
357780335 
385049384 
381780679 
385815613 
205089397 
16577296 
44937244 
28421367 
388473715 
387305840 
270313776 
212309960 
325739189 
346720531 
333465893 
148662235 
374794847 
140051507 
352614458 
56462287 
14134823 
16045066 
15970392 
160941018 
34731203 
332537706 
34713941 
149098970 
141809315 
37957971 
216860054 
15923700 
214178989 
260231714 
363727875 
163665779 
30778959 
17219555 
207817893 
348948081 
52248495 
101365834 
361387499 
321179165 
363815391 
347871994 
252249150 
355063035 
231662314 
354483852 
198419905 
369058041 
358889363 
143412207 
75031499 
282847242 
199410804 
15174710 
32412540 
130914155 
81363374 
15558712 
205828660 
24579113 
93253330 
245861926 
262242701 
282228169 
20105071 
17918561 
36676586 
93874520 
62035633 
20551303 
106271918 
284114147 
242776751 
125763830 
63374874 
39812315 
65733298 
29511514 
25056239 
210923234 
19538519 
20778387 
56792882 
79217040 
19244181 
85430521 
233719101 
19286569 
188000263 
93479964 
216513520 
109003634 
32679157 
44447537 
18131988 
20729031 
46435965 
212314884 
46519992 
113214082 
116532121 
21842438 
18086746 
111401586 
17831376 
200448551 
208112747 
16424482 
189834575 
22493152 
121576177 
64250735 
22513919 
22983780 
59017872 
132607338 
89798210 
60091288 
16469964 
83476701 
106126384 
126175901 
14786217 
41019569 
74563472 
26315577 
16560381 
20455336 
113164120 
49721459 
13179042 
26805480 
15468275 
50726532 
23700447 
18615506 
139617110 
72549698 
37134469 
15710494 
175175695 
34428893 
31486186 
31127473 
93249453 
24922040 
29744022 
15166459 
27113831 
85550267 
69491556 
24686688 
133799147 
178010200 
68440583 
164815468 
18784376 
15235948 
158028085 
106547026 
26740775 
32293048 
180338603 
171583520 
178214890 
16655135 
51456146 
183438069 
49818607 
35493357 
75316059 
72947109 
15956614 
20644851 
19542110 
39489962 
26881832 
171092066 
112802241 
123408860 
134401097 
61290194 
20956938 
118454234 
42939616 
171979247 
165433720 
107769150 
157439783 
134344395 
20633239 
94214332 
17445739 
63738419 
152880771 
137927746 
70807973 
43537363 
103399715 
34952147 
86358749 
90475707 
94001128 
42893717 
115802292 
142978948 
17294281 
16584682 
44837419 
102774550 
15140900 
155384922 
37569604 
19202689 
84318644 
109618798 
5526292 
33535825 
79291751 
105181059 
18013285 
15205917 
12624592 
14133031 
18185185 
27414505 
50942976 
124320874 
110468250 
18000480 
17344288 
79099739 
73402979 
130539253 
18396828 
19396572 
76829780 
111477821 
44362897 
64758072 
17999296 
25549480 
16212988 
19199202 
16824685 
18154926 
113513470 
17742356 
3554671 
76752380 
45755551 
38423569 
24459649 
76403865 
18260217 
90534371 
11019532 
15907716 
112582092 
48632908 
20512910 
47127629 
15322597 
95087219 
32485188 
17878800 
20217031 
12524522 
90033149 
93912033 
87753692 
66401056 
64144030 
15864679 
45085407 
67510970 
70610450 
28210533 
34419095 
104347629 
17058794 
19459118 
109137683 
22686590 
40707199 
100528286 
104413404 
48219895 
80392006 
47524452 
31388299 
21302574 
19926055 
16029780 
29674962 
71310291 
21208075 
56784864 
16653338 
8395432 
21791776 
24111638 
60820727 
97750840 
12512492 
18756509 
24771318 
18290719 
19130934 
28429455 
61335035 
24167293 
29269401 
14341742 
85478490 
15991049 
15586997 
61856458 
81236134 
54426673 
36773006 
17180800 
27111396 
66697986 
76070675 
18600684 
23369246 
41723892 
28351670 
18005434 
20955492 
78210785 
89323472 
43380076 
61390001 
15431253 
26948234 
93992758 
23940329 
55920022 
19409349 
17003118 
18308738 
71321449 
54253417 
25127449 
65718965 
95203384 
94468839 
23075284 
34817508 
58145288 
20347627 
18029498 
82392329 
25862005 
15108636 
22187753 
81764000 
85585196 
34335514 
21836409 
15776381 
35566794 
61928982 
79011018 
22452829 
82936865 
55386656 
82367489 
16953808 
17002148 
28400350 
41865979 
69906414 
61693597 
30250458 
80216103 
41445460 
69113285 
87941692 
47439616 
17203374 
18997715 
20489098 
20160715 
20030152 
64689798 
15519151 
15774048 
16846126 
16413061 
73935068 
75066625 
21269834 
51924041 
81002351 
78731670 
25535006 
23675056 
72704442 
84547740 
15727743 
67568231 
72593729 
26303086 
24279102 
72558548 
32286695 
14266598 
14079041 
48110328 
31657851 
16383947 
56779008 
25542544 
24212723 
36902944 
33396486 
37429380 
17366357 
22277278 
23424187 
15813846 
17132964 
44665787 
17262949 
26885325 
75136652 
79358920 
28122073 
42550194 
20329672 
61409273 
79883723 
40463138 
75588663 
34352746 
20696348 
43943997 
47711619 
31535477 
48757322 
17010034 
17456234 
24965771 
58963777 
17349778 
63262953 
42346547 
36497670 
80083667 
39869476 
71103225 
16957613 
20127036 
39766277 
70024258 
51241574 
14090017 
14554078 
30016687 
24146182 
17511879 
29248042 
67400457 
66209778 
16631002 
75867969 
15754470 
17036587 
15290795 
15470403 
30778339 
59972733 
16452975 
62607153 
64818029 
62899732 
15346928 
20052094 
35504699 
15037511 
17194556 
20861247 
23471707 
63876125 
29427999 
26877303 
19343746 
71381840 
15102030 
14300107 
71716901 
28914186 
18166728 
21251132 
59651656 
52247468 
44308580 
47419887 
18148516 
28908282 
69128032 
69370350 
29647298 
67845923 
65774199 
16471088 
14954925 
22061776 
55363299 
36782022 
19265845 
69352883 
70221400 
53681371 
49549302 
28660550 
49658652 
66525914 
19204892 
62853510 
25599869 
55092820 
69049318 
1588391 
65571778 
60121214 
3611041 
17400407 
64869451 
29440159 
38108873 
20225222 
37944408 
24626969 
22592261 
25839788 
37194335 
63259482 
63786412 
31091208 
44500407 
22343605 
52631261 
64802313 
44449839 
53144488 
34346013 
35837982 
43827482 
34974478 
61383862 
17074378 
65951802 
33714619 
51722791 
57007243 
63740163 
44538415 
21875099 
46117664 
29933318 
42761057 
65787837 
46187315 
62354691 
57751954 
60720204 
32329933 
47874693 
49125125 
66314544 
59800167 
20545343 
37035692 
696193 
62100609 
5419112 
19685641 
65127833 
15922944 
46192285 
16903500 
26039702 
24476520 
56801135 
17401289 
23985628 
33425221 
15019961 
3286621 
14290596 
57105698 
20321027 
14124614 
59340495 
54232151 
46112803 
20012313 
54966778 
57512474 
9493042 
7220432 
15564113 
14642122 
11564502 
53187611 
44944250 
46969537 
46358386 
58100442 
53437427 
57776641 
58266002 
46770231 
57239630 
58258091 
14598359 
24920023 
48100869 
32751863 
48637884 
43376504 
57303784 
52414018 
16752235 
16280307 
57252177 
58579397 
58004409 
19357681 
19952177 
36102908 
15483031 
36001013 
19538724 
59491337 
21396487 
21440249 
34525391 
42582633 
16545315 
36609126 
42900871 
60680536 
42163074 
61130280 
24695729 
16228766 
27772644 
19515574 
15456365 
6228552 
34674222 
54445225 
20481804 
55114721 
15461733 
16713249 
47334900 
14919948 
20069961 
28588467 
56512320 
41727242 
26231648 
48110818 
55595252 
52997016 
41860287 
5713912 
15838840 
59198818 
17194090 
15998811 
29587622 
24898059 
41004822 
58502999 
15487945 
24145662 
44254802 
58311358 
57415997 
58746031 
14074632 
17326124 
45613644 
40625564 
48745956 
17800063 
50008018 
48442062 
40533033 
25688058 
32227139 
19081007 
21663584 
21890668 
29856413 
20088287 
34087497 
18197682 
10053832 
51911792 
48109803 
32119253 
56317459 
49968375 
47383388 
27856595 
49998113 
46356769 
47642073 
21137906 
46823799 
36570756 
20769532 
16587571 
28473902 
1103771 
17696655 
19734025 
38897120 
30222290 
50267189 
46805589 
41884553 
22452980 
49679887 
49232553 
31469906 
54996040 
54885718 
15932490 
17966048 
16931459 
33370627 
53188720 
53693900 
17885807 
35267699 
34683631 
55329728 
29542388 
43350189 
21875834 
22240956 
14283592 
16727547 
15687976 
21425914 
47141592 
10411232 
46396070 
49175722 
39739462 
49377630 
22696013 
40305352 
45131919 
46577579 
16951547 
56391471 
44027245 
18851248 
19684844 
10396162 
25466484 
42566928 
15221752 
26079008 
51576211 
19864491 
54322046 
43424421 
52940193 
15257384 
19380580 
17876609 
50766762 
31545074 
48364905 
50877879 
49714129 
25647786 
19430703 
21463315 
28308126 
26245053 
41863474 
21610427 
8454792 
44644046 
20300948 
26949682 
16727543 
19137903 
25312967 
51354187 
45144992 
13832532 
20041239 
36980190 
43590847 
37192561 
24823935 
21363905 
21143735 
32165562 
15221282 
47649394 
46896133 
18414611 
23080128 
20553079 
21761456 
44682047 
44971697 
51784006 
29807050 
44449796 
33677283 
27731367 
28748843 
25176127 
51861158 
52436641 
34632283 
40870069 
48473838 
22562483 
43189456 
51443502 
53290932 
37889262 
49706968 
50269331 
16488147 
22985544 
28984401 
51209007 
15933286 
20558007 
17451334 
18061386 
52820923 
44247872 
51046474 
53722530 
20001458 
20195088 
32220874 
20582958 
48184588 
22552646 
15677724 
16956020 
52464524 
17534649 
22067029 
40471727 
18843223 
40215565 
20344374 
14816013 
33380830 
40900009 
15653973 
12973362 
19558239 
16429482 
7101972 
18252494 
19713738 
20441228 
14536664 
14572947 
17905406 
14063401 
22003729 
18666525 
25661907 
14587342 
15773884 
14632470 
28324751 
8716042 
23031720 
34304411 
16141404 
4278201 
28200196 
24532041 
24627550 
20258334 
31427113 
30037438 
37969999 
22488090 
14861170 
24753577 
17095846 
10235102 
23366996 
39993846 
24766518 
22546650 
21913992 
45445973 
44904933 
12434192 
18753753 
20693656 
49861840 
7703052 
27906999 
47617820 
14973612 
44979745 
15038297 
31304026 
46440530 
42318406 
17849565 
48687054 
48438005 
47295809 
35910513 
17331660 
15534763 
14338577 
18661874 
27342013 
15691838 
21529106 
31316546 
14100512 
21800794 
10814 
19105103 
23255247 
48254469 
25178581 
15014521 
48943834 
32240853 
22618949 
37181162 
42464958 
15447482 
45668669 
45946985 
30161994 
12720232 
24306214 
30372442 
1565991 
20126262 
19316226 
18199555 
17170944 
48498159 
30735180 
25514421 
49117013 
15302767 
32816505 
20321258 
47851127 
23878044 
18828675 
15303167 
16149114 
47437569 
25370204 
17777950 
7354162 
39895124 
26040459 
38772040 
15458406 
15001291 
16497574 
27590791 
47715479 
48712273 
18000063 
26506733 
48302479 
23454658 
37258595 
43958693 
21405414 
25787030 
20719550 
41235130 
49891136 
23379147 
11294522 
16896702 
7350962 
21885394 
36256613 
20535982 
49284269 
35382432 
38631863 
46923266 
17476091 
19695702 
19487056 
22925491 
50214880 
20489819 
48111128 
11426952 
15380919 
27387194 
15429045 
21013762 
22726417 
14125258 
14803973 
24333705 
47665119 
6801432 
41242790 
20569066 
15239831 
41528763 
18227444 
23494876 
37651004 
21762195 
24192511 
48334203 
19191136 
17451686 
22575417 
34080819 
32073309 
26125727 
27304980 
19748856 
18567469 
45637561 
19078616 
31202803 
23643957 
21693930 
44732008 
17552704 
19019072 
43402590 
46940951 
35147041 
16781168 
23559066 
23593412 
24735650 
20639600 
45646990 
35742058 
44731787 
18230846 
21516253 
16546913 
17439960 
17808420 
29375354 
21096730 
16920080 
20698629 
47624836 
14467906 
21665465 
15939540 
18912701 
15952509 
44339139 
37055848 
17046943 
28523323 
45076816 
12035542 
23767362 
38215308 
44305893 
25635578 
45597187 
16721621 
16229526 
34113439 
46769158 
16454257 
16213040 
25474456 
18170576 
14601125 
47254276 
26601151 
972651 
43445250 
46297713 
45936966 
17898327 
25581439 
16503398 
17983854 
19618957 
19471568 
26508168 
19927256 
15628039 
18345963 
15751780 
44242141 
46769314 
20405904 
44339334 
46623560 
14894326 
32920707 
45222954 
42462125 
45982732 
33906813 
20603834 
23830385 
25858872 
38085194 
19498445 
15061067 
45776360 
22803403 
15823023 
42208725 
21298932 
19952944 
45577446 
44348268 
15550671 
14454721 
17075963 
14255062 
20723578 
16191846 
18208848 
14620150 
43765408 
21818737 
807095 
16377431 
20407242 
23816119 
16001232 
15097177 
8526912 
30402447 
15815072 
30423993 
20572557 
15337266 
23501155 
31405211 
39883608 
42401164 
40530196 
30491503 
19150696 
17126367 
16570564 
31378773 
34193230 
21181242 
26746262 
38182979 
39906128 
19563995 
14922374 
23779501 
17068735 
39352704 
36543312 
14203907 
42131697 
22443383 
15802457 
26960252 
25689315 
42343314 
16821997 
42064611 
25830038 
38314583 
16118834 
27688390 
16036766 
14521243 
40989814 
16244738 
17339081 
43140751 
23364761 
35231395 
42930407 
20650636 
23780460 
15935927 
37731155 
20630866 
15932746 
16103311 
42774299 
17100330 
17448741 
15601641 
41615223 
17954431 
20547495 
27339729 
23020226 
15302323 
40369809 
15143621 
22315048 
34371842 
15843240 
16090646 
14254794 
40785308 
17280758 
19000525 
16618167 
22845566 
31431024 
43545647 
16564804 
34625838 
17413174 
24164081 
8274912 
31246255 
26036991 
24208754 
18100753 
39618985 
22154110 
21494253 
18223550 
14602924 
15777512 
17810394 
27690220 
23940383 
23991045 
23651648 
14800669 
21401142 
18821197 
15410351 
25558278 
34946817 
41917990 
29756427 
26259185 
35790375 
25573213 
16070900 
30000217 
41827117 
28607546 
26261261 
27042188 
15613797 
16561362 
25359168 
22902016 
23598887 
16107463 
15845191 
39805087 
12502502 
18682538 
17075494 
21656692 
17820571 
16696186 
25764464 
40244491 
26027337 
15380231 
17547114 
21859563 
34034157 
34030502 
21711635 
19772171 
16351028 
19214023 
35052497 
22165205 
18790826 
18401898 
29594964 
17497337 
28928860 
19207877 
40349862 
40697703 
19541574 
20563800 
40812863 
40828149 
20689172 
36057539 
22156592 
23489870 
32512980 
14414594 
20187037 
16030717 
17044882 
19041894 
20025708 
15484561 
32184836 
24717841 
20911712 
36095426 
32143960 
17002464 
41444427 
14104260 
16137808 
18471207 
36432075 
16224827 
14371962 
14068045 
14144817 
19974754 
10667662 
41360955 
25804807 
15906381 
34270461 
39863139 
38089704 
20725653 
29459417 
17935524 
24113580 
30922126 
19433874 
17735453 
23496354 
17471217 
14148259 
32167206 
41622069 
17311261 
33273800 
32220512 
32078604 
36322369 
10814422 
28163011 
35664685 
10029732 
19208741 
23819178 
24253723 
35958359 
30340726 
41900457 
19010560 
42214079 
38944844 
5865492 
20838540 
18018670 
10101462 
23099602 
37723356 
41390449 
32966272 
19735940 
15542781 
20003549 
35445429 
31358286 
31264276 
17519058 
19914921 
26679593 
18439432 
18952281 
23204377 
10401472 
22164556 
40882344 
19352605 
24662898 
27550955 
19747221 
35840815 
29995521 
29441850 
17987954 
32089715 
17093617 
40850284 
16811888 
30343204 
23595833 
14511951 
17862883 
32486097 
3640581 
17077889 
21336856 
22584327 
19373548 
33673859 
37905480 
23245220 
15795841 
19075579 
28626551 
19613445 
25530783 
16809716 
19274096 
18289585 
27559439 
28312203 
28427501 
25569400 
38434481 
19971217 
38713550 
2608911 
16465359 
37076693 
20084930 
18969508 
16746097 
15577470 
15523374 
20077466 
5952852 
36727091 
30503918 
29478540 
16803018 
15290861 
13570742 
28585468 
29415331 
29739593 
9091052 
37436002 
25950220 
33238331 
36145552 
21898157 
9836582 
21714443 
27904415 
15348935 
20798180 
19041947 
17008726 
24527838 
16135730 
23938702 
28454680 
28619995 
33178585 
18225618 
29964144 
21219499 
36422731 
15683807 
19376803 
14516583 
15330930 
25303788 
19909018 
21256953 
16888053 
29823588 
14053128 
28983471 
33988061 
17972761 
28016985 
17981730 
17547594 
14121714 
14805934 
24553706 
22533613 
28240783 
29992075 
26303442 
28667983 
20124910 
33661281 
35052206 
32181874 
16972359 
18073937 
23767084 
35669832 
23524338 
16630959 
9966122 
23538316 
17291996 
19484615 
23012450 
31969621 
35520987 
28045168 
14069977 
15347748 
26173440 
16908535 
11724452 
18585528 
18931823 
19896387 
14077222 
8181412 
16329689 
31307614 
9842182 
29542561 
18473565 
17902424 
35973931 
14790526 
14139236 
19971154 
17850012 
18450865 
15997030 
22720336 
18749813 
36088375 
16263500 
19557490 
20928837 
14293400 
15179863 
25534432 
21461720 
26816350 
11242912 
15804321 
28543744 
27941776 
16243929 
20515090 
29188064 
24916455 
12582472 
26048673 
33542647 
20799075 
18115122 
17595623 
16152659 
21780706 
24539960 
25591977 
31297997 
35132474 
15494931 
20657078 
15888350 
16836914 
17644852 
23522443 
36838408 
18571331 
21053747 
21078990 
24439573 
30786066 
28563556 
25040288 
29875348 
11272742 
8820652 
16564124 
18878234 
21676274 
20696246 
20116033 
14430046 
16931676 
26345406 
21118683 
23178171 
20008020 
27536199 
16803656 
18083141 
18310514 
20340324 
33256808 
21749564 
23538653 
22133377 
31310431 
24618646 
16151184 
32760839 
16501863 
16726496 
16338193 
14328161 
19579327 
17772439 
34353311 
25461078 
15827149 
16614469 
19364820 
22516489 
30987439 
19542390 
17468913 
34099196 
15959879 
27503114 
34350832 
35094234 
14651382 
12371622 
15644278 
5360012 
14498333 
15368879 
19397785 
10373972 
19982260 
10451672 
18136341 
18655039 
26712978 
19626611 
17660580 
15289476 
20797536 
19713521 
29354694 
20852319 
23818058 
30279074 
17999826 
15071253 
15778018 
19592119 
18124275 
23786200 
31600581 
14129427 
18605083 
29797221 
25851873 
15726162 
16498840 
26952798 
27165071 
20490305 
20853400 
31494645 
16827145 
20171186 
18057537 
20059683 
21506202 
24605519 
14836957 
26779381 
15193328 
18908361 
17344737 
16148889 
33514522 
29781318 
21362971 
18619866 
26156246 
29978040 
16788800 
17353443 
15693639 
19940791 
16802454 
21337173 
19737652 
18755600 
16100225 
16616795 
16524115 
31672397 
25040554 
21001434 
28194735 
15309072 
20059059 
19216153 
19888696 
16720282 
20302772 
19904175 
19562321 
17730734 
29130099 
15435035 
33405434 
16986556 
23149660 
31367238 
21047855 
30639743 
34067361 
15294309 
32224948 
19137041 
22996836 
24582207 
19850846 
35885705 
18535475 
14232408 
20397455 
25359130 
15398804 
15614856 
35898963 
27908837 
6295822 
29925625 
14310461 
34951861 
21210595 
27778248 
32004853 
17882897 
20213218 
31197822 
25310846 
20065869 
13060632 
16358038 
33254860 
16794731 
17994365 
30422275 
17233499 
35511464 
30405965 
19415392 
18826280 
28127726 
18042129 
28946543 
32364302 
20702152 
14098332 
15695766 
18994215 
31716155 
24457589 
20574800 
16248319 
15783124 
23723368 
14624647 
15276401 
14232659 
15816164 
32024077 
22883958 
17284263 
26110020 
26465699 
28696999 
24313638 
17350399 
17632297 
16930247 
7746052 
12161222 
22217038 
16877884 
1025181 
16014000 
17673306 
14213491 
21750314 
16631557 
18917942 
26159987 
23007468 
14845227 
11422912 
18175057 
24958683 
18430566 
21344725 
11946722 
17357668 
22510882 
14870994 
18531144 
17499423 
23595078 
27580478 
19483682 
18991087 
30232464 
19571049 
7057922 
22209822 
16948868 
20258385 
20233429 
24953039 
9819072 
20701092 
21401150 
14496930 
22072426 
18440195 
14959643 
22918570 
21092706 
17301889 
27667788 
17122853 
18086665 
23787417 
21413138 
24286278 
24104543 
23856102 
24671864 
17022814 
14701856 
18337989 
28359625 
15811608 
18746781 
28358396 
17892372 
24071039 
19294002 
17748422 
19881931 
22634164 
21876939 
20545970 
27044190 
13900042 
20435499 
17365324 
17801749 
16346818 
22018221 
27682473 
16683043 
22076984 
24610988 
22706389 
28418129 
18713552 
8637482 
14498685 
22786701 
29016126 
4039321 
16647529 
25287892 
16048538 
17579709 
28339552 
18021255 
19292987 
21407171 
16288983 
16894773 
3233121 
16552929 
25500683 
15738250 
19184967 
15353425 
16287908 
14145252 
14849984 
16616955 
17978072 
19089507 
19473742 
15842266 
17428691 
15575479 
15904153 
17802212 
23410755 
20723858 
18725903 
14080779 
14715975 
17769082 
14556477 
26037375 
14089702 
28247736 
18179554 
26686524 
20644661 
29719596 
21149162 
29212335 
16454568 
8644082 
28245153 
26213457 
23101376 
15308303 
20726785 
16893996 
15798129 
25580111 
19566658 
17991810 
18898143 
18548184 
24566398 
17998691 
12322812 
22887270 
21397675 
14572196 
16036927 
7215512 
15920854 
12309692 
14217862 
20004230 
16733876 
19505384 
13976432 
22219799 
15137046 
27329618 
23882293 
17788144 
22883565 
18842657 
20623335 
17488143 
26856721 
13451802 
15337063 
20911052 
26159255 
24789607 
18408045 
15932734 
24485757 
21496917 
18434717 
15633782 
18762493 
15841292 
22683370 
26887955 
17544173 
18634336 
22454866 
15947185 
21274691 
14750135 
22368407 
15039890 
11999902 
19296045 
15042574 
20558259 
27569199 
19346561 
26760563 
17552920 
21389328 
15678167 
18171314 
19665127 
19307541 
22483030 
24485690 
20697891 
20322914 
20482744 
21599720 
17473883 
25295367 
17456581 
22545860 
18532807 
19920382 
10528472 
6588592 
15696431 
1702731 
15338366 
10286782 
18318754 
7476212 
14629262 
21158274 
25390439 
21327898 
16912067 
26763910 
26430164 
16552434 
25877514 
16232284 
22983821 
23594358 
14355142 
15189410 
15094238 
20951882 
22266895 
19745187 
26418651 
22467511 
14644849 
23076991 
18269262 
18822677 
23834147 
19317018 
21583405 
21481425 
22880705 
25586283 
21993071 
27550787 
17872080 
23765465 
21721217 
20553696 
18434822 
17060395 
18267091 
14725110 
19469061 
24229787 
20026638 
24803181 
25630013 
19768940 
25600979 
24475390 
24721042 
25844457 
19173737 
13082862 
15176133 
23663333 
24572071 
18220718 
18851586 
22519060 
23151280 
16651386 
25178715 
25670369 
22522313 
23827115 
19004288 
16025912 
14295486 
25727829 
25873429 
23625395 
15246964 
14188969 
16988214 
14132188 
17464072 
9753672 
18431226 
17027479 
15980434 
19691064 
25365765 
26334489 
24337134 
20766318 
15709837 
16407834 
21763835 
25139282 
16670430 
26277234 
2662651 
26125193 
16047270 
22741820 
17015527 
17633220 
25373949 
9263952 
23736490 
16109926 
23596644 
21718650 
22113505 
19426350 
16386805 
20822475 
17115952 
24463516 
22324816 
17504829 
17856422 
23449313 
21319206 
19841583 
15863501 
14747430 
23689614 
21657607 
18921376 
9058502 
17485416 
19975093 
14652452 
17028464 
9868122 
16709549 
16331415 
8471222 
16830825 
15791117 
14452009 
15533830 
17596622 
15276510 
15202741 
17927535 
15420486 
15815558 
16049299 
15023065 
15461548 
17103289 
13359972 
16213303 
16223565 
17767753 
16281388 
15113583 
16440050 
17915711 
18065040 
14277488 
17946774 
18646907 
17995392 
18176826 
1119371 
17311563 
15665920 
16530707 
17076843 
14269760 
15724030 
15467920 
16684773 
17050193 
6017542 
1300161 
15939243 
16038990 
827211 
8408982 
14649376 
16683090 
17303447 
15397215 
16043699 
15857005 
13759952 
17490192 
17266108 
14067643 
14738423 
18783341 
25032840 
14752915 
24218879 
19627170 
17329636 
14267226 
16972388 
16579881 
15088527 
16400976 
17938557 
19511300 
17698600 
16750858 
16818631 
15227712 
23206879 
18983749 
18200151 
18431625 
15225658 
18396979 
16381368 
18729095 
20634768 
14429365 
18559107 
14266223 
15587879 
20610441 
15899062 
22979597 
22549300 
20221511 
16670549 
19553521 
150433 
15451434 
14578544 
16339845 
14389132 
15859039 
14079425 
18502884 
20076179 
15285305 
15117375 
15295622 
15284900 
14305605 
15032300 
20565118 
13776202 
19586943 
20681685 
19172093 
21792494 
21265045 
24222069 
19069543 
15654868 
9562092 
25004478 
15910642 
14517899 
14669398 
18500081 
18207413 
18608439 
15494882 
17120297 
14343689 
21276332 
6328912 
17352686 
23984889 
17588449 
18168478 
22505608 
16295740 
20632196 
17212278 
22581370 
16712387 
14571534 
1201491 
8071902 
9274492 
12173642 
18740727 
20828358 
11521812 
21300760 
14831716 
20246868 
21663787 
18774686 
15876348 
15244063 
15492609 
16824571 
14446171 
18794288 
22661675 
20378653 
18033119 
18640926 
21277815 
16263818 
15493092 
5004281 
22012750 
16707362 
17974012 
21317951 
22824372 
22684486 
17726681 
21718602 
6328802 
22209027 
20535518 
17142152 
2252491 
23560655 
11189992 
21922250 
17517400 
16939043 
16563994 
14337840 
7992112 
16216455 
17793878 
18277078 
18817435 
16278483 
17624931 
18168462 
19203277 
24234268 
13996412 
15738671 
18285347 
15568560 
18653237 
18517189 
15501042 
18144419 
21720719 
19102000 
21308504 
16892448 
20636474 
18998158 
15151747 
17552642 
17894169 
23369172 
18771566 
8268302 
18086588 
15031059 
20159544 
23854995 
21723968 
16249547 
17490317 
16208449 
17514354 
17826289 
19267018 
18806149 
22427484 
22429348 
20966494 
14838067 
18590131 
14335380 
8567452 
16278383 
22694531 
16926572 
14171606 
15638112 
23487388 
20621493 
16911747 
17158277 
18852217 
14589146 
21598583 
19171302 
15531440 
16858651 
15071040 
17973986 
19669828 
11815722 
14529946 
16128049 
17131486 
17448125 
17954830 
17963711 
12627732 
14193456 
19927530 
20418196 
17308994 
17937882 
16102693 
14516110 
14163935 
9609642 
14573545 
20248215 
17855782 
15693958 
17884028 
17516052 
18581569 
21954948 
22225845 
6655632 
21833039 
19885638 
18517504 
21357741 
18348647 
22343379 
16917803 
21523251 
18326458 
21888680 
22659077 
20286088 
20832483 
16207914 
20027730 
20262615 
15322565 
15289481 
19748782 
16782103 
17193631 
17234624 
15300520 
17289116 
19294852 
16232967 
18190998 
17808502 
14774331 
14412759 
18060815 
18584143 
14123179 
14920863 
18058114 
15310723 
16593287 
20713778 
22650293 
22477697 
22557651 
17841625 
19155772 
21083574 
19041436 
22657792 
19361604 
17528562 
16224297 
17834728 
20263189 
14288287 
14325188 
20086401 
20520168 
17344679 
15131310 
16022682 
16875794 
14643152 
19777462 
19547578 
15358907 
16875756 
2726631 
11522502 
16137656 
14650898 
3554721 
20596414 
20836348 
18508756 
19694298 
18437679 
15670304 
21218806 
20745803 
17635231 
14592502 
14685361 
21384707 
16039599 
21570838 
19461688 
15447306 
20259541 
19725170 
17504449 
21821550 
17375661 
14389615 
14616784 
14957616 
15232072 
18254005 
21317927 
14166981 
18932935 
15723911 
21062293 
11408232 
16430449 
20639602 
15962521 
14181002 
19239975 
14438417 
20122460 
9505012 
16353419 
19186982 
14451261 
21455365 
18697227 
15247576 
14678743 
12344322 
16248688 
19122862 
14045824 
783214 
21169706 
18140573 
17356868 
3701471 
14647570 
17097865 
15456570 
15247902 
9355982 
18837987 
18637420 
15384679 
15549293 
18784113 
19323683 
12302692 
20016209 
18747103 
19188053 
6114122 
14437462 
15783670 
20003175 
18776100 
20805403 
19242071 
20159838 
16278246 
18736035 
17518676 
16369898 
20799550 
19408646 
19411404 
17516034 
20447752 
17415822 
19309679 
7040932 
15724505 
18422061 
17933481 
16425985 
20655304 
14385336 
15349516 
15366433 
15182533 
6996832 
15046916 
19082879 
15571000 
14261321 
17006104 
16927713 
16412662 
14638851 
17946723 
30973 
15158355 
17614360 
18002950 
8062782 
14322728 
14849573 
10268302 
15779440 
19362341 
20076604 
19426080 
16739442 
19826782 
14063253 
17386269 
20176873 
16550480 
14648779 
16012211 
15868433 
15221705 
19871149 
17455171 
19014325 
17270347 
18547017 
15701796 
7799412 
16606165 
19309380 
16175802 
15976584 
16246447 
17664394 
18061361 
18991599 
18821544 
16635257 
17462887 
17414704 
18651536 
16262993 
17068277 
19790740 
19430555 
14401722 
19220307 
18534496 
14209994 
19338716 
19416633 
15456320 
18902874 
14550649 
15682145 
15248610 
15794195 
18827329 
16340329 
18982657 
19208682 
16788937 
18834094 
14967921 
15605575 
19002958 
16034314 
14618368 
14928351 
17031275 
16557714 
16743203 
8147062 
14514251 
14285194 
16356317 
14817271 
813286 
16208309 
19126776 
18729658 
16658967 
12811952 
15378114 
17627132 
18212839 
17954141 
18039331 
18685867 
17012328 
18044959 
18948682 
18818943 
14583624 
14335604 
15770837 
17127416 
18816140 
16230464 
17979453 
15626926 
18177016 
17952991 
18625312 
3459051 
18629529 
18730668 
15050865 
18242114 
18506837 
17272823 
18287131 
10156532 
15778017 
17608602 
17214948 
18463467 
15617579 
5661892 
16550599 
15812463 
18173079 
16404703 
14883338 
18474336 
6200022 
13477702 
16912188 
10333202 
5417132 
1997641 
3028161 
17624006 
18024062 
18295454 
17339508 
14603980 
15919519 
17599173 
15926431 
15536574 
17771139 
15223265 
663963 
15346180 
14361338 
14761507 
14580605 
9153042 
17537624 
18000084 
18000921 
15975815 
15931084 
18066659 
16783016 
15597208 
17286427 
16048018 
16145224 
15749377 
15403799 
15226580 
9256422 
18033887 
17950058 
14584622 
18076599 
14776882 
14430522 
14634720 
14888217 
15295503 
15048198 
14464820 
17184753 
2495611 
12380282 
16397099 
15081378 
16459760 
14818333 
16614348 
14957193 
13224472 
14859705 
16305745 
13233942 
14072989 
9345172 
15920704 
17663756 
15936659 
17198819 
8739282 
17120271 
17265905 
17165218 
15188981 
17257325 
14637560 
14212297 
16250744 
17500478 
17116782 
16793125 
15199818 
17419722 
17393086 
16089738 
14784939 
14049526 
15856457 
15620581 
8919922 
16578231 
14691503 
16279964 
14912034 
5798782 
14742328 
14875084 
15842160 
7709752 
15646904 
14500608 
16185380 
8849752 
16469332 
10421232 
14859361 
14753323 
15961899 
16145854 
16108787 
16311988 
15667726 
15661992 
15233716 
15343555 
15780206 
51783 
14309006 
14753812 
13365812 
14520891 
14315573 
16168262 
15874373 
15772200 
14469246 
16002677 
15456329 
15216425 
16034947 
14058059 
15923034 
15664381 
14483068 
12322482 
15372899 
15184241 
15378358 
15480046 
14750302 
15282530 
15065843 
14876317 
9973512 
14506740 
14439793 
14563889 
14862300 
14236225 
2196321 
14862075 
14960532 
14778502 
10196572 
14686564 
14400589 
66983 
14777545 
14410290 
14061161 
