15554922 
82016286 
215857794 
17547489 
14807513 
286075875 
975489684 
2516244938 
21928280 
25167692 
3050220046 
525323491 
259395895 
17907987 
2579392951 
447239248 
2413388264 
31108138 
2524120566 
130980745 
988190779 
40054239 
16580750 
54993666 
823307478360150018 
1639207880 
1458339265 
15958130 
25053299 
17064951 
13565472 
14342000 
3246554151 
1222627254 
15415604 
743877679565410304 
820378690920058880 
376791629 
309282144 
4484615662 
21113724 
368646910 
2902289441 
3231564189 
29501253 
38029205 
15469000 
19553409 
7684882 
793442243734544384 
580177658 
2461887810 
20744708 
2288611836 
128583875 
53775273 
2318542693 
19128204 
451586190 
23125257 
35193165 
19789084 
509531549 
51191682 
836341549503930368 
15222770 
338754897 
32166535 
1173831 
43230234 
18856722 
188906652 
834950981297324034 
3139062246 
142332216 
38048723 
22495024 
2170109952 
22731113 
14787392 
59502660 
331877987 
2426183605 
299802277 
628531243 
2233154425 
2392974698 
748954390489403393 
17004139 
36169080 
746113421511266305 
19750159 
545630206 
18815800 
15241557 
7613282 
10911082 
18583722 
135295668 
19346439 
302268972 
15440449 
50735431 
705614086730481664 
53269717 
18094552 
15522308 
569182081 
59879722 
64420220 
2328002822 
205633346 
296023958 
14766662 
258239982 
3039580433 
32985158 
11350892 
19538986 
2317790305 
66267332 
3472750333 
1926723240 
241666780 
16913418 
4482095353 
1587296611 
240506646 
3179977818 
208653109 
22485480 
1977113917 
257183221 
95610041 
27942809 
131170751 
34174153 
4809731067 
2797166390 
799047255378391040 
62920179 
26204241 
13995082 
33823446 
1660468830 
272250615 
15768039 
16222904 
116056218 
305878130 
1265435629 
2807985968 
286998245 
802546577692704770 
243965913 
350782077 
80638910 
713666696 
14420317 
810590628727914496 
67321989 
18650093 
16027653 
4149235939 
26023 
586749256 
3327720838 
21784622 
43954936 
91386979 
39773566 
38532460 
68788167 
38184280 
27538577 
7764332 
2425882104 
381533163 
16364095 
161507445 
637168420 
66382691 
139159452 
1552776714 
31128529 
18517910 
19678610 
2535377622 
2796910988 
366587205 
564814516 
28185163 
30849103 
252925906 
2411062596 
405742535 
86870268 
16597562 
20284575 
123374553 
160939604 
293065451 
55842014 
15735744 
607788559 
45520156 
9126812 
85452564 
339238294 
18602666 
2229130110 
221002700 
1176994477 
327604535 
24022103 
90746345 
116547240 
110458336 
586805767 
18345718 
4771944505 
89503894 
46731762 
147416963 
2670449197 
531561605 
29753405 
19107878 
93069110 
57853165 
4816 
14779408 
37988104 
16568741 
9249632 
1101626341 
256619276 
15778911 
57555058 
39279821 
1428659995 
132537084 
30164272 
796974685288157184 
21313357 
240369094 
17927108 
1093015783 
15584370 
2703702428 
15511806 
2230047990 
723185462022565888 
8267242 
24946474 
1326005282 
16157737 
469706697 
843053708 
512225400 
30973 
85583894 
21599616 
275769482 
161791703 
2992721784 
18018355 
254210465 
86697288 
28406270 
1189205972 
40302336 
14267244 
31334862 
3021640536 
47343876 
19486963 
38363082 
12901712 
175091719 
203060129 
460164882 
164369297 
16370091 
19308180 
83894822 
48023374 
215501778 
22657082 
1707321486 
591362643 
37314584 
46153201 
254873869 
21059255 
237477771 
10340482 
3177403120 
5513142 
201359283 
74506358 
2375993299 
581951057 
3240143771 
2823003912 
117889321 
246920706 
3388013242 
16192701 
80116805 
3229156046 
616595234 
2857479956 
18076044 
4206629518 
14081967 
24614057 
15442997 
796800443171139584 
82904551 
25966003 
23911915 
2254236379 
245373521 
564511791 
2741496930 
2311193425 
773341691898200064 
1126806636 
822517901294845953 
17006036 
15878113 
395589480 
38426861 
815537202 
1449835974 
796604636 
31080039 
186931186 
1344728221 
55496535 
26046158 
777853467436191744 
139478204 
2837521425 
1137435439 
3317590708 
112886485 
61384123 
43654274 
22811937 
30364057 
2167097881 
21692297 
15930882 
19608718 
121574840 
130636009 
2729297331 
325385270 
89127487 
101141978 
12772042 
62605021 
39378322 
2539644642 
2542500691 
2859056836 
3520254086 
1037321378 
14362404 
781907188583235584 
735225164267327488 
424540318 
17539739 
23143861 
1537558634 
787314168219176960 
167711000 
19186003 
1534597442 
15950681 
528253390 
94021199 
2401704493 
1344948709 
876604129 
601366287 
284602545 
57653510 
20455625 
27026371 
124245139 
52084193 
314754247 
109018412 
122792963 
34974131 
14957147 
540458083 
3172824831 
418455326 
18749924 
230118325 
127999573 
14135350 
63531555 
777013861648044032 
258671023 
8768312 
395800135 
253862862 
834115555 
51462013 
926620369 
2333207943 
728669878001930240 
56243050 
2423497083 
18491917 
17313446 
71170171 
926683130 
1595338591 
3335531 
2287458926 
4889178419 
720671121377468417 
328539838 
16678441 
29477534 
3401604683 
107795399 
17882432 
32643650 
139285190 
16586401 
22676390 
948865302 
23458520 
216065430 
21074243 
374667123 
770143579 
735854810017243136 
800942537083068416 
2583289399 
30725017 
45623629 
27877866 
808110443122356224 
808159629741953024 
7916662 
27907882 
14182657 
57401857 
96608583 
222688228 
17229809 
2369427037 
419775314 
289571758 
256827859 
58864379 
589003950 
1915012974 
954590804 
999470034 
2907774137 
339476693 
14595992 
388542782 
2468886751 
105411216 
29227418 
204886290 
204026449 
1911704143 
3579072500 
16714368 
26655376 
3195777380 
428299945 
8295072 
263785570 
1399611 
88974843 
23116495 
776427916246732801 
17591170 
27050090 
36292086 
17521340 
22272550 
7235452 
769892090738270208 
50875746 
2914097230 
39805737 
145784513 
3011288181 
199701767 
1223901055 
23144854 
767 
19738095 
20715582 
254915792 
183289965 
190643442 
219682445 
2315734417 
248061773 
796784793258033152 
99933357 
33051111 
23546286 
26637348 
763847828074627076 
19444865 
331289704 
498328279 
393524461 
2855999744 
68204418 
24647812 
77841951 
86335294 
1661209398 
331923493 
29923795 
12660962 
23583267 
430325527 
2727852383 
131357170 
14061190 
20056198 
19802879 
353054875 
433566338 
24300752 
408501761 
2232352123 
2300480005 
2346348684 
762263996695281664 
96675300 
35256177 
149760844 
3240914176 
131791072 
3157021369 
31175054 
17205681 
25511552 
577403888 
62290422 
19506790 
5971922 
65705589 
37280980 
3654297855 
2840371228 
1621868702 
394941608 
17207572 
63005950 
3286011110 
2656039566 
118927770 
16071829 
29579316 
23875405 
74228150 
555393138 
748553638247694336 
159154309 
1020383864 
57084769 
22563769 
197208081 
14247191 
23955472 
260439155 
2828045505 
34487135 
390773382 
2427885031 
2863488598 
1152649586 
294379663 
3006000322 
271267717 
63842792 
34103707 
14589511 
95981793 
753623149929869312 
34993020 
4288319236 
16894839 
796770089835954176 
39564416 
738988186756481024 
18119538 
14772775 
21265120 
229357729 
232338290 
559246296 
735459518 
116625196 
2600279018 
19468168 
702641076885131264 
261542893 
36850898 
2872308731 
2383926162 
174915354 
773734452652564482 
772428562947244032 
70890097 
87031480 
36686415 
785520949105950724 
3061479945 
4674087373 
2702920244 
2694683161 
386229276 
43166813 
171179787 
208710641 
19673326 
3384776182 
274656986 
39114090 
250498298 
22541704 
30944769 
425356074 
30440025 
846470336 
772941628134699008 
21786618 
3319545392 
4759795017 
717922380002123776 
4699224763 
4100391622 
731531416530497537 
264498030 
20124983 
2152592042 
24951669 
784820294418505728 
112962217 
31641658 
768748338 
991395344 
2511479474 
178088940 
33041426 
53297035 
2156231635 
15694778 
246560945 
479199911 
1973729437 
281390508 
602084007 
267463190 
160438600 
22601929 
60255206 
21978527 
323433830 
559723712 
786617730879324160 
44636289 
64554647 
16380095 
2975035584 
8318902 
36418935 
708435140301553664 
31129384 
360731302 
14805775 
10717092 
96125923 
275604024 
154610084 
426962930 
146290693 
31309603 
3240420332 
107773189 
19555067 
15606542 
21774892 
458081597 
19793211 
411913395 
113122010 
22217633 
338596872 
3373947012 
262388975 
21362105 
773207018224119808 
17878322 
168903355 
15629158 
397256056 
105853187 
20575752 
382720706 
237019529 
45637681 
27908189 
360900293 
289323259 
24955190 
34295872 
30250472 
57755131 
15954019 
26657119 
776198324747575297 
207588053 
23990483 
2344194050 
4274372981 
981426319 
64800591 
466069259 
70246837 
29650874 
327684727 
31355401 
49190835 
450535056 
785367535872913408 
1507294699 
1490733842 
16539053 
28035260 
64738743 
930445506 
20967771 
326818578 
29057617 
368565886 
2251298190 
757955095086542848 
255631017 
95752006 
570136406 
70703740 
218422210 
18214845 
20858877 
3237464387 
520645311 
108058275 
733244784 
28406927 
349525456 
2542251571 
20665801 
3234363895 
1949906586 
15803250 
2916590951 
52596376 
778983718568415233 
3265511473 
294393348 
33640525 
85464101 
313607870 
25860922 
355065231 
9692022 
716790957262376960 
21722666 
44945961 
54094893 
616767336 
26309215 
20622594 
236466134 
17243913 
18389467 
277156950 
16955870 
221945457 
1331747683 
14705604 
84379342 
285401017 
1905397922 
70787759 
382147702 
104024580 
813213 
22562667 
15414703 
21777511 
23386858 
13049362 
17783278 
300893869 
339132508 
18258727 
20196258 
38271276 
756174364727316480 
14589188 
373791638 
954834187 
2223791929 
766696218474852352 
14934818 
536341968 
16335203 
342309995 
199553243 
17279089 
267125543 
21571340 
19604769 
277646538 
21353637 
159199125 
544640606 
226395262 
122130797 
783214 
25376909 
130649891 
124087958 
266178979 
325770121 
414335145 
67363108 
44134422 
11545652 
763568063287529472 
380730306 
1441728319 
33389513 
722394501021569024 
20928137 
831449539 
112540334 
2899666590 
17391263 
409603602 
238339374 
15763959 
45055696 
210962645 
424845301 
18634831 
2364607940 
18057356 
715689949354397697 
154927730 
3104035076 
2816901652 
500072887 
23177270 
18256664 
262861033 
326628047 
1244230662 
29236490 
84734907 
593785378 
1545125012 
485242725 
16661296 
8223872 
24799500 
15446126 
26012202 
87016821 
29973104 
23993734 
26576457 
607316347 
78194111 
27555164 
766705047656771584 
785310822 
449104060 
1599896905 
10680412 
22061951 
170239856 
58945187 
55064554 
22062980 
25684077 
765538037820370944 
37875647 
37361889 
201735837 
4245547949 
3021354107 
2412739760 
76545283 
18597052 
406433649 
1332223489 
41660655 
386138275 
23923113 
2458606986 
302690890 
25106802 
256722290 
23484629 
47248307 
59157393 
265533063 
143951783 
4921905400 
36786316 
357606935 
2542662313 
487312107 
404759173 
269126995 
1436706054 
182134598 
25598396 
26424329 
47003706 
296005306 
117431223 
9166602 
494287469 
415985101 
40813173 
19166519 
181572333 
750561030045138948 
15100219 
340565258 
1430235919 
2352729630 
3389752426 
266245676 
371910020 
753996179298541568 
43935636 
27447593 
16930125 
480120122 
168843567 
264154135 
3303672243 
38496530 
65916546 
819039793 
1239131480 
3111537519 
373042092 
15908429 
1586157170 
344088336 
3239418560 
730440395419684865 
30530300 
12230022 
40100270 
4222478524 
77822208 
25218263 
3232351 
499073990 
32406898 
15009761 
23458392 
1235886416 
2352077143 
460474402 
326346067 
50158408 
535993357 
3050920736 
14235543 
26834195 
15898172 
130496027 
240353010 
24967868 
47591958 
76156485 
178060029 
296442457 
112847116 
132512775 
20471660 
324940379 
22675685 
14348594 
586124633 
135291005 
20225875 
17322697 
17354303 
2564010186 
2209742392 
19086859 
287360112 
52920762 
326275550 
2227275901 
2838384928 
564262108 
562381032 
189362860 
32767923 
5360012 
29288571 
41877508 
2209778173 
2180168234 
19877186 
65243381 
25459664 
26067129 
208220674 
485852725 
21592972 
45758785 
15633539 
537193539 
346599231 
1435461 
755317595356528640 
755170763385122816 
31978980 
164263382 
20713061 
17290902 
14426645 
11347122 
23092890 
731132367058968576 
17060020 
1028514744 
40741607 
209262258 
364935437 
15358891 
561431994 
35094637 
239957380 
77256902 
2239511592 
18103148 
393276933 
148192924 
3231433391 
593131686 
9356832 
20791157 
92372285 
2181299862 
723641112360062981 
1265926411 
1482663290 
2468124720 
2904953395 
599447263 
15358421 
3442591 
40298090 
11278912 
141664648 
36491229 
76794354 
30279060 
17881475 
459426986 
18005118 
25413507 
786312930 
24906110 
20646769 
1020861505 
53776458 
16463853 
945343052 
2980268254 
248735463 
20693370 
163724029 
94616162 
139469411 
16211570 
446736941 
41620669 
3863605355 
30003420 
725226778474647552 
190424151 
17018840 
17759597 
25689448 
2905143310 
17164414 
2529971 
374559358 
735262382943920129 
582307923 
47216804 
93752550 
101105818 
1278318638 
459798048 
3067779305 
20169711 
442073053 
4832213880 
46437516 
1855205965 
59507859 
65330268 
2598259824 
72168107 
237715569 
2399345317 
2940882906 
3520911434 
1004951046 
108232202 
4804785672 
555966858 
202396203 
2402894784 
312492455 
46179233 
2195241 
706835253009186816 
17825891 
613088225 
498389742 
16548412 
24760864 
15751301 
307200221 
2294933214 
328044153 
4097041453 
3364737707 
14738561 
40539779 
3673060637 
32143273 
16295907 
2590818635 
61892436 
49379787 
25095873 
321029318 
22404415 
16929520 
17023277 
25267500 
4706769612 
3287829138 
37737155 
710185547281637379 
140688204 
34105532 
762191408 
3299900309 
16565086 
316816904 
2394680197 
2912086352 
10983432 
160743744 
136365586 
52197896 
130933642 
87297341 
424789837 
475449545 
183018484 
2984206803 
1375126604 
46562241 
273668513 
4842031925 
4538153921 
15383109 
399724703 
93684143 
1163582520 
702121489 
43018099 
183337462 
275020671 
3033098871 
61562503 
513708321 
18303259 
21771022 
111297158 
725204640367661056 
32517167 
421362314 
16713287 
109381553 
702924626565836800 
282545479 
19086456 
1402390634 
34200840 
1443956390 
1360710618 
3308387402 
23452684 
588716247 
19767193 
151831261 
136018565 
22009731 
17623957 
21661279 
15042887 
15098016 
14112296 
203063180 
36947388 
727945540181196801 
3228307668 
33773592 
631686353 
263872769 
701253368803680256 
41601337 
722972322 
115346464 
3817954155 
322742783 
30055564 
2264799067 
390170244 
3015897974 
17071048 
2809702829 
105043354 
70111948 
14216617 
1152279248 
3226671240 
85462202 
15936194 
3351109589 
164536190 
21625310 
59135405 
719902068782342144 
46701382 
14097951 
1151726070 
19637579 
15228167 
282259184 
19130663 
808232491 
1086485478 
1900720267 
279103536 
30514260 
1372128416 
16476051 
2544465164 
85553575 
3840 
2492279785 
53210968 
224294849 
86640232 
1514440494 
106312034 
262799542 
1661348209 
629890201 
139823781 
2898626396 
67727882 
28070632 
2340673405 
19839752 
2196325300 
40353407 
46527223 
1364404976 
2613926054 
1573626295 
342861223 
40147738 
2910037419 
52786408 
3315495294 
2153560873 
44214920 
2393574044 
104390002 
73060532 
113158912 
296916044 
1491551942 
18883607 
2239524079 
16249938 
31167776 
30157620 
799342934 
176165009 
39822897 
135652056 
111779525 
744132294 
18173624 
53700596 
96792326 
25473013 
540362357 
635028535 
811377 
45118247 
35369214 
1269677784 
2881606112 
272025369 
550395036 
89563994 
58558364 
41064406 
15892011 
388688160 
32232539 
188050180 
463765807 
39000115 
164711274 
33919343 
18139220 
37359462 
250418819 
305119052 
266204102 
375945451 
33486827 
97532053 
22814541 
3221899999 
131144091 
3613080134 
2478562039 
109139717 
126673157 
174462057 
703640161003831296 
706243129091842048 
445986927 
398858217 
304251845 
130178654 
1002639253 
1661120330 
3265840946 
295899118 
484495045 
2845898405 
15986388 
2834463109 
18996035 
259464025 
45019295 
161802684 
91633181 
54404911 
462277499 
14631598 
2351531244 
20118348 
172668476 
23482952 
16248895 
40884433 
38545971 
353786649 
216937659 
127431090 
17869798 
29372259 
30500349 
34433905 
15453217 
21255194 
397059308 
331023977 
400478392 
45544324 
21308157 
39749868 
158354155 
250412288 
529645563 
3042409309 
188411874 
29263003 
342794853 
2478998095 
2295213955 
82950193 
33705556 
14620422 
15519075 
14614122 
15220505 
217183011 
16274430 
17889713 
71622548 
135234498 
36596856 
4024388832 
23596917 
18101713 
7641492 
229743093 
16423109 
522758841 
375945620 
2618996536 
151106990 
47693300 
568752086 
3148603296 
114773910 
22041365 
22768264 
54060173 
17505511 
36260866 
17700455 
178674385 
132909840 
1184387143 
4911430167 
920104904 
624562053 
154953218 
42384760 
88982785 
237099368 
624002494 
258826486 
20307431 
48530830 
16066877 
2579679649 
186932392 
2170280317 
18052474 
287830593 
1484970086 
461348847 
2433823502 
479160454 
71021597 
4214041384 
60055607 
251317935 
24212644 
12133382 
22447789 
233765402 
90570778 
24190981 
18096913 
370414898 
518058847 
15513808 
15103898 
31239408 
271725689 
354072452 
21055627 
1524832640 
8798682 
14287830 
14669471 
113763153 
2886006935 
48613218 
2248590090 
97737655 
1574215232 
22846853 
192606233 
2675025643 
3230551575 
255644127 
16409285 
16288554 
10032112 
373604983 
26578338 
248862634 
198705416 
238319415 
933757225 
3260514654 
2835589679 
1393284626 
146929240 
139916921 
43522457 
15368742 
983633204 
1301456934 
31547591 
772759 
2395262534 
15840979 
36024284 
2293452493 
777380491 
1492144213 
55985209 
145153732 
240467995 
3044236425 
26559241 
21621886 
307548363 
30500771 
34113439 
17773720 
4854510141 
211733519 
113172990 
25462961 
143563486 
4054514002 
73329631 
3226826747 
1279907970 
301669453 
2977945438 
2811845695 
16441463 
4504978694 
19006707 
20178419 
73232927 
8619932 
193174970 
1720682648 
58926235 
18049798 
10071132 
20127019 
110409396 
746032117 
229157472 
290755398 
83047883 
38728729 
22887729 
25560344 
20410133 
1704771349 
20654177 
3061024125 
323429273 
15162058 
91524504 
3215268579 
213770488 
611333810 
30699754 
37614262 
60681814 
28179079 
99402071 
220907845 
15276573 
29598035 
16957618 
722986622 
77962561 
516069014 
384989461 
265826890 
131773262 
110610806 
31589766 
7385562 
4609573992 
3288015643 
21540556 
3416103260 
205782791 
369838190 
221454258 
1400999419 
49560239 
215653466 
16490974 
158865339 
845834138 
511273965 
498480305 
482836215 
867961908 
834182083 
39660271 
34678147 
278755571 
407627934 
4273006932 
12169762 
3342852203 
142092418 
4423239793 
54450184 
6480682 
113426988 
90746363 
33614600 
3404675416 
569544773 
20718719 
915691286 
19333221 
387186414 
1066974576 
354556754 
15326271 
17955306 
391173687 
15651636 
124464883 
125465007 
23055689 
19014663 
57106147 
2557196155 
139162440 
12480582 
216867567 
26509593 
29062533 
1870188672 
14692117 
15950369 
22835029 
2684977315 
295182696 
276531702 
118121242 
216695058 
95835083 
736417956 
763440894 
395052957 
2364595621 
2715905718 
549345950 
14178493 
33974142 
105290832 
1228325660 
15245653 
18400889 
15073513 
15383825 
329499605 
29403387 
394593711 
21362441 
2458256605 
306830081 
2666797806 
143048671 
18114639 
83866930 
36818685 
201308621 
79827261 
1496971 
146218381 
81646817 
16410525 
20106852 
1205322793 
99126930 
231642741 
66462708 
661163 
137974531 
26585095 
1373018959 
29524628 
44474987 
85942579 
14063016 
14348461 
79783264 
2570075202 
214120461 
61734492 
258885469 
17610715 
15650573 
1551418448 
16635362 
70994427 
3405816199 
3066952344 
215740435 
873328778 
16583846 
3829829836 
394452022 
1537363843 
495148537 
59066271 
17769410 
2679891896 
124873556 
1411902361 
1409023716 
14256472 
17084948 
398842314 
161363435 
15201076 
20650387 
192935052 
460408325 
31086705 
24740625 
42528751 
57362673 
3318800851 
3314934578 
244787462 
38062562 
256139317 
407396556 
66718545 
703340941 
326877849 
32297785 
355206853 
22930185 
6579572 
1491965726 
1235496025 
8839632 
123478177 
15865042 
18754335 
427505253 
3418972445 
3320745074 
26756955 
376211514 
112610571 
1452029316 
26124840 
1541366612 
15466121 
228772684 
21443276 
100517217 
18269124 
3764543183 
1604954443 
225941523 
43300047 
336513834 
276989920 
3995302993 
41418040 
2341072516 
2434191967 
38444896 
30425120 
209283244 
36511031 
85764133 
19546277 
20402945 
624413 
1754641 
28140646 
15110357 
621523 
112242274 
4898091 
18949452 
16896485 
32359921 
19407053 
20562637 
3030177089 
780778182 
16275392 
3220078769 
2201422814 
3427303280 
46627530 
19568034 
2999170981 
84653569 
1400973342 
80361644 
4159930335 
28810375 
3857347245 
252531143 
7091082 
17666615 
66699013 
48624947 
2432756262 
257332309 
15054166 
83706176 
23909298 
45275623 
430254116 
119199038 
25573058 
193462725 
24621955 
41524135 
249902490 
303572798 
439491300 
356621371 
80366372 
109472737 
549470860 
256596567 
22195681 
366666718 
475562857 
3294119549 
18224884 
792780432 
911086993 
174095480 
50145136 
16223529 
133798198 
16998960 
48873968 
98886301 
154358443 
14983480 
19621987 
120176235 
1853017194 
237077224 
57048838 
1262262390 
60785444 
17813980 
58023319 
35918787 
88824652 
438620792 
3342257211 
832305409 
2361441980 
3085608762 
29010839 
4169882413 
18469481 
43605972 
111264730 
39849779 
2230559395 
331803536 
14460241 
31114386 
2936773173 
495867806 
327482428 
2373735295 
11277292 
3239953049 
275170552 
371067874 
241196732 
14130207 
62605366 
2735591 
56471784 
122928781 
24953039 
66718613 
23077824 
78606921 
2440980630 
237902709 
122995784 
495673200 
477875139 
46872366 
611792417 
379711093 
15651971 
54891427 
16407679 
20278758 
18885997 
1077017899 
78956001 
5676102 
253390262 
208268129 
8406952 
38406979 
3133013868 
42610203 
1082136150 
543125054 
2535556390 
515517007 
20861943 
24374241 
1148468052 
132981811 
15033653 
87065633 
17006399 
963071690 
19459649 
940808108 
111071349 
297247574 
15359126 
17419923 
81743882 
479095296 
230121736 
2286189025 
107316514 
60746953 
339758066 
143236490 
89788739 
46400289 
23589859 
2206499096 
620273491 
33863514 
366631688 
29180745 
21463886 
265512657 
1209135686 
11680962 
19774073 
295632119 
175711277 
2249523787 
34781412 
115245884 
236247068 
14983499 
71350663 
16028750 
68403785 
71352734 
16973333 
17200639 
1060924706 
502179284 
23480621 
214805706 
182479082 
3099613624 
592321106 
3918818657 
58610772 
18363255 
52789743 
55117855 
17667706 
434359026 
85849667 
2548985366 
2743131125 
369143034 
63488455 
36279515 
102290750 
2491750988 
19074134 
18980055 
2319914539 
17679977 
149172631 
25367237 
15940046 
325892915 
9051482 
73339759 
3100853818 
14192329 
3260518932 
16630098 
18768225 
18169053 
17366486 
2994622913 
785185207 
109025852 
70738002 
33841375 
36376606 
21129105 
755544986 
288332713 
130686433 
522747459 
109237024 
170254080 
13786802 
610548721 
78128463 
2887646177 
134219036 
306978953 
246939630 
449429374 
107325601 
2838662525 
100899265 
142720807 
3265372914 
122532942 
2581002935 
27187343 
728604440 
3180606866 
17973162 
25203361 
112017297 
27233671 
2194859436 
26895879 
46337605 
709986561 
94832222 
21126461 
20245775 
19864770 
2376522985 
17011177 
111615736 
872689046 
28886036 
3721138874 
16132286 
31634255 
289019104 
57424917 
45829137 
510846846 
17918891 
34682633 
126757269 
21534980 
61371461 
1587412729 
2515448870 
15463671 
1219503906 
2943726568 
21429103 
610566084 
188873851 
1446756182 
2913369118 
3358829525 
3301595224 
34173162 
31219593 
119551241 
171244964 
19617424 
2495313332 
273226153 
3459051 
69231187 
15858175 
1370691006 
104213174 
14154231 
2916305152 
606776750 
17994509 
154341116 
374102478 
111218031 
260921934 
64484397 
73476616 
29507184 
59467189 
19915743 
17478539 
16547607 
59845021 
22498138 
188199231 
24723642 
69027747 
47819405 
54903378 
26044686 
228019505 
115823765 
401864372 
378804097 
128087601 
422665701 
56809039 
3267564252 
1615463502 
6480652 
2924445216 
28426375 
56255991 
60495339 
2589573097 
19758068 
191504048 
2340500672 
14923268 
2330963108 
52672768 
167321831 
211888722 
21701757 
3033053591 
29026732 
318219624 
39180746 
18660793 
20690344 
277334629 
74580436 
24491882 
586198217 
83871937 
3014276171 
19412366 
253218406 
3687721995 
754500 
1182675871 
22120740 
2916978607 
2736777901 
2319412501 
381658362 
481647908 
263879706 
305799903 
414818069 
316717267 
561955921 
3153271820 
17974481 
3254815472 
14305399 
294300657 
804942871 
3118880899 
3018796634 
1292418902 
51080280 
128073415 
132254256 
27955570 
374144400 
59229411 
343771024 
400264865 
52227189 
1562935142 
18408457 
15741036 
49129289 
253385177 
23869967 
81715894 
44646623 
29547552 
192288002 
185810178 
163297163 
281072009 
53184098 
200121178 
351065668 
1002784560 
494106630 
301286540 
21852602 
236314504 
15419652 
59038570 
247156230 
482279381 
31620747 
299364430 
2670578390 
20643978 
16163810 
2984161 
17002914 
1093217887 
19655729 
493107763 
5958122 
17065389 
17161138 
17397656 
16443393 
283196948 
16714443 
42052422 
14720959 
351084172 
334169724 
18631010 
7589572 
18788558 
550112488 
2381353548 
859837638 
1100146874 
1283370266 
21682515 
36096674 
2538140520 
155774437 
62513246 
803120719 
188088272 
171547343 
110189578 
3395397372 
1686496525 
364795351 
8161232 
870556525 
289394430 
23802012 
56799476 
2881503849 
2194124415 
2329066872 
15433693 
19673700 
36528185 
2375781866 
819546 
259498996 
55790584 
19829856 
170547167 
46289355 
1948281068 
54594148 
110396781 
759433657 
28478253 
17628218 
619542447 
167667858 
413765482 
1581289837 
807453229 
12753752 
19614871 
15367084 
233755897 
219683969 
52296116 
31653264 
1557315432 
52941987 
108323737 
33057171 
1244002999 
3362147823 
16223917 
1519650721 
12011422 
123933494 
147566962 
175121836 
25234536 
466185506 
24202134 
20330929 
119818938 
24957295 
410505971 
2352495272 
2569503270 
157883050 
17374309 
282082582 
366423465 
89898430 
28744383 
27022632 
27697207 
18419892 
16390952 
715589317 
15358452 
22374851 
2427437378 
32323274 
601903714 
2225667127 
92958432 
1209794082 
2248932158 
35083292 
952710055 
160138919 
928052875 
31422711 
273015094 
2298540433 
38327737 
80385764 
45920222 
84816752 
436143123 
18038269 
72610934 
15517162 
130314799 
73573628 
122706935 
109021553 
299717991 
88846756 
106487005 
107903692 
170370151 
2339380615 
2149318780 
288082938 
413272852 
393144192 
34311057 
397644928 
16455297 
27225271 
476232927 
976991048 
254506857 
102766938 
213526475 
104991713 
873913976 
68261372 
1157365944 
430977669 
29041660 
45399148 
322283252 
115705583 
220175671 
17811047 
42291612 
575246553 
34707884 
26493787 
991824264 
229085852 
23939704 
432443756 
47417563 
3075309273 
344514301 
16929600 
596661417 
29464534 
587973371 
945248899 
18057243 
275315776 
31583882 
3305493384 
2902546372 
16099291 
15173859 
24435122 
178404668 
1878256248 
791077327 
21288052 
574857684 
515803070 
2355252290 
88707084 
2460103087 
356606989 
230611723 
3065480112 
33391760 
168828976 
1698785251 
602857868 
43412697 
2737007606 
384183568 
14336609 
61226587 
17090094 
17653923 
106830718 
290164555 
1488820134 
251913817 
285907597 
305381963 
24057561 
2347049341 
3277283810 
200471093 
299448712 
91610203 
48647966 
101654545 
2757927614 
2300042929 
46954727 
17090261 
14178312 
25084660 
71643224 
2574194136 
23373186 
2204034272 
202722747 
96829836 
8399972 
3265528788 
15862440 
210576889 
2762943164 
305005427 
39364684 
2480468007 
126387375 
39659687 
90942023 
69440018 
304701520 
138087534 
20549630 
279370516 
188086994 
1921518841 
46437754 
616595154 
240729158 
718596848 
264350732 
627465496 
110998568 
2436187447 
911614675 
539148998 
26518301 
2458258096 
14538491 
1720771873 
126562483 
19866864 
152601415 
17819431 
3071719417 
377513013 
1411794877 
273457173 
60297413 
78514857 
2571316801 
24343614 
15360184 
2835886194 
48025562 
245551982 
3238085110 
652193 
3258125299 
21809041 
2977097878 
12648212 
20728459 
436171805 
16444291 
2858533652 
390343030 
381739821 
14482387 
14130366 
18040878 
18225633 
24421464 
21789052 
3496641 
309755530 
19312115 
12773 
10022312 
714758552 
746687526 
109371631 
353707952 
2384934740 
2413587966 
2226895704 
275686563 
260741931 
571202103 
17503180 
33838201 
15531582 
6655612 
3138926862 
2212802934 
399148073 
3389781675 
44816659 
16409018 
388901927 
18766459 
518012344 
26119905 
594855137 
494422305 
14326420 
3368936019 
27711685 
282165360 
125879250 
3047717838 
357266664 
4617361 
36937588 
29695131 
1486605439 
445153884 
905023531 
261874117 
561228467 
2825591395 
2842680557 
207619323 
510455186 
70498331 
239436604 
9532402 
222622640 
31194003 
375405313 
159152276 
39587984 
22162854 
22871233 
241190259 
883619466 
30273685 
47515813 
6277502 
293088356 
17389023 
90034304 
255256478 
3186878430 
3144928678 
2253872310 
32431082 
187414656 
259023544 
1243360801 
792414116 
15489945 
57751453 
59661272 
3038587134 
78293304 
32224742 
2551269535 
275192498 
378712861 
23694512 
266697434 
2279177083 
314563166 
20488207 
15088579 
20076561 
20929486 
18606292 
43768375 
132992826 
16879321 
31022745 
605512693 
873944749 
628540581 
764241012 
159265877 
272086062 
1416355640 
21156721 
409055353 
35629382 
102145225 
26239721 
15728161 
48353398 
45150406 
24921197 
154555428 
12800862 
91471584 
14850576 
100077645 
26112841 
90716603 
34209788 
129838205 
29330030 
18205531 
166739404 
423036151 
16737816 
2719829002 
113094285 
15586316 
105952454 
326821147 
305652242 
1896012300 
191735329 
249346041 
28211058 
87586611 
1018103521 
2445611623 
65412757 
200317599 
3376066540 
16028034 
317893401 
47862165 
18309318 
29013803 
56339429 
38684237 
14297868 
198891988 
39520275 
20705389 
22611023 
2176979617 
15650039 
72406810 
47333523 
3364451031 
297422541 
59241059 
37433736 
17889970 
2341721760 
78400475 
329313503 
19325609 
1373806026 
145353450 
205407862 
2491871101 
759492110 
59399937 
17874544 
48841617 
18829753 
478347339 
221992995 
239509917 
14329764 
484389830 
3259529588 
29855607 
40908929 
126460092 
23233999 
13918842 
1215115363 
19010539 
862425908 
114947295 
3355374053 
23888081 
7424642 
39511166 
36511807 
16257396 
234252414 
24720234 
282652764 
3253953780 
1023096199 
20895169 
1403449562 
49700792 
11695472 
16834046 
14755492 
22053725 
17651596 
117458291 
16079505 
117742185 
17839398 
17672825 
321600342 
155909582 
17654763 
2365455722 
468989653 
16893929 
214815861 
1546761061 
813962060 
2978204116 
819947624 
131835301 
2885898679 
1392279836 
22533473 
1317780956 
3315384659 
97564473 
9757272 
2983461456 
183915239 
2912990047 
14563376 
22074843 
111417441 
20021479 
14802104 
613712440 
21312077 
18316354 
3346463049 
39547629 
14384907 
240328784 
17491992 
334563507 
1548227732 
2549042360 
414461904 
1213091504 
7115872 
1219892096 
287402393 
489569315 
21584831 
27303284 
20959176 
166315104 
178384775 
47532438 
31139552 
519645601 
12074712 
156166269 
2590023517 
16059349 
66476989 
77938023 
41419199 
58386544 
3290070855 
5697482 
2260619350 
2847134819 
80199677 
103018203 
49188190 
61246454 
3034486710 
15777758 
49442241 
27055034 
304611820 
829734158 
121626258 
372502604 
9507342 
1550731513 
12134692 
27512619 
34350419 
16224500 
13982132 
691353 
370922203 
79038387 
224574444 
17929376 
327016546 
76080355 
23177276 
508508467 
2519691 
49237648 
104561629 
96917608 
45943164 
1952983897 
217584516 
115172311 
48783951 
83611099 
17467699 
50360725 
10880202 
32469289 
32070022 
17837184 
61206610 
14275261 
16347908 
53152678 
290758912 
36294460 
19870967 
16042794 
1731805261 
346353711 
17264476 
1347692677 
35774182 
86870733 
98572780 
15833470 
298175098 
16137724 
224359740 
15521535 
2875485611 
2936435412 
304932002 
2161616876 
23406730 
20578356 
1952316776 
34258758 
16609247 
18739443 
26265033 
113431424 
142528310 
558810910 
14465451 
1912461 
23085347 
68768097 
23498543 
2352142008 
215444239 
2203923343 
2771251799 
474232856 
287565778 
1462822998 
3227351958 
3303293865 
24040301 
106010958 
104299103 
28004749 
123712660 
2854775635 
2367631471 
15645093 
20563532 
1226372377 
3301124195 
24242249 
240812994 
41428985 
291806322 
46241729 
15102664 
6604072 
293154916 
2324788620 
2825653165 
2503057267 
219724823 
1111334294 
2794640401 
16165525 
44978716 
18445681 
3148911811 
2258597644 
104671648 
16662181 
156879708 
3223401234 
3116296261 
31115275 
242359437 
611963577 
252298233 
106921263 
68048021 
202668848 
1539927457 
16172991 
26020465 
29752603 
35860883 
83526060 
34567010 
262219160 
619193078 
786293766 
110804416 
2964179612 
2477879210 
295491919 
538698975 
85006768 
50826280 
85044813 
61825183 
44143534 
16538210 
254212528 
14690919 
123035831 
3017700030 
15696448 
1408655400 
16619988 
455149450 
1536791610 
2282342827 
56134684 
28911550 
16031897 
470381636 
475677069 
117778179 
21280975 
73237934 
18409210 
165870323 
56813868 
27048403 
321702263 
40076725 
18518052 
15645913 
22037660 
565011834 
14345294 
1342103418 
59869999 
284830534 
39264553 
231879143 
848395350 
772520407 
1653716114 
14605043 
28211935 
130252633 
161030327 
20081223 
7518342 
3024409997 
3188241777 
14382311 
1033279772 
113439399 
394216985 
21363690 
67552037 
17885639 
70518745 
13191402 
74301830 
48114547 
21339555 
344971476 
18689780 
258642890 
541042184 
28287946 
208163 
100325421 
59126208 
419050038 
80933391 
41160983 
14246001 
409518260 
175051404 
38077338 
463216531 
206392391 
16510540 
16135536 
46966900 
36218435 
2870181301 
47755632 
5990172 
24134103 
3151910319 
15098629 
48758925 
1307544762 
322028834 
3147716910 
65466158 
17442710 
23918872 
61404946 
119512652 
60958513 
20058011 
29562655 
14073364 
213939902 
6753582 
10336 
28440908 
273201528 
1426645165 
1053639534 
21115574 
207353728 
2233356206 
124306015 
472587261 
124531391 
25772065 
952740715 
28219278 
481647429 
9074242 
39198112 
24506246 
16566799 
49659815 
2888895350 
3201076582 
29600366 
3035456878 
132476518 
8695052 
19979679 
187426352 
338575800 
254098644 
1585587205 
805464498 
88856792 
408809413 
150127569 
27829587 
16269666 
145353566 
52557443 
3069279631 
22283200 
634255790 
12354252 
44196397 
352586653 
214112621 
462583338 
19204054 
1731205699 
70281455 
36381677 
21669123 
208640090 
365802697 
1979657174 
315331161 
58503762 
244113346 
51546100 
84801794 
57039392 
1947549751 
1481107176 
36823 
33399352 
78890225 
551040108 
2572935673 
15456328 
452521774 
22744842 
325076723 
17852883 
2764391221 
23812225 
36290136 
292521710 
214152172 
1134531883 
1465259827 
1905230346 
225096034 
16220341 
385619175 
23516802 
96169117 
21437950 
278204320 
64144638 
101343682 
27810187 
23699191 
17614726 
16877196 
15644999 
76343911 
21693060 
259877339 
74107610 
30722743 
130635990 
399224799 
137346000 
18351403 
14199378 
14412844 
19785281 
20275150 
335064692 
75658039 
239294685 
246923540 
19005152 
24995074 
174690228 
14159148 
274444021 
34386256 
991258818 
95731055 
2962483095 
15856563 
17303935 
2189719722 
17192796 
15076390 
17866318 
63656697 
512525777 
3004329850 
20348613 
43216942 
2817222338 
9228382 
125547081 
42558370 
2921443995 
15754281 
37011248 
2296617739 
19717082 
268637163 
145243015 
191433906 
78548843 
16442379 
19920027 
26125943 
377582164 
17455195 
958784407 
22462270 
67418441 
23740831 
34082810 
35990109 
27031484 
15129069 
30893145 
2462054587 
1115727420 
395494267 
14521926 
139607850 
12266442 
226593770 
2881918551 
104058054 
17030707 
3065918704 
65535700 
2424454140 
242646138 
2896294831 
3089279291 
21207445 
3045656889 
603742149 
64205340 
1291770157 
46854930 
2471645208 
279013468 
29241573 
2439177534 
2411688062 
46335511 
33972882 
622374513 
16273576 
14528784 
15258823 
18992997 
813787194 
17198884 
252184453 
18055737 
155694270 
193473814 
66600951 
28708146 
646893 
24297252 
26918986 
619255144 
22803301 
2884927311 
143453881 
33230016 
28881047 
487958725 
990281634 
56784871 
125480328 
476040590 
591542696 
2826677523 
340699096 
20391658 
452218563 
471203341 
344171727 
2821147448 
62606201 
103686030 
476907667 
221952464 
724978662 
28629122 
15975668 
58529612 
906719864 
83813315 
2696816220 
215506582 
2445809510 
131201060 
46885531 
1321258214 
329179400 
1287739472 
11679342 
2883588627 
17057271 
527679275 
79923701 
35059712 
575663352 
38307346 
125337714 
15384023 
203212831 
19936078 
2691552012 
555433957 
17479787 
319856043 
39932652 
2733151188 
148116121 
130557513 
1604931252 
498591225 
347899850 
25357498 
229079624 
23295748 
217213819 
1902856897 
21274637 
52299545 
20287993 
3026603044 
1394546516 
114487312 
1359961272 
66736384 
17546730 
3072249160 
2244771 
115463768 
2733904657 
2970301150 
66847379 
14053627 
17220817 
21108916 
117426684 
1434251 
3080789583 
14223726 
2468687005 
26195911 
24409020 
182503471 
2983803643 
56042572 
23910393 
248310455 
81906564 
173659159 
187941346 
93879982 
19540949 
17323290 
376267732 
254616847 
1633987406 
386868079 
16342546 
6206612 
27136030 
37735324 
8900402 
19575665 
93993462 
2274043644 
1911669378 
22208192 
355672805 
82157807 
58913244 
190418975 
23836037 
283794432 
2842335328 
1308926868 
1636590253 
289342771 
39030654 
36461863 
326842597 
15977916 
124020339 
34014022 
17784333 
148518423 
57917441 
18873257 
80103044 
22570224 
173687698 
778365522 
1775731 
14276135 
2216041938 
25170188 
2620391435 
26053076 
832946298 
2816368402 
181419468 
472552916 
224418220 
250867477 
31127712 
49797407 
217612422 
155709334 
21926404 
92717138 
387170537 
146313547 
2331035574 
395296194 
42954213 
18395177 
628908026 
586657636 
148945945 
1251040297 
82939583 
41036429 
586506683 
868907881 
122533830 
24795163 
306129372 
36972997 
27658916 
43909715 
154280902 
2989225546 
20030478 
48133822 
19063753 
233546048 
106097210 
15613458 
559358491 
772365001 
29960972 
67236797 
47248291 
88034321 
47534679 
46241448 
17998609 
105855943 
15311166 
53153263 
149103331 
22650211 
16457400 
65079542 
16675438 
30404422 
119521696 
3009793284 
83733810 
148937517 
440209824 
91506754 
16737406 
1647619146 
171207127 
59541948 
87600238 
12244082 
188873148 
17134268 
18918483 
118837238 
985395878 
26917714 
38307603 
432689743 
426775416 
32309662 
269001743 
278364678 
182441611 
2528118626 
44617965 
3000035651 
50965086 
51240227 
16179517 
14452840 
2996942458 
224674172 
321919557 
21352879 
18312726 
122085859 
26149716 
180233954 
323629046 
355648953 
2205367170 
17243213 
1470546726 
2680703047 
23748699 
495409894 
537397368 
16305330 
18812572 
112632373 
48086014 
983481674 
331206459 
29653845 
137195253 
136361303 
2210613803 
163452871 
2186844743 
2375967507 
352648116 
64770337 
1198406491 
2569806414 
173220025 
488823868 
26577172 
92359558 
20536157 
23825303 
2438765688 
414304780 
1929961664 
719121811 
2358696919 
60970661 
226595285 
24870953 
1596596209 
105825221 
146627634 
130150400 
7119102 
46233559 
2910022539 
343023701 
53816818 
858196730 
29628889 
151536205 
16164856 
82161132 
29402247 
153810216 
70707634 
892219807 
28976901 
166221719 
6931262 
52245007 
22058884 
22523741 
20252085 
15868970 
460758509 
14092851 
55640637 
7799732 
75360829 
774510134 
34959923 
16495205 
189258194 
1094862913 
24778959 
26095655 
17519978 
159762740 
115108916 
84055276 
12193342 
19464029 
133938331 
33549858 
27212264 
41655821 
25060780 
18177126 
48631266 
43375503 
17194465 
313277677 
1483672922 
62515127 
16458033 
383647766 
145345906 
17152685 
179661493 
197940788 
177058801 
2883841 
22376014 
188019606 
83159566 
260674089 
19543936 
59159771 
184128260 
153892796 
21163375 
104311578 
15099721 
16256292 
19976228 
794683652 
27068096 
31394354 
267915933 
460693003 
76678010 
19196615 
99550395 
97071728 
237017702 
12579732 
594745693 
1314017862 
19040838 
908496738 
59557446 
180505807 
20911036 
595515713 
882751502 
354701927 
79366215 
28006093 
176640176 
2968968327 
44468041 
133761707 
20638279 
34613951 
334944709 
28144343 
262799941 
181599894 
130914326 
23949568 
84358766 
34427391 
20985527 
757303975 
1703853373 
62492091 
8736882 
80295252 
184294665 
20177423 
2853304305 
262538803 
158414847 
6970282 
28011355 
21111896 
269609284 
458877290 
264424232 
107333079 
60087571 
149272318 
14988136 
412008580 
146875185 
1498757215 
2372177144 
49835239 
474351727 
1439632273 
21134925 
100860790 
259984745 
18810140 
28279637 
15094180 
20926233 
18812301 
18671559 
78417631 
24470814 
23910398 
2930107816 
1160521200 
18860060 
280461866 
47419118 
77842885 
2791039464 
88992118 
15147042 
333133782 
196019710 
22912609 
797001199 
57236099 
1507338108 
76834934 
24686789 
25330784 
405923928 
753324990 
18199523 
14198241 
59019078 
891328706 
203794432 
15940523 
474643035 
555825990 
160720376 
115818447 
19079396 
258483856 
171403133 
18926221 
22121969 
20832374 
41584448 
17468528 
14559196 
122046636 
2499418290 
6462622 
279595834 
268476335 
15446531 
161752401 
17297846 
98768914 
205982743 
391013693 
51881072 
29417304 
22047361 
55536898 
15059534 
25571041 
29546945 
16606403 
588669927 
133081348 
241271040 
4047781 
6097842 
18243807 
13251272 
83266010 
48106830 
9589252 
77314408 
24885295 
23314049 
25527618 
383493565 
309214641 
21409407 
249502225 
488682119 
18667907 
127884040 
60183191 
213756772 
271198619 
235971053 
126722715 
71341675 
1901546563 
27649623 
19385192 
27792033 
197485214 
280233451 
119460225 
224180296 
20800328 
2836941830 
63112528 
56052405 
40537202 
408967918 
24245360 
21319630 
56700964 
1080016992 
32405267 
15907183 
319827276 
16369269 
62202621 
42572911 
14863800 
118758998 
34364421 
185254269 
63839488 
24290385 
796235060 
19380829 
347755584 
16842917 
19740592 
2858293508 
45891623 
262041062 
2885852267 
107518267 
41210601 
32885557 
24382468 
266212209 
1382115638 
34277412 
465191841 
21466375 
226408008 
580142069 
59325665 
28515658 
2222002742 
1684052688 
14444172 
97082147 
21112073 
58959628 
104319700 
2439032786 
22074463 
772657028 
31619261 
56610193 
25934849 
410249471 
96015525 
18323683 
23642307 
16735715 
63692945 
33110104 
56595468 
77764733 
34047021 
2545495181 
76663193 
198241550 
1515300474 
67918705 
26864519 
284696632 
339819145 
425577434 
246165172 
70509102 
26009167 
17684325 
38452560 
1767741 
1198481 
16686144 
2256050210 
1071158089 
105572716 
1443073656 
101875332 
107266564 
739598796 
17525611 
390182311 
3291841 
21213715 
21733692 
1377937416 
1447868852 
15912999 
175818576 
579451283 
39591333 
211653355 
2194732982 
15327978 
809415294 
2350490634 
48101425 
612736741 
104969057 
20566575 
2887931907 
351548938 
19310484 
15977633 
415195910 
18978610 
21132805 
26396461 
2284060106 
21655169 
351682289 
2366681 
174052255 
2307248754 
1665095208 
445817961 
7656712 
71082732 
2806095680 
1539746431 
89207192 
2595708889 
59832288 
43363316 
14838041 
14226882 
39298589 
142849883 
68783970 
42980426 
16318559 
16801671 
53763175 
15396479 
9956892 
60239937 
16976061 
48078195 
48502553 
27079768 
730513393 
148993572 
15764283 
2600174328 
60257871 
718407421 
21127448 
36139712 
15416955 
21789550 
2731248225 
838221002 
21137173 
24130824 
106111147 
20790079 
21879831 
1268625612 
15724018 
490751692 
743904498 
23046216 
237150523 
487794245 
6974622 
44235488 
39786248 
17852343 
5448502 
329862308 
299813775 
20788087 
38593200 
452938443 
57346779 
24293134 
1353029190 
427025250 
82966408 
23028427 
486242255 
38802447 
16113719 
1152801686 
43785081 
210876407 
2869632741 
2247038695 
17276219 
196806821 
336626474 
51183044 
23228792 
26606261 
1575581 
2463499796 
23603092 
25244610 
154713841 
33943513 
47905488 
62884236 
181271937 
9948632 
409075598 
49459666 
20012204 
56065410 
104312010 
2743396898 
18415666 
46812049 
2853910604 
64496398 
23173468 
82826226 
41940274 
402673196 
199707949 
16459415 
2816163849 
2837288912 
235379691 
2153509376 
495622931 
53381941 
94178061 
627401495 
548945255 
1331971465 
304437687 
1686161359 
35527253 
15896350 
754312458 
15941955 
18216888 
182564982 
2579165448 
258084000 
1431028800 
29860364 
14176981 
16104258 
372561152 
2507257549 
239614878 
602317143 
218520514 
519047070 
2756648484 
2820624307 
237548529 
17870903 
34116028 
41137081 
21276075 
1443819438 
21056862 
18499574 
160439929 
859787156 
16805006 
577809480 
101855687 
1194037908 
240927622 
15649438 
2575027675 
28719037 
573918122 
50381166 
15949696 
382807812 
2800286692 
38764853 
458445299 
1325475392 
17279778 
1336826708 
16817883 
15234407 
242144696 
24123877 
234402376 
26809702 
40316056 
17618908 
23922797 
22877637 
1340647184 
14439168 
88035633 
398399795 
58524428 
121817564 
17725964 
2474469601 
16649325 
14392797 
2511519996 
16158636 
2709537486 
18197668 
194378882 
20707070 
41591401 
1099448738 
1147030232 
276818893 
2830623834 
2170964130 
40293464 
165798058 
62939311 
453983 
2828740226 
1883693504 
1289608506 
14619600 
34865749 
30040309 
366353448 
460470940 
633989117 
14065750 
16290621 
24967668 
1090240429 
611834835 
234805857 
111742847 
255908899 
1896282686 
12710012 
18155359 
508086493 
26324070 
95209789 
124282963 
377152007 
186089604 
468476729 
2798167422 
22830760 
24037588 
84689662 
1576798711 
18517573 
259744278 
64049044 
99388805 
18997030 
29170742 
2563895438 
1367922643 
80705398 
23910879 
1868557632 
467774585 
19034788 
107184104 
2409973141 
15387839 
442364623 
619278612 
488977295 
122735017 
20727684 
1085673000 
2740378147 
388797192 
24925027 
32948225 
143456785 
2606589518 
1027437342 
37852562 
15535276 
356411813 
48640997 
17505533 
37871734 
460361029 
15051603 
392319765 
16629832 
63004503 
4099171 
14939642 
181721173 
108362574 
394069045 
26367093 
21729897 
439993727 
40684090 
22014499 
59283767 
15617631 
20611194 
27503901 
72870697 
21838634 
144286635 
137460929 
200003227 
40626514 
210684204 
32774989 
34906343 
182972598 
233389055 
43626549 
71881399 
268574796 
15980503 
19688173 
49045252 
20472641 
606728295 
244173104 
7001272 
80610949 
1242083774 
112963672 
575705670 
104403103 
14146803 
26006398 
801311472 
48990944 
39253470 
20548213 
185877122 
430877223 
23335967 
2433704864 
165942990 
18924291 
90079704 
615444681 
29006114 
26042984 
21040811 
14946736 
498473557 
355741460 
381152398 
235446476 
227838448 
2717254872 
239641613 
263972570 
15514266 
17069288 
8127862 
73987740 
912629196 
54024146 
47839975 
20108560 
506180421 
25946632 
14057184 
31170248 
15432175 
14905922 
509353154 
151099524 
25453011 
68293443 
240334048 
23451907 
2466899838 
1470770234 
755113 
436195089 
2444582544 
21688902 
27000730 
132381290 
382376904 
15483390 
19817778 
66943273 
568228252 
1630896181 
23818581 
69004966 
30174831 
18790963 
429159542 
294258287 
58550415 
16612379 
326369670 
576457087 
414143502 
373437924 
20802277 
94124057 
2517988075 
183341278 
15727317 
97327765 
29263488 
47475039 
16253142 
41704988 
21268897 
16956252 
7768402 
232235048 
14366976 
14090948 
115854824 
91478624 
14298362 
29389261 
14454645 
14849562 
11178902 
838620967 
67819221 
72464499 
868197427 
2730691722 
594262266 
245969688 
20777464 
48862075 
1859566374 
496094099 
547975938 
937119013 
2721777926 
16588935 
46744965 
16428074 
18363094 
31075207 
14963613 
337424907 
317447214 
20783 
40554576 
2591800897 
143426156 
549462175 
781115946 
16255015 
221111591 
2629375458 
16224224 
84145727 
465332774 
552078286 
614634742 
1900338114 
59491326 
270681484 
18661130 
240573344 
17612289 
9300262 
101885784 
1947301 
45744578 
326454732 
108919038 
190992702 
120642848 
2176774740 
176103612 
1633906632 
19708503 
1525343000 
79759792 
494668464 
181670503 
14655868 
1026781020 
2447034603 
983668416 
14504579 
892001768 
2541838729 
359740874 
27523643 
263774154 
6721522 
246347755 
174329465 
703109862 
385801213 
21346365 
369602017 
387228067 
14499829 
21093785 
14700316 
90721862 
42604302 
53789862 
17017636 
45901207 
265732123 
7309052 
47285504 
22147657 
23506193 
18030293 
587446169 
300755895 
125249726 
18213483 
22191447 
86436775 
95996694 
160713948 
258885697 
1611486986 
2466927247 
1924216831 
28222035 
15882323 
57154677 
2493599652 
1289524746 
319809604 
78740665 
23406342 
6644602 
301355162 
400858078 
24994219 
131703722 
105266457 
2540305969 
1349127168 
1575043267 
32698959 
1254536904 
23840770 
374520965 
397799484 
1106501 
15495464 
134926443 
253366959 
1403573388 
865432140 
1588611752 
24544452 
13557162 
14174261 
27979830 
37483793 
61943726 
147670386 
575464862 
16982828 
61531991 
19829728 
321531042 
16633954 
27758168 
1643512260 
1321620949 
2163076560 
400078922 
65698096 
31541210 
115723072 
398371054 
582304176 
20631002 
191120020 
713171869 
1480894735 
564154415 
87186692 
14477771 
570305463 
27013350 
17464365 
17900402 
360658572 
45876308 
2623738162 
612774583 
126062842 
152838399 
31219112 
195829353 
43532023 
246919272 
390429345 
756108997 
15574237 
24825087 
591805615 
21974591 
30205586 
23471707 
8936082 
4278201 
102855811 
115792518 
33466150 
170772716 
34502469 
15108702 
52426830 
18909998 
21336878 
30358798 
258839868 
25799553 
1902959180 
33126258 
498298010 
18701067 
348023061 
2230281187 
28147885 
14611536 
15184760 
47840602 
952245842 
260925327 
119838804 
40103436 
52441743 
40366865 
21381423 
25171023 
402563588 
25121569 
31183619 
79633819 
136377659 
2459988980 
41995398 
17772536 
77294568 
1544473543 
17586386 
36086779 
74689541 
48077057 
2172922045 
1646285286 
18133423 
117293570 
341889065 
1705859570 
1696613286 
2307171973 
1400731422 
17169320 
14850840 
2289867572 
34846742 
59351288 
100041883 
15477553 
15291335 
14611749 
43438484 
21336038 
18290160 
2340178678 
628242052 
26920457 
16478230 
80675085 
583958637 
237097826 
547281164 
522828682 
2513433568 
18177983 
244086046 
322890316 
46505788 
12737142 
248900032 
2424056017 
2353859899 
427061010 
769960406 
148881723 
2228563225 
103056712 
519752494 
78147901 
40189124 
1554060403 
367368741 
162237835 
33478732 
18733327 
15506782 
185716554 
355193385 
66254413 
169403790 
816711349 
35122483 
462449555 
16597075 
2270087968 
363696756 
786764 
143689013 
2289206274 
458535036 
1582853809 
425882958 
52770481 
67122408 
17174053 
109073628 
11762572 
293380371 
1081140326 
27698202 
35428225 
1139189364 
14133964 
250969300 
17086475 
1289362872 
1112808445 
14505838 
38719537 
1697872454 
15977079 
578774835 
37534994 
28623633 
49810007 
122101964 
53563813 
132273731 
30008760 
506276518 
330514570 
48194891 
15267792 
216130843 
1859010648 
16354517 
133093395 
55599606 
354497932 
70768470 
2228619546 
148758072 
52134310 
164389929 
327670290 
1705648556 
28251153 
148054504 
1117782854 
17351666 
2391749894 
1689419970 
961106468 
2360574168 
2267241 
67958182 
22717893 
158068376 
13367172 
142226427 
45187084 
379286641 
22736258 
23146241 
2327672161 
171719023 
27879633 
485908202 
2165460846 
21094496 
91426605 
154655372 
2168710358 
16068973 
19518140 
1490539741 
1431138642 
9276502 
1115992927 
120378300 
21685953 
47507793 
568002197 
33235951 
110800147 
22055020 
1692184268 
310579512 
31421345 
2321524045 
16249297 
561428764 
40375110 
38602009 
947538835 
81439083 
1665635378 
15854730 
117258175 
101741693 
16672642 
74264538 
85993972 
103962319 
2188931072 
2183098597 
139909832 
71256932 
36671019 
2330739312 
2303360798 
30274144 
13838412 
15996661 
171641072 
1270746528 
579941172 
19796978 
1872686198 
18235029 
13793552 
108192520 
1219923134 
419509406 
332304361 
58258969 
94513741 
2293471885 
50270286 
416984888 
595562955 
42490120 
41171284 
209448423 
172611120 
16402034 
24371692 
282617105 
16190258 
18754256 
1253207664 
233930147 
444304631 
175434906 
76093 
148593548 
336569033 
28891042 
1396151678 
1101793201 
19004435 
490442018 
1852328418 
16395525 
96683173 
2322168000 
1573694142 
41179636 
1894096652 
25286154 
257242329 
24611726 
2252402238 
1209256622 
363880501 
468166567 
2151038539 
77517399 
67896292 
2314960879 
2188011908 
1581506995 
22574906 
1332123536 
1375643814 
17573212 
2203212871 
17375057 
1058510172 
43429722 
15914468 
2405 
249449211 
151681599 
216874089 
14544979 
1053081914 
2294733114 
240555189 
24046328 
2155657867 
918937801 
433948280 
985928665 
23608596 
1135512301 
2252124258 
464010473 
27472000 
33239975 
16396897 
624764317 
1482480314 
613465958 
27098799 
15605964 
484916310 
963150420 
14184942 
8055812 
14938476 
14760190 
14292458 
2260197309 
716564185 
79899301 
275076060 
15231144 
815663432 
491350825 
794357569 
24948171 
19889232 
785143352 
232865000 
123071061 
14528221 
1265726480 
426041590 
831470472 
356872253 
216422925 
38376356 
113745340 
10306012 
1931854772 
30923233 
24264939 
229919600 
166196682 
132704938 
180755231 
47549854 
361566385 
2237987978 
315847041 
183734502 
337945245 
14347804 
213158285 
128323851 
120355640 
230044092 
309381243 
349436354 
317594462 
230821142 
48410093 
436266454 
17781165 
27178198 
17087651 
2155649270 
16105457 
15033504 
16698499 
2281108958 
242596118 
289180556 
142303696 
253742656 
284756662 
19074004 
20207956 
14480397 
30692099 
206017526 
50094108 
285286838 
389576735 
21689701 
896923735 
122501085 
15119785 
41523428 
14135426 
36272128 
19010183 
170393291 
48930316 
2163869204 
774683335 
1888119812 
24532054 
727130370 
100267410 
25610337 
741145460 
324432090 
683303 
16017159 
1110642218 
558420906 
36276655 
47508384 
59464146 
24031085 
255571625 
173020425 
2257179608 
14827461 
20552937 
1490963166 
138118047 
365623967 
23040137 
609431304 
849951900 
77267839 
25458792 
38902920 
39143879 
1173297636 
213478296 
18159985 
14496660 
113130209 
25708013 
44335525 
229294373 
123281100 
1513971235 
806510390 
20386541 
44480630 
123426634 
151682694 
21282353 
319323976 
14480618 
51916936 
267826749 
45913400 
40983194 
145768294 
30922623 
479089533 
329866683 
786796010 
41278077 
578269938 
2224947382 
2237794302 
29133857 
14117843 
14137823 
