25193132 
11336782 
15026484 
17396810 
111184063 
82002786 
16530463 
14458280 
46240925 
76004365 
15818496 
18498684 
21967441 
18503906 
16425197 
17354164 
14874480 
26337732 
10671602 
21909092 
30261067 
37186011 
816653 
19742429 
16243030 
34661193 
49392533 
18794930 
36289411 
16540939 
19078538 
15086405 
18741969 
20545001 
50128726 
20888884 
39487295 
55237396 
4200861 
60519989 
14984090 
37730964 
2103761 
2779251 
45206494 
6452362 
19794839 
21771974 
26541422 
14750373 
24084755 
22162394 
16640157 
18924866 
14306487 
39669463 
44087062 
44177400 
39498899 
17535421 
2166341 
5215 
8312552 
14711268 
19267664 
20084565 
20602394 
798277 
9092502 
4641021 
16528347 
27928592 
7905122 
274 
1081 
717313 
202003 
626373 
22193651 
13041 
6941 
1454021 
901651 
862681 
989 
673483 
20536157 
17136637 
2172 
12196 
12530 
1497 
874 
5813 
8610 
3032 
765 
885 
839561 
17983307 
13837292 
19842176 
15905103 
3108351 
19504825 
11620792 
2729061 
3339171 
3682111 
9767132 
5388852 
15808647 
9337792 
14647570 
1118451 
7597362 
57203 
972651 
20468047 
2384071 
756278 
20542450 
7198302 
1344951 
819800 
18233963 
10876852 
6123762 
14847903 
11132462 
10823142 
5834612 
621583 
13984762 
7756642 
11863662 
14519935 
9688342 
16609132 
6531492 
14914631 
1310921 
4718991 
14596900 
15386184 
15781536 
17373458 
14985635 
14647046 
17600655 
