37755346 
2570823134 
14357895 
17983820 
23834349 
828321182487298051 
4447947318 
7831092 
363367661 
39364684 
19720019 
15274466 
91257186 
18922817 
150046065 
2619172519 
79053251 
40402340 
26333400 
7517222 
155370088 
3366342089 
1684411081 
3380430797 
762180812003344384 
183523343 
3365816320 
418362046 
1505739246 
134206307 
740255847591337985 
2495343024 
3042514149 
715109137957457920 
4865706724 
594839414 
3654453138 
3148437077 
2523527242 
112376689 
3308235517 
2345825634 
129934245 
2738308847 
2904388635 
2889965009 
732798424752459778 
729850155336237056 
455932521 
3328614621 
17625183 
439125710 
62665106 
737989529827704832 
2522172839 
2731989603 
603261969 
130954977 
1505511578 
24046977 
313620284 
14477262 
74338868 
276895714 
1695439032 
26097903 
4135142686 
69933320 
68551862 
18559680 
28650983 
33131538 
1286168509 
339851816 
58417554 
3128791956 
2752213383 
2782735721 
263826533 
15876498 
212295228 
4715346854 
14847843 
379305598 
334369290 
813920274 
11386502 
516586981 
550586492 
358597866 
2879095714 
1220465736 
19171206 
16269873 
2459371 
18278629 
465743835 
28165335 
53228777 
36198303 
2299936423 
50191555 
247964807 
711302541141737474 
2203925202 
1223782868 
18693638 
505143126 
1420382180 
62706688 
4908805395 
4795913293 
14134204 
18144089 
352698153 
820828039 
202597084 
47384430 
17467007 
2600423449 
74606744 
2918206757 
58945187 
4728361144 
2693775253 
299364430 
3287943699 
22025534 
3059339255 
37133383 
1596875688 
3174533873 
384547125 
2759491843 
916622419 
2824096637 
96426704 
1696882352 
2516958602 
1700374766 
104581852 
15940286 
13049362 
631554318 
89990701 
1669773956 
97060196 
2995326233 
411795537 
3050870904 
1726894363 
373539012 
361545683 
21526011 
251450658 
584045490 
34430164 
170935494 
186914882 
2648710185 
30407986 
31144070 
2952804553 
530010258 
598060074 
377011861 
460453692 
2463639710 
75041596 
22854881 
138295682 
3300338277 
29046629 
56498529 
96016566 
208026588 
60474666 
14659330 
2929059598 
67418606 
21373257 
1624145095 
271431107 
12481172 
2267698959 
2258788179 
264541934 
1583521134 
545219573 
2175256297 
1463423010 
413162003 
1582281308 
331739777 
554728170 
915015745 
300654885 
96044610 
2528624008 
76841341 
200334136 
243464336 
742242636 
2927284990 
1465485553 
304815515 
562358732 
29843009 
1651022737 
112087679 
44999440 
716914974 
307810387 
2318756813 
2784679101 
2580923265 
110223020 
536895149 
457232906 
903230514 
61929153 
946815133 
316385151 
1575740448 
11935162 
251408209 
493462444 
273374395 
309178864 
123625968 
363974434 
2800276410 
379760991 
68271431 
618415758 
2854281611 
492742296 
777387277 
177655905 
463188421 
17592478 
603849877 
66570494 
21920725 
45504667 
366972537 
161916042 
96207707 
2851051592 
1703642220 
1069674134 
326849490 
214620256 
22947025 
2734582294 
66789477 
28815310 
343639886 
709158678 
21329883 
44269711 
224455064 
130552453 
26090573 
536585202 
105205767 
346929449 
1377105763 
2152546638 
436986320 
131203129 
76037541 
387314978 
930160098 
66441732 
565844793 
406664927 
157668460 
32324495 
357428537 
133741957 
364600495 
28524547 
1641912696 
10399342 
2812440988 
1431898094 
23911509 
262323041 
2227635378 
614026419 
5565802 
164521776 
2669580739 
68257874 
137597235 
16985548 
267622322 
144401269 
16985914 
37835766 
321216789 
265501634 
130391219 
216586371 
450098219 
157458134 
15627940 
290176725 
335558332 
1216897332 
133355338 
2675260393 
33766245 
553120096 
753138775 
93530505 
41995398 
2609710707 
1146569030 
573868539 
839115800 
625877822 
1544547175 
19822126 
602619980 
30044184 
2460657683 
1433275134 
470419495 
18663650 
37592731 
294827421 
21806064 
14757934 
512129757 
182992697 
737657348 
2313805844 
377536156 
495771644 
143599067 
113726312 
379127196 
397504735 
863686760 
423476220 
1039480218 
175816789 
2243311983 
379765354 
2263490540 
2569140350 
35983564 
118424301 
197593551 
95830803 
1384301521 
81127241 
604136273 
51175751 
259140338 
1199172350 
1686884274 
19823635 
829958334 
1436678658 
2382980558 
1241656992 
484943705 
868650944 
61063478 
37654643 
97493659 
842662698 
1014041690 
70388533 
537529629 
1525692703 
44555020 
578889059 
113762214 
155700946 
488821779 
43941271 
1724118721 
2343197268 
152032333 
151610125 
87865385 
25355934 
360730434 
610854509 
33733789 
105050227 
14336163 
249895195 
91913087 
840633583 
32677530 
407453130 
117879116 
70675581 
85423232 
224163716 
107354780 
14234624 
37135514 
133131824 
412687245 
63812017 
170002466 
61893499 
966705242 
67388880 
534335615 
112747683 
723087175 
18416404 
46180637 
253719975 
278789484 
42792991 
42678212 
496535578 
24560836 
19851647 
165534045 
38973010 
570105584 
38727762 
21404461 
951759200 
63234913 
814127136 
427957860 
887911249 
182091750 
836946007 
62135219 
23278078 
187554359 
262778864 
79822548 
21928692 
1631104466 
314968080 
1677532940 
197244505 
159228029 
362827491 
21428922 
91346398 
303899160 
121969438 
269925746 
393682505 
19848777 
19777398 
588139338 
537586356 
155132335 
29253974 
82240838 
377670737 
136463849 
720309152 
21216971 
453409600 
153115040 
388450833 
2278376372 
99769460 
22073125 
36229154 
27726286 
73214802 
464147579 
384047610 
230498858 
20665119 
781562 
273803641 
1122598837 
357035491 
196761813 
1609682424 
128042863 
218569613 
762139628 
780843354 
1730099287 
36877286 
98043700 
206912013 
136797255 
372157267 
126171188 
421575263 
514968362 
1587176756 
516606563 
711241314 
295408812 
163363802 
67184976 
590493917 
503226061 
32814773 
27171885 
65674570 
109968404 
207137131 
94649112 
14643778 
96454647 
51878960 
19939647 
515974135 
266135518 
429151758 
36311369 
267280117 
76106023 
409640203 
39259469 
34424762 
114589771 
280602473 
529538574 
342968456 
711269454 
266586602 
271762139 
20550842 
45892381 
265416147 
531638884 
303509036 
100370273 
140414405 
40756537 
45723277 
27933736 
14134823 
263093552 
299451466 
74557919 
90135767 
252778850 
438636164 
132237134 
402115240 
227750246 
291789672 
529583901 
172352756 
391989572 
415118591 
292595631 
333098094 
344060587 
79009301 
46387031 
135265556 
249256325 
464361123 
430268235 
319065202 
15293352 
16697875 
17426478 
96862691 
322770168 
475160080 
34396038 
266095777 
308156157 
280181794 
340361176 
61799049 
42037411 
10977482 
6555742 
356580836 
276104200 
214726671 
45830932 
183499177 
260872991 
364612099 
172021121 
132668061 
30402965 
30898869 
25680310 
236246218 
106246082 
34879509 
344300292 
35089171 
25012262 
336882814 
26305879 
66389155 
100585388 
19546572 
132008694 
28541689 
365452043 
53408972 
55142309 
84669086 
33966333 
41110363 
407479974 
26952005 
23625323 
28455298 
435503524 
28520591 
239407038 
398542507 
213592259 
306068438 
165558599 
37362451 
201301939 
25752526 
31025634 
26547366 
53449239 
280748813 
18514050 
256573417 
116398683 
20724253 
449830128 
34382192 
253425172 
43900877 
71371405 
34149867 
375538224 
316583783 
108602917 
363511792 
323011084 
206416476 
22015015 
15227815 
388256764 
424412458 
56700919 
200907097 
160983244 
133110529 
58076571 
42617919 
43280440 
62824135 
29477643 
191315638 
37308021 
393721560 
49830910 
138196609 
67106471 
369014518 
325073437 
39592451 
114407620 
403562965 
305947944 
398302945 
282257011 
21354822 
406721832 
245257179 
55296324 
404896790 
325782990 
401311181 
382886618 
180979279 
401866759 
232680372 
399233180 
160506675 
90650488 
343590156 
204805477 
229131293 
375247861 
18124692 
265116412 
287320009 
61018290 
353997980 
192657918 
401022374 
400777576 
176474808 
155289023 
370188434 
18794422 
238108087 
406208887 
89987387 
395788913 
55669444 
404431254 
42098983 
298792968 
402541386 
20693333 
42654130 
296323375 
396000695 
14434561 
362147669 
396745165 
339092506 
399971987 
166596596 
376292877 
403133394 
404266533 
404380816 
397478617 
391494656 
403714188 
149668414 
404233967 
46227583 
197142243 
74756886 
303079857 
189043933 
231388441 
404722013 
255086664 
108879079 
382799220 
191413882 
378196382 
346072014 
281164596 
385341729 
404865877 
99315204 
404877122 
309032542 
404890427 
403448768 
179150065 
361007763 
39345388 
404948387 
114289379 
404551817 
402208018 
22020624 
368418080 
404992138 
186720761 
243002110 
372888117 
63164075 
400996724 
61187390 
114759618 
22199130 
41322109 
21113869 
89450309 
247224915 
372575514 
282975855 
217268421 
264475998 
315994966 
36981205 
28257507 
64117203 
372288927 
79959803 
227060677 
86693322 
43167955 
172134640 
15920246 
26519079 
90172185 
187476862 
267154189 
30331499 
291259732 
17206015 
331263015 
34911789 
251519485 
155800638 
384377585 
345563889 
127448937 
46618924 
21645603 
97393455 
332327514 
46160576 
404070769 
390940126 
368359631 
21727563 
26005884 
94526788 
20587439 
334161326 
110191977 
51727991 
54531609 
109506940 
266565890 
378690641 
79703740 
14287455 
76937268 
22270450 
171423159 
70939775 
383563843 
82330346 
296981212 
369798034 
403717578 
142616944 
399062817 
206777497 
263247838 
403720506 
402960637 
295917253 
309286995 
338760368 
282394360 
403763246 
40881833 
250718114 
303496158 
388829984 
279229971 
401011146 
280825541 
403843759 
227538592 
308861826 
35001485 
384855921 
186483080 
400626432 
403743925 
383713201 
80944556 
314707346 
384383904 
395293110 
330974122 
88045814 
402833360 
291030080 
28319695 
41376852 
16796875 
27714811 
352263299 
82117689 
391299992 
26582587 
38503791 
390209009 
336778848 
28796610 
212484184 
360665448 
162640024 
401383069 
367475252 
391736191 
402822644 
226450129 
257905717 
403004274 
402963166 
30310448 
24872067 
386528366 
260777809 
388393594 
245895962 
182910608 
364581190 
90290519 
251763979 
306142723 
91851139 
70862259 
403248160 
68895346 
403255076 
90266790 
43512129 
236897911 
272338830 
198840577 
82039531 
388261821 
242269341 
214222324 
372215074 
149606690 
257246821 
17299778 
80179423 
128664896 
55822570 
308582566 
267509215 
397370358 
369248869 
322271487 
395472320 
371881875 
402451727 
402458660 
399949345 
216247387 
219326115 
206029134 
401917894 
353752427 
116382120 
340605506 
304821827 
375441574 
160945410 
362210003 
357099267 
400846715 
385728780 
89384321 
401935220 
372194269 
332393149 
210409144 
402005353 
402073912 
384427815 
402073311 
363536520 
40562136 
46355493 
74208807 
394837389 
35053143 
394208301 
331692243 
401785318 
370877104 
402149820 
387888935 
402230096 
385724955 
398057598 
43234532 
41756090 
225343108 
338489926 
266957884 
402279914 
339077611 
275368723 
347335124 
162557669 
249565149 
145866806 
210537263 
395479682 
62008799 
253250473 
215987929 
319874572 
400920325 
114256558 
396647073 
71542671 
388162692 
130629857 
283373749 
216239405 
191797276 
392486525 
398479703 
237193691 
71854186 
335907865 
210342140 
397080338 
272683766 
94748412 
21510422 
401194818 
357226501 
376566463 
377301789 
272816406 
284535291 
171125767 
401227721 
176853859 
400591701 
391701739 
401256713 
390638060 
339344720 
401330606 
383722359 
401331751 
401345941 
194074032 
94598656 
378689206 
342820014 
339236208 
399802261 
308582253 
362005639 
399545697 
380106688 
371934159 
202224136 
391787881 
387102545 
399898232 
144729331 
87068565 
379250248 
282928165 
396195770 
191490078 
399994766 
291181479 
26558505 
70657801 
400020438 
306418895 
168100360 
399638416 
331491319 
396605655 
400094502 
389535045 
22145761 
340549728 
269779193 
281241711 
400110838 
55055677 
156742352 
229291215 
238953946 
359496005 
206522031 
223676519 
151823139 
361334207 
396013224 
335269304 
278713631 
333056029 
318809291 
14052670 
101990691 
310063659 
400322012 
72480527 
224906901 
366385807 
55738154 
351124065 
31785613 
41931465 
157029886 
305712569 
294896204 
397723330 
33807368 
385768465 
20295964 
307801174 
399749451 
399936999 
378545056 
375597147 
284164949 
399457331 
61447354 
54891562 
20297749 
245797170 
372997318 
100173808 
301494770 
104982466 
233232028 
124684582 
398676589 
382805741 
190984242 
398935458 
216930737 
313631415 
370379617 
397576438 
162111269 
185783220 
356884948 
390126616 
62567716 
362777694 
318074722 
399508049 
399488000 
291183641 
194264921 
379729921 
284415874 
15694204 
385485432 
363687545 
52848591 
325785189 
398418132 
23511635 
322723848 
80626533 
14730894 
392997563 
294241575 
333024437 
391027940 
33478797 
48432965 
399756593 
126244043 
48150832 
224892314 
62735086 
233766773 
391049438 
396957030 
131948998 
18847464 
229173405 
123256349 
207242920 
355773900 
355616401 
173632150 
111920446 
397984229 
105206392 
397294596 
26977685 
280898643 
398915260 
348671668 
396421581 
294119362 
398838810 
284293971 
398386693 
399026834 
32697273 
398839757 
212838550 
336953850 
34316881 
377691062 
330459879 
340681115 
28736351 
33736673 
191872858 
398526276 
372823352 
398571473 
398543406 
398296176 
230833622 
340885241 
398600060 
84611715 
392558386 
342395222 
367245465 
193056942 
245992264 
69782726 
88740482 
86995306 
398750203 
396848681 
389779861 
33155929 
383288713 
398780613 
262157146 
65646932 
379691654 
31350330 
78067670 
394804083 
395472272 
153244519 
396460331 
394939222 
155773569 
392455727 
311746662 
301210791 
394616659 
376440893 
337775939 
147162779 
395021758 
48255866 
353014540 
22039615 
20473318 
388880812 
271071656 
395145503 
395163043 
223903155 
394632478 
273252949 
82590230 
366954051 
151585271 
354295494 
19711775 
372381856 
160485434 
348418262 
40506131 
395370510 
379694277 
388361119 
395409494 
395433903 
339840051 
209015853 
37663927 
339100667 
348155184 
329845824 
214086363 
68108901 
116054381 
308506864 
127327221 
287936005 
189929181 
362677682 
25791904 
124504479 
313693003 
366554538 
299096208 
395345240 
94563643 
387944939 
181693685 
360972635 
394915040 
356395288 
391561674 
233109994 
234924910 
236677767 
384207614 
264000660 
70218629 
186284822 
212370508 
61902176 
395659919 
155892515 
329888227 
227246477 
256878960 
299629913 
344206409 
183073968 
395730365 
55501478 
395774457 
367654086 
155257110 
394463338 
380239046 
395806671 
170702158 
253623874 
234612728 
327226997 
323954471 
343802636 
392738242 
358301073 
194240219 
224153207 
74244618 
313562232 
320198862 
370787199 
189593420 
349061442 
396016316 
396029190 
376223550 
143966453 
376919655 
396073586 
253118194 
396090613 
395705008 
396136322 
257637094 
64501075 
396163099 
354884680 
274838546 
391619286 
390719238 
395591777 
76195270 
299351423 
341887619 
396209683 
89468029 
72625332 
396309749 
395328763 
298366010 
379537307 
389551475 
364835005 
371535265 
396430719 
181052964 
371926047 
235396503 
340699397 
396472308 
394677939 
392908924 
341000979 
167344230 
395065267 
234668455 
396303931 
372209713 
39791249 
386960947 
52118660 
379341508 
348665740 
254477300 
396320285 
390490929 
362607111 
230660156 
280089022 
105798690 
57581414 
395404748 
346186926 
357666556 
396806030 
264958619 
373526196 
20325450 
21585081 
394881848 
55284650 
396890080 
396336169 
364497358 
396940547 
201074775 
99390872 
396973537 
21962518 
295966746 
267855640 
397052794 
365548024 
160500408 
397110034 
185707259 
149679701 
181994537 
77768206 
160346621 
395053633 
397229342 
323547852 
331057572 
222892029 
386133725 
392616202 
68901991 
396792034 
397300950 
100231354 
47727543 
396060534 
277538440 
232166397 
386210725 
37836873 
167168099 
348665431 
353377823 
397466681 
364210656 
381535799 
393276825 
367335464 
324239504 
397486302 
24042553 
284587951 
87246556 
340976388 
221534613 
248364247 
245979293 
397593700 
339879050 
158565475 
380502198 
397672687 
217571288 
147869744 
264494673 
110646955 
231208345 
59641955 
341923288 
359487314 
93792452 
23613478 
387623996 
394143309 
389692898 
155585464 
30249168 
157618992 
136121381 
275930875 
394307475 
375369043 
394329897 
394331344 
39595613 
386100447 
108146205 
251189652 
394361663 
72584212 
394407421 
394449192 
49224286 
284494770 
394516994 
282120428 
339128071 
392726688 
394534826 
231503746 
394635223 
383306975 
163290628 
283677860 
22940599 
394736243 
394715007 
394231782 
24540214 
394788664 
174636547 
394776498 
388363247 
354230755 
298090474 
201403168 
19323922 
394397371 
275725970 
394911111 
217657369 
388838070 
15376685 
233196799 
385906501 
20164624 
15564731 
128841543 
211032182 
20035242 
351112563 
31884079 
394005547 
55222415 
392620989 
263353996 
260284883 
394043646 
355614059 
173296829 
335017293 
172075118 
21467322 
394076217 
308483061 
20134097 
38700882 
264977839 
250115647 
167888504 
336161487 
19585717 
260999957 
233754488 
59709893 
20850489 
378733920 
146484639 
20237671 
29362840 
24479309 
22671803 
28017551 
208689605 
31770633 
1820841 
393407668 
357200098 
208271892 
318106874 
167690076 
18146542 
234516691 
87760680 
30103996 
266612252 
36492015 
364874736 
388930045 
23581006 
393486430 
393294657 
61087161 
393177981 
203206011 
393500093 
328179865 
132626370 
35767055 
278238402 
393519344 
29912884 
337884264 
93776925 
393093204 
299293017 
23619327 
393573482 
129654678 
177323196 
284503718 
318396991 
216803450 
102432357 
393062694 
393470439 
196802659 
393475131 
313759783 
119760873 
362909010 
382525619 
58103881 
146555272 
35132108 
286887775 
329989536 
289656198 
24684331 
94533179 
90031259 
182952012 
28582452 
96599957 
385038256 
306988474 
42468789 
388260402 
393311679 
276959904 
345202932 
355417080 
77952651 
342543822 
155392963 
276963601 
392866949 
346940326 
46513527 
317661883 
334156699 
386701180 
52549230 
21706613 
33955981 
392361381 
327907729 
284615231 
28055525 
267462525 
390438434 
356483852 
355383474 
392653574 
390079960 
56616569 
340580275 
327129887 
229709198 
346996080 
178777129 
63050671 
257863452 
127224530 
74105010 
100708626 
266537585 
387935299 
388876981 
392631385 
116965032 
24862181 
392704367 
75558782 
366647293 
181672170 
37373073 
392780630 
392786498 
81039721 
256591214 
272341201 
250500982 
301689646 
298703051 
387898968 
289216800 
380492784 
151288676 
392893527 
392903758 
134179360 
232164853 
392939937 
85665418 
108390407 
294838863 
311611934 
389156353 
386663185 
88464084 
336796488 
340412640 
15971841 
392166010 
390858442 
284791937 
254280692 
365632548 
114270574 
104622087 
379734412 
258167133 
22113325 
280345952 
42137298 
188162789 
258915945 
189057561 
158189003 
16980414 
358846175 
341396792 
366218917 
117590354 
18713283 
274273583 
143559771 
57525016 
387690844 
321654037 
346197490 
384150997 
383425484 
169598457 
386178149 
369863854 
373920296 
390554458 
35914862 
320904296 
385367189 
347129643 
34570296 
388286580 
382704378 
135384376 
19574046 
386939855 
245129435 
372263713 
388945905 
374385889 
377267396 
390906859 
301684722 
220134072 
317823420 
304690966 
201781399 
390878337 
39053977 
390952440 
263309845 
364337889 
16437006 
377503826 
391013207 
85111985 
391075719 
377747377 
391109283 
165263336 
390495878 
204565092 
78023654 
391163537 
391227594 
309862704 
244461452 
239589878 
367180285 
387711193 
391340598 
214296237 
390670961 
391357168 
261059047 
30135051 
257963431 
383097712 
283434370 
389936278 
391400072 
68209540 
386652413 
319192144 
382914889 
219105057 
341675722 
390075915 
308825183 
364463487 
390346865 
390795897 
107843563 
391348416 
391558984 
371159412 
58197860 
228482370 
389613027 
73541896 
38056574 
356091356 
383396220 
391746936 
191259818 
312398726 
391889493 
379787713 
391920947 
124126719 
391895518 
360641335 
286820510 
66488623 
215683551 
75758241 
392032892 
391299689 
392070110 
79696625 
33654005 
142626781 
122269894 
200921474 
386969141 
81733668 
97018193 
100015091 
262208695 
294884903 
48507138 
262369731 
223733323 
386814741 
389097784 
369305319 
389939625 
381294786 
362279018 
89396852 
122017994 
160287615 
304319244 
283452188 
330707906 
366032376 
34308171 
49103091 
362582392 
330553608 
77358629 
55434962 
359935797 
390187458 
321133862 
15011123 
24219632 
340689283 
336852976 
299468871 
251471485 
76647785 
382284991 
229345751 
375494737 
375372932 
245569360 
82457220 
389251432 
123701507 
388653474 
387716418 
361821449 
389351949 
377875149 
377896204 
377901720 
271909557 
29959478 
274640049 
389404657 
280181954 
389448732 
85065521 
109264136 
363015594 
112277141 
38121646 
69113617 
388083185 
347602102 
322757652 
332733602 
33505408 
338537373 
211023004 
224478418 
177330195 
352750154 
24195075 
34563870 
18710877 
122409604 
20181582 
211249459 
388752413 
368840894 
311761137 
371654661 
189971144 
385931361 
325632457 
17051560 
388861620 
388861236 
237364189 
37762244 
171460539 
360051784 
90436277 
387096395 
47923007 
204519708 
387206861 
185382498 
386054274 
27740645 
387246041 
387262247 
387280403 
338152712 
374644872 
387317463 
387308197 
386591593 
65656432 
19286569 
80900810 
385117666 
387343333 
43468590 
169299659 
385883205 
28884132 
387386402 
385755372 
67529350 
336822908 
387647919 
235538270 
387274167 
387696840 
387743497 
39844982 
68975204 
387757698 
342950193 
22665403 
362541800 
378772304 
81990660 
237116516 
260810801 
206672489 
258103317 
153875410 
387870698 
300207753 
175486241 
378973920 
80738250 
365942395 
387959739 
386685048 
130194187 
250874600 
123385016 
16874728 
385767848 
385767922 
36690582 
192228550 
25755556 
388214764 
326959788 
108557859 
18763931 
388250364 
46345192 
388225611 
60787224 
387573145 
388333403 
280693280 
332790141 
324688066 
371855531 
370858173 
379183518 
377011530 
349667511 
345668638 
388464014 
8169152 
54601825 
387762454 
388505305 
47602054 
387518570 
363960975 
339148583 
368955405 
368121757 
347677553 
123528671 
22027254 
233887227 
337434398 
364248140 
378571832 
7663642 
141236954 
383240526 
362302340 
65708986 
63882131 
38269720 
106743968 
83151436 
109612556 
194973377 
386200130 
41286559 
182735966 
37284403 
354146051 
385311692 
190452038 
386295995 
386325881 
169593577 
21327158 
76395123 
189690603 
21892729 
386356765 
377428727 
385370929 
194542855 
371772599 
124626969 
386426270 
22961396 
386054193 
386000758 
348372597 
19471702 
354881394 
155642707 
47599280 
327756123 
19035245 
95697804 
290259509 
386564434 
386582810 
42956284 
366107597 
19608862 
54920949 
84717116 
270625865 
76305079 
194773500 
250672034 
62325495 
351133222 
327629108 
281035958 
281562847 
385516524 
59151921 
385521936 
385526045 
229713713 
312761099 
385579838 
113807328 
385624113 
299864655 
292726399 
24586421 
352979430 
43896841 
216541856 
385041224 
340972729 
216539611 
46992621 
385754072 
285937657 
246667702 
385500129 
368754410 
242245984 
328075361 
385547371 
282132769 
206631833 
337080687 
376942797 
19339877 
34968199 
370757637 
282173816 
307837856 
224170823 
20414217 
17292383 
290264878 
366842378 
92111020 
15592106 
19305089 
23441125 
385748945 
290794452 
364746485 
27803515 
26795616 
269040391 
166889287 
162240066 
382373148 
312728492 
385250789 
126592212 
252268157 
192327843 
331508984 
385305203 
382047379 
19044628 
48299127 
385365690 
298906996 
249552645 
375549602 
193396260 
219372333 
259670434 
91354569 
161866202 
231947530 
56509904 
384091797 
364012363 
328272946 
317882644 
266198375 
211430304 
305216667 
109936121 
378777907 
294320804 
260530266 
350531806 
384228185 
165782805 
77289038 
14189931 
382618493 
62554155 
384173114 
211994082 
107965690 
191698296 
369559907 
194509870 
24636191 
384375119 
301134244 
26688109 
19190452 
59004750 
376826831 
376882857 
373428313 
344809556 
384458766 
299602021 
266161917 
293350958 
311950172 
380708880 
111378994 
17471616 
281705476 
299762927 
141680779 
292979498 
152360852 
61892724 
353322903 
78783207 
324867406 
384605466 
101566347 
351538608 
377657633 
376720844 
350964066 
381281279 
139214042 
383018503 
25744372 
310108020 
23318166 
283752353 
77116856 
291774983 
182454390 
382456857 
384348814 
61605407 
68533281 
27228889 
277490138 
259973352 
50759438 
384850196 
301220581 
215208757 
205152253 
198701818 
380994386 
41712339 
151575633 
260877279 
183694679 
247987458 
55971833 
378081731 
252818041 
384943145 
375169453 
382729865 
66133701 
376956732 
42904394 
122289131 
383563851 
282980275 
25291148 
385053858 
130200098 
50883077 
260839166 
369689537 
375899852 
385113473 
47432408 
383549567 
267536364 
355820219 
246577882 
283283434 
16180619 
57396898 
256723804 
84563588 
182510265 
312669852 
103583961 
254719302 
80733681 
34071358 
170231039 
299230374 
383737163 
365604023 
383428109 
275964673 
383651021 
57931739 
227352078 
268304272 
51261784 
186487176 
334960153 
234198365 
383952902 
304239525 
308464322 
128754469 
27832688 
282738085 
132123608 
297781680 
123980743 
93033849 
381541267 
33278311 
10284312 
119496961 
120524697 
8683202 
15691374 
339438110 
139712221 
96389813 
95708822 
321768012 
74734648 
303022366 
18231937 
51421680 
301260036 
383253176 
185049504 
267046185 
357247100 
215601674 
326672556 
76879372 
236274704 
54522490 
380391175 
202152198 
356063423 
57417050 
14759516 
127726797 
323375404 
381749716 
66878336 
98004745 
15455253 
316132905 
381557627 
80670335 
15350113 
147678325 
370582732 
255117180 
381619878 
381076104 
45574989 
288124947 
381034967 
345408096 
162031087 
44241297 
37966833 
52373766 
167515520 
311105264 
381567861 
193434680 
114511295 
36573457 
216007873 
223013374 
296591000 
246674571 
243478250 
216731701 
326631965 
63756546 
45336215 
268500392 
256992241 
95077040 
359671608 
381583258 
298489487 
346411432 
202159774 
145552883 
281205220 
378241675 
382082751 
97983852 
18319400 
372992126 
109964316 
162003824 
226326185 
363771060 
212581216 
293258073 
270967903 
376677315 
155958564 
354271534 
374161888 
224631672 
326653410 
62205459 
221174731 
60466362 
380639354 
382289778 
349958966 
211911329 
318663662 
308244274 
283813829 
77558896 
286741411 
290707517 
144118409 
135356538 
362837724 
92358570 
381799401 
280231572 
18534287 
55876235 
382404799 
373347231 
369868956 
160926404 
65436557 
72207641 
382393660 
382475307 
282390786 
328754065 
373829095 
45015541 
382540228 
248130148 
380323982 
169883272 
276820749 
365929329 
382584305 
155254767 
306145157 
253749477 
16572412 
30834082 
31643680 
335925050 
73777225 
27196408 
351185488 
32863409 
20253401 
73551975 
65647913 
53522823 
22415913 
382654737 
326550227 
20986411 
106284580 
156994914 
115103928 
33932803 
32383547 
337232006 
23435611 
382663722 
40692207 
275505630 
382664201 
20990760 
27096462 
111861891 
334781886 
146609157 
49144566 
248116348 
28006287 
382690564 
382689930 
15307737 
262681845 
72449479 
23334635 
382690895 
358428056 
15104323 
32951625 
61900747 
67131159 
382710373 
266014947 
124670093 
211752206 
24601465 
152722702 
157933684 
223611413 
21705367 
108197522 
59063411 
248268425 
32694579 
27511980 
68967149 
381414802 
47710165 
134821328 
345010780 
211367100 
46772377 
91584703 
91641901 
361274104 
179811913 
362640502 
382185647 
24601275 
172048023 
58834292 
26484679 
24240151 
382763414 
191525884 
360104158 
379061456 
382762760 
129974339 
90988786 
382785541 
382784301 
277479185 
241258521 
241449448 
267934897 
344278789 
308749890 
29187035 
335698986 
382825067 
232523017 
340283655 
95820772 
170925091 
56729271 
381650603 
331828535 
23513021 
21809229 
102204051 
382857878 
382863222 
140413028 
19316030 
17802215 
25733485 
50832683 
372951807 
17815642 
289181324 
74962346 
55553224 
381897858 
36713475 
375437364 
22095067 
270570739 
59604852 
67648323 
121259236 
56068152 
7400982 
382966404 
382591036 
244216136 
382976211 
82390302 
75437031 
234047460 
378960011 
151935208 
348875228 
377845393 
15037090 
377374573 
366448196 
20222557 
321805402 
16696152 
383104082 
383128033 
378506705 
147489992 
92817905 
44492685 
125362825 
362048302 
111674279 
377010886 
207402835 
373365098 
92650962 
367074442 
320157993 
383287938 
383298709 
383316761 
383013284 
272531754 
58991750 
356818563 
383440648 
45726027 
383464178 
16300297 
306443170 
30677407 
164556706 
365845967 
61754874 
342537717 
80522182 
36355841 
106538844 
352249887 
309850951 
342601600 
203829600 
297167691 
180399869 
380356969 
79494421 
15969018 
301327897 
143460842 
14336645 
355712779 
74168423 
379251752 
366564850 
261828776 
143641145 
176493593 
329185439 
379915827 
335546085 
379243035 
380460239 
349359308 
364480673 
380449909 
288228298 
363175824 
148720003 
67413970 
21348252 
377599258 
357034008 
31670336 
380605679 
327067212 
226162640 
145767288 
239974377 
101583900 
380141768 
143173891 
83621597 
28142188 
27182740 
83052741 
264133121 
279932364 
380821938 
358052302 
311801714 
322198374 
234136770 
380881149 
380891834 
380900918 
377858725 
358698927 
375519623 
20146638 
184006544 
380920110 
240700621 
99275750 
58024696 
355492078 
378474368 
345148247 
32311686 
268527690 
115598106 
103257460 
364701978 
25077109 
91667143 
98920730 
297456740 
18789127 
103378811 
55933327 
378795196 
376354237 
321666885 
377675553 
378827849 
378819248 
340269395 
378798910 
378845551 
214934385 
196248618 
377408232 
15539668 
261864700 
95997548 
368038060 
378948694 
188882666 
370403667 
379028263 
267889992 
62465918 
379037303 
365294552 
242841050 
49682694 
17420951 
168216415 
136069527 
361590212 
379281600 
367181237 
373733674 
27436824 
141273269 
173666446 
248806158 
375303982 
181353804 
269023457 
341254880 
379381234 
374869385 
234117899 
376390985 
369251957 
344119283 
379417323 
310437906 
15745548 
57966772 
277200502 
220132042 
378439556 
287433555 
332354300 
379606921 
344606723 
349251682 
348650686 
377231865 
320907699 
216050523 
140512369 
351977550 
163497767 
345675260 
68423812 
131963029 
379734383 
359709812 
260451216 
379778872 
303736465 
379613676 
379739742 
233850322 
162532430 
365562057 
366159249 
247765785 
355037383 
182293939 
20551511 
327999917 
328086985 
266266036 
288092321 
377678401 
352662549 
247055859 
377312023 
180310372 
268370263 
238045978 
378635082 
135222984 
185326383 
355114077 
316583244 
378155401 
197589321 
310506201 
375198426 
378184065 
326402413 
182645736 
271105233 
258945697 
374806989 
345619059 
42206125 
377163250 
42912638 
313354786 
37970498 
359180581 
309810744 
68802838 
17726992 
275529512 
40897384 
367248395 
286984522 
378102111 
378464518 
369475329 
311531068 
239279648 
251918833 
255916322 
7826552 
103793506 
342482203 
292150308 
376888599 
345016119 
35319356 
271956895 
375313114 
79750012 
106444438 
376046052 
285430058 
92479036 
377123269 
105057456 
377277754 
331951767 
185226094 
362540820 
371072656 
55225873 
377348603 
375466800 
17000147 
41018957 
102933400 
306086497 
23556008 
366408310 
25604857 
364839911 
305946706 
56706560 
124755738 
181183807 
19459117 
34622541 
91340953 
261501163 
346484076 
365262633 
288715640 
349232558 
376850287 
63265743 
215687145 
108433481 
14339302 
370219587 
77594700 
17605395 
139938958 
49743897 
21057434 
332658102 
373650133 
377622605 
157527052 
280946510 
309834754 
172996545 
377728651 
377671776 
374094915 
337944618 
377779373 
30716324 
374832747 
85746054 
24978129 
360839129 
377771984 
222409276 
373283088 
158436118 
31382777 
14764729 
377879980 
299690019 
35533489 
84395230 
282945619 
52418311 
40453912 
211098484 
327035763 
208688140 
282721931 
365469770 
18858024 
376376369 
376383447 
182574511 
61689092 
256736151 
35166917 
267455961 
163147489 
17647576 
73598408 
40320404 
353103618 
353953457 
331715233 
196011896 
33433412 
376574584 
376572016 
78276811 
193985369 
376597323 
18567474 
43306301 
273341174 
347027670 
25252076 
376707130 
362415108 
372784583 
376719845 
109274523 
171629770 
115844227 
248254037 
346194701 
168269442 
128628555 
214869506 
316051780 
373908658 
58104832 
14094686 
40898109 
375193311 
375355800 
373960818 
375383020 
168959288 
321408133 
311293229 
375427078 
107923796 
270534001 
371671404 
373711089 
375520813 
357761016 
33463731 
286568816 
372885145 
338598035 
368898794 
375105004 
262385147 
271091224 
371150732 
361729194 
238619865 
326697381 
58168487 
256962673 
367241910 
235616348 
375693828 
27413752 
335352972 
194203753 
44294658 
375685258 
375779732 
375709862 
126052060 
310050176 
375762169 
339403807 
375793994 
375834329 
319313301 
38437220 
204691353 
123657167 
247004587 
375984539 
375991907 
52430102 
375976188 
239743782 
375835892 
348566754 
91130502 
360791196 
374717742 
273937670 
134153558 
362774382 
42013424 
233391889 
356397211 
291266405 
287666457 
362015855 
375018855 
374362868 
374881583 
374958963 
374749679 
281237153 
372372183 
249362837 
375029079 
375027917 
375007373 
249565555 
282525280 
262080576 
374932688 
252763093 
252769049 
47896888 
280865457 
374065600 
372909539 
86663137 
225904499 
176036057 
226006473 
41641858 
374156700 
357581017 
177550955 
373300500 
194177375 
33247600 
241728994 
374202793 
84650831 
371172705 
134805580 
329376266 
327849686 
367289256 
27327189 
252582554 
363717942 
100046297 
125132575 
138808121 
29607662 
183569282 
374030350 
15745569 
373412771 
374412628 
117193159 
374419331 
127870310 
171454404 
322689557 
324814303 
367327445 
204420326 
364849841 
262098789 
257620534 
245853484 
313223303 
336550329 
254000254 
294420011 
82935520 
191468473 
369290532 
231487792 
364471254 
58593271 
356439621 
298960172 
374062452 
15271295 
105941006 
362805690 
373412189 
102642528 
373433433 
199798499 
319859729 
115197320 
298887275 
371302260 
333744653 
85715603 
235927458 
372269910 
373488578 
372928262 
38884020 
189392184 
234811228 
373526926 
315529364 
131261885 
82721258 
279839883 
251848703 
60658716 
355151425 
40901535 
15854607 
111164531 
373418393 
361587152 
258959553 
60166152 
138941707 
102700252 
330292446 
273055914 
103580509 
49480409 
373687380 
327564310 
327762173 
157164123 
46021533 
279203968 
163431287 
28054849 
370922587 
373743075 
47628531 
69075606 
34117279 
303299921 
373813251 
297476658 
125066563 
221884291 
211381018 
373839962 
270722519 
17725368 
322451704 
373955100 
300970302 
373996607 
329609386 
17348887 
211278180 
327931085 
333232177 
162348004 
90022722 
43469266 
373013151 
202442761 
365791506 
368996645 
54232000 
370945722 
348391676 
21685506 
257600884 
289640873 
300623174 
365096061 
334914865 
105789789 
372601406 
372506526 
356701480 
135340994 
213427945 
373161049 
86281414 
337861362 
373114950 
237568706 
117463305 
372724765 
330019497 
369946913 
369975262 
218804616 
297637998 
371399755 
207770173 
115750298 
281428923 
60402722 
334267706 
372809020 
85657467 
260856354 
369016867 
371918141 
77725938 
355766687 
372847198 
291976431 
372312203 
363253539 
341687260 
370746071 
372700767 
134470836 
23198458 
200391159 
213778596 
191169457 
250028310 
372075737 
47395966 
338441530 
366037849 
172476052 
64957150 
10078712 
362509111 
370937057 
182442562 
227431175 
298415280 
351854615 
234503484 
359699640 
270621626 
371995252 
256716248 
216101790 
103389797 
347645980 
371544996 
80244821 
331111024 
372554563 
180137030 
98060370 
369282708 
304910676 
39486366 
372595612 
253155952 
372610539 
314619143 
129566089 
241960868 
150623533 
183541295 
248776993 
294508848 
372369728 
335089705 
283313925 
220056278 
26039088 
294076272 
59084143 
216450206 
204836367 
305502326 
342592023 
58841367 
354496095 
365133192 
372466471 
362302581 
365542439 
53586798 
328936105 
351319148 
371905086 
249764265 
312124836 
121379109 
15353425 
248259551 
369687719 
27502983 
369880665 
364610017 
167918077 
372041021 
372051002 
134928298 
275925387 
267062988 
368147997 
315300878 
370606883 
264729737 
300077133 
128583522 
170806149 
372151934 
290561396 
372149309 
372208357 
372188889 
239847002 
165525375 
323492269 
362472246 
259801075 
313518972 
59376986 
19878299 
372395249 
369086701 
20611084 
81246895 
66565303 
196899683 
51997394 
227498136 
36959670 
163343794 
120376622 
268518187 
262182843 
370410132 
265080003 
216222932 
166161806 
22936027 
207782439 
367759824 
335856992 
362272554 
367371313 
369715293 
355015425 
370262295 
370287070 
175142233 
25093227 
362108673 
369626172 
369679062 
370343105 
348019364 
278309379 
370387949 
192432349 
367529163 
217097915 
210045876 
221881078 
355948086 
366637817 
16894397 
33140914 
364444504 
225850685 
364364898 
370565594 
362995908 
269968587 
154347526 
370683260 
245808765 
89980430 
148343242 
83474698 
370602313 
261220244 
281233855 
370522561 
240260443 
71086927 
82723495 
294196609 
104531609 
342320524 
368510237 
316637396 
316489162 
55477866 
354397785 
33210051 
43746072 
105574191 
30404002 
32952594 
120301152 
344196530 
361051966 
20187882 
47976545 
370504891 
318319636 
357831330 
153542114 
370897948 
219701582 
56808340 
25587729 
370929080 
119486439 
327995046 
214173840 
87681790 
110186362 
370837776 
272660235 
364967767 
212183480 
18819985 
37476250 
188099868 
147264686 
323216906 
371044206 
371056518 
371058251 
283247271 
132073033 
210529904 
288281782 
281561707 
43834866 
353455252 
371125283 
371160679 
312858177 
176058157 
371135319 
314514640 
289520325 
95693146 
360222266 
356256517 
70142898 
371240953 
147748198 
316569215 
14924347 
371268589 
261039585 
25478329 
370722047 
259078574 
369668614 
360668375 
133258616 
199011991 
371433122 
368293726 
98220815 
39961444 
27716945 
138964744 
201305024 
339509213 
120906252 
19971293 
371174969 
302682993 
247463879 
173872099 
318929061 
237560884 
247529271 
201249570 
320527764 
28988625 
263647100 
365970665 
270602313 
344373574 
286331331 
363941364 
368996079 
282979187 
70550076 
100079517 
21817560 
117371214 
131285630 
368628352 
340859226 
242389776 
125048276 
115398025 
369186974 
356163251 
204951762 
299513936 
265668224 
192988096 
262488925 
123747319 
264953808 
188813223 
28772021 
282493085 
364909165 
346323758 
369297577 
269381995 
229954603 
369338138 
253702715 
369377747 
266676867 
163925640 
174537699 
285522482 
209207934 
20142806 
262083115 
369480119 
351890125 
369473873 
23142395 
342852750 
267677631 
43855351 
350872780 
353774786 
128822046 
287858693 
45218968 
117592512 
292045821 
221889420 
341885939 
251776079 
350432602 
361008065 
368666613 
364631077 
112763228 
292149871 
278704113 
366833630 
368877257 
184202099 
126549434 
329914681 
366123248 
185500581 
341132884 
367410951 
217919354 
187544102 
366580775 
53181096 
343591634 
133716343 
366600649 
166678943 
367173761 
307901307 
367223211 
367239594 
341372016 
361515765 
367099880 
196878547 
230858608 
367370460 
366278399 
355111063 
343311522 
16867107 
366238220 
363894534 
364078666 
8797812 
365281705 
362032210 
366450553 
39784163 
366914941 
146110819 
367583955 
203751516 
367610367 
124378081 
259119280 
320300012 
330302049 
367668199 
364660307 
259700605 
272819705 
93768834 
367724598 
103486420 
359100877 
223908451 
245098559 
293736061 
367858661 
347910982 
332499202 
367871234 
364110684 
326284523 
292593995 
41563167 
69803050 
43280795 
311601023 
363154794 
133945354 
366827219 
59326330 
276796082 
368105688 
362360774 
251042244 
102245762 
95144000 
363776478 
313282870 
328260513 
367465920 
368195992 
283491984 
356405940 
360065589 
368242368 
33936825 
367676082 
355411493 
296207976 
350774215 
200190616 
172783993 
364489105 
366259501 
270470032 
29068690 
81444696 
367961450 
360041944 
287990669 
281184933 
366184545 
284545421 
366826022 
363451444 
178734624 
343276862 
362715508 
140070646 
319660912 
368375779 
110114313 
19202186 
222132128 
8700902 
268810547 
321834613 
323096632 
22293789 
365849858 
24437266 
363927340 
363878488 
365769901 
315226397 
356410113 
347943356 
55195335 
59367473 
255674296 
365971099 
365985183 
43568115 
327944708 
184711302 
8614262 
301947294 
113545085 
330908185 
55112361 
366054500 
363468649 
366070624 
171729201 
326381877 
365560498 
136710351 
326779761 
59845061 
366094110 
35549627 
356551125 
47178528 
251793071 
232277453 
361516578 
366165779 
213141381 
265959078 
83177589 
14863091 
363239016 
58260840 
137073402 
325471548 
199478485 
271567564 
146491071 
347153680 
365522415 
172517200 
252991435 
365781835 
366306258 
354166961 
25689444 
101361788 
251755446 
193677024 
197138636 
289067051 
118354055 
343686524 
211689104 
181258560 
250254704 
363159323 
181410053 
365059127 
354922708 
355637658 
312320547 
365090678 
8470092 
30651842 
281744761 
336075408 
336201578 
365139149 
296471223 
365057585 
350698793 
365007671 
184567239 
306167540 
365062989 
365163028 
361617438 
365005752 
342407491 
73821634 
261351173 
40416165 
195020048 
365031659 
20302042 
361999029 
118997695 
307798573 
59081110 
357112962 
361859834 
331968304 
291627812 
278228912 
209476311 
361842548 
25397103 
364279123 
364402699 
92424277 
282647456 
124427269 
362215197 
240958548 
49332767 
328751326 
160301867 
364910929 
364779541 
364475147 
364449349 
342862601 
142476959 
234852584 
319938936 
234227517 
364647950 
17522884 
123459618 
276322620 
364663303 
364008983 
364698114 
364154322 
291207207 
320564892 
212036904 
307148457 
235322814 
308049434 
284215191 
56931372 
131417889 
266613582 
70129356 
18718491 
364735493 
356808094 
77939067 
212214597 
364663875 
290121457 
364825512 
361037606 
363416520 
362079221 
259940243 
362056292 
104615789 
322234252 
362711699 
337160758 
364314240 
28691103 
353227379 
228026717 
364385953 
364211494 
266791865 
364396848 
364410489 
364442928 
20214910 
364426544 
323644377 
268501005 
104256406 
211201760 
257628506 
363374513 
295395910 
169832522 
363504726 
363534862 
363520158 
231374257 
257897745 
363588980 
346915017 
20149180 
340069088 
312801588 
163068089 
153858288 
337664673 
80062159 
351139062 
328998946 
360868786 
141315899 
363654920 
271052601 
359466407 
217523533 
363305031 
363817872 
358521078 
345554013 
361982175 
283642967 
363846913 
42217478 
205455000 
207891373 
358820318 
363788684 
341963633 
313008413 
363970564 
362031413 
363966086 
363499196 
33936628 
115486241 
153575593 
119147163 
364056175 
36921575 
81502979 
246734399 
362536086 
357305976 
106815221 
296217799 
364159036 
280680421 
282703051 
364202352 
125908770 
149868179 
354129454 
364245981 
358289935 
243680676 
259818440 
346389871 
112139592 
357895180 
59849258 
319418715 
198663602 
179916444 
291223073 
333060817 
337045289 
323871896 
322158945 
20897273 
362739567 
311821744 
334423263 
358862612 
355132550 
203450622 
360959995 
335368551 
15113529 
327789935 
82237391 
362872573 
271325831 
50170552 
331114347 
355461649 
328351955 
352946821 
43667593 
304311732 
362640152 
149572750 
242579992 
295661159 
354379455 
331457889 
98675906 
225566562 
229629449 
332200993 
208177042 
298153163 
343261255 
17785281 
43967826 
126989322 
118860406 
331445613 
330257215 
361196054 
94011461 
18693882 
101148060 
299628094 
299234103 
300336741 
362409442 
362419718 
362420486 
138037142 
116108369 
344029027 
362454546 
26171053 
356312025 
361040706 
124766792 
274075016 
248340004 
277522619 
235265474 
87744520 
72757579 
339955897 
221534966 
309571396 
361220620 
263076614 
164489026 
340969151 
268431919 
339843064 
38712721 
15885783 
325876270 
361394819 
352575109 
151591449 
360710329 
361440334 
360104801 
200789925 
15518239 
46587927 
160403383 
321297818 
41912863 
361520772 
161364724 
126775966 
170844000 
360844330 
146466413 
283613410 
270670451 
318778773 
314213547 
298790135 
33748173 
320011088 
289343996 
324070456 
289961910 
144710412 
359751355 
361491482 
142857643 
56742573 
344404076 
81516079 
82262182 
167555307 
354209862 
312295298 
360854456 
269335624 
361803928 
361823155 
352919978 
92543571 
361848236 
222554648 
162216789 
35614652 
37610697 
84921092 
361920708 
359376197 
361945565 
243709063 
333629048 
288287775 
104576737 
222234853 
139487448 
352624631 
362048500 
196966468 
360780152 
360340583 
360723990 
360524119 
113464285 
303018747 
326849168 
329405797 
359539436 
323027320 
360262595 
124653526 
140352487 
184937249 
200995879 
316945475 
46464511 
220752534 
288112110 
135319817 
360909545 
125458768 
359515362 
16464966 
331372779 
41215986 
101020421 
27756843 
358267681 
360485810 
355500622 
361157587 
99129805 
169495577 
360534653 
291318704 
69124419 
94015688 
23165838 
359638079 
317851401 
308644932 
67855399 
359707556 
214973041 
359774988 
359782832 
331839255 
321827831 
341401945 
241902280 
353224351 
100612482 
359571486 
280207775 
359875241 
275980413 
358851982 
262583870 
66926460 
111168330 
358740509 
260899984 
55380482 
270463624 
354394733 
360051719 
319651046 
279283860 
45662172 
355283598 
351126452 
298776909 
360027592 
360089618 
82504606 
321236650 
353331349 
357474030 
360131978 
356228594 
360782826 
237793552 
306078337 
328708144 
299390642 
220862956 
22645730 
263275251 
150028854 
356567650 
312869585 
282169561 
279020995 
66388835 
358599548 
300117393 
360479410 
163436733 
341945457 
237844334 
297885488 
360371107 
26174985 
188171166 
302141884 
55794059 
358263259 
342754468 
203557632 
90472582 
325738908 
52366324 
230154592 
67006190 
354563035 
18701112 
332657740 
350554976 
349179083 
56307571 
358256831 
354470509 
64758279 
358381119 
313004462 
349220246 
214715888 
321079950 
339723962 
353828415 
226430677 
236574058 
70651062 
302195402 
33309236 
35896307 
358339872 
315895356 
358424010 
317398964 
338654748 
323765761 
345153569 
142473162 
357617692 
358039186 
341301423 
358598586 
349680530 
358081072 
358619717 
231265636 
269356940 
305757121 
236613495 
11886542 
105992651 
98210564 
183176909 
287114137 
357825909 
297996937 
358827978 
16370003 
357250790 
358858804 
29076994 
353073956 
358142875 
59225494 
247900800 
331560993 
356030825 
79769201 
192554545 
356114085 
28078634 
302428979 
133100248 
21894373 
358948400 
291667245 
357537093 
275443247 
357799891 
359034901 
328029437 
354599381 
300681777 
210680724 
180047654 
358556073 
358541997 
195687544 
331312677 
357998101 
275977419 
359241243 
227160368 
247689980 
359286974 
248023172 
293684290 
279318308 
98763077 
217301223 
115735974 
341790906 
167790781 
230028031 
159788074 
20587673 
102574891 
352811217 
38404790 
178281790 
188881351 
204378398 
337479446 
44121444 
342618532 
351040792 
25545092 
28650704 
356527002 
356022002 
291209124 
353336779 
259089389 
169595143 
313763124 
77064458 
334308454 
353875824 
105054377 
356626984 
356437575 
356027318 
71277467 
354696832 
152537908 
348562708 
290547439 
354833544 
143575568 
186561933 
297967580 
283492548 
151427582 
150245616 
339346863 
356801687 
353902885 
248479421 
270110279 
355642780 
61023825 
247505821 
350610051 
173695553 
356897289 
356875731 
71974196 
261781255 
55160809 
185596729 
343633515 
356988127 
27950594 
122171826 
356811069 
356550528 
357029060 
90441043 
26649273 
351766209 
50668658 
356186438 
347512070 
357159872 
349301356 
229653920 
308086253 
34900940 
307357766 
313625750 
357309353 
35549432 
67161970 
201305929 
356309136 
16559223 
288275517 
244828557 
357338803 
69626925 
342688623 
357419667 
229675551 
246223310 
299305397 
148274656 
126030334 
89825250 
188758092 
320178815 
313248526 
90326711 
283119524 
57502093 
355062270 
342648097 
346977829 
129378904 
18026472 
15504256 
228246176 
355508054 
355519286 
355505448 
120763581 
189992283 
353682507 
353386112 
314562736 
106424240 
52455822 
131127868 
48809764 
210540987 
355621330 
347450359 
68421814 
355162013 
123654167 
164086140 
355701258 
161165198 
353948007 
311022694 
21862385 
355664121 
155787116 
348568324 
355351020 
237671103 
16587678 
215067023 
355856522 
348334400 
355914708 
348227662 
82396080 
238644596 
255156041 
212398273 
214390283 
213417730 
296484990 
323446636 
147216213 
773781 
174142456 
355991682 
32799259 
298773055 
326092689 
356056310 
344084770 
338795689 
25644869 
337299894 
354611869 
127213858 
269777853 
17017270 
354582300 
355216007 
344653308 
177368944 
72816646 
14353081 
353312052 
241605522 
125036946 
81251779 
73816327 
355241579 
23570404 
52153281 
333292165 
179844691 
246100253 
193331367 
41107074 
43453179 
355149256 
256657165 
289488043 
45859110 
354615535 
319821259 
298905776 
349613070 
285017212 
355254003 
105885790 
355241771 
336985891 
205756036 
355268938 
355222555 
355255404 
28289571 
46058212 
243460505 
309495745 
349271908 
156141190 
355281741 
127084015 
355056485 
355293540 
229326019 
215585283 
355311228 
57794753 
354595821 
255616549 
355313465 
355339341 
262328967 
354983591 
354619352 
327459005 
325518669 
355373653 
82046284 
355287026 
339829056 
95997581 
214640601 
116765760 
353261336 
355459625 
287642973 
302757985 
96344479 
280567347 
352312401 
319574493 
42293352 
353980315 
353963341 
210841177 
353973843 
229562374 
261215957 
353844075 
263748626 
212746027 
354008676 
331965697 
26653926 
256523706 
353866745 
156322297 
180291789 
353660744 
354053479 
24150558 
354111569 
352911862 
130301007 
354140813 
282330039 
114148244 
353680425 
103347639 
300166849 
257926024 
350162787 
299332020 
306814276 
254626857 
350735822 
353598914 
340056782 
353667796 
163072119 
262400641 
146514685 
354244217 
21336211 
194928453 
126632223 
346833467 
354311689 
135007626 
16142453 
354324711 
67276663 
47833014 
13156712 
353828515 
353986051 
287912122 
354393186 
247192655 
33437444 
130829116 
125630280 
349941810 
354371882 
207634312 
145116300 
211465509 
350485547 
350198951 
353384068 
354439355 
336925156 
338787064 
354484978 
289994333 
336137013 
194214858 
23256658 
193027236 
54757198 
353306665 
354126615 
351453978 
285773242 
131569380 
106334085 
354362908 
220978458 
182167252 
166028926 
296622357 
181970559 
342889495 
354575804 
191619553 
350992232 
283368448 
354670162 
354679255 
206827962 
54809349 
21742407 
348594669 
168129005 
354162596 
354655448 
196600876 
332007173 
59363425 
354566647 
120695912 
68977115 
268173929 
309739206 
223893593 
134778097 
260198363 
354807934 
353181786 
44361863 
330388755 
354807832 
300780643 
295120098 
354170911 
155258276 
34356938 
248465192 
212645571 
56169656 
354840033 
239868293 
28365693 
264081940 
168454821 
354873927 
353910149 
243156343 
311106468 
319461562 
354989882 
355046720 
17501558 
344991251 
355058754 
348906685 
325562349 
355077886 
268453253 
313842435 
354874459 
292884889 
355161821 
183326516 
355178666 
337855976 
353089628 
316587774 
353581417 
27929743 
339868092 
225619423 
322172592 
292800756 
350538735 
287585988 
353473580 
262510831 
115584920 
250640882 
162468989 
353459185 
322839133 
207262069 
58179660 
304324623 
352583411 
42086860 
117156276 
353665698 
84770566 
263738394 
19104532 
336271145 
351801810 
239004734 
201916456 
252745916 
182175035 
92078792 
352063387 
26899722 
325852339 
347675346 
95583605 
25707510 
251485517 
329663875 
120188952 
33737054 
23246016 
331048184 
297474523 
189471771 
278834269 
352901285 
289153508 
350822411 
336376239 
333689696 
67587662 
352956057 
330144982 
53738498 
46602195 
325511922 
349816242 
353009073 
88723737 
273634112 
100084978 
24941871 
249096636 
337630866 
234682408 
128936688 
344545273 
74094373 
332919158 
49353225 
352094582 
54129721 
338081303 
262394104 
231863115 
351408167 
292923036 
350172900 
331069674 
53161714 
305695968 
97046259 
230651736 
264296086 
216471724 
349887271 
309666528 
101486890 
84274898 
298618205 
351958379 
170058926 
310582758 
348840554 
14254049 
206821998 
141296094 
217522414 
62706667 
351350503 
286288338 
155026753 
284086810 
331827932 
288532624 
351038290 
273599273 
313320537 
36292446 
242997638 
288360410 
40953035 
345288593 
310578744 
102875620 
296354774 
336271859 
149716988 
31224073 
298413016 
153704265 
348711129 
334208581 
323204458 
350272900 
200174844 
351730150 
351304025 
177188796 
231383709 
329321625 
298650988 
324463428 
325548843 
346680350 
351876889 
345022099 
351894523 
57217538 
326614812 
126006858 
239995950 
31497094 
255285276 
170980911 
133898284 
340619426 
241493038 
155674937 
144291342 
100809174 
30632925 
207763575 
33524677 
126858721 
188021154 
339461561 
180907075 
284266874 
110119873 
330826106 
146566390 
164177853 
293139414 
311845491 
311336054 
183645631 
347770297 
36023675 
347755819 
268476836 
104146679 
294138353 
345307850 
247681702 
349689194 
341817726 
36782250 
349739790 
283720126 
201656427 
348693833 
349792730 
349536987 
211897408 
348490672 
117027050 
302312918 
133681986 
333082248 
247330536 
349923719 
61051056 
64044607 
349492408 
347401953 
89791192 
348165065 
132038306 
350066151 
49892639 
349616381 
126592787 
23188938 
250585530 
350167825 
347890221 
270558283 
300641343 
216336288 
314532540 
17904080 
90176122 
338640615 
350302543 
350315267 
345782123 
350323823 
349165335 
132627882 
15294056 
350359055 
350378574 
64620688 
277455479 
350389855 
312978392 
346192769 
344030463 
347308509 
329806282 
230451915 
346107353 
247340723 
211654723 
88694328 
207219410 
320430921 
88843308 
47133645 
350487873 
124866186 
63271637 
129990512 
250640005 
74571007 
28049194 
29442218 
320361896 
350508767 
350483197 
350631808 
350603732 
350365415 
245667690 
334617972 
99367816 
20746875 
338221723 
350745569 
346540873 
288253062 
241896108 
119732361 
350803334 
47749254 
109088769 
178898739 
300684960 
286862820 
347276999 
283822687 
230788854 
254854042 
164173600 
21583186 
333206370 
270101945 
249903964 
125263338 
249888091 
219309360 
42340832 
336508822 
35519782 
181917649 
348772861 
270386077 
254221154 
300717419 
339044384 
57909298 
348769049 
