1862138778 
226378425 
4128420672 
712627147 
30358505 
1081982948 
714249878 
270296701 
222595533 
122163974 
478782624 
466803719 
57992535 
346276932 
7632132 
43904362 
15458694 
3319533317 
85136701 
16869293 
117189136 
16673982 
182815644 
785526018991763456 
135254707 
2776875452 
2766850603 
3763761 
2420970433 
17625100 
338608917 
31016712 
699934136580988929 
2602413667 
10919522 
17732153 
38479889 
17216848 
3420477195 
32886486 
3003842519 
589736865 
15859268 
217096399 
4797361833 
835161591897260032 
17261320 
3220851 
108440501 
19381957 
78964894 
2911080052 
813780502645571584 
3018768464 
2415305418 
16955870 
5637562 
3527689157 
299802277 
16550102 
82355600 
17757642 
133311043 
174110843 
56081005 
824720523904978944 
108339117 
582452305 
24963237 
15220768 
215207998 
182545611 
69004966 
12245632 
282545479 
1051396218 
171968009 
62513246 
4129834033 
14589511 
15727317 
800707492346925056 
21307076 
2414834689 
235196204 
110396781 
928879760 
457635380 
13393052 
29417304 
130496027 
1262814457 
741473839469760512 
123478177 
186667011 
186755547 
1367531 
390299834 
793442243734544384 
29296136 
232233351 
18802261 
15108422 
206487352 
48118953 
234186830 
21105276 
5743162 
30050899 
19034656 
14294848 
8953122 
12044602 
3489164186 
93069110 
91478624 
14800270 
9207632 
18146853 
15891430 
480495502 
750787865483681792 
13395002 
79783264 
14086367 
22771961 
2206131 
130617778 
17181528 
19081841 
112526560 
14097951 
8616252 
23484510 
16935292 
1947301 
2836421 
16955991 
55289075 
3016161139 
783328370885062656 
292092669 
4855763604 
613635955 
168264219 
731532523 
2905440476 
3073349892 
148346008 
15817555 
790995808086876161 
281141673 
20119215 
1656244670 
242418441 
163598915 
19826509 
571271125 
123282767 
479750926 
2994584861 
804095898305384454 
820277156 
2332218811 
4918520930 
500003169 
225195758 
1029594343 
8520 
22278303 
16170860 
14205124 
188584636 
56730995 
18249073 
17487795 
232235048 
14493552 
722127759699505153 
3653163740 
783792992 
16326882 
26033091 
40912473 
115564212 
36743910 
131497030 
755113 
2400631 
426802833 
730021453114941440 
367873443 
463765807 
474232856 
632128157 
770735350008389632 
803667060 
80893052 
2291279294 
786334209673564160 
86129724 
15521823 
183216398 
87489968 
14434063 
59249179 
7512602 
15764415 
97040343 
2880954176 
3167831407 
61734492 
48252339 
759123604269248512 
55570400 
14496627 
372903539 
87486126 
36623 
244655353 
72418997 
29607664 
76715323 
47658459 
56847039 
26326911 
555198400 
61285110 
34739408 
37999041 
31448660 
187838951 
93293716 
13784532 
104673756 
16442379 
20245775 
248820522 
115710058 
293303534 
15483390 
161715155 
48071844 
177507079 
87968068 
86640232 
19564105 
68727303 
250850126 
306413439 
172638742 
269083033 
14075196 
367293953 
733003623001653249 
190021256 
16147499 
113134752 
19279990 
45244716 
4720662882 
63362222 
1673763672 
17071868 
17140727 
1857934758 
55024606 
94724364 
185125451 
35968858 
1470424482 
14471411 
54239493 
19725644 
8346812 
238308510 
29981823 
5905672 
110638978 
11584622 
721114835841363968 
106231780 
3942881 
303438769 
951991272 
103631619 
263082297 
3943871 
21918047 
42816363 
132400269 
77120134 
1857984630 
40113735 
35817505 
3394352013 
201389147 
14362404 
92320030 
190773853 
15173859 
23203926 
731250368 
14515799 
3423735975 
4769484331 
757681100009320448 
130130301 
4078951408 
9511932 
14437914 
2296414801 
16016427 
31206453 
47349506 
4356430036 
217983168 
92366022 
18233184 
995178326 
18216985 
27029537 
14955353 
25570133 
14207611 
1339835893 
25073877 
19158252 
250423412 
124531391 
19630069 
37730699 
138873410 
260791817 
27108301 
2681014454 
14221712 
21351845 
2546518086 
140844060 
1134025404 
18907422 
128360328 
15033883 
2565691772 
181051849 
17724241 
224154702 
35831704 
23561980 
21265120 
16527219 
85553575 
1434251 
15898172 
232450395 
88700034 
126526314 
778751174 
2992730210 
15907986 
1472840792 
32568155 
359007046 
24291896 
22033537 
17942693 
16340501 
16538135 
19364620 
708005865274654723 
15120464 
14307648 
3092555860 
136801185 
19750766 
737716692328022016 
133052366 
735164225249771521 
35270770 
713047690313994242 
2962056242 
28337697 
23484039 
2944579297 
23665966 
2490876814 
717829799880691713 
407390980 
861994051 
704416215192641536 
40076725 
357564369 
1952326440 
255347566 
476179224 
12398782 
64512620 
24742737 
474147122 
1321346700 
106976764 
11957382 
29803468 
4273128140 
525754568 
16811749 
20203667 
16594160 
260440779 
364498447 
394745685 
45485234 
4871460803 
235279645 
321719254 
2986239852 
1228516999 
1855517916 
15666380 
12096202 
114870919 
2961616768 
188329574 
330128127 
17181762 
192316913 
15374440 
2284061856 
184934311 
200210404 
185638724 
2508211802 
3257608936 
3195934863 
80127034 
3849057492 
145773567 
2172682554 
711557487162359810 
300555784 
16722521 
483183279 
119829799 
8362412 
36444204 
2194516802 
122233197 
14417563 
15146101 
30005269 
3874977225 
2272526401 
778369141 
2811095751 
465911315 
15012486 
17134268 
76230324 
2220400629 
1140018301 
224831850 
588401404 
2308711776 
2409347102 
357699181 
37992381 
3096716335 
277019302 
21362105 
14342564 
38271276 
126713916 
456910805 
15174209 
14133018 
60422390 
3649996033 
176206048 
20150502 
705123685959503872 
2493328392 
2735439768 
71833043 
21158274 
317783892 
17120085 
2880405614 
117314237 
15050097 
1954316934 
12154642 
205360130 
16740860 
277304259 
541114192 
77304134 
16075878 
4760694445 
24789175 
3496550774 
13131902 
2187473778 
2571127934 
2206026558 
15005664 
34720124 
334169724 
386868079 
217076406 
1166301 
543216543 
369145113 
14135426 
62545966 
15900384 
23865144 
15567808 
2718054817 
1446953384 
368481221 
477134396 
248882410 
19135489 
24912137 
78064869 
41426792 
1491928154 
621102628 
2387574451 
252389806 
3291005736 
21244178 
1548667380 
382422116 
215181322 
3404998061 
2837482885 
302761227 
3151619131 
15750765 
18851248 
1568643830 
53953528 
16686144 
28011900 
6206612 
133068808 
22147610 
22143706 
2710314482 
139909832 
1663327039 
14718835 
90928424 
51039875 
91017365 
3473360429 
2309472793 
44200994 
2808402085 
18928144 
411861905 
2511091573 
17344728 
284198929 
24820442 
1963278468 
31218072 
109352951 
16794507 
19979670 
166331148 
16529151 
16616035 
794652397 
281626422 
32471610 
50701957 
384906278 
480656024 
16099690 
543146084 
15597251 
4644248900 
2491857241 
2871094552 
2855047214 
14327181 
1373995867 
25312245 
1255538227 
1468136438 
369031157 
822074952 
1408988846 
1499170914 
1169579419 
381565337 
2875485611 
915726438 
271725689 
224720455 
110799416 
414274960 
417548573 
4721615400 
21096295 
377039537 
182012402 
32485670 
79065475 
141236635 
316665866 
2261986824 
21202724 
283774759 
85514919 
104992330 
361449956 
2667542593 
2557096956 
2204191524 
4636103179 
63618827 
19992754 
253098298 
314117495 
112752508 
126460056 
901380096 
17432090 
2915973643 
14529929 
16129920 
2149783622 
3327554913 
4214201473 
1884024085 
4260038060 
718868869 
4444954520 
3378630917 
3594265936 
3255034008 
878172186 
2182731721 
184657834 
176589375 
2980907978 
252653581 
18106533 
3248264826 
1393016718 
121489431 
29896002 
41031574 
2984679029 
424553500 
167592087 
489399485 
65568754 
3870769393 
944638225 
76970688 
17024708 
16206209 
180506345 
13775902 
55337142 
141697394 
40024222 
38287817 
15443282 
9229732 
14708901 
17799686 
28812925 
17058614 
15738250 
7363172 
271144373 
3403249798 
28008808 
15163466 
23751864 
673953 
505079765 
594044991 
17576549 
15716509 
303687748 
45869899 
857002556 
3750825397 
614567813 
22664596 
69383600 
16472218 
119905756 
15150755 
468592019 
23403584 
357606935 
970207298 
3249891666 
161363686 
76678715 
24785557 
105275248 
3260518932 
2916305152 
5166521 
114152603 
436873679 
409941587 
2500513952 
3722051174 
234402376 
3763655603 
40787132 
30228125 
19592851 
2204034272 
2377815434 
69406730 
424719241 
59815702 
573764891 
12709722 
3459051 
22014577 
8668862 
21785527 
103942033 
249466118 
20582958 
45577446 
7215512 
14994676 
55117855 
570290656 
2835886194 
44392536 
3271585148 
3272050580 
737508391 
7938112 
32237995 
7243 
34713362 
19472606 
2100521 
18907022 
21193261 
5695632 
90970603 
313634783 
360738679 
238437889 
3067046971 
2350322310 
3345584354 
340035175 
14511951 
16380351 
296292762 
22084427 
224043897 
870442892 
449336156 
5611152 
19119809 
30488144 
2890961 
14412533 
18692955 
34946414 
32332771 
16906338 
13001192 
23664655 
13000872 
47461065 
74080257 
242385868 
53809084 
80075776 
1855492724 
14736892 
1632035322 
12834552 
3075166607 
14246372 
57024517 
2726631 
17278675 
270527418 
7998482 
41277407 
132038932 
284695669 
31490091 
27280516 
2693220240 
3011357542 
13854792 
392866925 
2363157860 
2920806672 
2329066872 
3033484645 
18978948 
57423672 
2785663816 
2155778377 
158238554 
2855826481 
251898650 
140658782 
488683847 
16912664 
22983017 
161396418 
21954543 
166318986 
87509171 
18220630 
3108351 
47954642 
2467791 
10430722 
596142960 
236610403 
132906641 
322770027 
1656629454 
184814522 
13657922 
127935483 
112929575 
1726074810 
15521376 
19410511 
1546075788 
227414140 
1483011734 
11237632 
6439652 
52260364 
92038264 
2168887783 
64778466 
75387230 
499017526 
139817317 
3305835737 
76987473 
20535465 
15926431 
26966058 
531648876 
602847584 
250430268 
34828492 
153444178 
13321362 
557886928 
2906497439 
1072365024 
2950975465 
930223086 
14353392 
1536791610 
822215679726100480 
996113958 
65664369 
260419448 
2976738689 
475075846 
166629191 
13784592 
15910041 
16938795 
17048501 
1881128166 
27031484 
1880011837 
23270040 
29462694 
2473821354 
14092764 
3192670317 
733199582 
95984800 
2909713155 
62319926 
15470328 
3158566801 
384175987 
32844180 
19043934 
2230649377 
123385359 
234186615 
2834675265 
81852295 
2959011081 
3148535066 
16912685 
151106990 
525449191 
233956663 
262334573 
46335511 
111339670 
25334900 
2937648982 
19204281 
2945624780 
89040608 
8287602 
40983194 
234517312 
3098359088 
3095505167 
1205794267 
274559013 
83280072 
19537128 
410197647 
821845374 
81480697 
2351722984 
14986408 
172800586 
240425263 
502081792 
977440819 
591292234 
2814154363 
1650960361 
2414926506 
241231640 
191744756 
1542533869 
2550056666 
18319763 
70504720 
1020019560 
2370686462 
164827964 
112886485 
144989647 
365234739 
994230409 
590151911 
18164662 
432766911 
26077026 
15764136 
15754281 
15764283 
19983965 
126122735 
22017113 
2959964280 
2774364618 
29139553 
47353766 
222531054 
22726133 
374052497 
24600528 
635760879 
16250296 
565749435 
2955485182 
553713584 
1408578216 
246873788 
1861997743 
1181218518 
91268477 
6304662 
581892673 
33792823 
326184086 
5971922 
5402612 
34673128 
2677204536 
205783207 
211176003 
112481670 
921937357 
2846333603 
2575302870 
1705648556 
547860279 
403845474 
225436217 
144347388 
378076097 
563881225 
23404150 
328700529 
1265726480 
14163738 
132914156 
15164565 
121817564 
85625946 
729565171 
58560037 
178011065 
2192389658 
1652541 
1020058453 
22134976 
2430926648 
22021788 
120181944 
628719809 
14292458 
156270639 
18326035 
173494022 
2583089768 
103955861 
2771309845 
152105503 
18702766 
133432952 
20638693 
2351068818 
41435223 
12655722 
21894724 
5741722 
419322277 
506902704 
82467773 
15334380 
191115693 
412227503 
188180821 
200918990 
17845298 
140529899 
17837463 
65075722 
3626451 
166437282 
296361085 
235251868 
114388293 
2178300630 
2315633689 
290046040 
2710622005 
63762872 
24260392 
334870364 
897343003 
2422143211 
110759160 
51241574 
587811802 
2680203348 
11687752 
2799149168 
21837174 
56471377 
48079777 
121291606 
151880862 
186172568 
2777025636 
32964604 
192068776 
1180856064 
296060169 
14832450 
20788205 
126386995 
374331816 
2786082139 
233587840 
749863 
73416019 
1653917664 
121873833 
2785989632 
2732925131 
380537703 
357605868 
2781540781 
189232726 
16929600 
234798686 
366309158 
1099960304 
83504629 
1344951 
23818581 
1630896181 
396173025 
2629354614 
132300665 
352789314 
16714818 
144384375 
2571675067 
28182912 
171886876 
110241249 
398049608 
44684576 
104034129 
438483210 
29577995 
23247389 
29786124 
18297369 
224687076 
20543897 
17601986 
975731 
58872308 
11578732 
8708112 
57411021 
8383592 
813560072 
21030912 
5392522 
759251 
742143 
14062180 
2405071488 
123900986 
389513442 
15312309 
46737648 
523747078 
18558073 
19738133 
81274745 
40877380 
789866906 
512380274 
462535802 
301587235 
41288745 
2517988075 
791996702 
491545591 
2484153402 
29752603 
153836083 
606776750 
230948100 
305948443 
546542397 
156319325 
16166177 
1713041 
6706512 
9650882 
14203808 
14233605 
14876674 
15192525 
15444380 
15726296 
16446587 
16772448 
16948671 
17660545 
17875323 
17925414 
18115511 
18285635 
18388938 
18712081 
18392023 
19312616 
19195558 
19345466 
19506737 
19914921 
19916893 
20401085 
20491223 
20756434 
21273481 
21500801 
22793294 
24047249 
24823728 
24841117 
25636821 
26140415 
27821543 
28000612 
28605701 
29551126 
29578556 
29915995 
32293802 
40231680 
41939243 
42250937 
44659026 
45743819 
46495983 
49494913 
55020984 
55822846 
57854872 
59342719 
59262096 
62355508 
62709602 
62901022 
63202076 
67518758 
69005922 
69048512 
69326517 
79106875 
81920103 
83356228 
86010723 
89846832 
93712431 
96932591 
103073080 
105686413 
105943504 
108704207 
116711919 
117154779 
124661609 
131965150 
139126008 
139236026 
140269474 
160271036 
163152862 
194005453 
205551692 
225647123 
229733033 
234109933 
233690773 
234924957 
234950133 
235014409 
237069993 
236273572 
244243985 
257636637 
261959272 
264384559 
266588597 
279195557 
285365043 
288951741 
308261982 
305682984 
332879240 
347520380 
385526659 
385788146 
388030147 
388351666 
389732675 
439343945 
442037540 
493327685 
498212753 
499308308 
518105917 
531552872 
543723746 
545600264 
597884038 
580495688 
613423730 
613929060 
817756404 
995855498 
1210578667 
1240048734 
1244458951 
1275967728 
1345667292 
1348322768 
1413995599 
1419013976 
1470497768 
1488311388 
1526926712 
1586623466 
1601669724 
1676771268 
1682028421 
1706169458 
1729257684 
2152286448 
2154879193 
2356820516 
2385306878 
2414932213 
2435672162 
2458499894 
2563996052 
2575405220 
2573366912 
2648996972 
33391760 
154145174 
19560592 
17393336 
422912146 
113480677 
190393587 
114823431 
16916881 
2718342128 
66483027 
14176981 
2444534352 
755953153 
55607413 
8813602 
111599263 
94378963 
29607756 
26125943 
2666025362 
1687052030 
271114521 
1422121716 
256725327 
573942340 
30863861 
57743552 
103213445 
2409905628 
146469789 
145757596 
2464922618 
2249307576 
78161365 
241165319 
46041101 
26924027 
1977256669 
42912674 
2530824320 
141808601 
288017451 
389713558 
1705628562 
777353864 
16470908 
85613384 
240092940 
305612300 
17999303 
789625854 
946317445 
180899692 
16911388 
28604355 
1497413827 
904089942 
25587745 
279730412 
35141174 
270704392 
240294040 
17197784 
5507352 
16070316 
96988435 
2480079168 
19990695 
629818897 
575579092 
12244082 
1480915110 
1872590082 
2375566080 
130922325 
18948541 
2317351705 
754097124 
2465115150 
2375832710 
245407446 
17068347 
2190679836 
18204725 
13729222 
209352780 
311531420 
99031780 
332968143 
191866540 
946714572 
185323038 
1099717518 
1429067611 
21312627 
70746363 
2422853610 
1242457310 
40406740 
18465629 
158390451 
451685149 
148842957 
2347049341 
28591641 
22552271 
30090568 
73190286 
16124481 
632517966 
1431546031 
75928332 
39288197 
17695629 
223958206 
1317507102 
95981793 
158602379 
25140900 
27711685 
1705221350 
488075317 
14792801 
2340558698 
22079857 
18033925 
2303751216 
109440184 
431021039 
146341446 
538392334 
1146751740 
1330457336 
91826119 
226646684 
17596622 
2358800910 
17220758 
2366107291 
1908867044 
122171872 
17808045 
42435206 
382190563 
2273284728 
21119658 
59514202 
22656534 
16146513 
179436438 
1267222915 
30299675 
18732606 
1413291842 
612645544 
183385115 
15411858 
14617164 
152053550 
361779719 
807429510 
21796995 
479798050 
14786473 
18280011 
47770982 
1418745782 
234297707 
94635508 
126406217 
1142889037 
15650696 
29290654 
53514605 
24779656 
106848262 
22396478 
98976377 
1425614850 
1580800297 
21599112 
1223523163 
234406945 
18138208 
49512360 
17849437 
70017971 
15838687 
302968875 
14357933 
323417384 
189376144 
405802360 
17443832 
576381971 
119629443 
232689210 
97028649 
100837102 
275797956 
499349142 
281596622 
481943972 
15738862 
1897834004 
67995848 
847943587 
20282100 
212285332 
5063221 
37571165 
14089195 
18159470 
48462490 
135339295 
233328259 
36146108 
14749759 
1209377076 
31455494 
107303353 
115767226 
207315139 
2182684560 
990253063 
14245092 
58632259 
1575918264 
1583390226 
1092674863 
1906007586 
1683911737 
176111090 
77099151 
1382805134 
928924417 
86739042 
108849695 
1877250278 
459478908 
186185547 
1807011 
272281711 
22989698 
38780300 
3452941 
901817312 
374593152 
28408065 
377425911 
45483654 
2317921 
16893545 
69312004 
333500366 
136029389 
57198124 
88743625 
53978909 
80758969 
1732829419 
401368484 
619167309 
280938412 
15941862 
14485018 
175207683 
310673079 
17570545 
20641629 
19012525 
364486544 
316389142 
765017196 
41678177 
85164024 
53717815 
1447736215 
744168337 
39755842 
49879747 
227882794 
17607488 
32335485 
47667297 
5798782 
66913767 
27174323 
17091875 
21060774 
1813381 
18517064 
16160453 
211521569 
26568765 
44779437 
586671909 
822093692 
242408357 
234128595 
26409094 
238565053 
43498135 
21241010 
18628066 
18512967 
18389437 
18071455 
17466090 
15864803 
756481 
15715127 
318580678 
28624125 
807095 
18314117 
18554458 
377721622 
373046840 
21338107 
36574548 
1496176244 
296448955 
14705410 
14052884 
32988961 
17578524 
819546 
314007328 
10466662 
26035436 
36473598 
20163820 
49988709 
19066069 
15784846 
16912702 
17802972 
19039194 
23518913 
29570145 
122126818 
194351775 
267857213 
282240622 
324989148 
374648773 
556279447 
580360281 
600528888 
707282983 
771722233 
43780881 
15436545 
19409197 
491454879 
20163708 
61605928 
25703812 
80833940 
313547140 
326588641 
1603405424 
8550182 
31155016 
846081 
34298708 
15990473 
211259502 
88906321 
1428526338 
584128737 
731291690 
38038829 
57932039 
145768294 
44039298 
19562228 
1513532053 
380229923 
112237392 
1511523452 
599629150 
31533103 
20164974 
266637073 
236900512 
91834145 
32457249 
49793562 
44822253 
294224506 
116264455 
401716334 
16177628 
455110158 
553985348 
27225542 
286628737 
22221551 
110345556 
82789484 
613614455 
1308738438 
365051475 
240430436 
15154806 
67159087 
952323361 
39108656 
425305285 
14924511 
27870530 
66561957 
49070087 
32295527 
15226811 
309829396 
21133394 
88564939 
18250917 
25030848 
1009166437 
1268086525 
491391843 
323315507 
374698471 
239931382 
376305976 
553955558 
21685295 
477903242 
1000262514 
76949819 
1221616850 
155995597 
1151806141 
138093097 
16906137 
836298679 
412807754 
246780780 
26614896 
173920517 
31080039 
615471114 
16721061 
19777462 
108806669 
38257994 
570371466 
512352048 
141332043 
82783862 
402333933 
14245341 
557988900 
16552936 
1099805036 
981561110 
171953455 
370383450 
558218384 
159633273 
404175955 
7917922 
342819733 
11580942 
24973756 
57370319 
980724511 
663273 
7144422 
2195241 
88749392 
23544596 
256573865 
634812478 
111393729 
30364057 
139162440 
1006656648 
21512767 
168763524 
14933158 
22775610 
473092540 
17348942 
18570258 
20643615 
986703319 
17431654 
824157 
803650658 
140906686 
385521385 
622439778 
239833673 
944681779 
201419073 
27599874 
92183278 
135769388 
243324496 
68501777 
435926182 
885848256 
20479813 
378655054 
473312742 
869922156 
25773996 
128982711 
745773020 
441288386 
24482181 
318531174 
849829536 
175378976 
39256997 
337744935 
599438808 
2693341 
132604508 
20769495 
730835750 
626154088 
16971997 
86373006 
182824215 
246832603 
16027904 
400322344 
222547741 
18754969 
634111854 
80672916 
544810239 
65370758 
600448813 
24216951 
336116660 
18453881 
15129727 
87016821 
701557640 
322745862 
90938377 
238759333 
22737278 
31137762 
79889618 
16150974 
455974282 
136752225 
35528169 
244263153 
19069631 
474164367 
185680080 
358959857 
62346194 
183728658 
21489374 
564004733 
243245621 
541804071 
260316002 
40534837 
81168795 
41182444 
40581338 
547274259 
19557662 
510592186 
14606079 
223969236 
52464764 
576394519 
63137085 
306445376 
471496004 
126346713 
110470660 
581989680 
61610259 
413223602 
368366215 
374772534 
25584545 
90786626 
282353593 
26680911 
66720641 
22694153 
32200665 
130923009 
554775443 
17029186 
498914762 
393786830 
554001351 
395431351 
20620601 
43342825 
14163556 
113398856 
33602380 
9711712 
255059019 
27786932 
539326464 
357721597 
516723177 
35104377 
11616772 
526316060 
45270371 
509148694 
469205542 
465295771 
149180925 
21786618 
96414274 
503040139 
11064282 
21718006 
337787430 
65991339 
67108656 
97768783 
349055939 
98524029 
510435410 
140959145 
14133259 
41601127 
231831983 
63186237 
24030374 
14990052 
19541855 
99178401 
496358670 
258859921 
40303245 
468129734 
465297271 
465298241 
43413 
31338246 
15738685 
20657769 
19224439 
55096169 
57741304 
17006157 
111416652 
48847011 
64498695 
19244181 
8496762 
125879595 
407042319 
110554958 
17974312 
23008743 
372404741 
88758887 
77019011 
15338385 
483336256 
1159301 
326330970 
437771469 
277126369 
108891381 
470591098 
16244891 
126349885 
5093 
430270438 
263373101 
22161159 
40863280 
438380028 
21539318 
18780856 
458469143 
426902272 
257987559 
424461673 
32361431 
282128604 
19351397 
6141832 
293057290 
15837380 
88263959 
67732438 
76503643 
40019559 
3393181 
49389231 
16000736 
11131302 
335400637 
30174678 
2893971 
16573941 
9905242 
321402270 
384427130 
39803296 
5690462 
807594 
262831192 
256126425 
150053591 
53129744 
14187268 
357526039 
63832411 
38709252 
91169369 
16097991 
205404940 
24258374 
16130639 
18059183 
28431058 
11107172 
141335663 
130714274 
368543810 
44835080 
352687523 
21051656 
23634598 
38679388 
30590712 
6743802 
301667285 
55371557 
104216957 
128647332 
8131122 
61263 
38613913 
8114152 
55034805 
215272354 
397749450 
344210794 
271632951 
206353298 
287845249 
21690931 
366798077 
15005511 
284157124 
56483651 
386739485 
148785216 
132331955 
249408301 
94196637 
15863142 
195930724 
14774666 
71030246 
223940735 
346596492 
31481375 
153467587 
196770294 
128615869 
35696091 
197530226 
378643551 
388498090 
14129427 
331382633 
16114731 
125691980 
132045243 
20541404 
14248070 
16396118 
15936172 
129969976 
347889910 
378415750 
28750587 
17980863 
253134837 
35792241 
15446531 
311741249 
96227896 
17734157 
36195118 
331803536 
293251363 
15148293 
360792806 
52050206 
35274394 
300273349 
370151542 
243467750 
288960668 
22660843 
201407942 
127403620 
358221587 
6399652 
17496715 
360075638 
14217780 
5066991 
16468500 
22193651 
54441907 
350595544 
257910141 
15214858 
16228398 
144426596 
12143172 
117518514 
21707036 
23682308 
18633858 
17382568 
24053352 
50981586 
26755141 
97697552 
19273965 
334040218 
339348427 
81227032 
15740391 
29116739 
15895311 
333434646 
30309257 
17220817 
34315560 
17230018 
18441352 
84550797 
297597668 
74794028 
15018335 
627093 
274052253 
40461839 
299862561 
47686728 
9562092 
28639740 
155632875 
63411263 
270063081 
72068156 
18335565 
21254525 
20285484 
168818394 
22812806 
16528120 
322697979 
322509546 
26099610 
263841552 
14073839 
7337622 
232647403 
11732962 
16083628 
226653206 
17534751 
16240267 
231525400 
13875162 
52387765 
139757760 
1586621 
213831149 
112018437 
17159555 
69372106 
305795025 
17855388 
113145174 
92592014 
316702759 
16298796 
14529618 
20790665 
23642710 
21347707 
284373991 
20333461 
236587240 
17331051 
107175080 
14188202 
105912458 
17601441 
234030846 
208687668 
116763916 
278723058 
241964676 
19534331 
21525516 
15208492 
26439238 
53285540 
245519649 
146581702 
17005478 
73180174 
47758416 
109435011 
15758036 
277655884 
176837095 
184155019 
17025168 
11297622 
143923948 
196032079 
49639394 
263488898 
245081401 
24837745 
16060932 
76622252 
40970125 
4790501 
217599062 
183315933 
39040456 
111051726 
129619152 
278046128 
26878079 
47484922 
201735374 
23975667 
166610424 
18907783 
36686415 
31764261 
20111522 
285733281 
16825756 
21409818 
144269918 
288909813 
288294170 
264465708 
101889624 
48011328 
16135990 
76994060 
191424194 
639633 
14245279 
160823316 
252532441 
17845720 
281830887 
20331814 
19886150 
98964742 
19730380 
16114437 
80500512 
79581503 
121819063 
18119308 
113404792 
144566251 
36266200 
36140968 
15165275 
29975271 
60059448 
108694335 
20778387 
19572681 
47383716 
25842919 
26526058 
84095515 
14416388 
16942488 
33713210 
242481679 
194170887 
263239357 
262223323 
262261608 
214192600 
17627720 
247900876 
21138094 
16085530 
13837292 
29052993 
25208745 
19735639 
15620255 
32181558 
249294952 
62371884 
12685712 
52487300 
27557594 
8834672 
42322690 
84367458 
5814192 
15446057 
128029053 
50765949 
15024586 
251187897 
202447104 
19624989 
16146129 
151722554 
26175226 
14378113 
23272359 
36769006 
98722948 
146162533 
17017393 
41579514 
14704325 
178023069 
14326557 
24036716 
246935925 
14763238 
16372782 
2874241 
17300884 
61121439 
7709912 
18660401 
163238216 
29745219 
128040851 
243304488 
226340949 
6488992 
15030818 
216481299 
14122787 
25519414 
14630174 
15723047 
9930772 
66730113 
234035610 
56770993 
54950781 
18138440 
17452927 
137227478 
21430796 
174397217 
63809905 
3259781 
16064402 
89095982 
26866718 
20313720 
22041714 
39588173 
15776381 
171501315 
37186989 
149232007 
16409309 
2225051 
14232871 
70833 
233396541 
198964783 
33678668 
799913 
52747267 
20755951 
16076032 
24203152 
10948392 
27581219 
4537 
23290408 
15698668 
21248445 
132168333 
19654393 
207710433 
17165632 
27239310 
17475001 
176783419 
19663712 
14297544 
17794719 
15756366 
14241630 
11382292 
16382386 
86403786 
17559646 
16424445 
15811525 
90665991 
14983332 
216090684 
74243986 
214277049 
17348525 
202342468 
15005539 
138768192 
16055780 
203124748 
26814691 
145737162 
15813073 
21905891 
202297807 
54267156 
14971622 
18622869 
16418359 
5800092 
208299405 
180179271 
15532410 
19008406 
8658312 
77622421 
1181771 
158122034 
18634312 
205875223 
17051045 
138476340 
2248911 
14922345 
3167641 
80886503 
13566872 
33964697 
13753352 
27484128 
13216832 
24232884 
72850409 
14576066 
44969806 
19844126 
9584882 
16550965 
148479661 
19613445 
16013096 
73655226 
199368501 
82903 
52425160 
21405381 
66721422 
101305150 
106943050 
14959843 
188165971 
141352515 
101331884 
16532396 
17545588 
20268270 
198876996 
11991162 
6794402 
73462632 
194596234 
123973374 
19149981 
132030881 
45499837 
107445852 
23364287 
11781512 
14586832 
158414847 
27798648 
191325714 
14590008 
19790657 
118719917 
190741629 
19467810 
56899360 
14621581 
18006993 
15943452 
14075928 
5363592 
5693452 
18138767 
93730653 
24151332 
15965292 
74260111 
8185042 
12647912 
53280144 
30791062 
2010871 
169160869 
95983941 
16668285 
16184378 
20242981 
892141 
14172825 
15256022 
32488163 
135541508 
16097247 
173816484 
128252438 
18396706 
17783161 
169686021 
84764215 
126654280 
117816660 
150771635 
90420253 
14167292 
22653324 
22453888 
55845219 
14366258 
159566077 
48259483 
14776137 
21719039 
611063 
60669885 
158501171 
37502856 
155684365 
119502857 
19081403 
16483343 
15169756 
105254194 
125804389 
29987604 
18252650 
40973507 
148751452 
43402727 
82389692 
56810436 
18879638 
19508128 
20526594 
96062438 
108778454 
83949248 
16712779 
82089031 
142078947 
144496827 
18235583 
51837775 
14858445 
109061861 
14354069 
654433 
122392779 
19900808 
142143924 
16895202 
16691423 
26858764 
5867322 
52499546 
19697415 
82357131 
83619462 
14302718 
21842374 
59157393 
23769830 
24764803 
14131790 
64600540 
28204941 
14787561 
80844296 
17875543 
19789592 
19143036 
34064275 
15534108 
9097042 
16089186 
10041162 
134789435 
101008987 
61437594 
96802732 
95696769 
32067471 
25241040 
28752302 
16313140 
19954266 
131038429 
35773039 
29896783 
16399949 
17737025 
41646880 
28862373 
110812395 
124558835 
87004893 
19238265 
62290422 
19119542 
97523297 
118928026 
25859059 
17197779 
16001827 
6480682 
120481883 
804376 
27444713 
16434173 
24212561 
70690543 
87729197 
14106829 
18929090 
13783772 
119094873 
9639502 
7334402 
5871192 
115485051 
23235056 
17089095 
12743612 
63049396 
54619276 
6813682 
4370261 
21696246 
27318079 
92657363 
65052281 
16017475 
80370892 
48491844 
14677919 
79305777 
104837667 
10390932 
105260939 
102827305 
16090860 
13680362 
19568378 
56390492 
91358228 
100590535 
705533 
12645292 
92582978 
17558335 
14289835 
19082061 
14925887 
4126451 
15374640 
96566388 
21580756 
61804930 
75489171 
14520390 
26374751 
96682410 
13496142 
20011858 
87676186 
81146432 
94181393 
87803283 
35969407 
92427195 
76976110 
12332122 
54301440 
12166752 
43897435 
22098002 
20455625 
86165484 
74274483 
50433 
18514747 
49639986 
19070185 
67688947 
34274380 
15163255 
19090330 
80593904 
15634105 
67425106 
86432816 
33325821 
20414526 
10750972 
35666789 
24773177 
19612828 
84654667 
84368037 
20749224 
55641902 
35827900 
15966653 
43360578 
83888797 
24106292 
16175360 
11447852 
7999922 
19038388 
3932741 
14321959 
17071351 
56413122 
31402344 
17008726 
15093646 
30938455 
18077754 
13962782 
70548480 
12520212 
64954426 
8765762 
18953526 
1694251 
59876429 
23255179 
33537967 
58844283 
15013810 
38251431 
19850057 
17049669 
24821159 
16093855 
8954992 
61340877 
39397148 
27221492 
19047465 
40509860 
60680125 
42869215 
19897695 
48797909 
15950241 
45763529 
51928434 
23654002 
8085642 
59048747 
16469809 
33096011 
44254802 
21694268 
21208475 
34381861 
3651981 
16226484 
17139234 
56436152 
22215173 
16073826 
54933341 
30313925 
822215673812119553 
813286 
49224321 
31612300 
19352605 
14793236 
3554671 
48017803 
16090292 
46320683 
10007212 
28812686 
39768405 
22021832 
34096609 
16814891 
15865878 
12844642 
14921945 
43248922 
14834340 
17179368 
17983303 
18621645 
41859906 
16124398 
15096908 
14740219 
17390020 
39756267 
26772322 
39986596 
16303106 
14263085 
38751780 
15282499 
11665282 
39573228 
38667803 
16044763 
37982492 
14104746 
14134471 
16462532 
37167527 
30018014 
22667625 
35833143 
15386144 
31219459 
34342856 
26375712 
31209263 
17144765 
18363411 
19730151 
18918705 
29920124 
15678891 
22949345 
21242736 
26663013 
26605345 
23693508 
30109507 
25179560 
11202562 
24884150 
21700600 
14570604 
28623105 
12453702 
24018384 
16186782 
24922297 
11410252 
25411971 
20475430 
17905685 
15361042 
24392968 
15426021 
1102311 
2685011 
13610082 
10135802 
23795899 
23377660 
24000016 
21209783 
5988062 
15693493 
14775787 
15219460 
19468729 
22457041 
6604072 
22023965 
19778611 
7824172 
20828903 
20735597 
18781150 
14324366 
18532404 
18810609 
18183160 
1475361 
14142367 
18656604 
19772383 
15371339 
19079241 
17345213 
19323836 
1378891 
19105391 
17632297 
16191902 
16732171 
18929427 
18462698 
18098111 
14580360 
15040683 
18347989 
8214592 
14280135 
14533273 
14674337 
18030816 
17636023 
17755687 
14766781 
17987432 
17875683 
10237 
17847701 
7752402 
1041681 
739853 
15049896 
13743272 
5324942 
14886632 
14335380 
14378018 
12591842 
14812037 
16442836 
15695935 
16043851 
14203907 
14992254 
14324884 
17093378 
6512432 
15374351 
15372255 
14118532 
16018868 
11435642 
16746088 
8417922 
15905103 
16035350 
15112081 
15213415 
754826 
16171562 
9950062 
859931 
55753 
16115936 
16358352 
5773472 
15726790 
14366540 
13771512 
15627575 
16145241 
14334547 
15647628 
13489482 
15099823 
14182660 
14437620 
8062682 
973351 
14603733 
14236215 
9352852 
14370357 
14212915 
14172838 
14801219 
14412759 
