105560067 
776196808909336577 
20536157 
22536055 
26053643 
19195728 
115975829 
4855501 
805559119566565376 
807095 
16153562 
216776631 
14700316 
14159148 
29442313 
13393052 
36889519 
14436346 
36754854 
138636505 
95500404 
75051887 
15508420 
1619672035 
16228398 
23377997 
27354702 
14134204 
26452299 
2282706721 
229211585 
16149110 
395047035 
15875029 
59172877 
103130238 
357606935 
970207298 
158023013 
3096590594 
9078772 
2413235786 
299264437 
76794354 
972367620 
2412580496 
284693066 
122014550 
2485542240 
21395056 
292418292 
334865723 
709196716197744640 
1960995296 
31350724 
1193220456 
965365087 
813286 
1339835893 
875615095 
26799237 
15912316 
18149467 
35867792 
4910122572 
34236761 
14548783 
426307553 
463218212 
278847889 
4347916156 
22485598 
16432771 
109387632 
30059550 
2997290738 
1726993178 
446176426 
15840892 
12003072 
330740614 
14571474 
16581604 
383270442 
49514312 
365779677 
347320239 
839494021 
55338739 
14552792 
2815823672 
60918418 
3408941919 
13474062 
268925007 
23829268 
21302703 
59840147 
97286357 
428772579 
23639144 
1487510586 
343072227 
787417633 
2209606452 
3531770593 
388151141 
635329903 
15836013 
1673609563 
43192340 
5449042 
3237862444 
52397106 
35342568 
32324648 
36586348 
3312211830 
29524184 
98425584 
2689598612 
3515378662 
3295811575 
32789366 
22209201 
14200022 
70203502 
3301993205 
2889454495 
19103481 
157749914 
125169006 
31891798 
207420832 
72290466 
16248319 
82303188 
11673662 
39580517 
1035353113 
474574842 
2785493081 
459606630 
3269520709 
3314037835 
22311903 
47336979 
2903141678 
216558300 
1104111013 
2665539769 
2867693883 
190906140 
1933042237 
15460249 
45925500 
126051220 
2207606742 
2917512490 
435738747 
29281762 
68433206 
26688109 
2306228096 
120186213 
2164557895 
2570722760 
3278351778 
1652780222 
2841214245 
8192592 
1971753996 
776859445 
17842696 
2876443557 
947551560 
7886782 
513077355 
1961021263 
74715730 
7606712 
1684763856 
36405978 
377149306 
302049915 
2361216872 
17723643 
1449000090 
61891251 
3675136456 
285978809 
2385357091 
226662318 
444940567 
2813612226 
2862966903 
7224702 
2411424246 
5514192 
2293248432 
14645160 
20417674 
16528187 
3177980913 
15120222 
3421734532 
199266210 
3378975941 
76966092 
1668821198 
3500170157 
2761141105 
19623009 
14486811 
45374708 
2563814487 
306604182 
2429600508 
16450602 
833571 
238550991 
15254823 
2885707365 
19318296 
862634508 
2961085828 
48743186 
2433335246 
103550181 
6110802 
15673902 
15246927 
57351926 
41362786 
17068576 
19290107 
294207022 
2240603599 
2980513964 
2699269442 
60031833 
277012264 
1942755313 
2218267860 
2230478545 
2177130499 
203442166 
1949322637 
96863903 
2209419445 
72288444 
108698830 
1720468830 
2462079870 
94277191 
16702987 
2716627642 
16147963 
14132785 
18462961 
260090238 
50155740 
602755005 
3028743579 
2902388487 
21360280 
94326127 
15302859 
1629244514 
1961021269 
558431409 
17387156 
2207972657 
2226061 
2851576659 
1355650081 
2707147325 
5824442 
412011503 
60642052 
142075230 
66064952 
20665924 
969461719 
53210455 
31290510 
48650283 
401525763 
547095036 
15582157 
49189777 
461034765 
83508798 
1900438400 
2411456959 
993433388 
278673907 
884476928 
33014441 
48287169 
26398470 
26628804 
20216804 
1718779302 
253456607 
14594594 
3301547363 
197656452 
1874221 
4488 
14445325 
24044436 
178701313 
481376138 
264962685 
2823746510 
820055 
1430426018 
280915516 
16074627 
17038370 
23665495 
3158204060 
2279431994 
111701670 
255593786 
2313099380 
2914603907 
3246806061 
22441421 
389297073 
309769709 
18016048 
104665778 
2726523398 
10427102 
137272233 
128620022 
44664072 
2891388630 
28610770 
397993662 
559499484 
23748071 
61998780 
262641563 
15785876 
15412070 
400456501 
277368213 
96411575 
1250179124 
2205559141 
283259822 
2951594870 
5882802 
14553715 
5582312 
1226302873 
62894908 
448139452 
24357823 
84620099 
253663760 
79302229 
757341576 
3804 
168708565 
400246375 
207301720 
86736696 
1063501592 
28152504 
2934591854 
14703244 
791670 
2939925704 
14777215 
1114379558 
277098168 
24919140 
111092283 
758328487 
300459455 
41044925 
15192694 
3091428232 
600676901 
320551768 
14520053 
1020054625 
1329619934 
2485458836 
14716890 
39099783 
2883228220 
2919651995 
2988639443 
2934349584 
119228939 
369334970 
338114393 
133806972 
2601874716 
218145659 
15662622 
2829532162 
1548043820 
426354426 
974765708 
11104682 
14519349 
19785281 
36099451 
17850785 
128374277 
273239400 
17425484 
99561903 
160643546 
17356547 
2934111728 
38848092 
14306502 
2174446083 
40242937 
2205012572 
346084664 
64020286 
142342983 
538399586 
26985747 
15674884 
14620190 
627845910 
188921307 
14125336 
8479062 
1294741 
153492935 
2548451544 
419587467 
2580994608 
182471278 
61653212 
387373496 
824080602 
15073513 
24770229 
94625872 
17816699 
18839731 
13073622 
15171577 
16785424 
14467969 
18792823 
13455472 
14924128 
18452614 
17698956 
118269391 
62956344 
26551204 
36095716 
19494411 
87725458 
14277276 
15317462 
11620792 
94682674 
168857946 
113130846 
44196397 
5943622 
64844802 
168775611 
185808487 
27814665 
59166197 
33846451 
24775410 
41003633 
112889546 
14653404 
21888718 
16128421 
31099876 
15698507 
7640782 
2510171701 
147757354 
38208302 
116921800 
16755855 
437783452 
20249294 
8559342 
17811915 
3019904764 
269116012 
415298013 
247785677 
1942361120 
2253026361 
79309221 
2528277276 
277225326 
15807438 
3081184617 
3081274912 
544633457 
147773576 
2745798420 
153966123 
81947660 
267254947 
455201117 
2341090326 
23777226 
2557139946 
31193875 
570233091 
295 
95438524 
34356968 
2517569024 
288437221 
731973 
589881546 
2463681456 
14946614 
65936743 
9413702 
211273580 
18979227 
285917234 
30322151 
38026874 
2352390788 
3031378767 
1572807349 
171048293 
16385117 
360038876 
64737751 
1406374028 
319025793 
2893971 
246779440 
480195710 
22370886 
742433 
2153224988 
28920053 
84623395 
20553408 
90830064 
46227982 
9728112 
14559211 
2223451512 
138529583 
274673392 
292108364 
792338988 
2341149504 
128972437 
28318908 
52245007 
720364819 
17396865 
2730180774 
341251022 
4388761 
14601645 
2432556504 
61806685 
1374411 
24022129 
14220991 
44327914 
2723581 
14071045 
552094012 
25165065 
3032951398 
3057099537 
2312378485 
322609075 
64989150 
59726206 
858888181 
31443391 
20995047 
2791405537 
312016066 
36928386 
23121787 
2837043665 
68116011 
18528640 
14369100 
1282595845 
1394399438 
111098490 
190255531 
2249587368 
1694939840 
130866926 
17497146 
1574779704 
2422409560 
15115469 
113466518 
989236188 
2359769394 
89842640 
10032112 
948020256 
75014376 
18275825 
224422027 
15061889 
32349142 
22577042 
33148341 
37599351 
2478754638 
20089382 
102992943 
95555703 
65359897 
60385678 
89551015 
17846780 
81235913 
613162862 
5972872 
465781550 
79478413 
1138372326 
19813323 
218184518 
472449404 
103348944 
118883387 
46691793 
5750262 
124242545 
3364401 
7371912 
26484919 
104487624 
91554937 
15367104 
20710292 
989 
816653 
1541575262 
27260346 
23198101 
2341951934 
6309292 
18030213 
19851745 
2444744810 
19845671 
41116320 
16382471 
813351289 
91379214 
76694301 
34712630 
245314230 
570941905 
788287705 
20822832 
18360478 
13683762 
554432774 
15954152 
314481715 
733062373 
227910999 
30430166 
244290816 
38479221 
78062548 
14111563 
75209239 
594910611 
19783054 
468621991 
574798036 
5660232 
105129369 
330739550 
2338358113 
95901946 
21773876 
14413014 
218980359 
37844877 
72208768 
807347 
28938569 
40870110 
137159973 
14866655 
18920334 
26246264 
23073657 
35870265 
240640719 
399380884 
25780068 
14060395 
1240681 
18332190 
14114349 
130090686 
32187100 
273034026 
15591360 
16406979 
342317535 
6814772 
89056904 
742871071 
17445278 
190622044 
173849634 
79277772 
26272676 
96298498 
30232309 
19395767 
238156365 
88702839 
292754680 
2025311 
37898617 
90691525 
38503176 
764260 
137036008 
1493401520 
28147116 
17544272 
441259970 
116628034 
56723262 
36931424 
344082277 
8729822 
114897322 
20678384 
265904296 
14733498 
563159785 
381400206 
188486317 
88001725 
41792496 
1357772263 
19655372 
15822191 
110782268 
1625426689 
27631636 
364442291 
169891533 
1492345466 
89143437 
27502854 
926741634 
2188941 
89191491 
16953991 
237528648 
421187117 
14317536 
331673240 
16094416 
235597087 
14428195 
309240898 
19331681 
14418986 
71661438 
36374283 
89566319 
20179707 
47900816 
44727303 
898387387 
46444327 
370188600 
114053642 
47355553 
128664359 
943664412 
126072812 
945605413 
948351427 
244075888 
4231111 
16303106 
7830792 
43654274 
42182302 
42609957 
236532661 
18635982 
382879252 
21624984 
149146298 
67698086 
19796978 
361301766 
116505974 
236549067 
56413372 
14743399 
14579415 
27436312 
17882498 
22810160 
53171043 
389363790 
50763977 
549676104 
95740980 
51997352 
348489382 
23450452 
16537010 
199692906 
76712129 
272033863 
15247495 
33919893 
275125398 
22595190 
21643021 
21355822 
17431516 
24042484 
16041902 
14426343 
15163515 
17851117 
29036854 
51274682 
22798934 
545377002 
14615394 
56687180 
37894546 
334050457 
154376814 
32991549 
14143625 
21723102 
26799527 
14225058 
386287400 
19341539 
14736302 
222079451 
14953165 
132969785 
17963284 
24138753 
222505339 
181103180 
6202252 
248587539 
43867870 
21918677 
222929968 
87447080 
157019068 
137830783 
15767411 
18346764 
9992572 
461206658 
11550572 
29685344 
98678741 
180798700 
17602374 
344128331 
5520332 
43921953 
147564198 
41784022 
237870422 
346361023 
17847803 
26000348 
3140001 
34343378 
266710603 
54171031 
139458881 
9193632 
262788167 
336688538 
335250051 
14301691 
17977475 
57863571 
238256168 
47907278 
168843514 
1810191 
5763262 
93957809 
262605587 
284572559 
36230092 
321297245 
112798884 
122652229 
44349145 
16363793 
10148832 
14398691 
301799224 
163089700 
18592030 
17150807 
4850961 
261885796 
16294228 
34572298 
288731232 
296127927 
135849540 
288981847 
262253786 
257420433 
15994666 
20211972 
100316615 
78238510 
16627311 
5692012 
11121812 
16113378 
165482352 
10555542 
36541636 
21473978 
228164513 
19208737 
19961700 
123090386 
34015001 
40197088 
24164865 
6377902 
198564754 
72834489 
21620280 
14617128 
15593 
16718906 
111414497 
88921616 
19704847 
40300926 
10515762 
111982934 
18726034 
27395221 
17959899 
186056540 
22417441 
5733792 
163199745 
9705702 
2978921 
28109927 
234354642 
233962358 
38420911 
112231931 
21018958 
14096618 
21447415 
220483072 
92579250 
227805185 
12003532 
180331429 
12692462 
199462761 
14834649 
155539529 
219689793 
24144462 
17386079 
8921752 
150797609 
7480172 
36894648 
18796686 
60283535 
76346858 
55259906 
23612152 
2278321 
35569775 
11003072 
14181273 
6181602 
10723812 
24226031 
820118 
36324648 
11143262 
198730220 
17503180 
146024379 
817000 
14480395 
109402533 
15309740 
185240619 
17763948 
64690522 
68352208 
41635623 
173378252 
135820564 
20660609 
66803 
92896485 
53191459 
110572393 
35244169 
23072544 
66479921 
180221455 
151138355 
17795002 
16554602 
22612693 
15945575 
111795755 
166135655 
50733505 
11991142 
35214040 
153414496 
6774722 
43325279 
7816912 
21097599 
18416991 
32160019 
36198922 
20473896 
11800772 
14341416 
15101479 
12640502 
21800790 
12098 
72073394 
24367031 
17972106 
113339671 
138348514 
40544415 
29380663 
61415503 
20763788 
74068382 
42244198 
13492552 
17113829 
69661270 
45548710 
62313079 
25290300 
64614569 
98105236 
25455332 
5510372 
85345304 
38117627 
16110539 
15944686 
17220707 
22363802 
20862406 
29824178 
15065128 
17197221 
14450452 
42940182 
10866802 
36314303 
88784729 
21682094 
15306510 
91432646 
15830290 
14431752 
17812066 
21750265 
108780368 
15793469 
20984550 
7528292 
14923177 
88042349 
6989062 
26126283 
18310793 
19424599 
25458378 
6211972 
3980 
14907809 
14738561 
19122978 
34170274 
35644266 
11155742 
21299476 
8501552 
15861638 
5455232 
17064675 
78093363 
43987885 
6040172 
48711433 
11091752 
44866153 
49992656 
1216571 
79899131 
77545042 
12432642 
5532142 
4395451 
18529774 
17853821 
22301442 
15856351 
45825406 
4170321 
15114927 
14331068 
58683154 
68030137 
15710716 
44293885 
19779712 
49725243 
72202255 
72287359 
73035296 
59754981 
15244628 
20570461 
61338310 
68923047 
18436296 
55748658 
36421300 
51714337 
17727842 
15014203 
16834223 
10076702 
16814727 
70056860 
36479068 
9928102 
18549821 
69438026 
16417933 
9590002 
17519959 
56989166 
19498298 
67453192 
25359130 
37636146 
38361564 
61625825 
60617674 
23433636 
55991727 
41585958 
34210764 
14583385 
21435574 
40195617 
52040801 
21890668 
16281307 
14909768 
67065950 
55258276 
15726969 
10971502 
24862187 
14913914 
60982802 
30837762 
26226279 
49110658 
18620441 
9921932 
68405928 
14413498 
62794594 
46038685 
43017221 
19625738 
16605600 
37204051 
17992196 
17837984 
13097772 
48764204 
18070496 
14610275 
55493046 
18536910 
47700143 
16354755 
35007560 
60020863 
20630597 
31345485 
37424500 
63927214 
63820673 
16834825 
7922242 
49078629 
31795557 
17758088 
66816262 
34596799 
15437774 
35610654 
51662730 
19178239 
64183671 
65484781 
33440456 
57306175 
20745013 
58828145 
62850862 
16312422 
16954214 
34033950 
18189723 
65924863 
19989791 
23769455 
35976041 
32596467 
20806376 
18405311 
62629352 
49665795 
57749460 
19593530 
38187534 
23668206 
9636172 
41937956 
41461475 
45974138 
56462475 
31195750 
10094272 
773624 
16984020 
60376289 
63995186 
25768076 
54035267 
53935110 
46547522 
16390926 
62800151 
28181781 
39895930 
26493362 
34650465 
17069525 
47702485 
15993125 
13316422 
19057564 
16936303 
20852569 
29280682 
15959560 
15342619 
20254889 
62709340 
41216679 
17204767 
11154832 
33066789 
58933325 
14218993 
21314466 
18481463 
40550999 
45460959 
15102818 
26725896 
19388963 
10890652 
57014444 
16033158 
61188489 
47473077 
18533317 
46858446 
24787334 
15912508 
35767916 
38015746 
43234563 
17329083 
43248491 
22471376 
25294150 
15821161 
18807347 
8785632 
5683952 
14095161 
14929948 
11891512 
14951992 
7732132 
16275014 
13817822 
18863894 
20303812 
47258901 
15645474 
18760460 
15422705 
15643526 
18246335 
12035722 
37870149 
20777093 
34633953 
15181500 
49145337 
15708276 
15746084 
9836582 
58320714 
19734025 
14652452 
16170981 
17437735 
15685444 
27563460 
39474157 
54244090 
12933302 
5435942 
28377117 
59080320 
17612831 
58622004 
59083769 
49779644 
42450136 
35521028 
14325272 
58046917 
20012081 
49641431 
38815721 
20737561 
21867534 
18959348 
6566712 
5443622 
19498445 
42985020 
16326247 
55878877 
27379542 
13119862 
16356732 
3653921 
54315888 
43720981 
47209382 
16824146 
16746457 
10172032 
53313179 
15937402 
39210978 
18906805 
15749322 
17518786 
50647078 
44857312 
6411892 
27374285 
54284327 
53438535 
19342287 
49671164 
27355338 
26809735 
18471982 
18487518 
34800013 
44807168 
44021913 
39558373 
18270755 
47959201 
46893896 
21114461 
43364470 
19443848 
46935768 
51146604 
17504053 
46074247 
43497002 
34572831 
15444746 
47557087 
42614637 
18872278 
18619428 
18821923 
43112526 
36773740 
18769587 
43877896 
37945951 
30501477 
43510350 
45745790 
14857774 
49603248 
18482323 
14894710 
19976619 
21179543 
19764519 
14796221 
37424291 
46961910 
31892440 
24512138 
34022238 
43309561 
34351198 
46449274 
18956041 
16261638 
17135925 
45909209 
20372675 
14079938 
16437619 
27582197 
15836440 
30495056 
46070877 
37335659 
6639572 
17993115 
18358516 
23294168 
14265553 
35196068 
20951882 
43392024 
26164442 
13623852 
15920899 
21280216 
43871399 
17062577 
24802712 
9527242 
19738067 
36403341 
6560972 
25322846 
17317076 
41805248 
18467329 
40928611 
30487211 
17878065 
5879482 
21042195 
21203259 
38393753 
38740418 
16591984 
18981284 
17792570 
37205095 
14076588 
37840430 
14465607 
16083377 
37904203 
30959718 
16465359 
35934955 
20131183 
28601764 
29657072 
26640179 
19725959 
19719551 
15921173 
30365839 
31229321 
15129437 
31694273 
19242232 
16800218 
35965064 
17826291 
19004561 
19351990 
19505248 
20784835 
20618879 
17624304 
22360594 
21599662 
25374357 
16420993 
26114352 
26150361 
17238110 
6201552 
15188642 
16650886 
28099886 
21565048 
19422141 
14434271 
21010064 
26654985 
29941802 
23049870 
28727525 
34298976 
14170108 
19405407 
19858377 
16067166 
11365442 
14990608 
14422056 
3746171 
15859039 
20066438 
21836409 
18238282 
26544102 
14144022 
22393766 
17349603 
26467669 
26467296 
15169908 
27610779 
14542767 
14860650 
18932935 
18800571 
18076957 
18337683 
20727291 
15378358 
17129687 
17469087 
27618758 
14323769 
21803447 
26898443 
15923445 
24499273 
25848717 
19482771 
17225939 
14669398 
15354859 
25388828 
17977127 
1734381 
20759584 
24771885 
24909624 
16298939 
22579768 
23405725 
22066415 
2662651 
8215672 
1530371 
17243213 
15305831 
10886522 
17479472 
7901202 
15445240 
18630583 
8918032 
5380672 
24695095 
16497753 
20732463 
14111025 
12300322 
22432303 
23823997 
14324102 
23554427 
18536530 
14944007 
16496503 
22735692 
22635915 
17596014 
20419787 
18250327 
19178286 
18722606 
17344451 
22190191 
19380808 
15288003 
18701837 
14048944 
5449422 
14228300 
17837355 
22003014 
12185672 
14621598 
20836348 
15291789 
21864875 
21725408 
19737494 
21750613 
21266648 
19866983 
19707598 
20775845 
21595928 
21116264 
17821070 
18415018 
18933037 
18168823 
19727755 
14660636 
2656681 
17926342 
19819336 
14647570 
19814556 
18823902 
18467164 
18389629 
17978626 
14704715 
16402824 
20963066 
19785284 
20719033 
20920512 
16708308 
15630097 
15114183 
20643470 
19432757 
14380001 
18122862 
20665272 
14345095 
14466843 
20650833 
17352423 
19049350 
18645366 
20016382 
15501042 
16713720 
20409900 
18426128 
14894509 
18575560 
1308181 
6616262 
17791025 
17074922 
17074642 
14856645 
16137054 
9146202 
16945562 
17413222 
17311861 
16593362 
17929653 
16845393 
17477728 
15464264 
16159836 
17256725 
17622233 
1099181 
15480095 
6018612 
15008840 
16871017 
16743245 
17664558 
14445489 
16524264 
15770578 
20422197 
19896448 
16734393 
15867638 
18073937 
5661892 
20343615 
14019992 
16429977 
20314307 
18194818 
18573842 
17038778 
15225356 
16787761 
14164855 
8820652 
16565908 
14763000 
16005225 
18258178 
19828976 
18765372 
14728782 
18659533 
16927095 
17982724 
17900421 
18435465 
16597147 
19871149 
6296992 
18503837 
17542895 
7879972 
15158355 
19512273 
13457722 
16900850 
10240132 
17927769 
9466382 
16861816 
14562275 
7457322 
814293 
16710435 
5511332 
17486676 
1239741 
9554942 
16232940 
16831900 
16433942 
15349495 
17534929 
14124760 
15112623 
16474133 
11906902 
7175972 
12408202 
15433689 
1857101 
762000 
15561794 
616173 
14385654 
17770303 
15465963 
8942862 
17815269 
15010705 
9272862 
14588151 
11426 
10867 
9184222 
17479584 
12072492 
18407624 
16412744 
18363783 
17522143 
17103655 
9091052 
14785887 
15285305 
18515826 
8430672 
9802572 
16579881 
14419313 
16150075 
14266418 
1621271 
19614654 
15341436 
17601250 
14550649 
18350796 
17141943 
19318121 
18168920 
17263275 
17867513 
13494812 
19215375 
14164459 
18267655 
19668742 
14376012 
16819278 
15388495 
14295486 
17850012 
17446887 
18291413 
14313531 
17380377 
15397736 
10329052 
17922536 
13082862 
14334898 
17023358 
696193 
2241221 
16684007 
2737751 
14389031 
14720411 
13206842 
7799412 
11805432 
14687806 
15419707 
14632998 
14415928 
17093617 
14803701 
7490342 
17176391 
774675 
15054733 
10396 
15808502 
785032 
14422993 
15508743 
15981442 
14523801 
13881572 
11522502 
17488225 
6120472 
14774895 
1338681 
16005131 
16010099 
15897364 
14363723 
16061242 
15804503 
15274836 
12672352 
16181186 
16692771 
1702731 
15649399 
1097851 
14874772 
5210841 
6149912 
13322212 
14433007 
16051471 
746323 
7905122 
15821034 
10355572 
3533231 
898491 
14389132 
10419 
804455 
16899075 
16539573 
8071902 
5417132 
14224719 
15991049 
9720292 
7040932 
15600217 
10637242 
18632045 
14971160 
9709572 
16997073 
14685553 
14305589 
13666 
783341 
3202121 
14278962 
760654 
6791192 
15318515 
