262586535 
27457508 
413804901 
534768504 
65709042 
198871402 
20631118 
46873327 
586267648 
28941890 
334603912 
13384292 
43615829 
54400537 
317346932 
43084057 
150585470 
476089982 
228458481 
122463696 
65345953 
23177637 
75198350 
27365141 
209955484 
576617332 
239743788 
136348786 
433386096 
216255006 
363816399 
108181683 
247896762 
166200357 
345353476 
340401915 
260322360 
258003341 
207950065 
128746825 
576715119 
96803248 
70517179 
55837953 
36459796 
21078514 
17967300 
15759863 
60124352 
25574353 
575750280 
85838295 
30566739 
51577175 
26664425 
339920699 
222991605 
187363474 
36880872 
587111023 
485384177 
439300834 
37533282 
359393364 
587365850 
633776171 
607083650 
599354341 
226291624 
209539043 
201570048 
424582277 
570193248 
97246469 
517290766 
84753503 
189274489 
49354953 
587423920 
268788230 
583231185 
484998421 
356948199 
553778211 
40861508 
373443125 
70394575 
337284206 
209708110 
54601825 
585003749 
587431579 
548928663 
374706156 
289235418 
544478592 
17831269 
69316128 
511716221 
587591283 
587515906 
456786907 
587502476 
401938587 
557092857 
38855541 
587551705 
378728763 
568443390 
17290304 
571460855 
587557369 
233546184 
587659650 
517740980 
584280530 
154902918 
268821328 
587688579 
152086029 
587602603 
48855185 
71309114 
587577929 
570001566 
434253536 
587647519 
536619638 
327926087 
587632660 
587006570 
404806953 
298917139 
65405334 
125940910 
573967275 
206723958 
28146333 
587925066 
59186303 
572133482 
75299946 
585459351 
549726731 
471461663 
122357708 
587881660 
550148841 
587963370 
553718603 
464009179 
587914828 
574078359 
587918779 
150940981 
99340528 
587922829 
587933085 
613894031 
587931058 
611411742 
587678662 
519753195 
404068224 
588017484 
587831078 
551340182 
574855951 
43213313 
551166879 
561630485 
156871386 
571842263 
586329610 
573700261 
573510718 
546226664 
588010546 
237853407 
588201150 
588125063 
581627125 
588210894 
588154684 
460857249 
541879497 
76322691 
549915046 
559386482 
586011815 
588255768 
588213565 
588283494 
588263725 
588120035 
151038211 
588314202 
588030468 
418369613 
588338510 
632962188 
106219479 
563245032 
486213922 
351096809 
247062249 
218604096 
587766082 
204377199 
245943161 
123260455 
108801441 
52834797 
37048081 
26391721 
574943457 
39582941 
584535465 
414628868 
176405202 
579944405 
19929059 
223395399 
481189719 
377034781 
627692449 
260658080 
254586291 
551636600 
362373842 
228775066 
226428231 
29002832 
588208140 
602949233 
600761150 
438552683 
351791566 
318453339 
288824692 
217779997 
245556188 
460552847 
49704615 
33235548 
30735774 
18806575 
431841905 
571384067 
555315814 
244276309 
15505858 
7930632 
390442569 
24597804 
582069758 
252807427 
588988935 
327254462 
16119193 
413949863 
435746984 
404796651 
86062573 
469759814 
270433042 
300196893 
42662716 
625334419 
390390801 
568304813 
95453986 
587647060 
553802063 
414504918 
327994508 
354317008 
445925487 
36282338 
453321009 
187893930 
131884782 
39047949 
591280742 
256447618 
575825913 
490685740 
36378018 
356427690 
418144679 
410997530 
589585336 
587266264 
481797334 
587853005 
578174959 
539554055 
252890019 
269487346 
308180607 
524611157 
333459034 
309636260 
550322220 
599351834 
467081656 
29040062 
26231901 
468975002 
220050855 
246186378 
539498207 
78658596 
44221823 
572355975 
224737557 
218014978 
249492930 
543240067 
194901641 
76014402 
273996324 
492524750 
171969393 
552337025 
56546461 
199696125 
297281807 
127963931 
239332468 
104815608 
29496212 
273277413 
64361586 
136909410 
427384215 
26877018 
580679443 
101045581 
15726358 
570175770 
590777524 
197532364 
591004615 
18306507 
415203328 
431947539 
157753223 
148324602 
320555136 
450890390 
282561040 
40195332 
328733956 
581853549 
496275561 
568667127 
573701657 
112976039 
585977621 
591278777 
590322444 
310807981 
323876953 
95975744 
32543994 
165314728 
87900546 
582411638 
278023716 
165059502 
106640771 
344286272 
192291285 
600769188 
350436645 
272058402 
414472563 
436355727 
326135834 
526926943 
159228690 
290785451 
296663833 
24291371 
14724730 
544120968 
193045266 
591402019 
87944395 
402237312 
368543184 
590553436 
592213760 
524467906 
592303784 
276856387 
558181386 
12845072 
592397195 
515195094 
384804727 
182746416 
591955274 
563929736 
27144962 
419351710 
480910668 
609725654 
605135462 
598044625 
592638790 
523074839 
576479720 
299101571 
175200886 
16443343 
139409426 
119776870 
29639288 
391704283 
168803071 
322544720 
125406566 
127793225 
592374417 
334989134 
424432842 
592957880 
551100128 
423791323 
393820895 
49085235 
268267814 
590317628 
356297584 
103084320 
408643672 
68327663 
56532334 
553967313 
593379618 
345566074 
524782996 
216006489 
146544577 
589574369 
572384860 
335924737 
418298062 
249315838 
593142449 
213575601 
325726148 
339832896 
104844946 
317459457 
113958329 
445876384 
232590465 
524330075 
65163726 
558797329 
458608822 
411254953 
529113853 
588500869 
591291522 
156709423 
565162353 
396811602 
417355339 
400945234 
250560090 
367041749 
164153561 
40099808 
355554201 
594149895 
89676512 
48157278 
553724049 
15782573 
593301325 
579872497 
138083535 
586751341 
406967275 
590411623 
573938240 
245479094 
536317405 
479728621 
564185955 
479419126 
475234426 
467960851 
466051186 
591583410 
472964132 
573863892 
448142611 
401952422 
40113735 
253065707 
427627892 
427624491 
419151016 
417981843 
399005867 
353805267 
340616979 
335698665 
334998232 
330613722 
328543022 
324100294 
319014435 
299979099 
292935980 
271826439 
266703752 
259556247 
251345602 
242277509 
227536515 
221509706 
221130225 
220594220 
220240064 
208603674 
202861470 
201653283 
196503271 
194576810 
183368158 
180159966 
178880051 
177653189 
167016477 
593707913 
161744424 
156581630 
150456647 
147691585 
146577126 
145154694 
143002770 
134285626 
132599024 
582024266 
131477570 
128686941 
126370956 
125724967 
125106990 
123739507 
123594810 
123574551 
120833593 
120500929 
119957251 
119457622 
117324527 
117320521 
115583541 
114986216 
113759224 
113143404 
111663270 
110665598 
594590392 
110607077 
109663848 
109292372 
108561169 
107840584 
107041493 
106541909 
104437362 
104152010 
103802768 
103337641 
591990002 
102986097 
102699542 
102484385 
101540585 
101373928 
101208749 
98976484 
24719097 
98719421 
97408294 
97236134 
96738058 
96704464 
96466353 
96104063 
96056986 
95045457 
95024472 
94506589 
94412798 
93883997 
26802098 
93771813 
93640182 
93214789 
93196848 
93017690 
193326864 
92163616 
91445333 
91399870 
91321100 
91273481 
90727114 
90675364 
90489299 
89842851 
89786791 
89688103 
89650666 
88900383 
88625518 
88612782 
88275946 
88063506 
594613726 
87802663 
87728522 
87623620 
87565200 
86565023 
86259218 
86222133 
85271888 
85041406 
84691196 
83591410 
83554047 
83420659 
83084933 
82970208 
82764801 
81885390 
81275666 
80275213 
80261369 
80260076 
80248710 
79033803 
78594584 
78418845 
77818227 
77521005 
77041980 
76704054 
76587136 
76095174 
75676423 
75423676 
75241354 
74657454 
74487922 
74300859 
74127748 
73978243 
73523033 
302024101 
72261336 
72071487 
71909610 
71560126 
71156242 
71094461 
71034778 
70133674 
69352883 
69253985 
68940958 
68829590 
24716475 
68583558 
68545337 
68421956 
67800670 
67708671 
67585869 
67486052 
67270711 
66885487 
66338914 
65670401 
65664083 
65607829 
65130296 
62436985 
62401618 
62400309 
62381980 
62258070 
62219840 
61743666 
60958303 
60526980 
60357246 
59872390 
59766782 
59599462 
59487565 
59323020 
59149142 
59060867 
57981613 
57577275 
57544599 
57441690 
57252108 
22452980 
56583506 
56517626 
56479721 
56377271 
56183075 
55679737 
55563523 
55354690 
55033148 
54978653 
54963729 
54953300 
54918114 
54761856 
54332906 
54282038 
54150713 
53827499 
53710834 
53093249 
52331200 
51665901 
51460094 
51275405 
51101925 
51098854 
50758290 
50715598 
50686972 
49925668 
49919565 
49774991 
49466351 
49110658 
48880756 
48512143 
48480225 
48248846 
48109483 
47656373 
47577848 
47047333 
47046003 
46932324 
46902674 
46872311 
46743975 
46647008 
43000829 
594711817 
42810122 
42579442 
42510698 
403461666 
30916769 
39481897 
39323191 
39223539 
27846560 
39087928 
39014105 
38973486 
38781968 
38761544 
38632512 
38596750 
38533366 
38519670 
38414650 
38221531 
38176894 
38028383 
37898533 
37769960 
37677673 
37589374 
274074642 
37480882 
37344745 
37060085 
36817406 
36618681 
36609126 
36359397 
36170335 
36143826 
36110183 
185723662 
35953284 
35722501 
594263990 
35594760 
35501477 
34951346 
594789766 
34866502 
34808420 
34731934 
34704473 
34659829 
34555155 
34498919 
37127813 
34231398 
34222855 
33955573 
33929984 
33858489 
33846132 
33802207 
33750912 
33581535 
33200847 
33168728 
32942031 
32724079 
32711173 
32476848 
32473056 
32316007 
32109651 
31727805 
31605542 
31515799 
31485022 
31384502 
31250817 
31065775 
31025394 
450124116 
30975988 
30942696 
30827610 
30740164 
30655438 
30554953 
30489733 
30468963 
30459316 
30329657 
30089041 
29967946 
29961036 
581378935 
29923590 
29792078 
29690450 
29447530 
29257030 
29206331 
29151193 
29037148 
29030869 
88375705 
28985407 
28919142 
28801025 
28530036 
28301110 
28064083 
27855318 
27844348 
415151365 
27839471 
27824546 
27815100 
425521984 
27739238 
27731004 
27721286 
27663110 
27535225 
571805154 
27527487 
542693348 
27447288 
27419384 
27405331 
536122840 
27275221 
27197263 
27057694 
26808072 
26790043 
26780162 
26688281 
26639882 
556370763 
26507313 
26503541 
26498317 
26487066 
26460458 
26280901 
26250002 
26112846 
25851452 
25791768 
25776048 
25675240 
25665666 
563351187 
25617930 
19242010 
25616637 
25511937 
25345923 
25340641 
25290300 
592455464 
24973736 
24953609 
24831185 
24827706 
24778076 
24749748 
24594606 
24567309 
24514528 
264861945 
24457628 
24438769 
24404246 
24338179 
24317012 
24310018 
24292935 
24199479 
24179966 
24172936 
33693633 
24169909 
23920383 
23871339 
23855892 
23818756 
23686395 
23563179 
23522345 
556229173 
23503774 
23503646 
23455895 
23442991 
23417685 
23322920 
23294942 
23286683 
23274127 
23212165 
23205778 
23201017 
23021251 
23010245 
525633594 
22958731 
22847256 
22827641 
22802837 
22787256 
22745446 
22707694 
22625301 
22613718 
22508049 
581934264 
22491277 
22490849 
22469004 
22433124 
22425474 
22425334 
22421153 
22386954 
22240814 
22224952 
22197670 
22181999 
22178038 
22177484 
22163093 
22153651 
333030570 
22138930 
22085612 
22077776 
22067358 
22061815 
22059835 
22044149 
21997483 
21902286 
21864875 
21855814 
21850392 
21841034 
21834792 
21800794 
21772277 
21759785 
21736053 
21733220 
21698402 
21694385 
21662472 
21584215 
559944278 
21565239 
21538714 
21530958 
21492997 
21472631 
21466152 
21442873 
21422175 
21416869 
21371654 
21340690 
285996527 
21332986 
21321650 
21190651 
21173432 
21078211 
21054601 
21021444 
21018267 
21005193 
20973529 
20952923 
20797433 
20782644 
310319545 
20742864 
20729487 
20711204 
20702966 
20698426 
107201633 
20683716 
20615786 
20528588 
20515486 
20491278 
20435540 
20395022 
20377679 
20284092 
20259884 
20250269 
20236092 
20224155 
20166620 
20165149 
20156727 
20122513 
322635770 
20109569 
20053279 
20041673 
20014243 
19912933 
19880476 
19852322 
19773520 
19719170 
19681856 
62797412 
19680887 
19675600 
19624861 
19543298 
19542123 
19525002 
19498458 
19487056 
19478859 
19428691 
19405378 
19400552 
19376331 
19279367 
19278467 
19215065 
19177442 
19112365 
265572197 
19085064 
18880335 
18870199 
18788355 
18760503 
18705172 
595450797 
18689010 
18686072 
18635345 
196678109 
18610804 
18589997 
18563349 
18511686 
18468973 
18461503 
18399377 
18373967 
115861747 
18354320 
18329946 
18274490 
18233776 
18207458 
18202011 
17997564 
17986973 
17981241 
17958545 
17900320 
17898249 
17867077 
17763726 
17642650 
17624120 
17543012 
17516148 
17493105 
17474695 
17453018 
593271232 
17399036 
17390169 
17375661 
17351447 
17282277 
17225159 
17204323 
17180964 
581185540 
17171395 
17123884 
17109150 
17074310 
76770622 
17042041 
595505907 
16966429 
14078911 
16901974 
16788199 
16738465 
16676296 
16669809 
16631557 
16583629 
16520638 
16477086 
16318824 
16297372 
16219881 
16020102 
15969057 
15923445 
574309947 
237874990 
15893886 
585180786 
15891603 
15844626 
15836881 
15831715 
15807752 
15779010 
15709560 
15707339 
187949206 
15676819 
15663648 
576889986 
15518629 
15514019 
15504485 
15452859 
15445377 
15401887 
15343686 
15292434 
15016942 
15012699 
15006658 
14990120 
14941883 
14925761 
14921917 
14741690 
14595628 
14513471 
14502632 
14464277 
585046429 
14455467 
14450494 
14389338 
14361884 
14267596 
14245505 
14098401 
341544034 
13919162 
13826492 
501645324 
11465982 
10870512 
9860432 
9834442 
9473532 
9010132 
7900452 
7868232 
6214672 
3849391 
3449401 
3247661 
77753 
19357267 
540362963 
86203842 
46863592 
43098520 
334607815 
80754316 
227097854 
309670029 
102026986 
105094673 
63331566 
44199248 
48289529 
76320473 
21598830 
74596753 
66484333 
46929478 
27933511 
34670796 
25736539 
85712047 
70192862 
18029498 
16689061 
15745139 
19945621 
17345595 
71567287 
83595402 
16228699 
11155742 
42507734 
21331977 
47621373 
14288167 
22538866 
15843074 
51439361 
30755241 
54114840 
17746589 
17086594 
26023304 
45222578 
14551418 
28206440 
44746632 
15989474 
23327640 
10779802 
24923503 
52473882 
32837851 
44458044 
19892971 
54010003 
52825202 
53920616 
21581477 
21555383 
47104981 
40946503 
30711587 
43017370 
20615946 
16971411 
38275093 
51657973 
51658379 
51658176 
42784334 
51750662 
51750595 
51747857 
51752165 
51752532 
51734722 
49830553 
51754443 
51754216 
51750391 
51748226 
51755338 
51738152 
51756960 
51757427 
51757298 
51757943 
51756402 
22862470 
16522902 
26164442 
24732426 
45546140 
45700086 
45737208 
20260341 
49081330 
49049968 
24863272 
41585958 
14954259 
24209447 
22295036 
31232634 
42513646 
30402143 
40656468 
48834456 
17572148 
12397052 
29333152 
17486092 
21575734 
29839316 
16872524 
45914890 
28502838 
24726858 
46905907 
18983594 
46698814 
21860506 
48175286 
49855495 
29853888 
16587571 
33869618 
49965488 
27014464 
19122428 
34374807 
21357741 
46720988 
46734259 
48733471 
50187269 
23550496 
17339362 
42095659 
15791959 
50489294 
40572284 
50450584 
18670197 
48003580 
22834486 
18560009 
50036978 
16721203 
50087522 
25333980 
38523784 
50009091 
47933760 
29458485 
28067374 
25014052 
17626979 
39141940 
18354555 
40056301 
20012756 
50747838 
17612831 
48078809 
48927522 
37277001 
19679498 
29520234 
16280549 
19720440 
35411548 
35155081 
32863840 
15159617 
16657676 
37456455 
22631855 
40124955 
16304357 
23830865 
40922231 
29289484 
26028756 
18815605 
22931112 
17709726 
25699195 
24690567 
44186823 
28632164 
44783932 
24910705 
43867704 
37507380 
32474416 
43790398 
33396349 
44446006 
30007076 
27126188 
44795157 
46067099 
35848957 
19955575 
30949408 
47707511 
42206570 
19361862 
39564064 
46244835 
48103544 
45975656 
14875356 
23475171 
43025390 
18888490 
27753611 
20578103 
42660547 
33700365 
50007365 
49782701 
37478306 
18804016 
22099529 
45732187 
15813862 
16873107 
21506330 
40152655 
15259909 
41567845 
45056697 
44236119 
47178681 
27259607 
43860509 
25283620 
46417585 
43916415 
47386029 
14099585 
38134982 
46846499 
46846743 
46846725 
46100288 
27573097 
46847532 
46848448 
46848813 
46849085 
34148681 
44421092 
46433024 
46850957 
40655026 
44498656 
46852026 
46852938 
46853184 
46667129 
46230122 
24635870 
46845873 
43943066 
44135542 
46854910 
46855102 
46855402 
46857031 
45262444 
46859888 
40443412 
46593591 
46675277 
46862241 
46861759 
46862827 
45860999 
46341533 
46852489 
22368499 
34500693 
46867621 
23128690 
46870677 
46878058 
46871025 
46873926 
45813119 
46876395 
46460293 
46873531 
18794401 
46879290 
46879417 
35118613 
14076320 
43348039 
41040837 
14748513 
17428756 
24993119 
14363275 
25371301 
11861992 
17957657 
25685089 
41541711 
20658751 
19390673 
30930208 
39868645 
29309140 
41761820 
16103650 
34887221 
33958381 
19987754 
39523765 
20293812 
16257080 
42063713 
21541732 
39124453 
15924333 
25215820 
39182090 
34648934 
16830544 
42352910 
42686758 
17561322 
41233349 
39323119 
42739169 
26600296 
22096789 
28270903 
16221521 
41972172 
28125633 
25707855 
41825654 
24914059 
14370811 
37387643 
28266173 
41822078 
39147334 
16265566 
31177069 
40615031 
19110939 
40807063 
40212256 
14401882 
36700241 
17324629 
21185264 
43342241 
41062960 
17348887 
24153347 
14729232 
41621249 
27311957 
43421406 
17835612 
43107196 
43104456 
42765804 
43083771 
43086476 
43086459 
22665657 
32841350 
26591020 
32845460 
43091559 
43092762 
42881300 
39563680 
41919185 
43097610 
43098250 
43099099 
43099229 
43099454 
43099936 
43100535 
42361044 
43074128 
43101440 
30371376 
19728555 
24742009 
43100690 
43099731 
42942227 
30024113 
42822989 
43104688 
43105452 
43106642 
43105032 
22136340 
43108785 
43108444 
25844804 
43112163 
24731150 
13044582 
43113915 
36642629 
43115684 
43115504 
43095402 
15791043 
19411206 
40373200 
43116968 
16574095 
21051430 
36086756 
13253992 
19885462 
24901614 
34691067 
20959144 
16895897 
38873453 
23838397 
28588571 
40171897 
13750622 
34389872 
37916994 
23822849 
37244927 
17772796 
14312127 
36498338 
41768487 
26344731 
41971005 
41400180 
41102490 
21776768 
21837533 
17971670 
26583329 
40842010 
26506953 
20475568 
28234841 
14131109 
23300429 
25975351 
29654855 
28607281 
14378029 
18560698 
16164050 
17908795 
17445295 
18548225 
12897812 
17519486 
16075828 
16958993 
16033511 
18123776 
5434242 
15844981 
17483701 
14265755 
14097405 
5974052 
17276635 
15749522 
16503449 
20279499 
20028952 
14997276 
15910121 
20627607 
9384202 
9951012 
16248688 
20159474 
20262919 
15475578 
19120670 
20748381 
17573534 
16201510 
15768568 
14849633 
19984208 
15049006 
19107884 
19721105 
19412060 
18188048 
15786114 
23309265 
23184838 
16877555 
24003077 
19914326 
23243600 
15859039 
18096035 
23644679 
9111202 
28422502 
18890759 
29478554 
30161075 
15642618 
14960112 
20453073 
14714241 
25351644 
33724648 
18258063 
15839650 
15546166 
39500229 
14068771 
13499362 
31080602 
32763871 
40065317 
39865086 
40325221 
26840193 
17392226 
37833915 
39795506 
27522904 
36068995 
15353711 
18807255 
34431060 
18536826 
40906196 
17903441 
25580623 
18223058 
817283 
27837978 
39737838 
35943494 
39739744 
38207234 
39740813 
39740165 
39316707 
39712766 
39471510 
39742334 
14516048 
25838824 
19387365 
19090054 
20846034 
14379009 
35880783 
19281110 
27221902 
36538284 
18913260 
28521697 
19700385 
20505475 
19807140 
20219377 
15109417 
19636478 
18580760 
35163280 
15556215 
19283134 
30739708 
21319306 
29914455 
37015993 
15158464 
16391487 
21809371 
38607995 
18307491 
15636955 
39054185 
19903830 
14597965 
36566974 
19277482 
26388811 
18584236 
23563814 
14914920 
22295736 
18396761 
20563800 
8065062 
16823914 
17698874 
36731973 
15380207 
21456730 
24805644 
18080775 
28647282 
27681644 
30884225 
29913276 
37356021 
32383067 
16341373 
37548683 
31345485 
26466994 
36324527 
37631213 
29203792 
18995454 
35131869 
23645182 
19313715 
15775141 
36460367 
29697302 
29852226 
37600549 
24005085 
20487685 
27898817 
14723042 
28167788 
22950668 
34257825 
35716325 
18223865 
30079943 
14946838 
37422977 
31867264 
18413034 
24523326 
18185124 
38773255 
20681030 
38818434 
36163953 
32544942 
38933045 
20559263 
16190847 
14857664 
25019726 
16358939 
24200440 
15060865 
12811952 
17735639 
24798874 
20865730 
28819529 
16212145 
18217624 
27673539 
28128252 
16967462 
19713312 
30970821 
22380589 
26755679 
26502641 
14994724 
31235590 
16364237 
21492004 
29252890 
20730858 
20348462 
21695905 
17664394 
23380645 
34845697 
20779767 
30258962 
14454711 
15782216 
16296575 
21379201 
28635395 
13719342 
38410960 
28987064 
23328107 
22547149 
22100007 
38238119 
37048271 
38303684 
18825781 
19250489 
22445807 
29136232 
14307781 
20326761 
10272552 
21556083 
25011168 
15902475 
19671555 
12933522 
18600489 
21001378 
13705932 
31006102 
30155849 
32631572 
34793510 
15971214 
17554361 
16308231 
18559445 
14440800 
15573322 
16825635 
18242342 
16575471 
22975823 
18719064 
33583051 
25064122 
28715264 
23038423 
21912854 
29128870 
14748492 
32262021 
20813416 
19279066 
24188328 
15741907 
30233805 
22033865 
19154824 
14914938 
21800690 
16329648 
28329051 
27136281 
26020300 
16301697 
27565615 
28514192 
25640830 
22224053 
18238282 
26491576 
14498685 
21980131 
29098061 
15138778 
15962521 
24890438 
25648733 
27797382 
18087450 
24767206 
14971859 
27975883 
13301812 
27995382 
24909927 
28084678 
23947750 
26154670 
22791897 
23624512 
17468121 
17900939 
19660652 
20643470 
18209384 
21781815 
9834992 
23034321 
22603151 
19336060 
19789308 
22294299 
15575900 
24287756 
15701103 
17033139 
24433422 
17453148 
15011415 
16723527 
19950036 
18741555 
21342037 
15703205 
24247184 
18825821 
17570941 
24403684 
23606552 
16253311 
17796178 
15800720 
17225592 
21306084 
24547631 
24448500 
21655380 
20052386 
21229912 
15540985 
24425922 
15863501 
19802053 
24866317 
21465863 
18316987 
24941871 
21885206 
20860987 
17317033 
23683062 
24572071 
19628314 
23757989 
20445121 
25027601 
23162009 
24901843 
17448361 
19215046 
19679945 
18500764 
24348402 
14457170 
19870300 
19035998 
17955892 
25251653 
24915891 
18351315 
18953802 
20520465 
21948339 
25417573 
15585369 
24790474 
25440885 
23724047 
22956747 
16268871 
14783359 
24402185 
17476258 
16355627 
17474940 
18229065 
17287553 
17141921 
25616852 
19611658 
20994791 
18542825 
19036193 
20015601 
16413734 
25745470 
23215510 
21982807 
25709105 
25257792 
23637471 
24140527 
17600956 
25731790 
17280436 
21979886 
20807805 
25899055 
17183026 
25043954 
24879804 
24467631 
25382652 
25917989 
24733644 
24682506 
20550897 
8904682 
20660089 
26289133 
26263473 
20443656 
15227119 
26347886 
25639323 
15309159 
17490078 
26545215 
26555962 
26556414 
24276026 
16336374 
23866807 
20261969 
20026520 
26680111 
19007142 
22231142 
14746905 
23897387 
15454838 
20195779 
26503863 
16980406 
25944315 
21157181 
24039496 
26923468 
21172235 
20780614 
15401574 
24870221 
17833138 
26144563 
24232200 
17163029 
26840103 
26794375 
27056931 
19919111 
25634087 
26734203 
27049580 
17525291 
15077024 
25737016 
26949687 
27192185 
16703058 
23472018 
20546126 
18086224 
17980345 
18253462 
20057082 
14326998 
17104492 
14403368 
22636585 
14154581 
17500984 
22068167 
22739311 
16311661 
18575660 
15438100 
12504732 
674433 
22114874 
18797033 
18256470 
22413297 
16156645 
22389894 
15225133 
18045764 
10667882 
18430566 
17375594 
21006771 
16109012 
18932164 
18501217 
12185672 
21199633 
21333469 
18390117 
23076684 
20652755 
18546937 
5380672 
17262936 
5449422 
22752092 
17664752 
22262000 
16610744 
13996412 
14356106 
23142598 
17964225 
21464543 
20559948 
20512795 
21085410 
15794195 
17352423 
14376012 
22485028 
19856230 
21412438 
18133259 
7490342 
17171293 
19755825 
16687035 
21318161 
16565908 
22358680 
19808395 
16636702 
21739588 
23085702 
14359747 
18426725 
17026091 
21721435 
22863854 
17381266 
15732153 
18257060 
22443814 
22210601 
23148758 
22346698 
22352936 
20943613 
19948753 
19912362 
22575838 
20649081 
18463117 
15994163 
22441611 
22610950 
19764684 
15766263 
616173 
21730103 
15131310 
20781477 
16901452 
19100459 
21136423 
19511386 
15497150 
22022416 
20720626 
5511332 
18138090 
21815950 
19242232 
23129156 
18191676 
18531618 
23456493 
17205970 
15244220 
18487518 
21274001 
17849197 
20274403 
14792617 
11340982 
17980871 
22993326 
16610761 
21174382 
16841186 
9985802 
23484507 
21836409 
14820608 
18820935 
15285305 
20511841 
18502088 
21682094 
19133314 
14727152 
22488013 
20820467 
18433757 
18393421 
23630372 
16814727 
17937327 
18269284 
21126136 
22680144 
22264503 
17931915 
22706224 
14380258 
16497424 
17950779 
20422197 
21099452 
1464881 
23807335 
4192041 
23703263 
16038571 
21843108 
17412902 
18636238 
15156339 
20472285 
18430964 
14870085 
17724815 
23854995 
19396937 
14994465 
22850347 
18628080 
17894233 
16931666 
14019992 
20692430 
15393804 
20608296 
23812310 
23792185 
17856422 
22489120 
16259295 
20790879 
15143725 
22685031 
17578429 
23011382 
17496539 
20345991 
18261625 
14432003 
16358038 
16867790 
18704607 
21056991 
24010927 
15591917 
17555668 
2334861 
8750522 
20280859 
20191641 
17959306 
17561376 
16659024 
17417243 
20387292 
19877402 
14687536 
17572741 
19038961 
18361351 
10162712 
13364182 
20518320 
19550573 
20456508 
15233190 
20526816 
19692112 
20191844 
19140197 
9909452 
20530306 
20227777 
14471413 
15580940 
14855629 
20672267 
20789305 
15811581 
8610562 
20809660 
14308558 
15201936 
20982773 
16345878 
18237572 
20922977 
20112665 
19735916 
17952505 
19371506 
19596276 
20051571 
17399025 
19407848 
18906410 
21289348 
20671846 
21321787 
20866214 
18538039 
15991255 
19114345 
16845554 
21444289 
21282725 
21410977 
21511728 
21564056 
21569931 
19506615 
21260824 
21100989 
13673062 
19350214 
21594964 
20062306 
20780444 
20676020 
9181822 
18635633 
17721338 
19919195 
21755121 
19010866 
21801659 
16162130 
21404596 
19912468 
22062002 
19341327 
22092819 
21992355 
22126319 
22068838 
19500514 
20810380 
14690589 
21974650 
18601993 
20997885 
15263521 
21693222 
20397668 
22320657 
22464153 
22480059 
18389465 
17855525 
18545299 
18763487 
16738384 
18992207 
15325496 
18515933 
14446993 
7461182 
15301640 
18272885 
18912896 
6754922 
14475771 
3549541 
7166852 
5692662 
21827478 
9274492 
15844906 
18774342 
20626775 
2970621 
17423872 
21740378 
3901441 
772713 
20047474 
16015937 
17511361 
15659248 
16604036 
14063155 
15664977 
20560027 
20086787 
14277455 
15129070 
17581955 
20348754 
20222944 
20747797 
7831282 
16966958 
21112483 
20284516 
16081309 
20508557 
17202911 
16377046 
18802640 
19004364 
19412495 
16109292 
16332602 
19737457 
1742561 
18248356 
15853529 
15195088 
13315 
21321285 
16527415 
14405162 
15218854 
19252455 
18157420 
16280403 
21778967 
14693596 
15808871 
18694101 
19244912 
20648258 
14301756 
20998946 
16445521 
20011406 
14863133 
17106196 
20257941 
16337319 
21877057 
20328437 
19969610 
15791117 
17024651 
19691132 
19727755 
14851224 
14628132 
16174187 
14602818 
20129843 
18393878 
19721130 
14407702 
7548782 
20931560 
16156663 
14936051 
15702615 
19822329 
21373153 
15420340 
16297488 
21350777 
9132272 
16296592 
14863782 
16185801 
14993484 
15554042 
20589435 
10418982 
19728877 
19460840 
20704866 
8884012 
16621138 
15502851 
19026360 
16440437 
19581488 
16380235 
20308624 
20820728 
20710417 
20359785 
21736027 
20859431 
18567018 
13406032 
21354401 
18464725 
21801915 
21557879 
15081807 
15670946 
15129588 
15258794 
14413014 
14242102 
20569407 
15461548 
2261411 
16454438 
5930082 
17836707 
15781511 
20456958 
14615251 
15825444 
19405771 
15300335 
16424736 
16401923 
16655044 
12762432 
19029252 
15156454 
17935397 
15484266 
18153843 
18582213 
2674671 
62883 
13837292 
17535136 
18959152 
7455242 
17147539 
15354840 
15667607 
12599312 
21043474 
14669398 
21967295 
15268732 
18148632 
17025223 
16746457 
14334413 
21902838 
21913249 
14400041 
652903 
20079662 
18008101 
21344733 
11465872 
21873894 
16397758 
19732761 
16843996 
22002592 
12304552 
15936786 
18828617 
18062816 
20243083 
21782926 
18056195 
20806868 
20766471 
14362144 
14300040 
21666418 
15859942 
20343029 
20547021 
18909248 
15953821 
15299259 
20329569 
14993241 
10369412 
16547951 
18836270 
14089573 
22050792 
16677188 
18217742 
15024494 
18747886 
15708872 
19975425 
19649773 
16709622 
16419153 
20212855 
18496265 
16182427 
20112717 
16904562 
873691 
17702430 
17415220 
21444975 
10867 
16724548 
19264278 
19511348 
17361670 
16359782 
21583405 
19849517 
17826289 
14436218 
20348411 
20878372 
7296492 
7490732 
17165985 
21451227 
18326458 
20331809 
2106161 
15197428 
12808382 
11386432 
14380020 
18127548 
14269760 
20241025 
11960592 
20563860 
14061165 
16667077 
16550401 
20595412 
7901202 
21132950 
21615282 
20856257 
18177565 
15594481 
12833022 
21849425 
20859543 
15981419 
17273391 
21404994 
19239975 
8407962 
16722645 
17365559 
21281890 
6307852 
15033016 
21683864 
20647876 
18420535 
19671593 
14457021 
17377810 
17227600 
17942579 
17207729 
17031304 
17769672 
13413082 
17791486 
16246706 
16717064 
14689384 
18996427 
18519954 
21993071 
14626225 
7307182 
21986454 
17368555 
21046396 
21766686 
18582111 
824072 
21733345 
15092428 
21760231 
16741352 
15450681 
20455708 
19660389 
20725246 
20115923 
17976690 
17401255 
20920347 
21055843 
15811800 
22171459 
14265216 
16404741 
22073961 
19919660 
15872689 
15917315 
12730822 
21446654 
16876339 
17613657 
984431 
21377231 
22193646 
7895652 
10623942 
19680314 
19029672 
20923015 
21722367 
22209721 
15859850 
18500871 
18955517 
15681992 
17349537 
5820022 
21619483 
15309624 
20312511 
21321141 
21547041 
20451694 
5554222 
18086475 
14913646 
19568125 
14104316 
16273140 
19634853 
18324416 
19742628 
16023965 
22215470 
22117877 
22032414 
16597702 
6397452 
20942621 
18211509 
19945488 
22004345 
15853272 
20882703 
20656780 
19059809 
20871504 
21552592 
22216257 
14627260 
16955712 
15858482 
21610989 
1458001 
16404939 
21086432 
14948299 
5550862 
16916996 
19311676 
19418532 
18770554 
21498144 
22211387 
19842959 
14378241 
15779252 
16412744 
16380563 
15489316 
16382896 
14125258 
14355172 
15496777 
12159262 
17355645 
17593279 
17781044 
17826358 
8322152 
16698800 
18011213 
9707972 
16297082 
15434457 
16833346 
17813266 
15321058 
18272150 
18241777 
14370358 
18102660 
14181404 
17270668 
15866876 
10310632 
16877100 
14752057 
14188518 
15326881 
17498901 
7192292 
15356100 
19183670 
19479725 
15395545 
18856603 
17487076 
14086309 
17368670 
17675707 
20530831 
19851187 
20542011 
20485536 
20244054 
16588845 
20805984 
14137268 
18420115 
16505767 
17146147 
15796528 
18231946 
17259828 
18587048 
21663069 
20074348 
21733168 
16670354 
14539583 
19001646 
15674870 
17715562 
9610032 
15474142 
15998219 
15484532 
21642724 
11928242 
21555704 
20682868 
16977635 
15247304 
14253412 
15197683 
21438886 
14484153 
15802217 
15151658 
17796755 
18779656 
18948682 
16583999 
16615898 
20815721 
9117082 
16613398 
17420262 
15670174 
18388829 
18620441 
15281700 
6224272 
17517119 
11672342 
21646635 
21666147 
20815039 
18362720 
19152161 
14518714 
17146780 
14645490 
20852044 
3203731 
11409342 
15619025 
15673568 
19953105 
21802392 
18465879 
11859822 
17742054 
22075399 
15102328 
1184601 
20283026 
818429 
21069774 
20287368 
22086268 
20412224 
21182999 
22017380 
20866964 
20481394 
15604385 
19411265 
16954857 
20540184 
7226972 
17260920 
14221345 
18617554 
18815187 
17269083 
767443 
20066438 
16959323 
14372059 
17945904 
22080569 
14434085 
8726642 
19969918 
19922785 
15432743 
14302837 
18921376 
21281699 
19806765 
19692758 
19062126 
18292227 
14649625 
20491874 
14081798 
18229440 
21301570 
18568674 
15990655 
18731501 
20666474 
2228861 
20709970 
18278417 
20738709 
17890686 
20847791 
17970953 
15346319 
17902885 
20475738 
19612243 
18712061 
21321091 
14811181 
20283777 
19378160 
21552468 
19213562 
18483905 
15666758 
14750135 
16735660 
21272492 
18036424 
17814453 
14690817 
18351863 
15318004 
18525704 
17628475 
15110255 
7791872 
15267917 
9263952 
15109143 
6432862 
1344911 
21795512 
19900035 
14933915 
6349102 
14523988 
21961312 
18536530 
18810655 
18019053 
14724142 
16957615 
16350695 
20752998 
19733819 
19782025 
15902301 
20815866 
15327641 
18800979 
17475781 
20033253 
18063057 
19140610 
1335641 
11744492 
14615567 
20563608 
16284107 
6996832 
20961052 
16802736 
18131703 
12712322 
22126055 
15008403 
17946864 
17902343 
18390673 
15353814 
17157043 
18790386 
15468812 
21484603 
20784352 
17270543 
17499750 
17789501 
16158450 
17235918 
9720292 
743763 
813286 
17400916 
15724505 
12402972 
16687370 
10355572 
15923162 
7040932 
8071902 
16373120 
15483800 
3946281 
15450050 
16372808 
17289105 
14174410 
17476448 
5007151 
17377465 
15568612 
16470926 
17186476 
759729 
16161982 
9381372 
16026253 
14083276 
15145732 
17315019 
17805324 
17929892 
15790717 
18318519 
17535991 
16333360 
16648380 
18519868 
18908861 
14953679 
15182343 
14711282 
16441584 
12772482 
804455 
16413061 
16899075 
14389132 
14550649 
11805432 
7779602 
12415682 
17801505 
15970799 
15754891 
16150075 
18531735 
5392522 
19304887 
14365789 
15508743 
15360796 
14454302 
2662651 
16710435 
16520384 
15165715 
15600217 
16181186 
15274836 
17927830 
6120472 
8769212 
15433144 
16819278 
14728782 
17527466 
16626691 
18993251 
18722440 
19409093 
12014132 
18561151 
18973863 
12144232 
17579658 
16391466 
10822452 
11098562 
15734464 
15976938 
5210841 
3924841 
16861816 
16512432 
5656402 
17203318 
15035754 
15704958 
18362376 
19168971 
18862560 
18323933 
14363723 
17242874 
16961346 
18131401 
18953784 
17608602 
18834779 
15816167 
15866947 
18186093 
14263193 
17926342 
9802572 
15434757 
898491 
18265163 
13206842 
18085410 
17782474 
14647570 
18176480 
10168082 
16346880 
14326938 
2704951 
13082862 
17300270 
16456617 
16885619 
13881572 
19366211 
15894302 
14620975 
14719455 
16392266 
16164520 
4898501 
13494812 
16999297 
15397736 
1035491 
17519157 
15959560 
16010756 
15597393 
14380001 
15013508 
14803701 
8544762 
18894049 
19635110 
1530371 
15276785 
10336042 
16454410 
8596022 
10156532 
18160766 
17149216 
14282672 
13976432 
16879135 
17344451 
14279357 
15474874 
18808745 
15998474 
18911813 
14223020 
18924785 
16867126 
17716312 
18760596 
19210390 
10222862 
15756049 
15951964 
9129082 
18625274 
15731049 
4278201 
18178581 
14311334 
14118444 
14345095 
16514291 
15278825 
15171605 
18168920 
14480402 
14301386 
15927455 
16233111 
18118021 
14467906 
14802766 
14349483 
16674441 
16481781 
4276531 
6382062 
785032 
5888052 
18628887 
15246383 
15258318 
17595191 
18806270 
16319771 
17068576 
19463326 
14714111 
8795772 
19614296 
18686385 
14800352 
15571529 
19579076 
12773112 
16263818 
19472192 
18524255 
14277692 
15945926 
17490317 
15606304 
16609924 
12582472 
7799412 
15704639 
17868741 
17868723 
14670022 
17378892 
17894169 
18179696 
17563977 
17688207 
14479801 
18040924 
18256481 
18650099 
16741915 
16069149 
15788154 
12952842 
19115306 
14095760 
18083513 
16061242 
15867638 
18224827 
20312499 
17927769 
20076616 
19039844 
9890492 
17565148 
14240549 
12987492 
18846335 
19746846 
20322914 
18257163 
17909213 
15643243 
20100674 
14220256 
20310224 
16388972 
14441010 
15554127 
12726012 
17479472 
19959006 
18413221 
17837688 
18467164 
16108468 
15821034 
21156124 
20523495 
19520239 
21374379 
20988029 
17846720 
21499152 
20869509 
21522389 
15806133 
21181472 
20192394 
15010101 
14378419 
17552555 
18277078 
18598931 
