200243108 
37401501 
326947910 
19340886 
381186846 
23382395 
58189192 
2325653996 
18855108 
14836951 
182974543 
205705759 
79400239 
17705617 
734930461 
42677600 
24155760 
36447796 
18173899 
76045929 
17088517 
24074127 
50294028 
31423815 
42980370 
1559836782 
15312928 
557775440 
236756008 
41491375 
236344616 
21785917 
21110356 
230812695 
91455527 
48398068 
15572948 
65555885 
1930704612 
14269152 
21662638 
683113 
112440646 
10876852 
27553316 
2132641 
29600990 
23356457 
227188772 
15267125 
19238948 
238559975 
14377870 
394853502 
18217802 
9737032 
831732668 
330684918 
5877292 
60684733 
540251449 
25204382 
178644738 
819143972 
389218310 
15221397 
14213600 
1512051 
21503489 
19306199 
467903249 
27591866 
187594795 
271158000 
27870530 
2223611 
33523602 
26607085 
25789076 
65411830 
268895913 
802129159 
237173828 
190292949 
302361317 
15471245 
146043845 
52748391 
11099982 
754485 
21249297 
785133 
11388132 
19725644 
14847079 
15224867 
77202958 
44196397 
213722368 
16439422 
14322552 
14214965 
58173421 
178071339 
48584079 
16863290 
17741266 
16863209 
112052720 
19683105 
17749199 
33792310 
15830003 
16338641 
253184939 
19468303 
384438653 
35997321 
356612615 
1222751 
18697326 
55539867 
478847666 
98936882 
15749983 
23581653 
48553046 
92284094 
74213437 
267559841 
200257463 
84704014 
66617479 
307920282 
146765953 
65196561 
30810222 
183260783 
171428665 
41752051 
163439769 
78089252 
29977436 
58769232 
31527350 
51761412 
14244461 
809623 
6424562 
14380324 
14162990 
647633 
17631672 
7301572 
22387220 
51497946 
63831516 
14377435 
216480110 
27939638 
241151152 
372548499 
14287199 
23209733 
14659413 
5666492 
82243 
18058741 
19712106 
15635812 
262875169 
16015009 
16013284 
323228464 
13195972 
308513258 
53221356 
287916607 
11342622 
23637302 
5697232 
34684077 
824157 
224741372 
814253 
2144251 
4048421 
202777395 
15554080 
896221 
19575406 
132607457 
16566306 
19310851 
16494284 
42480399 
14234382 
24281031 
144850785 
14208465 
11818292 
18501214 
18026813 
18486446 
18037154 
83261311 
763699 
14475582 
179363830 
43553 
94402561 
14137885 
14606618 
211139312 
11344912 
35383 
1489391 
15211440 
268381487 
16741381 
18327902 
84250917 
37752366 
21983925 
12956682 
18083070 
8821592 
1033521 
15194125 
6595682 
6141132 
808627 
9534522 
5746452 
626433 
675163 
84648166 
62316970 
16082893 
7934672 
40754679 
44462693 
1501471 
36328929 
817386 
6070762 
18055633 
170004320 
2317861 
24893115 
22057772 
816653 
13348 
989 
17933886 
20655125 
59691151 
14837699 
45867497 
18258457 
36449345 
21718475 
14459610 
14823994 
42651205 
41262961 
19498317 
31054782 
21454987 
38228410 
34955940 
26493362 
12488682 
14399558 
19710204 
