21755787 
18237848 
22809165 
293361838 
1078772996 
16475066 
349455037 
815562504 
295880020 
117202119 
534003539 
130564904 
2429814356 
17652336 
437525723 
1609079604 
1260045042 
37207550 
46987386 
331194928 
12648002 
127564203 
53943071 
2180565864 
1606754779 
1732544514 
231100697 
1281080323 
1886645017 
24505189 
14981648 
48512977 
28527753 
48063236 
201568522 
39293188 
21810286 
27257191 
614411039 
390017626 
133842042 
312397083 
242348245 
11606092 
2341014780 
333388443 
165929738 
54927026 
1177694941 
385685887 
1219569170 
1315031714 
142567983 
36336444 
624802029 
538455311 
1568977328 
164696012 
40756507 
502592058 
369036140 
17026655 
488091638 
1108171146 
2515206686 
49420412 
325897112 
1546034402 
14178425 
83547995 
1107474679 
481316886 
204568568 
1488257796 
14197268 
57457450 
301579658 
624151548 
388875666 
44406486 
2440732092 
37734012 
18434717 
330319621 
263649117 
137861237 
871785216 
2366558396 
323056070 
81372317 
160573244 
2338456862 
2390297748 
121329890 
188516302 
20902819 
64779052 
1358435574 
578216597 
18914814 
110456235 
142353695 
963749029 
166853901 
69447944 
1883951060 
132889204 
18587457 
131497030 
34960648 
576329110 
52759468 
352586653 
389588841 
133438613 
129213915 
15272623 
84597815 
143149420 
19694764 
118930963 
242150428 
22278618 
19309716 
276322412 
18052579 
532317940 
487807693 
24251166 
46037456 
6616232 
14561992 
16364357 
61306578 
20609518 
67548410 
536598365 
47305686 
24415700 
316579326 
212684247 
46865208 
46752748 
202805021 
442633353 
25533774 
593448258 
163548137 
18825961 
191873720 
24952281 
16435969 
304856319 
239237520 
25447808 
17055488 
22748403 
19532745 
19663706 
36443774 
14803917 
601812211 
129526938 
14455594 
23825041 
314059523 
23811461 
107639385 
110763802 
54653456 
15718716 
19988714 
1198071 
169783947 
85262682 
16303106 
44360987 
39832997 
102409502 
122046636 
19941219 
34543866 
20213322 
83316684 
28944428 
106586768 
16435503 
38483780 
17102716 
120949693 
20252085 
21543254 
95032694 
38094387 
22703574 
121799617 
64554647 
68529271 
24044209 
47886977 
84182131 
30879631 
84434322 
85999247 
41255552 
23153471 
17012332 
55184074 
15831372 
16578079 
27044531 
22728207 
39989606 
25030259 
19569939 
106761113 
97476625 
126074825 
19754879 
2705231 
19153495 
64460616 
65467258 
14325188 
28167861 
20059059 
7871702 
14781661 
20436519 
57026817 
10363272 
24963751 
15569504 
19740579 
17070128 
84459071 
16518056 
20887010 
42957979 
14180138 
16302090 
39795570 
27403431 
14946147 
28472104 
69443780 
18392092 
19608297 
17928503 
29613707 
14294607 
14781488 
6480682 
22412376 
19157122 
19149712 
38815721 
72593729 
50003987 
71750537 
25484193 
18812659 
79802267 
79834419 
50795949 
34554134 
22803193 
18887847 
11522502 
18316354 
15935035 
28253016 
15689431 
20473811 
14177942 
23033582 
16875176 
51285915 
51103302 
38515613 
18323750 
13982522 
15029885 
856741 
65893731 
70320116 
44119612 
15069032 
17133516 
68211016 
21403871 
18002780 
34005896 
58594518 
74190721 
16501244 
39895863 
9687052 
72992484 
78696110 
19155581 
14693823 
15021767 
15021794 
15021775 
13658842 
15633071 
15165502 
15021845 
15109436 
16958703 
15078840 
15461733 
15473958 
67373378 
40534769 
14723397 
3130971 
19308428 
22896946 
13214382 
23545292 
19698390 
18589146 
38793455 
15923429 
24051956 
42025375 
44782201 
28505192 
16746994 
15776445 
73415148 
7180122 
74170535 
1269 
15954190 
36875274 
51723356 
14523090 
72272058 
72315878 
76387144 
45839560 
52464799 
49203914 
38739355 
14294804 
17959807 
22854663 
28421530 
26153768 
10298442 
23176733 
17361480 
5889632 
26154655 
74864967 
18295880 
14422642 
15922687 
23465125 
33982011 
17179870 
30000912 
14588077 
14615094 
28285569 
41721450 
49419505 
76346605 
16177216 
77892277 
43935802 
74508350 
42034720 
42047397 
34042035 
26541144 
50088387 
63479103 
63233408 
67035692 
9342722 
43917329 
21234178 
15616356 
59194012 
67235926 
18060840 
68289727 
75923839 
62416038 
57363334 
64467101 
46469702 
54657965 
17900737 
17131085 
73993764 
38272832 
27524759 
16996175 
14934038 
75918986 
55214034 
37812217 
68720947 
17080369 
28049003 
19725644 
22938914 
14224719 
24453252 
26244954 
41488245 
71682741 
21995989 
15786845 
21362105 
9730472 
28210746 
41942004 
30045011 
823311 
76038302 
67657256 
29255152 
18489148 
14275129 
40129986 
12957562 
18687694 
15599018 
18050996 
11107172 
4620451 
15154811 
17221246 
17382568 
18569484 
45005788 
32929295 
48059276 
51954039 
24279363 
16838328 
23959074 
26000428 
20809019 
52740676 
14866124 
21724904 
11161852 
44530101 
17467413 
18907022 
14327063 
19868061 
22960395 
30513101 
49921507 
21271449 
21506108 
48869954 
806133 
36916171 
6539112 
31892440 
16150261 
14481068 
14134279 
16931364 
16315686 
18606357 
18013996 
18997933 
17421151 
17237127 
2340381 
23316648 
619003 
797022 
21770539 
6211892 
17257122 
20164032 
20977798 
38286348 
42594248 
30203738 
17387447 
18675518 
16905404 
21155137 
17714970 
21615816 
36493063 
16144383 
13094032 
17151300 
14363494 
29852124 
26276066 
41627091 
47816429 
40281137 
15794020 
14135874 
16726073 
16496682 
16219171 
16717771 
14951401 
45261625 
10634142 
14915711 
16068186 
34002459 
14410954 
11687502 
21437848 
40185947 
18472980 
14680640 
10752192 
5062341 
15664738 
794364 
6642792 
18931496 
22194330 
16186415 
16442253 
16882137 
15268492 
14453814 
16314021 
18526348 
35587460 
23399646 
21323946 
6921712 
19614866 
15690882 
15337351 
17141780 
14792188 
15103979 
15908171 
22341265 
9316352 
24818913 
15285181 
19197186 
19565217 
796766 
2934961 
17724725 
9506952 
17356017 
7741852 
16464366 
33657015 
41097866 
28165335 
17877831 
23040346 
14184802 
20813107 
14096278 
18345193 
1034621 
20603062 
19251168 
17150369 
24709803 
14790322 
21286250 
36121864 
17502142 
17973055 
40342975 
17257746 
18495116 
19649499 
22885702 
25808623 
18333913 
20031354 
20838584 
37737733 
18908911 
15940523 
22579580 
18152658 
18878427 
17855061 
38115392 
21737267 
27038032 
17975353 
18209011 
19425054 
18540852 
20528987 
14176150 
24649276 
11600582 
26657119 
14516237 
6760932 
14363377 
23521269 
15221959 
39908149 
17279778 
29354944 
28123862 
38502777 
35005086 
22659609 
16171413 
15666403 
15639478 
19845137 
17074440 
35686112 
18791684 
763986 
14081955 
30830069 
30828457 
30828091 
30828760 
30827385 
29371386 
29271077 
29253655 
29251209 
29257471 
24704470 
19410429 
28126159 
15942488 
26000682 
20058466 
17895688 
16554780 
22919406 
13496142 
28571971 
27741461 
22920902 
15203897 
38011776 
16812515 
14049061 
17469361 
19692478 
17369110 
16404772 
15353955 
14792079 
18846918 
17260575 
19705196 
22132266 
14996977 
15102047 
15836200 
15769931 
16626603 
16134692 
19679993 
15996963 
25521930 
23803664 
14861663 
15460048 
19614356 
19664869 
22692421 
21799699 
22074129 
20715956 
18977822 
20774514 
14414574 
19874736 
32454281 
31227243 
20656386 
20084334 
24911636 
20715095 
18209384 
17470444 
22659102 
18501373 
20593911 
26823522 
28074656 
28185145 
29275420 
16056529 
14869091 
21231107 
32065676 
19744450 
17816143 
17941512 
32943325 
15342719 
15959560 
20478542 
38425043 
18863815 
5490392 
14740219 
6211972 
31696055 
9072842 
14272756 
37665665 
36603769 
6651512 
38308625 
13185852 
26588478 
35762625 
18467635 
38260768 
12185672 
16273144 
37420083 
14366154 
15761995 
16732684 
17126283 
20069288 
18452605 
16060397 
36901280 
23444848 
22167056 
28835097 
21537355 
37635911 
27503114 
18806272 
2790181 
15552299 
18833264 
20748328 
21121912 
27768167 
18917411 
29246854 
2819 
13513252 
22141230 
19276328 
18961161 
20596983 
27970209 
17243835 
15225257 
16997146 
28088166 
19515246 
16340122 
21261021 
34325153 
34159917 
27457433 
31599372 
35547487 
24116580 
21762845 
9810802 
25049955 
19256563 
14006362 
26486580 
15749322 
26092105 
6616462 
17606474 
37654738 
37752017 
34691298 
20581253 
16572399 
21136736 
18991366 
23179121 
37657732 
28541380 
18480736 
18161913 
22643060 
24766109 
21362103 
33440456 
25946556 
23681053 
3645311 
19911874 
16249748 
21526642 
33224193 
17784077 
37698196 
21281980 
19489942 
18754112 
14470037 
2893971 
16317059 
18146163 
34847571 
19791490 
19261529 
37209769 
22819843 
24906652 
14437914 
12133382 
16352385 
21697645 
24112514 
19875916 
28344695 
6067612 
14464995 
6269172 
29808081 
16406682 
14074673 
37118832 
36299253 
30572935 
14648587 
16414698 
8353042 
11975092 
16553544 
20481358 
12992802 
14615871 
7152572 
14199378 
17967675 
16027546 
17451742 
14505838 
14616022 
9109712 
6450322 
22845302 
12925 
9369722 
26346059 
18784593 
19120366 
18359935 
15269059 
30350733 
35669832 
17624304 
24150247 
23967441 
11628802 
17696167 
18703160 
17449573 
4254301 
20282861 
16921248 
20728488 
25199287 
17354377 
21771224 
19918324 
25027806 
24278900 
19752338 
23841533 
21053789 
20245682 
6899192 
21703673 
21445767 
21794399 
18398429 
18788414 
23469694 
18766459 
16548394 
13578632 
16293361 
18073532 
23250101 
20576088 
15697559 
11626052 
822215673812119553 
30313925 
17008152 
33993798 
26184397 
26855400 
19299909 
25858840 
27901407 
16305330 
22182360 
18480766 
4904041 
28637641 
18862449 
30307942 
29343238 
15676346 
19226518 
22959020 
33472731 
18645138 
32539087 
18787955 
24948732 
17550969 
18572512 
23668206 
22863306 
14231142 
28759473 
22344682 
20424022 
18983594 
29347753 
14637378 
17578992 
18614526 
19735022 
22082718 
20778972 
16910224 
21744715 
19186376 
17897601 
19079856 
19680941 
21389730 
30847613 
14208348 
23976386 
19863699 
32812380 
26734658 
5439342 
28706024 
22544745 
16141952 
26613704 
4099171 
26787574 
6121952 
1330221 
18972140 
22664506 
21713705 
25359130 
33918760 
26098896 
29588859 
972651 
20 
21185126 
19058681 
18323266 
5691492 
27904623 
34770579 
36208921 
27192836 
22856081 
36147690 
19675517 
35779275 
25095845 
18743739 
12526212 
28668621 
5883012 
14800522 
24119113 
21522437 
22680196 
26084782 
33819255 
27522741 
27267321 
14575107 
16324482 
20911036 
25250360 
16712361 
18338831 
33330067 
7659812 
34608609 
19057893 
17821127 
21392514 
18712958 
17728853 
24532138 
15772262 
35958229 
15150829 
34760983 
20324840 
31659901 
23450071 
22023364 
16954808 
31360279 
18862219 
17883546 
23491333 
10798802 
28199205 
13799612 
23027648 
16136951 
29994917 
30917871 
9122362 
20765310 
21104094 
21185069 
33229182 
19532207 
20432767 
18513815 
12381202 
19850111 
14965611 
22204860 
10058172 
23942354 
11103832 
22609173 
20938047 
23935933 
27718856 
25654060 
19442891 
23423867 
16317709 
22372362 
22278762 
17060943 
15234447 
21630085 
26943866 
20348728 
3339171 
2384071 
28136504 
14867082 
15730539 
9296612 
14458280 
22308370 
18829954 
19279528 
20472311 
17819716 
22657427 
15048198 
17861171 
16092763 
14631280 
25171201 
17554186 
15624101 
16877055 
4944111 
19142587 
33611939 
21993071 
35154970 
14720424 
15655689 
14459669 
15085591 
14999462 
18530968 
26052760 
19990858 
19624425 
7400702 
6273552 
27999156 
15131310 
13451802 
17596622 
28287866 
20646864 
35435965 
18150063 
15262302 
19460610 
17010302 
17861313 
18502747 
15234895 
28597238 
15811181 
19051714 
19590252 
17443227 
16398707 
19417999 
18622478 
18687459 
16122795 
19154851 
25121803 
33714619 
28543744 
16821997 
33906813 
33679091 
19955714 
19592119 
16270284 
15261205 
26064848 
18237095 
14230524 
21447363 
17878571 
17854751 
21735571 
21725091 
21508551 
20496556 
16513161 
18037015 
22557010 
15702130 
22696335 
23859156 
22563769 
29840295 
30364057 
19397785 
23089953 
21774892 
24523660 
17341518 
18021496 
19329393 
35369383 
16191312 
25457584 
14880527 
18438022 
16593287 
30022258 
24381834 
17358046 
28374990 
19840335 
24195226 
15739035 
618453 
15151756 
26944260 
30367259 
19354680 
15277966 
20696985 
15852417 
21011270 
22588272 
15574534 
27839044 
12681652 
14220688 
31398437 
32947338 
21568477 
21905547 
23733354 
28511855 
32470513 
14464766 
20940081 
29784580 
27098293 
24742293 
27765804 
28763616 
17461978 
18665952 
17942558 
17989294 
21120826 
4250951 
22068206 
20961788 
16174394 
16608439 
14886632 
22940219 
34558284 
26375712 
18664210 
18408457 
18145853 
15453171 
17952474 
19516788 
17891710 
28147328 
28040404 
17900314 
16567227 
17714862 
15918356 
18324008 
18106300 
20747046 
19314853 
18932935 
15378358 
33578780 
16419465 
17772363 
14715628 
18476633 
18139329 
14744569 
22885025 
27885331 
29113097 
15251613 
20449402 
19433986 
14697328 
27649787 
19902330 
27487844 
14217286 
22059385 
18369812 
14091221 
16447060 
21829671 
14980437 
14634720 
30257386 
29768299 
23282831 
30003447 
21159227 
27751211 
15828534 
18282032 
23993598 
22563783 
22974869 
30344362 
18493316 
29144889 
17995605 
26929707 
19261212 
30979626 
18778437 
15751732 
29618812 
16866329 
27042513 
29706622 
30968032 
30618215 
31351505 
31087453 
19599314 
21453313 
21575866 
22231561 
16292646 
15953583 
22914947 
19951742 
20011662 
20411547 
25307376 
21056310 
19142335 
16977911 
18273128 
19623825 
18307657 
22433842 
18710504 
15933655 
15719665 
18639239 
23928854 
17570246 
25721447 
19094718 
17585312 
30592365 
33110416 
23363366 
28418988 
32308238 
22240189 
23379258 
31344160 
23056433 
1420251 
32515155 
31289431 
16841328 
29977314 
15823158 
18483888 
30931441 
17969805 
19311173 
16935292 
15995155 
18373705 
15399592 
25365593 
17549082 
13189082 
1126051 
19010580 
20791917 
22264312 
29493290 
22896120 
23789455 
27333959 
17091342 
29054815 
29443642 
15846407 
20279934 
818647 
22502125 
16092470 
19414284 
28588208 
28275467 
15778910 
22725632 
21660875 
16249822 
25913641 
21501882 
19603428 
28163187 
28437870 
28312940 
20155352 
16512911 
20491522 
1136871 
14856348 
22582240 
18530817 
28232861 
16953513 
21239411 
16954823 
15745674 
16145138 
18307770 
17118410 
22399770 
26109301 
25226718 
14114232 
27690898 
18114849 
25578304 
19609623 
26347170 
18086480 
19103796 
17901207 
14376514 
26043009 
20956390 
20442963 
19690601 
19334285 
21854554 
18978195 
26208864 
18905913 
16781476 
19063962 
19144540 
25488844 
23240832 
18800131 
20880437 
15564035 
19000520 
18578571 
23013566 
21200655 
24977228 
19912008 
19947129 
25482559 
17171315 
14356800 
20476548 
765001 
763087 
22257386 
21848183 
22457527 
15716709 
19690870 
20987843 
19873571 
21901840 
24595259 
22141600 
24155307 
20549152 
22004397 
20841341 
17603724 
18907557 
15727000 
17825232 
8673612 
21440431 
20199315 
21052917 
18713460 
24588523 
22822034 
22172222 
17905411 
20199165 
19811019 
18906834 
23295315 
12516722 
25467868 
15805506 
9045242 
27254436 
11618782 
6927562 
627213 
18803958 
12626962 
13839322 
14113496 
4144951 
24914484 
23774879 
18252494 
26473440 
24260801 
26375552 
21655912 
18403718 
18229255 
21741478 
25271241 
25534975 
19747440 
21460152 
15768929 
17590135 
20495631 
25547472 
18411287 
16582578 
14132818 
15062727 
14299953 
19752413 
24586984 
24563053 
18536277 
17329502 
16551288 
14543368 
7989792 
18095759 
14802008 
23572426 
17602896 
22506165 
14263021 
24138385 
16502759 
11393082 
13563632 
23987657 
14245415 
24456786 
8161232 
22024951 
20151958 
20786233 
16514285 
22766258 
2425151 
22226456 
16728982 
18022904 
17001760 
20867339 
9668922 
20361686 
14334227 
10784972 
22795110 
19837539 
16109976 
15986532 
1825881 
23475126 
22847548 
14515479 
20200829 
17845539 
17881816 
19554706 
15588657 
20236413 
20482353 
15045724 
23248156 
15963073 
15856554 
14702533 
21625276 
14323791 
14757108 
18221966 
22667121 
15910775 
10681102 
21411703 
21031173 
22754694 
22854118 
22906598 
18220175 
17121755 
21675312 
2729061 
18975548 
16191451 
20647266 
1786041 
16676070 
14408898 
15770648 
18232352 
21113548 
19029137 
18399071 
14473290 
21086501 
16219341 
21932336 
20504157 
19527168 
2033691 
22299614 
1590351 
17742514 
16891571 
15633025 
18624044 
22037091 
16868331 
7736222 
12159192 
13048632 
16788792 
14402888 
1809031 
20739609 
21424944 
17679202 
17632297 
5147041 
16456160 
18313204 
15229219 
11885742 
22074836 
10666172 
17371549 
16130330 
14647570 
8963722 
17054817 
17374092 
15862891 
15110431 
16817883 
19939139 
16245822 
19402238 
14321670 
19658826 
16063891 
18257130 
22314928 
20562667 
18356298 
21504276 
18716794 
10230192 
19941767 
21599871 
19145148 
19384519 
21082927 
17194296 
18317227 
17855525 
20736527 
20245775 
15992395 
21981187 
18492324 
22153651 
12386552 
18278629 
17182648 
18626783 
18121619 
12266442 
18395177 
20790430 
16682738 
17592124 
21334046 
21323307 
15126821 
15486551 
16808932 
16231888 
17884651 
17010359 
16275397 
14365873 
16278483 
17074284 
15125585 
16176754 
16339870 
21611239 
10965752 
20473902 
14089595 
21288495 
5424852 
21971827 
17905387 
15293113 
10810102 
19246310 
19530101 
21162902 
21056175 
21898570 
15834180 
18750157 
21639792 
814760 
21796702 
21502454 
19978334 
17786932 
17120297 
18898764 
19394272 
21345842 
20033636 
21473427 
10185172 
16044047 
20387862 
14841501 
15299449 
19283827 
20555838 
21332744 
19220085 
18672145 
15409390 
17822851 
1344951 
18949742 
11286082 
17931069 
19574920 
19364820 
19319928 
19689132 
20458748 
17780605 
17198608 
19371048 
19715176 
14719146 
9823072 
17551903 
20533351 
15022893 
18323817 
20479867 
20468307 
16014840 
857961 
18684864 
15565720 
17812298 
18038269 
15869995 
15678986 
19801012 
20659733 
18082875 
21384306 
19692605 
20002919 
18979962 
18668312 
21374216 
18630767 
17859888 
15498757 
18126183 
16560412 
15158186 
17945976 
19022373 
15439395 
20434073 
20060733 
18083891 
18781641 
1175391 
18393773 
18396070 
14075928 
15473413 
20480772 
16899018 
14754820 
21396011 
15925060 
19891675 
14266598 
6150612 
17015686 
20213555 
18689409 
17171257 
19652551 
7900732 
16629431 
15208351 
18572546 
15529670 
17046577 
14815420 
15432406 
7215512 
19539716 
16351431 
16655829 
14172103 
17995184 
18472705 
14068598 
18511475 
16667481 
17169320 
15122826 
16150710 
8236062 
15703005 
20129972 
19902804 
15344390 
21024740 
21039028 
36503 
41443 
6503922 
15355482 
5360012 
15935927 
17938514 
17995392 
15473639 
15223532 
15909515 
16795167 
17180291 
1139441 
15091697 
18197901 
18759690 
16742754 
18462879 
18258727 
15736099 
18234021 
17874399 
16459787 
16191902 
8505752 
14869618 
17592948 
15767534 
16013949 
20900818 
19337928 
784304 
15319698 
19636326 
20390486 
18557080 
17019152 
17632756 
8368862 
16893491 
14337131 
16673982 
18851248 
16827173 
18510860 
15782102 
15929277 
15058177 
18073187 
19294707 
17902268 
14939981 
20014851 
19565754 
15070773 
17823710 
17332724 
16157577 
15381688 
19425779 
17229626 
15657574 
19962536 
19013121 
17225211 
20612033 
18396993 
20632207 
20499828 
18249707 
17815128 
15495396 
19838219 
19424223 
9591442 
15844248 
20488816 
18587463 
18755291 
15901190 
2023901 
18763909 
15022633 
17220934 
18723330 
20653041 
16233155 
16078588 
19215871 
18915829 
16944432 
18236733 
11257842 
18600394 
16371289 
15291615 
16356232 
19053852 
8962732 
20922014 
19203548 
17995553 
5741722 
21345507 
17740885 
938501 
7074362 
15488665 
15528275 
16223829 
18755895 
17798758 
7295172 
5392522 
18407962 
6704772 
18064959 
18544608 
17280516 
18118128 
18289263 
20265642 
18649572 
10886522 
17414847 
15948955 
20038725 
20692016 
15319060 
7905122 
16048320 
16998020 
5943942 
5446462 
7495882 
14035292 
15585752 
14098533 
18227888 
18625669 
14096751 
18034034 
17530277 
14240065 
14089195 
19184999 
16510003 
18511398 
16510155 
15713640 
15361648 
20757908 
14517533 
14523801 
15234407 
15519544 
14091091 
11348282 
6601862 
20748488 
9428772 
18124613 
15905497 
14354184 
17016049 
17040920 
18499657 
14589884 
21202139 
20812345 
19179135 
19193333 
15962096 
20459814 
18906871 
16409683 
16127502 
19136871 
20767505 
21160356 
16129920 
14285893 
15490450 
16322954 
14519454 
21029619 
14968908 
14973976 
17204860 
19979679 
8320242 
14267393 
17486893 
16628560 
16264290 
17489192 
17174309 
19181491 
19224421 
20731695 
19570059 
17483172 
14476084 
16888307 
17480220 
20202481 
19388771 
19909510 
20625563 
814128 
432093 
16390773 
17419020 
16199015 
16881473 
18680122 
18442891 
17525468 
16151999 
18931642 
18931600 
6895752 
18854056 
3954581 
10985382 
813286 
14478822 
4658581 
8517832 
16026032 
9717082 
10040062 
15464085 
73033 
15152883 
