1248081 
281355297 
109603278 
2149256240 
817379592310767616 
76780096 
3327104705 
368158573 
44346972 
740893430839152640 
804063464767582213 
2827406488 
196168350 
471672239 
27075032 
277191527 
822215679726100480 
1536791610 
12382582 
14190948 
47707475 
22860921 
15670644 
4357818146 
49457533 
3290364847 
19107878 
125453969 
4174102942 
1339835893 
373570701 
583938358 
217284148 
236526490 
1558163774 
2962690100 
707145932463149056 
236959460 
348052232 
284566326 
505323576 
1520876749 
173677727 
43458844 
38813348 
2499172488 
101956467 
37213193 
730394812122341376 
20153725 
15204082 
1102019810 
321468084 
15905103 
107865996 
1641065208 
158378207 
896048634 
357606935 
4472065032 
108977933 
84147759 
15471839 
1158888686 
1383272101 
16700029 
7243252 
214582688 
17943537 
63597010 
26138276 
2191120380 
105966714 
138799178 
12096202 
866692442 
580416258 
21348880 
1282121312 
25073877 
813286 
20351289 
15751301 
1050111 
13524182 
6480682 
86626845 
1087859256 
14054949 
18000233 
18228898 
19734832 
705094567092199424 
620636776 
2887019613 
2726184733 
78192827 
39341168 
1876502965 
319396901 
17963724 
19216583 
99297884 
16737406 
20331615 
15163166 
64266590 
3267866487 
1247458202 
22278303 
1219557889 
39416218 
2819785935 
2461818642 
473531287 
41456669 
2686306135 
233788247 
31142666 
143451657 
41691674 
20572159 
476256944 
24617301 
23504313 
751601978 
55874399 
298625735 
2731449504 
2350805298 
1860839948 
993423234 
137799266 
18839785 
202461099 
216182873 
83876527 
281877818 
1059273780 
4119741 
18125425 
206194072 
28708146 
14248315 
36171004 
22097192 
308392513 
57445398 
167518667 
3764301 
144408677 
1305698738 
552147406 
997040168 
214653213 
16607252 
284093185 
394491103 
14275562 
1000262514 
18622869 
212099695 
64591392 
1272963888 
24364833 
16303106 
31080039 
16017475 
115733953 
17073987 
18529637 
249371538 
5933322 
3829151 
125879595 
636923 
19966557 
17142046 
15446531 
10778572 
33423 
242423151 
14231571 
19725644 
16353245 
56166281 
37677496 
287309941 
6433122 
17006157 
14869061 
770117712 
543733563 
35810531 
411172856 
233364902 
10232022 
21592033 
8496762 
29789002 
23544596 
327577091 
314374117 
19279990 
15808765 
89465917 
15224867 
21904787 
160971005 
95571121 
1073831 
40930242 
13838562 
24028681 
31563425 
39409256 
7464652 
33815414 
24708895 
36686347 
35041537 
38527104 
18569992 
12927462 
30275560 
46223 
19983050 
24026582 
12340562 
17004618 
14288668 
