54608969 
15854702 
245582617 
3250521481 
752560133406883841 
7848802 
28796289 
18018355 
303361757 
2864510134 
3171871964 
3020150838 
15744076 
115178068 
37844996 
19918005 
130855465 
57700707 
3219614028 
24017174 
633566707 
243951685 
2530751287 
43192340 
239509917 
22423902 
619278612 
69359090 
103039789 
2432800496 
45630441 
30205586 
813962060 
1134531883 
18567639 
63578758 
132283755 
63262233 
351130417 
23365626 
14096280 
4719519395 
371089723 
4131861 
7862912 
1327401170 
438678588 
824190260338954240 
429413279 
3259406868 
108403064 
824116562768621568 
21228708 
2811740845 
44000905 
23999194 
723185462022565888 
23664429 
867228728 
41704988 
801159713035612160 
5813232 
131497030 
19119809 
796910354781634562 
2897441 
824876295607554050 
824277855832014848 
824494641890394114 
824473943931293697 
1596639318 
19030283 
16921184 
275400473 
824338843327361024 
17074440 
56223278 
824332206952714240 
824270573203292160 
824320219866923018 
31409976 
53151247 
2826607075 
3240143771 
824028553067032576 
823565852922576897 
824027211158130692 
818717916 
2850382402 
822215679726100480 
709481974948171780 
799453872632696834 
18215973 
409486555 
24096012 
1856627444 
290379625 
109417623 
474574842 
14209219 
191228704 
357515457 
3087504689 
50144320 
1676684647 
540985202 
47780645 
81236826 
256858113 
39569476 
12151932 
50171085 
144376833 
166669818 
586 
2579385102 
2469765985 
712853498719821825 
310463188 
30201677 
3292543226 
2286864444 
30340295 
20539154 
63354862 
2162431864 
4558510813 
1004960875 
3742676539 
2850663481 
783016859222302720 
224088724 
2337902828 
43458175 
16744558 
1674035491 
264295523 
17721573 
334465608 
341786844 
2166672055 
1270595118 
555452484 
48396680 
407726577 
724813014814306304 
489664808 
16787066 
451738818 
215387082 
1500164521 
16300902 
394741838 
28423163 
853781540 
3092519285 
1075517918 
153966123 
74874338 
3122406260 
15418628 
177019825 
68694799 
227423290 
189649184 
1004956382 
2226461660 
282273375 
47651258 
724069417202552838 
933325122 
110899711 
418063570 
2303654215 
87346728 
544998165 
3260100206 
54745989 
336445332 
21321735 
2885257562 
143882311 
258031607 
398508948 
15828276 
3300892587 
111459617 
317419274 
86245562 
2540427608 
15928389 
307597641 
1961427530 
2329130935 
30354991 
281334523 
3804424880 
262292618 
65429093 
2851920311 
10506152 
2735748199 
20081041 
928133052 
271768238 
2585013962 
21249970 
21248379 
148128377 
635017703 
613321095 
22905734 
2562705170 
23890475 
3042272185 
382008044 
49616273 
565089524 
280648542 
89561891 
17179239 
377772284 
16727667 
3300701192 
2309174130 
4715639501 
823860 
356290233 
281308013 
17447051 
3064542881 
1206130273 
4502263698 
21957047 
6246152 
330648075 
1687337690 
42008827 
135768832 
623023372 
1521298350 
1311960842 
267397357 
2756278116 
1621271 
3526565908 
21508112 
491646137 
34892616 
2922 
337679240 
987823345 
1392939710 
1870399580 
557232911 
326964690 
126785086 
436116400 
56482687 
304449441 
1169843972 
8187772 
637213998 
396844995 
20078631 
1734736945 
344300902 
246994692 
322937211 
21133762 
2533663477 
1267483782 
14897303 
13126722 
1137766208 
293748355 
181470233 
2820306963 
134234167 
17556181 
2679055230 
16303389 
201901061 
373295729 
3059214270 
50893464 
110504687 
49044100 
10485162 
270117499 
2927758254 
1265545812 
56752200 
17489171 
2989731616 
185828903 
19198704 
64920871 
308245033 
14780856 
37746503 
15860016 
5943622 
109118967 
387332001 
27047363 
31256717 
84704680 
17514354 
41863383 
286352949 
3471901 
20392581 
30117644 
600223431 
403115254 
160946337 
133811002 
1653755071 
8038312 
50510925 
119829153 
26330898 
228482453 
204458046 
61083773 
112536662 
380433983 
2444823691 
259034658 
39805172 
2798009714 
134222813 
2866505258 
1947061178 
23092103 
21816096 
23636306 
41591401 
40925285 
17525171 
192549862 
119881844 
18958993 
19308104 
45954483 
38079474 
18176668 
391111880 
21246770 
19834403 
21835425 
55570400 
2287229574 
129266889 
549505290 
59185837 
91285471 
203925953 
65647594 
29014670 
275893586 
21822169 
95957686 
44468041 
398269756 
814066898 
469637791 
15162304 
456862468 
5508342 
20151462 
54445576 
139111471 
76837916 
244193260 
14777649 
747682134 
1965652495 
27077522 
188166400 
14702746 
35246396 
68822920 
140497508 
544459972 
1027408974 
2801622711 
1169460000 
69326792 
397700656 
58569413 
19555096 
39422298 
35769315 
11304762 
990658872 
17303715 
34514931 
110779446 
18898153 
49097886 
2645591623 
36560070 
17968150 
546249408 
2800564566 
14450983 
554389101 
2743263175 
1390060135 
90541262 
34457132 
2521788120 
28623797 
335458150 
15404012 
246624535 
168735527 
430992540 
297856522 
320519342 
91236988 
1120346622 
27348023 
36042554 
259892619 
14317514 
1498292678 
118943563 
2835276183 
256698038 
19943507 
126007396 
21318183 
31069521 
446762663 
27261369 
34743699 
65260792 
133862405 
919251548 
279390084 
16065907 
69004966 
14090948 
236427749 
851415752 
2374494194 
21008096 
29495098 
179668364 
43381579 
110213431 
17640165 
36092166 
11269332 
80303224 
76036920 
872303011 
5940642 
517123533 
932663143 
30079336 
2535077256 
100031883 
114782468 
116023738 
109872213 
121389491 
58511700 
90836187 
24423418 
200283629 
20914009 
2442809852 
453286476 
89786936 
220567060 
17819570 
116550587 
14737888 
20882295 
212430742 
18255506 
81132251 
198637595 
197821226 
35905813 
1138341318 
2451619039 
74961080 
2276432653 
22894742 
1292290592 
506433315 
623836793 
52320506 
824155087 
921378529 
975633115 
18494981 
229618437 
2196517232 
264402733 
68333543 
14142353 
75892358 
89583009 
242758444 
16745015 
410293500 
427958206 
22190668 
60760668 
1461228547 
31031011 
45937570 
14345368 
30013010 
77307960 
52786408 
34272431 
73060532 
952740715 
1439547284 
185749828 
112629022 
293477769 
1286262828 
318550530 
30249350 
844792658 
440450988 
120943272 
16661670 
17400552 
167123941 
154221292 
9207632 
46269934 
17646640 
76790238 
17524108 
14347629 
53314526 
378702904 
8658132 
139960419 
26556899 
68901673 
503898209 
93519144 
18219344 
27199384 
366245808 
23277284 
21005767 
330346893 
172384931 
1947372270 
2192943013 
30476655 
519569907 
95499155 
218754009 
20655632 
25459633 
39637006 
44629131 
1852564206 
1633620678 
304087150 
74181714 
300904237 
253855389 
539794743 
121817564 
346254773 
17102947 
1581759588 
807838603 
247149169 
1147053248 
28435406 
234245657 
19854109 
14554959 
91176063 
43406294 
120717282 
1730062021 
29467516 
284391822 
19096575 
48756138 
24396656 
1183488078 
177661775 
29505170 
241986385 
19674485 
390306162 
281082823 
361870867 
317399128 
22789080 
25155195 
79543 
1035491 
21320752 
19789893 
222277151 
350782505 
87403396 
18643839 
334288541 
13992132 
17487646 
47474721 
352555705 
24907140 
1836381127 
15375854 
13206842 
22708540 
378223565 
44196397 
6385432 
16187291 
14761795 
746323 
286362113 
28597398 
93982863 
150298133 
23176497 
15575625 
25028906 
17565514 
110827653 
22563769 
318201785 
22795945 
1019142194 
262719228 
34106521 
414587292 
465333230 
21469622 
43986986 
8557452 
19559392 
736283731 
7858302 
15361164 
1287854076 
16080545 
17750632 
92662198 
26096983 
17274116 
23102522 
84625697 
239509985 
9780452 
7591572 
1339835893 
25374806 
28675973 
15392053 
364514171 
216957871 
15716998 
116275721 
937409204 
1480794469 
16313992 
307395036 
116433845 
91645639 
1223095681 
95383889 
113233423 
201146473 
256788454 
815655498 
314551193 
285694823 
867527005 
25521487 
42670813 
492955712 
39011451 
1175632170 
64800791 
22080646 
125122481 
16679529 
15291390 
115915750 
19654452 
36125837 
18702696 
22003028 
20927078 
13972382 
101844850 
390412142 
61350959 
33061134 
20777673 
309161149 
9590262 
634140890 
135153436 
960855745 
26337734 
38472262 
802648136 
170039453 
32129142 
95368983 
500436115 
26053643 
69123273 
14886641 
185799476 
1365395024 
33173672 
60498741 
575785013 
78285472 
16894675 
85862762 
60731687 
43942345 
106768972 
102992011 
108706385 
458677581 
15464697 
32403877 
283518914 
491039959 
196386596 
24789175 
1318257948 
19513617 
20121682 
716543 
418 
44134773 
33057691 
155035645 
1330457336 
25289249 
480775470 
14917006 
31312972 
23808478 
17095479 
467520901 
510501783 
310476148 
22872643 
39364684 
158639291 
23544596 
93654953 
434520660 
706875775 
46530655 
40100270 
4252431 
23633023 
607289206 
88763317 
62910071 
36801473 
17617227 
146290693 
45371222 
16076567 
944832710 
30488144 
27713126 
243649223 
25768420 
9900222 
948668605 
38605000 
158843843 
228585109 
372898328 
202957283 
102581666 
40021535 
28583197 
6193182 
297118549 
1520501 
18812102 
301548015 
61078808 
87374085 
43334030 
848547229 
24197313 
5247271 
252233089 
67240798 
42521341 
18553324 
45225931 
108511229 
113495725 
155677165 
20094734 
119875220 
39349215 
468947805 
139622993 
290714595 
1059061369 
15268490 
115930154 
82908461 
27997473 
424455957 
34660688 
104870447 
234030846 
240525629 
305985368 
45055696 
57812141 
261751598 
813286 
27599956 
18735441 
147783189 
67321989 
20710469 
34532213 
65033956 
1222751 
17241895 
94839848 
33857883 
37861681 
234450484 
86129724 
17035331 
808627 
33150977 
20973754 
91686009 
20479813 
22073937 
16017475 
91355798 
872285203 
2586421 
257634809 
524396430 
17610715 
18103362 
29762519 
198672699 
23074647 
135063656 
18641320 
44641898 
423543287 
19341833 
370210038 
20834338 
301003700 
258666578 
392534718 
57721515 
78724165 
23241541 
226971781 
15802699 
244655353 
254611729 
227871028 
24459901 
158504581 
71876190 
65991738 
28276769 
15458181 
15220768 
226964397 
16664681 
14511951 
8268302 
21135703 
755563340 
18029055 
19522022 
61306578 
89708332 
8423282 
101613166 
224004614 
22075754 
62241097 
15473958 
2225051 
11341332 
14717311 
14083789 
493649767 
15936257 
30354164 
20466215 
75258309 
15224867 
56397007 
26621465 
122119129 
276716878 
21661025 
280890453 
16912670 
46562358 
23153016 
48075372 
17056739 
606048733 
106199081 
17156000 
292186883 
329601197 
101870992 
88979067 
194032271 
29452677 
20015311 
14745823 
38286985 
14965981 
14619600 
84451966 
593037162 
17137090 
23844057 
126210802 
35348026 
26593416 
225539878 
243215480 
609437279 
65232726 
145686499 
103720021 
16620966 
33821167 
39636684 
13274322 
20608910 
745273 
18571771 
20564615 
26574984 
20109973 
17243913 
57443716 
114869567 
366309158 
47438401 
44397881 
25300308 
19612243 
21881296 
275186860 
16275037 
740493 
40147977 
82242140 
19276012 
16157737 
17245958 
26540841 
43553 
1973 
28181012 
15279266 
43275458 
14085740 
14063473 
32639070 
38476956 
19575406 
7745472 
14313712 
12736222 
25938322 
27862183 
34700777 
26483183 
14249865 
142936493 
21330205 
182265216 
370666161 
17919972 
17505274 
300727611 
22536055 
21170185 
23851749 
23010577 
22740843 
14337131 
216527980 
15588104 
18783973 
33797722 
151092081 
209421297 
149766359 
16930514 
19463148 
8205892 
17415095 
33045314 
14150938 
78511663 
195913317 
12145822 
248025872 
42721371 
161431462 
22733722 
8914952 
15835519 
28299819 
26958133 
195033348 
256664859 
241386791 
31063878 
143454153 
187108327 
197985305 
142326705 
255839092 
23561515 
1745111 
16343008 
199542052 
185852576 
161169654 
18434866 
118263437 
28706024 
15528283 
24994005 
29504533 
331876019 
21795388 
35585081 
65759150 
16376849 
14352104 
66249982 
19314988 
34415805 
61630019 
45661890 
93258187 
22822407 
79881108 
19713152 
14591033 
22118179 
33060717 
15301485 
15763290 
28351506 
100414298 
5791442 
20128523 
25954915 
77735436 
127694306 
19039546 
263247378 
124478894 
56816735 
128972437 
36272900 
27646357 
30364057 
135246066 
28223477 
20179365 
14143903 
24294893 
204848746 
84155788 
35505235 
16343608 
18461401 
271476647 
15406924 
23202992 
32416817 
24858624 
158777509 
31519224 
21411356 
41502303 
103910145 
17224451 
47713145 
242912147 
20352315 
72378014 
9864192 
167541664 
278237629 
233459341 
24939210 
15357956 
243024287 
19757052 
17504691 
72065121 
150733057 
191990437 
84238323 
216299334 
337844883 
220226736 
9457522 
18206161 
40730104 
270251527 
33416342 
63551423 
14230524 
113453136 
102520985 
25607710 
26637884 
70518118 
30313925 
822215673812119553 
29288466 
215138877 
23778292 
25497867 
14622632 
28665877 
104134662 
17926257 
63516081 
42581192 
49991178 
33267548 
317939294 
44851548 
115316607 
18689353 
19870299 
214561401 
27662775 
19576374 
26143942 
15375724 
61347792 
45713937 
69064410 
26529538 
36587887 
41875972 
29584787 
231306638 
106652115 
23679184 
15754344 
62290422 
115485051 
234318173 
2893971 
36440747 
18267544 
18464266 
4207961 
20655822 
32515106 
218970865 
8637672 
19628521 
30261067 
26934112 
80233449 
29939587 
29881603 
28265605 
84388888 
16940925 
19572264 
91180720 
87583436 
208818678 
45767941 
5778342 
246401452 
20730005 
23474512 
65406315 
11489 
67213875 
37763479 
153078862 
27917203 
45873694 
13058232 
24942208 
18068734 
110908371 
20097362 
219216823 
122258041 
18816614 
41462876 
29221344 
17523570 
18208354 
16116649 
20650150 
94436252 
255733666 
223650885 
122576536 
289592991 
17110579 
164774445 
22938645 
754485 
288767243 
16118580 
28043295 
151142326 
38185672 
14448470 
15726481 
22537285 
5971922 
14528221 
236559618 
43484759 
58178407 
64044676 
22346318 
24120037 
31513745 
216858443 
113405899 
23803388 
71985183 
16162149 
18620654 
14775998 
48882277 
189722689 
36199276 
77962761 
104621787 
34868161 
101079776 
29089023 
37376499 
12737142 
49085468 
84466455 
20606847 
14681605 
79563608 
17633994 
10545772 
21741551 
96245974 
15816231 
47427230 
240840343 
120952684 
21241783 
48335027 
8917382 
172028788 
39921108 
46657725 
221599287 
19643599 
7215512 
20002666 
78010187 
27922543 
76514857 
56352445 
61863499 
17324527 
141327979 
38463707 
24972859 
16910331 
29331434 
52876238 
78830783 
14231452 
19418459 
126425051 
20535066 
49558100 
231867824 
230854660 
147882010 
120877831 
20325738 
64654475 
14030692 
54255876 
49009925 
21244287 
22449367 
66572651 
144637086 
28174342 
28011870 
20562595 
5741722 
67535969 
24372522 
36922003 
15621736 
49115596 
43426456 
15532030 
22115543 
18476403 
10116802 
48238515 
14836655 
45083495 
18358496 
18321436 
48504400 
52175920 
78771434 
69966636 
124661398 
28189210 
77404218 
27977493 
24712487 
8431652 
21220931 
130617778 
26321453 
18497086 
27609611 
24815379 
19283149 
14377563 
21898779 
19471463 
59188950 
22037861 
38543346 
29517231 
92959700 
40913222 
139525393 
16273426 
33847787 
44424049 
39114090 
138697746 
31170213 
16302617 
58401873 
19792373 
36743340 
52804625 
78960399 
39328454 
16742538 
17909476 
45713570 
150802319 
14115766 
182958715 
127909258 
44683255 
30347257 
169738143 
144404629 
16734382 
22997361 
14358365 
22571790 
22571216 
26952113 
15572044 
26248093 
18862924 
99804893 
125440468 
20115499 
141371449 
15617631 
82188971 
182586959 
43107585 
141583058 
12500342 
32814935 
17413701 
16815673 
65180712 
28785486 
27587820 
16303106 
13237352 
56932584 
16891744 
18151317 
26066806 
22945074 
29385204 
196480042 
42374778 
23180682 
15338625 
16194018 
65716312 
36511031 
30526601 
25404897 
21728303 
30893470 
15694771 
33716898 
126146818 
16190278 
14093707 
42985438 
19747129 
8362412 
14749520 
18169025 
67339684 
18319800 
101586228 
74529378 
11351352 
19672966 
126761335 
41182107 
27471945 
11364902 
31753985 
51405063 
39830136 
41875150 
21235708 
39161013 
15031046 
15093280 
108470928 
42484453 
17608719 
17953904 
16801904 
14572171 
29312953 
25892748 
22362634 
9867582 
14806364 
177244887 
15586792 
93934498 
108738422 
27085401 
14556739 
44785006 
21735379 
18153494 
807095 
19697415 
27080753 
23956363 
153602514 
14270558 
32340023 
26989484 
7808522 
85633543 
11202562 
55641726 
26462641 
155659213 
54667032 
95360131 
92439662 
31444453 
47358610 
41633824 
28999618 
119853553 
16955991 
143141933 
52551600 
20221159 
130286767 
54059057 
16157855 
72948362 
14456954 
36132794 
78728521 
120343676 
103167687 
28642017 
253973 
67692728 
23092822 
27157593 
47399615 
27273662 
15276416 
17017636 
112807276 
18100753 
17469289 
65716994 
43024351 
76738760 
17442976 
20609518 
30068744 
28356943 
17814534 
106862749 
18510860 
44164244 
77268769 
21630948 
16004470 
32333586 
15639527 
43517385 
14290222 
22984215 
15811955 
46775665 
56688840 
16621525 
80957674 
15006351 
17810254 
80986957 
1414901 
22863464 
38057076 
49711673 
9840392 
23967578 
20184623 
19400028 
20480704 
29505672 
29943167 
77611119 
16246356 
70902633 
65284355 
18812301 
59949396 
30620971 
73428888 
13500102 
15174477 
59946699 
17071518 
65516385 
88689910 
21667785 
20281634 
24569387 
608703 
29842036 
19679615 
18110520 
18435561 
14205258 
27692328 
28481147 
35113950 
12381102 
37761417 
15184685 
17329659 
33649157 
16379018 
15846407 
23559108 
30081045 
17390667 
25110374 
14063076 
8594282 
14700648 
34662263 
22653958 
17241502 
21879024 
21255118 
27457788 
30116192 
21362103 
16820907 
28006093 
16193611 
38057913 
16371747 
16462880 
22649781 
6852682 
26561291 
8185552 
22321539 
36138401 
26059121 
19029918 
8667942 
10318722 
28807477 
34369431 
27042513 
18512632 
14058790 
14664756 
21789095 
20166674 
14777850 
17874686 
5386182 
7350962 
19877186 
7918822 
16797953 
14170709 
26077408 
19723879 
15443294 
1007051 
13195302 
15021099 
5506992 
19001589 
26321134 
14669398 
14240875 
15811628 
21601740 
18838312 
14174913 
18172905 
25201582 
16230180 
53 
22044232 
20118254 
783705 
17883015 
980611 
9392002 
6425342 
17069525 
2015141 
821193 
12896932 
18655891 
14438306 
11191252 
17061155 
1183041 
17173775 
21131816 
20069790 
839321 
14168335 
22417361 
16023138 
82363 
878051 
9783492 
16190898 
18220175 
18365936 
18080704 
23725652 
14199458 
17006077 
17140790 
7830962 
14555219 
20522862 
18638502 
21397043 
14529929 
4119741 
18907463 
17635036 
5948982 
19548718 
14310554 
20963066 
15746084 
19362341 
11347122 
10241 
18754244 
12511062 
19042769 
18238282 
22549878 
18751795 
7981702 
817615 
19337315 
18560680 
17070613 
16388295 
14411304 
9300392 
14377875 
16419481 
7841622 
17965843 
14266010 
12295962 
18683711 
3554721 
811540 
9027 
11180212 
10666842 
12011422 
5402612 
13142132 
14062180 
9677372 
19550535 
820585 
740983 
12505022 
15554127 
15914129 
15195171 
19359330 
6184582 
22215470 
19632867 
13082862 
14526709 
10498942 
17352423 
14378241 
17352686 
14517319 
14431400 
16631174 
7528292 
16467958 
14675012 
21263769 
14233497 
21145799 
16692249 
2241221 
5832832 
17379547 
16692771 
16554887 
14492750 
6686172 
21179543 
14228300 
11294522 
18715024 
14285511 
14630318 
7763222 
16651791 
16936406 
14320210 
14123966 
16916369 
20199666 
19234620 
15081182 
15256013 
14565401 
14274428 
17802735 
629883 
15208271 
2541771 
15453014 
16120696 
11388132 
14597808 
16569780 
14593195 
14527961 
6080822 
5452712 
14444183 
9524712 
14159753 
14079408 
756471 
14142674 
51723 
16263 
15426425 
14180036 
15346675 
14061528 
8408622 
19855053 
19840435 
9026642 
14736097 
15393582 
20873135 
19723854 
19744707 
14652452 
20636336 
16540146 
20940479 
19471456 
18002296 
17220934 
14522546 
20019468 
19554706 
19058681 
15487691 
15630097 
20707032 
18781641 
15966494 
18753325 
17471979 
15713989 
20408394 
18839024 
18002839 
17826038 
888 
15488134 
2467791 
14415928 
17905816 
14704715 
14926475 
5380022 
18604332 
22113 
48553 
4909391 
12350 
1483 
12454882 
14378790 
18739442 
246 
12 
3839 
2495 
16688904 
2834 
14380001 
19748227 
13839892 
4553961 
15421000 
19275059 
19060194 
20125978 
14749632 
17860446 
15654751 
14944326 
65573 
677753 
15016811 
426263 
49743 
14526865 
9354392 
18171416 
16639012 
18232575 
16205990 
19012467 
10903 
1607671 
781293 
4152 
756357 
1139031 
2575751 
6527932 
14893902 
2656681 
7640152 
14669290 
3315611 
19096017 
709853 
17295879 
14813410 
19578656 
18872216 
11983472 
14350201 
8740002 
1835411 
8464692 
14826287 
18755788 
17342661 
10267 
13455472 
15475578 
17489453 
16841186 
15150357 
5210841 
16312422 
15714539 
12587 
11718 
12741 
11523 
16181186 
16640784 
14467906 
15920962 
1008531 
16794731 
1495 
13039512 
14181265 
15592692 
18635913 
9272862 
14363723 
10836852 
14311992 
14173084 
17915170 
18913580 
15632512 
16795119 
18870772 
3746171 
65533 
14217862 
5611152 
2100521 
17463660 
16503361 
18794312 
14763565 
2692281 
10367 
16574209 
15201143 
18541286 
18667143 
18970455 
1568 
18309774 
77753 
696193 
9453872 
5688402 
14269594 
10221 
18543060 
14326840 
742143 
14939981 
18396070 
16970852 
973681 
10689892 
6043542 
16935054 
16487447 
14266842 
14900079 
18655359 
16447796 
18791776 
18844878 
13041 
16015876 
17974478 
15791582 
14262153 
2390651 
15006245 
10350 
14502745 
14413715 
5854882 
11580532 
18424289 
5912732 
18664552 
841791 
5656402 
16899075 
18219999 
15600217 
8562362 
17261650 
14463104 
15044502 
17545037 
15649399 
14343564 
15959560 
16819278 
13339002 
18506975 
14833887 
16532469 
16969074 
17363525 
16061242 
12076002 
16303038 
4829901 
6519522 
13900252 
15652540 
17813614 
804455 
770759 
16942907 
12164202 
16319570 
13881572 
14451294 
17297261 
16744241 
14212297 
9338922 
18176393 
7893882 
14221389 
14501862 
689753 
17694880 
1305941 
15485441 
16272128 
1042631 
1265 
14437914 
11887972 
817977 
8069572 
57203 
2172 
1052961 
735983 
767 
13666 
755959 
853671 
12916 
636843 
5658202 
1355401 
350963 
101143 
7744592 
15744118 
17929967 
7414442 
5449422 
17899064 
10419 
9802572 
697593 
38523 
3829151 
7799412 
14078599 
17274298 
15251252 
16539573 
13584002 
11164402 
14315150 
12354252 
7336292 
15589016 
10697882 
14258424 
14717009 
14160585 
15684008 
3714411 
6482332 
866 
3936 
10450 
14479692 
6976052 
8161232 
17176391 
15330930 
855 
2874 
3420011 
15296079 
14433007 
4303181 
15196736 
2384071 
11740902 
291 
8769212 
1263361 
15131276 
11706 
6664 
2494 
2172691 
1563641 
11173912 
2135381 
17707546 
17464072 
15152074 
14376012 
10737 
10039442 
12556112 
11073902 
14080704 
14857041 
260 
8071902 
12797 
11622712 
16476335 
29143 
16174854 
15031287 
17043 
1192 
432 
422 
15285305 
1225911 
809010 
2927011 
755452 
33923 
792699 
10810102 
17544350 
4696 
14237997 
14371873 
3558671 
13341 
2026 
1821 
9573382 
3426981 
6017542 
6273552 
989 
16129920 
972651 
13 
15172248 
657863 
13348 
11676742 
15497928 
17346048 
17058469 
16212749 
10202 
8453452 
13436432 
5768872 
1117 
15664632 
16102756 
9606462 
785 
663463 
41783 
16644295 
15227791 
15847233 
14426048 
20 
12133382 
8323422 
2569261 
