739392372 
12096202 
249850849 
1864448622 
819984026 
32431468 
86129724 
49866766 
59256734 
19099160 
75118157 
2461913161 
111655747 
19404869 
16313140 
3229964616 
3318781131 
16330235 
15282064 
158396052 
14062554 
19695741 
834770064 
2512691774 
307006097 
19677167 
98012335 
120165462 
6439652 
17450354 
133829438 
470747763 
17844640 
965366246 
1620361224 
502000718 
20067737 
52521572 
182886164 
106832630 
414299987 
486117104 
2863996955 
219501960 
312840253 
576853647 
87324345 
3291800309 
215207998 
463765807 
121489431 
81482674 
7864222 
4029244512 
3408302854 
30206252 
20892507 
18228898 
1638653000 
39082174 
18569247 
97935483 
332204831 
15345563 
117613401 
2910849281 
562392475 
80885066 
132577409 
14803701 
123545062 
201453744 
90714384 
93069110 
375662595 
454469898 
50057353 
196887359 
889064112 
55119016 
23343544 
17006036 
2445443803 
3047925973 
2679991088 
130965996 
520766752 
830177373865783296 
80628196 
7902312 
39155029 
97708927 
409486555 
130903674 
1192231830 
402732269 
557151599 
829803224534220801 
175403732 
17494466 
818930496 
17221422 
620510310 
250291669 
167486422 
2470812752 
16410165 
35415506 
69091913 
880342542 
14683139 
44418062 
609474243 
801159713035612160 
122999170 
820674420 
58031243 
819224053919739904 
112471133 
52379394 
369534928 
47658157 
19785885 
820378690920058880 
7794142 
1469088032 
23801638 
22812174 
116360467 
104914594 
2305394695 
15012486 
5392522 
14606079 
17904392 
175121836 
17331154 
823565852922576897 
20508720 
50446226 
48797538 
4919719797 
2996835614 
57224223 
3311903186 
55319780 
2420618906 
562315496 
21252618 
20391502 
1681260343 
30000912 
4099171 
44126833 
949895912 
119514109 
205726880 
219011705 
1219579814 
44409004 
100534628 
16099291 
2450155458 
1100130229 
339719308 
28472888 
7855062 
590120366 
165931040 
38232102 
19913108 
2291625156 
51167265 
19847765 
712338797023789056 
816742185509015552 
69645096 
1480852568 
12422582 
436925910 
176644153 
15469000 
2469461995 
1201139012 
15808647 
38452560 
18319544 
16153562 
3497941 
14141269 
15996661 
14353392 
138815717 
345311830 
1531265618 
215045655 
214284819 
21717708 
704799523 
1413891942 
61734492 
2922928743 
781261726587248641 
75797367 
28502793 
18995454 
209498103 
797867737661906945 
10880202 
1433440226 
782615960 
56924253 
62914809 
751103399479898112 
753270320547631104 
19087651 
1544380730 
121857220 
17108182 
4893501 
339443571 
14049145 
1383272101 
17539739 
15081182 
41821987 
336091487 
313372370 
3117202476 
45820838 
18655567 
55734363 
455024343 
4892122089 
15347711 
11383742 
1381109816 
289989013 
20184945 
19444865 
76177618 
538037950 
4494758476 
93956572 
767792089123983364 
164329489 
8437402 
1393551 
2481105272 
16248895 
28862383 
340715038 
1573873243 
3298885909 
392847346 
2805743474 
792213918 
798399508602306560 
309937733 
4747267402 
88035633 
89220865 
122169458 
36176898 
580453937 
522567387 
53559835 
5383942 
794286845316255745 
44986099 
14413466 
278219544 
105262846 
3016039975 
307577710 
65349332 
61267358 
758435948451422209 
322352431 
23908154 
22536055 
16044589 
2327961549 
2392862222 
144272227 
785839416933834755 
224495471 
935812723 
19889143 
41742794 
14272312 
364938826 
2152086620 
90289733 
15335662 
22303737 
17393219 
2800796751 
763819991540072448 
18058405 
36662079 
2935335964 
33228601 
43383705 
19571299 
178118466 
14499829 
37557953 
14327715 
463217239 
66468564 
22582564 
259395895 
65153035 
293786612 
304003172 
300894890 
1093090866 
818876014390603776 
36719281 
479004709 
15440286 
50197083 
22843068 
410118695 
322602539 
540458083 
19042788 
1641065208 
889579760 
81201761 
3751949236 
17385685 
743585142 
19506790 
2856912028 
15007149 
1963312058 
624896628 
39585367 
7856542 
2458567464 
3329388005 
25324110 
18916432 
44279901 
1604366701 
36972997 
15647676 
96487686 
3817727247 
43920155 
117445602 
161801527 
3761810241 
34099139 
41101985 
16623719 
88587324 
95263046 
33299682 
128884885 
8960442 
297042983 
2784820064 
35328942 
14933370 
18490480 
17746732 
84449461 
22305803 
329579578 
390357026 
2903909629 
16588095 
232701447 
15249166 
16870421 
77852581 
22162854 
402957663 
376628537 
1451750780 
21662996 
15392348 
45550693 
170254080 
14631306 
149307309 
1110073424 
103018488 
248735463 
37972881 
16579911 
2424458436 
127872680 
30862829 
47216804 
18928144 
18142371 
348662319 
21445545 
90417225 
60610799 
3149493939 
1043867815 
80654397 
57741304 
19658826 
745718838 
22019881 
263352523 
21171627 
22949444 
21789117 
130289750 
104022780 
247359669 
208163898 
95273012 
486997945 
82683644 
27944885 
26929440 
35240968 
1304108556 
4791 
14595530 
36546624 
384922713 
70454992 
146569971 
24841102 
813286 
37535194 
103986671 
16002085 
119491006 
19351675 
208120290 
14275261 
21810821 
260377391 
1894231788 
1104749185 
257021111 
303249407 
17241403 
21781952 
582307923 
292756610 
136320557 
2548307485 
17392219 
188899125 
20732710 
260959284 
1671249426 
175508142 
25108518 
253152109 
15069769 
3065301110 
24244252 
353737617 
3243321867 
74231673 
121623987 
932893963 
15190357 
304612181 
77239161 
55510435 
348659640 
52282776 
15802980 
155634643 
29804165 
38722208 
88581667 
461069941 
352570175 
16608394 
3085423985 
92116005 
620464067 
43805270 
38047391 
15935927 
240808414 
45398298 
25092348 
130226621 
137445340 
136396966 
137521652 
141232027 
141318106 
156400638 
212222899 
212696963 
392750763 
632954644 
40297689 
5548952 
46667731 
372765107 
146105775 
274481142 
92183278 
890907354 
122467925 
29585629 
2190993392 
159185918 
26953478 
16982863 
168141277 
16123683 
481446731 
166664206 
2459569914 
14955620 
2548179426 
1074169093 
46771120 
75890868 
1485877903 
70765105 
16571605 
33235771 
4245547949 
15793444 
2338766017 
119790174 
86454370 
368158573 
11175222 
17143313 
330614897 
546269243 
26520417 
16919977 
31944449 
1725824431 
347398815 
28351670 
327760265 
518010725 
35942820 
2344558476 
15947418 
524747681 
491683083 
2361318908 
4814041874 
4519486403 
171691486 
16002877 
69181624 
152866991 
5120691 
34708125 
29328876 
294237487 
110547000 
22720093 
278170279 
15275339 
2179112149 
24390154 
1639393196 
16892009 
59594745 
1622933460 
47415772 
2417536500 
161318053 
39267760 
247455917 
335331533 
17613261 
3290364847 
35559570 
2303751216 
57779415 
214337395 
76660183 
418934617 
59031230 
301478997 
1631539525 
114216255 
453319164 
128301312 
87057908 
310374952 
142393556 
18175161 
116314524 
19621110 
2244290719 
253147434 
226029962 
26159450 
23476838 
117612526 
42959221 
576552548 
430149473 
15134240 
1543793647 
17241383 
26517330 
22182011 
124003770 
424531030 
107225267 
16028750 
198584761 
17060020 
6267962 
327449246 
563957628 
1726533451 
1684471004 
90732648 
16971997 
20481587 
8496762 
2929301619 
14902214 
26347057 
3418972445 
185809250 
37008873 
441263689 
214641138 
551178742 
262365030 
69421704 
3000604963 
45660732 
3365080923 
158826094 
19086859 
20700753 
24886178 
22971663 
109187667 
244237521 
85201778 
594162177 
48068105 
33991263 
3098385169 
349394162 
252531143 
171158240 
426913896 
44873497 
1707321486 
2695663285 
75896448 
241280143 
2169334062 
15808765 
20858710 
48802204 
182524220 
20348377 
970207298 
357606935 
16958346 
17220934 
55654764 
323021293 
51546100 
297417519 
189321763 
22084427 
115172311 
430977669 
1246567549 
2957048830 
204332672 
1061616308 
803042880 
54285272 
116836600 
14155907 
14190948 
264452418 
6981492 
36823 
68013059 
46213956 
6794502 
73942185 
121537720 
283238589 
280619711 
233412663 
35664799 
14629214 
18037361 
1890938744 
1144580053 
264671619 
43924249 
137858180 
19379145 
3344272719 
247114704 
151106990 
369574945 
18682917 
19270988 
3169963433 
610659001 
7768402 
38683121 
14067246 
93963456 
1472257159 
36184220 
25975036 
49698503 
2469371042 
2476873176 
39244570 
2516391974 
105814154 
398244481 
2949389369 
14530755 
34336351 
3405945257 
15786332 
14135426 
14849562 
14293310 
612473 
2467791 
8790772 
550306976 
37926315 
69279164 
14430086 
214621479 
571190990 
1275539336 
16689804 
2289844053 
12143522 
17491498 
55117855 
10194682 
13691782 
15879286 
15290530 
15021083 
70135494 
213689248 
30566702 
13524182 
1622811630 
115099953 
22972898 
17872871 
3249228729 
20249664 
99297884 
14239114 
29735775 
394675292 
88777506 
47697332 
76687213 
47671377 
15738935 
20187065 
246460967 
829734158 
9763482 
844450674 
13326872 
556647411 
60146333 
209352780 
16030527 
232235048 
14345137 
11584622 
313493727 
155394347 
15669476 
15930000 
14800270 
1200015024 
1125938024 
44937244 
247323635 
306116656 
29040062 
150757875 
22837709 
435990687 
17442457 
463059217 
36744328 
71832238 
873980654 
351768289 
2517988075 
171171584 
19863164 
103914975 
455014236 
822215673812119553 
30313925 
1536791610 
472777204 
27024872 
88740365 
84614572 
314037743 
39311638 
92377635 
633906520 
117797428 
2285840676 
2573117793 
49410687 
429233560 
1352854820 
24223641 
20778387 
345313511 
1122192223 
1861751828 
2800873811 
24485503 
342330158 
128864638 
101583613 
56681659 
20058011 
55334133 
262937086 
38508305 
37008978 
586671909 
976115965 
3051160637 
15098373 
1289354240 
256280150 
403494549 
16950628 
12885862 
126923074 
12609292 
397507908 
62316970 
436922149 
37074061 
50318478 
130130301 
18393501 
855423446 
1875967585 
563934127 
14681955 
80111587 
370113964 
61550116 
386051824 
531746080 
19679271 
325564562 
77065230 
42117366 
4282171 
22797378 
67034699 
73224714 
18267548 
16221764 
130579391 
275686563 
190367518 
15908898 
874916178 
427900496 
2527932066 
128411158 
97262677 
2193078894 
609210573 
270975826 
19805321 
335648558 
15099539 
82982131 
87818409 
139909832 
30364057 
401625957 
76404002 
17004139 
31928507 
2953606427 
90942023 
20737615 
57551989 
211261193 
243717383 
267171658 
40227205 
257121420 
46937833 
18254661 
27295244 
23492805 
16334480 
65416867 
52856944 
20710809 
444708910 
23052167 
331803536 
25110374 
2888830900 
1004334685 
4620451 
222302211 
483521999 
106456584 
2177473093 
29475191 
21909634 
21328006 
15470688 
75936862 
305598508 
314200821 
196540524 
17997467 
179103996 
1553310020 
39820482 
16992445 
19866236 
32146628 
57411021 
297556877 
6576492 
65476823 
605153786 
308149975 
28258330 
1520201712 
160720376 
1887457604 
135572710 
41975005 
2195671183 
101970219 
883680877 
26611276 
24267977 
1864643574 
221607487 
2227062116 
2277059792 
2733320850 
1241258612 
405923210 
110854982 
57134276 
937241934 
18481429 
107476580 
21789052 
23480091 
15113607 
61206114 
36445142 
238771951 
22831170 
31196048 
17573273 
108706318 
18276435 
339189893 
89363469 
14283170 
14884201 
30022594 
17002395 
19725644 
18734088 
31239408 
2230350702 
22642788 
14940354 
1049171 
26784786 
19269120 
186139219 
273615113 
988217803 
613589583 
158414847 
16002567 
93115683 
121494429 
136357511 
107163055 
16400481 
17669950 
19090300 
59547153 
44155229 
28414093 
21480354 
280709150 
16659879 
346626626 
1330457336 
304005870 
596745096 
14199378 
1710851520 
55751723 
377037698 
15675013 
528177366 
27000730 
137734165 
376234071 
29228904 
15446531 
16244449 
37281592 
45565185 
14046582 
2402206646 
82689705 
18251414 
20627081 
23592643 
161034257 
57813514 
22409122 
28622119 
17856208 
74755679 
22149727 
17068373 
80370145 
56699878 
28138951 
194569139 
1465616899 
168295477 
778252686 
25428892 
47448886 
1044771 
25087685 
45865081 
157009365 
3108351 
1652541 
309679834 
108126363 
571202103 
493482998 
731167584 
15780280 
45371411 
53222666 
1864924758 
15985346 
188852875 
2375990671 
295873487 
468499741 
19601442 
423763698 
75941411 
794362746 
274273223 
133545597 
1023020557 
1364623796 
538456752 
34089646 
16497756 
11178672 
14282672 
310308429 
74338355 
116529568 
355252097 
935594107 
1377265380 
545439593 
8834882 
17668340 
2561646679 
14179819 
43081569 
20272531 
789339462 
1398448754 
2206149830 
18510860 
156783075 
209309794 
219807531 
1017637447 
250386727 
22633263 
51241574 
921824256 
161372707 
62517001 
1058646613 
18336459 
44177383 
15008449 
14173315 
66366331 
28187198 
39524936 
427059614 
506484466 
16955870 
27147634 
2347049341 
623836793 
59123357 
322351551 
108021968 
101900420 
14116807 
368290921 
193951672 
246304301 
32492934 
30791070 
165523610 
230450027 
15458694 
18911592 
2262029220 
157055055 
17393790 
1598555377 
32499606 
185749082 
105966714 
573918122 
15280572 
31158031 
15463671 
16989203 
15368854 
28160461 
27733204 
72842277 
17448943 
20193452 
16868756 
20401086 
34115195 
33249457 
21576334 
24873392 
14437914 
17816699 
76780096 
18243006 
885190436 
248546221 
95431448 
59486068 
16581604 
437019753 
2243929376 
369223854 
15716419 
20302142 
593813785 
47379290 
17591917 
25924156 
125671568 
233599028 
15129404 
2178536378 
54731136 
553136036 
482175176 
25472190 
571128119 
25085528 
161743404 
2330757798 
249163797 
225571767 
2243919709 
16743709 
18248403 
2385624751 
25024313 
63597010 
558987567 
594464231 
277021202 
5660532 
1965075290 
84275273 
364966015 
18583722 
18419480 
127544605 
1354430011 
26843318 
1219557889 
16379018 
923853409 
20776190 
149155812 
327337127 
4970411 
1087859256 
482209065 
196252205 
15149425 
14124614 
430019058 
335884911 
213823830 
2221671068 
95488919 
1267228112 
18678290 
268432058 
42651647 
365095741 
63162911 
259375208 
33300663 
528747613 
858581856 
476155259 
1428219229 
35934858 
22670929 
20193926 
109315305 
237791769 
254096440 
95642532 
24174295 
20406918 
25911963 
576436187 
62406858 
221529403 
15754281 
1288411699 
293581261 
1877831 
1726373491 
32441546 
484430027 
240283009 
158894621 
172366371 
23448264 
376291600 
16632227 
17157950 
30756835 
20653637 
18977445 
37683414 
16145875 
55338739 
102773464 
9624742 
25325260 
41643844 
41275430 
5988062 
122107370 
104615577 
185817496 
67358777 
332993870 
118747545 
185653786 
852737306 
38489678 
15536990 
161025692 
164725531 
47664560 
546135718 
346082172 
47758416 
82132833 
15482047 
14328066 
268378532 
11435642 
84684955 
196186298 
95297779 
387088436 
14544185 
1227790394 
121210434 
22623663 
19785281 
17179368 
336218991 
119049214 
113193523 
443297726 
14885734 
1025148390 
24236494 
238297613 
87779569 
13394752 
175794305 
241215352 
41903663 
42631355 
33059311 
20122754 
28139678 
19048865 
199372835 
267438525 
248875331 
22431584 
118130765 
18089292 
16643302 
17042078 
272070001 
19752092 
13757702 
17155995 
66455196 
1330055544 
14590614 
48802719 
11856422 
86626845 
312243603 
23674342 
881252472 
14062221 
117179079 
19026026 
182839127 
819138716 
292876633 
102754598 
182919366 
48393459 
16018516 
569244581 
19734832 
340997626 
15936246 
23022450 
23663116 
291942710 
183351903 
61656492 
299273962 
15851021 
96366316 
100601004 
76710543 
335537750 
101535546 
22054220 
24773177 
16866617 
38372614 
349221525 
27710985 
38364398 
54282237 
18317022 
39800314 
87783850 
240087328 
212278192 
1199188496 
87271106 
24789175 
313070057 
16926069 
19722699 
11579212 
14515801 
16716425 
20065842 
14343392 
15684633 
36737269 
21906582 
183735745 
244192752 
15563814 
278083839 
19767193 
15120110 
29788083 
16227629 
50393960 
14343727 
382848199 
507580204 
23845320 
15564815 
19849635 
38317061 
151205768 
38720373 
107276975 
1646005214 
124237063 
16248719 
1435777862 
162895251 
22278303 
27363679 
1078432632 
16084841 
1158888686 
138799178 
20052728 
165622748 
391214052 
919242170 
303874746 
294146466 
83424009 
402226659 
47645083 
264180341 
48110818 
25661626 
21835448 
331817345 
25388180 
26811908 
807095 
80681990 
35773039 
334878657 
318314945 
915514734 
41409354 
111129503 
104624358 
122402146 
370489880 
82509878 
756444560 
31227588 
124574786 
547142960 
139823781 
22938645 
33098821 
19414237 
444448991 
259892889 
64591392 
26138276 
17943537 
1000262514 
20245775 
13982132 
15865878 
326184086 
82630616 
252279328 
443803826 
23012630 
342315068 
952017618 
1339835893 
17171111 
16076032 
141947171 
23964682 
88007912 
267369106 
958664462 
47686352 
392916386 
816653 
156366733 
40007653 
18911898 
16399949 
16892243 
17837184 
211934300 
20241479 
12011422 
14677919 
214205356 
14529929 
615443591 
16303106 
619295837 
121445794 
634877232 
6705042 
113692424 
145747808 
30020321 
15723971 
19989479 
19775675 
30859805 
11930482 
295746612 
18935711 
334269942 
63367156 
97070191 
252794509 
93889008 
81124540 
461255532 
219000992 
243215442 
32410378 
17017636 
61533120 
17296577 
36047098 
885311214 
18317381 
14937298 
18021517 
15586341 
49992096 
208172222 
701068790 
16395001 
44956058 
18481646 
56446462 
15921173 
2227931 
20147730 
64141011 
331816614 
295221061 
302060408 
90424954 
605657704 
6181532 
16559030 
21065457 
16017475 
16353245 
24935339 
80161366 
17952439 
148507370 
593833390 
15839517 
461475432 
213725055 
18461463 
225476586 
29781774 
14791372 
588507814 
869466548 
20608569 
20287041 
29890454 
14172474 
15172980 
466198725 
427877977 
578538526 
20083313 
126068570 
17006157 
288363743 
185759280 
21667773 
43365491 
41632954 
210816487 
88582924 
10748252 
5767912 
15771622 
16749481 
47678782 
85390802 
29881875 
24860713 
155351336 
26117527 
47348249 
34328586 
15141968 
28036369 
17899109 
14664071 
11981802 
248848500 
13058232 
12925072 
176255141 
20652568 
21480814 
28409210 
116227723 
26515629 
49671466 
829880131 
16933716 
460470940 
402094758 
80617430 
20772763 
37291805 
14268812 
21844854 
14147621 
50753411 
783048433 
358165816 
39059621 
586894336 
711303 
33486479 
336175554 
17809980 
209708061 
339632589 
80069355 
55065786 
22739318 
18438933 
197256625 
16787066 
16273831 
111584515 
16149614 
14422770 
175915792 
28160998 
7439302 
264174173 
44292587 
346605991 
31504082 
17445167 
87268287 
24212723 
326741431 
17918663 
109159309 
18991364 
14695043 
141769934 
16543522 
55306612 
18219120 
16817883 
123362443 
34889448 
138845026 
20457806 
62465691 
18679867 
19688451 
17474531 
233364902 
778057 
24797315 
90440075 
162500710 
82457933 
22931893 
23094787 
16348885 
63533286 
34983622 
205847300 
109290405 
140427956 
158006058 
66367559 
53039176 
18058609 
90486871 
19931281 
140514522 
19077435 
75069067 
158421869 
112177253 
120131924 
52121568 
176434844 
17494918 
23967554 
23486491 
44438256 
21354462 
13171622 
23330343 
18126845 
102094857 
16129851 
102168741 
20444825 
108638625 
50340794 
18782697 
13787352 
23999515 
25562183 
89537401 
115086951 
41159876 
87785670 
98712107 
17004618 
15087011 
8963722 
1435461 
83221847 
17843236 
27922157 
15859033 
18622869 
9532402 
22080808 
22280445 
10615232 
28852208 
16317406 
12245632 
21634627 
17509945 
5848362 
28838219 
22684987 
18818769 
16574209 
14834340 
23948221 
13649002 
24196664 
19164430 
17072217 
15532983 
11768542 
16429603 
17545687 
20175019 
19927900 
15235829 
20703914 
22671716 
10786452 
11274452 
9432632 
13521702 
14284905 
621543 
16950279 
15974185 
10791192 
1769551 
18723114 
18170896 
8984292 
15587500 
18279200 
18294275 
12182142 
14547546 
20105402 
20812005 
14971572 
17820312 
15860016 
15067525 
16300786 
14647570 
21237942 
17668347 
15248550 
16816155 
18656604 
18208763 
15648008 
19938660 
19301214 
15127279 
