117685967 
3350854048 
2425986211 
859444603 
818886489060872193 
25382459 
1178058211 
593485909 
808683180354142209 
335939454 
393369836 
4052613553 
770861091924705282 
2936611948 
555712442 
2913588033 
4058814375 
3289579859 
539319565 
217719904 
157299174 
2975991297 
18064626 
18651671 
70944573 
17814938 
102455928 
190200069 
2162316518 
1667201744 
70367423 
377912858 
572380997 
14159148 
819578681005928449 
454779231 
3415465809 
1479708565 
3172651366 
307770965 
78361556 
384489212 
2595200642 
4018505031 
205171299 
1264929348 
1399477867 
3419679509 
64360567 
1856721444 
2584481804 
188615792 
303211908 
498776216 
97443520 
800090544 
4096412239 
1629810506 
3071870914 
747016724 
8283082 
85839993 
3302507225 
116005395 
331590821 
3195101014 
3241784956 
3308056954 
412999221 
345697781 
27685421 
257869723 
86884628 
4594555272 
34305774 
234525371 
252035108 
136441843 
4887599949 
366971503 
59460397 
789146791 
588428240 
412342989 
20576067 
819467034 
608925219 
38797799 
267612420 
50643002 
608826775 
122994639 
2656622732 
255976193 
3402909411 
38153224 
1133998249 
748505249535635456 
285049799 
474659813 
21392462 
1125146778 
260108644 
48623181 
2414136888 
252028583 
748778728902172672 
20646711 
2558985845 
33472426 
293000859 
2470362878 
2648946972 
281389691 
802070076 
437356621 
4896778869 
54710493 
783584843489771520 
1680632792 
1518728012 
2969356119 
1182110809 
756818405525684224 
4743593181 
4417310597 
326630483 
58154652 
1968536251 
352961893 
2338501008 
3704795656 
34089646 
128295863 
3049048487 
324338402 
31083315 
39822897 
890866538 
4713677955 
1528036027 
263069699 
46354706 
585372692 
3276274753 
726003152391122949 
1510992662 
1455085741 
1450723008 
313348972 
719872583236247552 
3377180045 
160141690 
2316941846 
586284452 
1428606648 
717740593322008576 
313861287 
53772864 
363268070 
372665519 
15286317 
20156224 
45182880 
1379223859 
22924994 
351530358 
280533668 
622163765 
829026120 
2904694263 
104590024 
248697646 
300789811 
252479319 
343326011 
53037279 
92731878 
20087934 
506007359 
25031584 
70394965 
150248433 
2235363879 
4871322394 
237727634 
183165874 
37161598 
3471236475 
213961531 
115141256 
800803620 
2874684062 
203811003 
270831181 
552869469 
1025958342 
1229576599 
481996040 
1462725421 
284027188 
179576236 
238010923 
296735526 
154036419 
25979455 
487118986 
129241241 
243127562 
20596281 
192150952 
2643594216 
3439001861 
250097110 
1318426741 
174659944 
90386770 
842930455 
769222458 
2247660397 
1462076239 
36728196 
16225240 
1330457336 
1536791610 
822215679726100480 
21123464 
80274966 
429792387 
229057152 
1007210042 
3342665458 
377298812 
22819917 
71019945 
216674501 
29221344 
127454658 
333465893 
192168640 
340602009 
24457744 
358852977 
20604228 
30038587 
168660177 
127984917 
18766296 
190635850 
386020570 
3315869236 
2546148438 
201807628 
1731878023 
35003814 
180112438 
196703258 
175380266 
321647488 
2301252554 
2765901714 
883155638 
2278951669 
46094367 
2994845473 
2789233882 
397209266 
3307084253 
2155649270 
1463611489 
3061250097 
3054458179 
226139693 
255494996 
3250437136 
247552110 
34724341 
49951756 
14912751 
196187990 
86500056 
369421274 
71265713 
20646997 
29011420 
26312533 
883369472 
3233349062 
2916517197 
3218888425 
51448798 
3246054070 
413988467 
939288810 
197347638 
49964039 
288311590 
815554849 
2437502443 
50952454 
147561402 
44116121 
594453678 
8538202 
16712223 
17187394 
2427552927 
1377235639 
522593098 
270253381 
2483575249 
2543177898 
1042815026 
1915654950 
18017198 
141240072 
2317098469 
265931343 
300875329 
42953038 
14535802 
257367223 
424923300 
30257834 
87174862 
156574791 
1110153836 
469291246 
88621782 
92372285 
2349314136 
2424183558 
1613088889 
450089407 
256136003 
401579858 
26208729 
235181145 
52409567 
227074078 
2280666036 
15915391 
418725052 
2927872363 
1378298718 
49952024 
71245454 
35986561 
322113764 
75759032 
26968080 
16742371 
46202263 
73920720 
177721942 
1277747576 
583931811 
36403413 
1725157070 
20464575 
38629213 
3051674485 
54968891 
2983323628 
86164797 
2737835076 
106370523 
320662182 
1732442904 
87681339 
96399121 
15261829 
12456402 
302412035 
427479005 
138708473 
14060077 
25805906 
415638994 
1657726344 
211811852 
20582958 
68382599 
326097920 
1637361024 
1595205038 
228580505 
849106484 
285690437 
2635934776 
621008407 
2327093641 
70725281 
2239388190 
18896894 
2202869202 
2351806572 
3293309565 
3231744865 
3143460437 
3187315278 
2745684162 
3293101342 
1115204820 
2263724435 
572702561 
947574049 
1964803340 
105382622 
1295884148 
150740603 
67047017 
522701657 
79596159 
168055010 
36304241 
28089461 
378197959 
21746728 
3097968518 
49921218 
223419233 
277169830 
1600900638 
2359668618 
39520708 
326113058 
70636581 
246841572 
162798835 
38671739 
237189703 
29954918 
485481599 
41155540 
87778228 
140850854 
43974670 
28579644 
18718676 
34362768 
27834615 
18970614 
2723828375 
15923734 
35355935 
28731589 
1396277318 
1540529606 
2952964304 
187815717 
19562228 
2437359612 
2389824606 
276940807 
2924953107 
20015311 
1604444052 
2558603232 
361840149 
2209590955 
44648896 
25098482 
1853625366 
1574089759 
27860681 
2477223752 
726399901 
2335759392 
104156791 
48372967 
546713663 
1037099497 
57625403 
36670025 
293049007 
41630575 
1652460752 
173939851 
74222189 
2292488509 
97230853 
358629389 
56891751 
178272441 
44601026 
443041161 
516715026 
841671175 
38146999 
100188103 
414012721 
562066993 
214479694 
338407260 
25387183 
1071532736 
493889332 
58752106 
2611749722 
374144771 
2203680112 
45577446 
195666568 
79313210 
171881218 
9855132 
929257814 
20136728 
2447534246 
1362165181 
253483273 
2302587043 
897110292 
113057002 
202622656 
78873112 
74109659 
119049214 
20508779 
53965499 
385072666 
1182225012 
821022127 
2409489144 
2980806557 
2918023842 
705642624 
20604674 
773170279 
2482427622 
15738974 
36683668 
1339835893 
44275086 
23636580 
439170705 
2180151541 
262639829 
1252042723 
473058057 
2250271453 
1864276813 
2953306792 
1891850136 
2292423140 
320265967 
317187060 
2348101724 
227335512 
19940791 
63631769 
1732694659 
8161232 
918467354 
2999349377 
2587756190 
1166357665 
2876277699 
133880286 
116213384 
93383829 
327262735 
824816599 
2640535825 
291309417 
2524051309 
103887642 
43194755 
471810548 
36328963 
1235156041 
2650717969 
41103933 
199882999 
161165947 
227258017 
252219325 
219020032 
34336933 
146092798 
2982533608 
219117141 
110649395 
1623743726 
929257626 
219582028 
2383847930 
323216653 
191849753 
2965907746 
463248390 
1181575242 
1114426772 
156232761 
270064609 
11680312 
18667838 
250024481 
17471979 
1398977504 
344087193 
13201312 
52361593 
519683539 
154279713 
17862883 
23557953 
376708849 
39811348 
87278028 
58425101 
51804478 
9366272 
23638544 
40079154 
62065155 
22029553 
41315375 
71489644 
55928951 
69987152 
41596212 
21186298 
385355685 
110900327 
226329794 
22477296 
163917558 
13058232 
12925072 
17866536 
21344248 
29988810 
94462063 
21813582 
14942612 
75255479 
16953808 
28644321 
37181162 
31388377 
39957433 
4380921 
15309072 
3554721 
14109075 
16029780 
14786217 
17596622 
18775362 
31394380 
46710576 
69605342 
29440159 
13119862 
20637755 
36312513 
25974810 
97459030 
54039049 
21831607 
85095636 
16611121 
14393955 
25634481 
25726299 
64790145 
14423566 
84073300 
109196798 
25838475 
92695922 
92315903 
13472172 
30372442 
15960913 
44071785 
19065584 
34864619 
84271737 
91085016 
59839521 
71859896 
31612975 
12381462 
16790005 
7159522 
108275384 
115513314 
44374690 
81083760 
25345713 
87540516 
39935614 
115642123 
115690698 
113307240 
108491394 
65340937 
53585732 
111123814 
23118150 
70379707 
17637684 
20079865 
32518371 
33251269 
33679091 
60843611 
5743372 
114135874 
82904740 
30234127 
112764597 
59837583 
80693756 
112801217 
87251334 
57323708 
25836642 
44640942 
113684230 
93072985 
15209694 
16070406 
21804055 
22030942 
24733117 
19989791 
18808214 
42658385 
109930048 
18706471 
49901939 
113419091 
27943373 
17354797 
103620238 
33432848 
103409119 
45338921 
101048419 
15857005 
68960210 
97579678 
96176044 
110134732 
20285889 
82341000 
45677328 
28041478 
56947272 
112153817 
43985675 
7275352 
19343495 
54757307 
36835532 
19350727 
108787587 
99815897 
106150954 
99919360 
108662757 
15811946 
82747769 
45838805 
102132840 
55956182 
76876672 
23177645 
79099739 
21962567 
74672101 
67134710 
107361328 
6859412 
87523620 
25465699 
88152479 
5182651 
24566563 
63104442 
108559630 
35097742 
16943168 
6593082 
62553762 
6120472 
82298055 
49908362 
57334744 
41944977 
32327555 
14732187 
79096547 
23594358 
75359138 
38186171 
95667851 
56837859 
100237853 
34856314 
104609518 
103952465 
104444687 
30588868 
82159912 
104411851 
104410771 
28632348 
90911979 
101441669 
19896150 
21660241 
99592283 
95468358 
103442302 
23166140 
102566048 
44740201 
18950184 
43035186 
27024936 
85658400 
24026751 
16771854 
22234257 
19356896 
66082823 
89423018 
11242082 
15612245 
76440798 
100462211 
21583964 
47455765 
60858114 
36310588 
19034375 
24583357 
17008328 
19491657 
41572208 
12148412 
15734464 
51958646 
7118772 
19175507 
14279055 
15346928 
31117341 
5739112 
61242106 
14332424 
30615272 
17777981 
19524281 
21963692 
16271086 
17167129 
91219476 
19000765 
97997706 
50587114 
98475140 
72862030 
95405922 
95397512 
91713228 
98366154 
16930304 
96093268 
51439426 
16821997 
11315502 
49759075 
28191557 
43325487 
31116591 
15848314 
22492084 
62880047 
13097772 
30434028 
49205921 
16628861 
83216211 
82736678 
21250170 
90854803 
92959700 
19405407 
17825107 
16252218 
16080941 
18305439 
52275340 
22792142 
61227707 
77421057 
23238935 
95079344 
78565077 
82638519 
6825402 
86986010 
74467259 
84934437 
90310396 
94873824 
18780740 
27559439 
25260765 
49630290 
94510265 
13406702 
23733597 
44640797 
30372054 
16488147 
93639329 
87720615 
25767670 
20563800 
19888859 
93838149 
62898497 
86277412 
19681873 
19945621 
60248513 
68366837 
20325150 
88420895 
92570504 
27763054 
76114248 
70030582 
70402582 
27679113 
14858989 
20554203 
91554832 
35246658 
68997508 
61500237 
15471922 
86263507 
24029080 
14175289 
26287962 
89148409 
51240289 
89062154 
12459452 
91747065 
47294604 
15559831 
77168812 
28237946 
28751089 
42641183 
30795207 
12397052 
50396491 
28543744 
19460725 
90934591 
85008766 
71074127 
37161927 
60396529 
39757142 
29417989 
32941198 
83658040 
90843899 
43799891 
24389490 
13115562 
15063178 
22212911 
63868224 
17447849 
70912112 
39971964 
19310784 
63507365 
57257276 
82181392 
87723746 
85991872 
51460094 
42422035 
29012964 
55329345 
84259349 
77736822 
67284492 
67415935 
17327837 
27843958 
88878989 
15242879 
77765231 
64086275 
16541218 
13479052 
78288851 
19626842 
87955787 
7922242 
88593793 
60820727 
74536082 
30409238 
55573577 
23312058 
28097924 
89191822 
59390806 
21002407 
819546 
35370826 
3609021 
31529357 
82244911 
31272641 
80564914 
74110421 
22235371 
49179363 
83337641 
16683014 
10297 
53062848 
39862158 
84367607 
76925417 
73074992 
19329427 
21828898 
21405560 
1501881 
38337165 
45297071 
54569546 
83644247 
84226946 
40391925 
14985976 
82687757 
19515389 
22795979 
14522944 
12909402 
26303086 
50726532 
15087345 
51634102 
82827664 
14517830 
68065703 
32389357 
82497643 
20755912 
43730066 
63077228 
62212610 
14134276 
54886973 
22997517 
50816619 
18863894 
35045870 
78399020 
81122026 
81083423 
55702252 
18461227 
76436475 
14905049 
70860292 
55468579 
35173407 
46193396 
15036089 
15645981 
39289234 
45748293 
9341082 
64392190 
77453264 
46857510 
23593412 
40712506 
73131631 
17627678 
47317746 
22817468 
17758494 
14821812 
33721468 
35353003 
77226626 
77252330 
41339860 
52980141 
77968858 
14514411 
16190972 
67790667 
41232767 
49862988 
76262445 
65242320 
41902441 
43877039 
21192399 
27740227 
52153079 
16131988 
51381346 
64353598 
22330787 
17636405 
19246850 
44293885 
35244169 
64123702 
26128478 
69242879 
35654845 
17794461 
16814727 
19123787 
64746727 
65865022 
17093617 
16526589 
73014220 
7544162 
28284145 
71527596 
61816735 
72263199 
53308777 
26711678 
73624511 
31606867 
14516110 
68800557 
20281967 
63557338 
21972934 
15024319 
47625984 
20473890 
59847836 
18291724 
71351129 
72354076 
15842676 
19491260 
44292587 
20613586 
9836582 
72659118 
24683631 
67205363 
18568504 
18539631 
40666723 
20991801 
16947284 
57145623 
72133666 
26211342 
14832607 
33055466 
72370692 
20806376 
17938572 
15188938 
40081196 
48799978 
30094334 
44209078 
21939284 
68678900 
20025265 
16000111 
16321163 
17467699 
31700223 
40226421 
17731457 
22487007 
69656704 
44106429 
71504617 
71070871 
40342980 
17194296 
26372787 
67191880 
65953450 
66159682 
56104396 
38287495 
69204054 
69203176 
15896379 
69202308 
48999909 
15510821 
18951724 
22783927 
19494501 
68321911 
33481579 
24225027 
59340495 
65011080 
15446520 
14585850 
28590662 
19178148 
44337817 
64835665 
63337128 
55371860 
60642383 
46321000 
61118680 
54615652 
57384040 
54540534 
53729024 
19896854 
18493366 
15863302 
18907371 
19150696 
44640736 
15306134 
21229440 
42650740 
22434897 
53375432 
63671461 
17830516 
19866486 
18182099 
14476470 
27036553 
3677041 
16817571 
16463639 
7979802 
64144638 
14536989 
64118251 
44862584 
63416381 
63740677 
23300815 
48590714 
64739929 
24896910 
29260742 
55144879 
62459558 
37637644 
57351950 
60369560 
24421506 
42191840 
63076720 
25498225 
972651 
59166494 
42846277 
51845862 
17809729 
17831464 
60485398 
15497928 
16714969 
49744577 
17735876 
17233330 
59805983 
18498684 
15838840 
19775775 
34784353 
24784711 
39443624 
60064830 
15042999 
16345878 
47355770 
26854017 
47507144 
59817382 
60017053 
18086143 
12589972 
51421542 
20782318 
30269322 
50473176 
38454678 
22762151 
33700231 
53366790 
48306484 
44224801 
36231889 
14955908 
31304026 
38736713 
48858676 
40108752 
16970852 
34730477 
15398804 
20061405 
47513093 
7615322 
35382432 
25300858 
49290039 
52313523 
14782635 
34857112 
53175386 
46254126 
55781711 
17488225 
28479536 
43220582 
45034186 
31686995 
16485573 
51211154 
25275729 
36107603 
58977511 
51758391 
37010825 
47522027 
30194545 
44908784 
42842502 
47958293 
20342149 
47953415 
8833312 
25717463 
19520565 
18041870 
37299478 
36901062 
20593330 
26128206 
13817452 
44777475 
21303464 
19143447 
18906805 
11861992 
28788603 
20574598 
31463699 
46352560 
24142043 
22456145 
31437928 
38090958 
17110557 
20100967 
46791708 
32804724 
25321818 
28900279 
17448319 
18137990 
20964418 
28863355 
16135709 
20836282 
15914533 
39259704 
22081673 
33920598 
18826472 
46197419 
45424297 
8449052 
21989587 
7356042 
36655205 
39106319 
33164422 
43418409 
16080497 
33166226 
45233971 
19868105 
18183592 
35470529 
35210302 
31129651 
43118555 
16418477 
37630638 
15325002 
15808009 
25343552 
30504137 
26252124 
40847420 
28827999 
20702197 
15378358 
41549749 
21857452 
41386938 
20066438 
25599869 
20915928 
25042852 
18155749 
26726514 
28755037 
27659434 
29979420 
16783496 
27769631 
15572432 
32920707 
17770935 
27619311 
20552489 
27615418 
29971563 
30996736 
19739674 
26882855 
24505368 
26272507 
23519852 
30638206 
2977171 
31166949 
11333532 
19632867 
16261824 
25581667 
25351095 
21866880 
24581155 
26014376 
19811896 
17071512 
18071145 
16952183 
7560932 
18973339 
20405632 
20644059 
15044502 
23557274 
24214241 
2554441 
21743616 
14502889 
22734177 
27179454 
13669742 
27427968 
20515090 
28164562 
16404741 
23856102 
20113526 
18791776 
19108682 
11754072 
21172559 
13854692 
17843961 
7782042 
19082879 
24932013 
21236875 
17340974 
15781624 
23781165 
22188172 
22522667 
16994892 
18728749 
20788509 
19676062 
17968281 
20780236 
17120271 
17925374 
19116398 
16297580 
20613049 
23618196 
20366201 
14834306 
24105104 
23055767 
15731063 
15735186 
20296773 
16821183 
16278483 
14820487 
21219472 
14851008 
16338686 
22262593 
22135665 
19942894 
14173886 
12504732 
19418790 
17175376 
7370152 
22630923 
5956432 
15806133 
23345682 
17802735 
14713235 
22993713 
20791252 
23560655 
15387117 
19220307 
17897966 
15855422 
15117375 
14990608 
15276401 
8071902 
20824283 
14577452 
11965332 
20776982 
23014072 
4956441 
16298876 
23053819 
4511661 
22482435 
17927769 
16539573 
21218806 
22699656 
16321045 
14376012 
804455 
15726306 
21607927 
21353863 
21250847 
5449422 
16986565 
21912998 
5210841 
14415928 
9274492 
14228300 
17850012 
11622712 
16429977 
15070299 
14231321 
19688471 
16094099 
21982308 
15577470 
18739238 
18124375 
14311992 
16181186 
15021099 
17545037 
16150075 
12144232 
898491 
15600217 
16916369 
18553185 
14720411 
16819278 
20982211 
17884382 
12626962 
14389132 
21323282 
20880227 
18506111 
17685196 
16692771 
10546442 
18932164 
16899075 
19675600 
13846352 
16001232 
21964737 
3459051 
15961899 
14559745 
18932935 
20275128 
18848053 
18104730 
20752673 
14887438 
14647570 
17101048 
18623335 
18089913 
20906354 
7239422 
18598931 
14634720 
19979118 
15109143 
20849453 
18500363 
14334545 
18434717 
19421326 
18580173 
16370848 
17746927 
7987952 
22164556 
20028920 
18092474 
18164290 
15709888 
15030251 
16036927 
14977120 
18404087 
15770837 
20158804 
15802457 
19913189 
19242071 
16926572 
17120297 
21599720 
19867858 
12820422 
15351903 
14239097 
18980533 
15794397 
20977701 
16098172 
17530705 
17108886 
15177921 
14479801 
18521773 
16631002 
14111068 
17810243 
15297019 
8039622 
17135925 
14583624 
15629634 
18312587 
17062689 
19031172 
9071212 
17222625 
18895192 
14063253 
18808745 
17821097 
18729658 
18195039 
18187278 
8119812 
18347200 
15700171 
14903294 
17053091 
15674143 
18474336 
16474564 
13694492 
16391771 
15592692 
17509752 
15400553 
6604762 
14869476 
14927816 
18259379 
18048053 
15188981 
17324212 
14248179 
15461600 
14738568 
14404911 
15363277 
18013305 
18052384 
17373169 
18056952 
17085454 
17982724 
16347108 
16849677 
17869160 
17597658 
10271392 
14273622 
17099499 
8495632 
17411352 
17143198 
17234286 
2601311 
17536486 
15794195 
7188762 
16182056 
9699692 
15079910 
7622152 
16620173 
17223180 
8264452 
17087436 
15629952 
6909872 
13101432 
6718782 
16866541 
14804002 
15787053 
16476002 
16450260 
16346616 
16112232 
14911137 
14470469 
16262194 
818836 
14567976 
13338102 
9017382 
14272663 
16556926 
15838767 
15948663 
15646555 
20 
15530522 
2973971 
16361911 
15146065 
1088671 
14879591 
9854202 
