24668736 
825820004721508356 
777647715295588353 
450432893 
721426964012208128 
1879417568 
705787839263465472 
2335702586 
2484106872 
766328687897747456 
2615224639 
124244642 
395704095 
729416517113262082 
110166514 
248339921 
19789439 
549421530 
4805933609 
20900209 
585052526 
243742269 
33903907 
488767988 
2979122512 
715157438710751232 
702657941606772736 
2376176474 
1695738678 
2319108198 
552582271 
15846407 
44196397 
90420314 
15506669 
2460302196 
1583834534 
3430258989 
55648199 
3099146848 
423489309 
205404469 
65647594 
13784642 
2252743040 
226320142 
15898172 
3386674997 
3166034285 
552848080 
19058407 
30261067 
1518901116 
1364930179 
1163765557 
259519690 
24318545 
5746452 
20793816 
26534772 
41712825 
19733785 
467739426 
275686563 
18189945 
15324722 
189252968 
86127027 
22836511 
206751775 
567562934 
274673392 
707867238 
2657701584 
146601627 
2269999670 
14135286 
14607140 
42868885 
266400754 
17059979 
577328624 
302666251 
2389132201 
1462221 
312031684 
1448046859 
19777398 
14749606 
2649802700 
2833399884 
2274846902 
66113030 
705497635 
20545040 
57474571 
143576894 
42950930 
1163160492 
14885860 
849551444 
961445378 
970252190 
959827788 
957256051 
887005514 
537124038 
830895086 
818894616 
826610479 
20282100 
15224895 
247483633 
30309257 
15626766 
153101607 
43024351 
103074779 
107739013 
226581596 
21170612 
37649825 
44177383 
65707359 
43815541 
74594552 
15010418 
26069026 
28576135 
11211372 
15934790 
16619832 
28184452 
18164420 
16630062 
25565646 
18148907 
21770611 
44902513 
19562228 
37710752 
119897041 
41635723 
104315187 
26730532 
25176969 
171112947 
138441237 
188326483 
14230524 
159562701 
22037961 
14084032 
24692882 
82184065 
18908628 
23077947 
26579995 
31498418 
16660877 
15627192 
22048008 
22167056 
6703212 
32692084 
108426808 
21678024 
124021561 
50115087 
18179645 
20132159 
23032184 
128268690 
50631904 
28833410 
40693781 
87754856 
38531995 
106577394 
27881646 
34422599 
125825837 
19471190 
13674082 
22090282 
7572212 
6070762 
121557035 
125348616 
116809670 
118975055 
36771809 
104650333 
2142731 
6476742 
14192922 
43927829 
47508200 
123992221 
31595137 
72644483 
16337708 
25502100 
32171828 
25138463 
78133467 
40349928 
47779964 
37273257 
43174323 
15488097 
58540323 
87285403 
15457097 
77347455 
116977426 
59023172 
20265548 
1242511 
20250310 
39582797 
21968928 
74539063 
94521597 
88966020 
36782237 
15728161 
23962323 
116040561 
16555863 
21118443 
16017996 
42871498 
41717904 
31501054 
14955353 
90254421 
14882900 
98252225 
85891683 
105263800 
87520051 
79085644 
50393960 
96808001 
104798321 
38465258 
59524045 
19611483 
37447610 
19291345 
103012805 
69432192 
21611239 
58166411 
100541668 
42703075 
87730623 
23092890 
30915849 
16264836 
89780263 
42359390 
18348285 
18753325 
15461733 
94277695 
16897160 
20635555 
66369181 
31531253 
16344134 
71597660 
19199673 
94208697 
52497758 
15991374 
28221296 
26585095 
44022557 
793926 
24740039 
15234407 
86775205 
19787712 
84249568 
22081522 
17907509 
29344169 
74021398 
82412928 
54645160 
33711024 
17822089 
62907180 
28542415 
74580436 
24798547 
48002844 
22128637 
31098756 
81381725 
63234040 
57374271 
27670481 
27724771 
76814100 
23117133 
15032736 
18746273 
18354959 
73841024 
52768208 
22971980 
54680395 
16029857 
76732696 
30018613 
15293735 
14086744 
47803251 
31112324 
66408738 
51196881 
14823150 
72675862 
19614344 
25681997 
44425526 
14661779 
34743251 
68915882 
14848513 
52066462 
50391286 
33911351 
15914353 
62581962 
14850955 
25093616 
24420428 
18783149 
33602654 
2977171 
30258963 
14813320 
62640737 
33277357 
18720204 
17706636 
1179471 
35825428 
16438248 
23594987 
40974333 
38267947 
14798330 
41037134 
23503181 
20238886 
21128858 
819800 
51274038 
46732934 
12044602 
23506161 
15938690 
15612654 
15118704 
14163275 
41178252 
14061092 
21732354 
57123825 
18979370 
56403220 
21245641 
14653042 
52209462 
15825547 
41157463 
37763774 
37761694 
52207856 
43166813 
44369634 
14071230 
48404572 
15601423 
20685982 
15069984 
32506664 
26697947 
17296792 
21829208 
25639186 
759251 
22041170 
21292523 
25843787 
22193651 
19213943 
17348224 
33657099 
14515734 
46220856 
25066853 
23116280 
19722699 
42506295 
16193528 
44901877 
44161500 
16570094 
26208862 
15983147 
8374662 
26621297 
46319532 
41441873 
19622973 
29472803 
17790274 
18588259 
8161232 
8963722 
32177485 
31285982 
7395782 
14892330 
38497724 
41447136 
15249166 
14324794 
17852550 
16677622 
25079119 
7230492 
22801014 
6374602 
15280469 
17374092 
38939512 
17392739 
24405149 
25166595 
18026608 
16580226 
18253799 
18752822 
18558094 
18882058 
26572460 
23819273 
15010658 
35598113 
7597362 
16666502 
14807898 
38359505 
35005086 
38739407 
16975038 
19725644 
14749383 
22938914 
22461427 
14989709 
19637960 
9203422 
20731304 
15021794 
19715528 
25112405 
34970516 
15021775 
15021892 
10716292 
38222521 
14129427 
15695130 
29558853 
18549664 
15840909 
14786823 
31153215 
16817883 
19802879 
18792823 
19777762 
19658826 
20254889 
33838201 
17749502 
19658936 
33584794 
34521771 
28211208 
22088222 
31236418 
20657685 
26544102 
24202701 
24923100 
24167739 
30256037 
17877351 
23504870 
1451811 
1344951 
28123862 
18253464 
14601237 
8295072 
15848541 
16583846 
14815685 
15431856 
26020351 
24250902 
25633105 
25391676 
20060293 
21499292 
21716257 
17948615 
17490477 
15021845 
23772908 
20536157 
24578444 
15021767 
17661361 
13837292 
15392391 
16540939 
15009735 
14091091 
18194898 
15519544 
2890961 
12389962 
15091003 
16633603 
6649212 
14647570 
18313204 
20109973 
17781165 
20608910 
16400030 
14807853 
8721772 
14458660 
17149648 
3829151 
15485441 
15690934 
813286 
16674149 
16668496 
11180212 
17217640 
14936377 
15102849 
15500649 
15329756 
16475403 
14982575 
14944532 
8255122 
14522546 
14740219 
15473958 
15165502 
11348282 
14173315 
7744592 
17842366 
4538891 
15923700 
17901905 
17220817 
17529119 
14269156 
17069247 
15786983 
15165493 
14693823 
14334532 
734493 
1068831 
5997662 
428333 
13253212 
12611642 
1118451 
