19564105 
804770874 
86640232 
43593 
14875983 
2796488318 
35773034 
755849070896291840 
24134771 
3194584159 
708254248828534784 
1531589653 
313510801 
16291934 
15671657 
11837102 
2783360521 
110396781 
23008098 
44911552 
18329809 
161896538 
889979018 
822466626515861506 
16321255 
263082297 
828794282001698816 
23594194 
985382682 
824473943931293697 
268392376 
7093352 
824320219866923018 
22355461 
41631208 
383313732 
2860966364 
278152642 
2902368230 
962148625 
605553864 
16476051 
16443326 
3161543544 
286364589 
235704612 
748637163357499392 
16295498 
23845798 
1122192223 
46090073 
116579971 
777249591192412160 
4552553420 
95092020 
43856663 
18654543 
3239677683 
3245142196 
20988841 
829714410 
251310447 
1270445293 
16245219 
14075928 
23703611 
46944488 
212278229 
1769191 
4758710715 
6141832 
38495835 
755113 
107582265 
14504681 
19297057 
14604442 
16469809 
119585039 
142890368 
2609381719 
77113713 
14505877 
30375187 
171211383 
3247370352 
18039040 
441959457 
4706498296 
281792310 
3304651528 
17013577 
2875327857 
59331128 
2444425802 
246318153 
22071328 
2302184618 
203714514 
203786323 
261875940 
2727503528 
20480516 
317984054 
61190460 
14186638 
65821521 
3213596780 
33318712 
246184121 
14633584 
235550953 
3091349915 
18126427 
224276330 
23533081 
258077209 
25064072 
738538436 
18050102 
749369012815966208 
3406591816 
62089873 
14466815 
55525953 
34097500 
2213366952 
12655722 
3883416257 
22587550 
15637568 
2815881010 
4860815989 
9888642 
16740624 
211087208 
23934032 
46509316 
18963070 
702086525794787330 
619179415 
87010725 
1494755017 
29821677 
390852974 
26282796 
3636197298 
303598646 
148658299 
22058679 
480871317 
706503085783289856 
570134555 
103761935 
2541815088 
1115643691 
180068413 
80393408 
2814541560 
259444779 
393073621 
22075295 
93574946 
196248353 
562585357 
18926099 
1397877224 
106967775 
55975030 
30138588 
14275562 
172532584 
308203370 
35831704 
9659842 
45115534 
20111379 
24199000 
483450344 
37161020 
26075183 
22492276 
169853960 
4025943378 
3092555860 
87968068 
4222001472 
14863454 
469737625 
897911130 
415841455 
38808002 
889577245 
3806844257 
88081679 
589163683 
497649301 
54680395 
18733612 
3069803903 
2296937029 
824516119 
3706 
17192308 
335342361 
3341917756 
4519121 
19536422 
340034849 
434245350 
1666099686 
16079276 
85160629 
16138139 
410605574 
15974307 
26254626 
14833020 
66715394 
1666038950 
127935483 
80201928 
520778935 
2321461225 
36695652 
125447058 
351491995 
469019879 
27288119 
21395601 
21912985 
1603439773 
271130015 
15679942 
14904201 
112791184 
35336963 
24258355 
226328183 
26134670 
15083948 
152862026 
14850190 
189376144 
2992948565 
40420187 
1161107168 
1237446404 
22022563 
1505742722 
17928553 
235213645 
14299624 
14365976 
163971168 
20972371 
7500422 
132052740 
183749519 
38271276 
308569715 
59908549 
50439390 
1309582464 
171685142 
883177495 
32504218 
2189156778 
229572033 
415985101 
15847361 
220922158 
16157577 
14750983 
1922172696 
2217099931 
7900962 
2377815434 
525179058 
1009361251 
256131713 
483521999 
541068450 
169962549 
23250101 
30618215 
216695058 
121817564 
431815946 
65609714 
25734277 
7198542 
1894608870 
2343905928 
9860682 
631980118 
3339171 
7339142 
390039185 
573332366 
85658883 
34255829 
54730258 
28049003 
142771553 
75117670 
1485600931 
633 
65375759 
222723 
146356507 
14771118 
21866842 
18644548 
17428722 
23089629 
45817328 
34663639 
16113368 
165885802 
38199284 
20365158 
385154998 
930781598 
28180320 
22151513 
53862968 
215497975 
1655747041 
215091097 
313275413 
970800091 
726485306 
159955958 
741803 
328287799 
15921155 
20998032 
28473102 
55632244 
1450452834 
14590138 
25262217 
89264343 
11679892 
904200264 
70874194 
724310419 
14344462 
740719345 
103942033 
16298447 
57642080 
143344335 
789660487 
115190692 
271966943 
16843817 
22931893 
20121605 
58963156 
15949242 
18722932 
55247508 
105918870 
756475 
300735398 
596558330 
184737993 
214555435 
180889575 
87215923 
324914739 
247336430 
198020721 
31854531 
186585181 
21809576 
44427667 
283349262 
231357729 
166845078 
305078405 
51204600 
22213141 
219152305 
609277402 
12844732 
24712664 
14766317 
534701258 
21082047 
549383254 
124311352 
4157611 
1039531 
44196397 
626103 
81165031 
15084855 
18955413 
14587429 
194122373 
833651804 
371011438 
30331417 
23839835 
18178469 
600803781 
277219019 
579299426 
1532061 
17981537 
17925031 
174716364 
205015349 
130273820 
14415338 
44903491 
573918122 
355812822 
144586398 
61592079 
18055737 
62911373 
312914632 
551349726 
63191474 
166593728 
7621482 
554709684 
277071665 
156920978 
13862172 
47359057 
16380129 
222302211 
5752542 
21512383 
276259528 
69123273 
609754317 
176774540 
321029318 
309929629 
100076513 
600404163 
37714344 
252088960 
20020021 
587989919 
15578518 
589535421 
39410338 
44184060 
16797179 
64533248 
17460256 
486671065 
373359021 
17058773 
17042078 
212643684 
16671922 
9566372 
68539586 
18224170 
391214052 
14162489 
117932428 
17985120 
22112108 
66021490 
25065285 
23503235 
378264932 
131042829 
255617445 
26099938 
7630792 
297482181 
19651853 
381113812 
278190555 
15085196 
345919799 
51084946 
23225952 
18028249 
218669401 
91312237 
84082967 
67264107 
22929310 
160662083 
14884555 
25458129 
10696832 
172419122 
7809252 
142943705 
15122153 
19897769 
313944326 
28127201 
14538938 
41383831 
15115612 
123243290 
26074603 
17222002 
22413809 
24107578 
789927 
16027201 
308402521 
275334409 
62631989 
288996556 
52566085 
163912343 
36966177 
226708637 
15381688 
200743235 
40183151 
14977120 
152972996 
22229988 
33997538 
26824146 
21264652 
151753441 
26748527 
10272082 
21001868 
29368993 
1833561 
17566614 
9294482 
15327774 
244354390 
18630671 
25182347 
213402943 
255158694 
103725734 
65114379 
214623278 
19766166 
239691068 
16132526 
16888712 
14696490 
15020933 
174170923 
26858764 
61185868 
12798822 
20271813 
109298652 
16347964 
20108097 
142955142 
794808 
16027100 
14691295 
15905566 
18393501 
41378530 
163076581 
148105356 
17481334 
10069282 
20134622 
106412802 
139446485 
127359799 
19015299 
7437352 
92101241 
21348581 
143193892 
19042219 
11868 
2079671 
166019665 
1118191 
15999241 
19619030 
143571157 
10795912 
45516390 
133115742 
15896379 
14248315 
38278426 
8564482 
116916919 
21576334 
22419487 
19507109 
36147690 
12902 
42746209 
50277194 
19182316 
21457289 
36541636 
8790772 
106728068 
23662931 
16678586 
24083940 
98972133 
100356924 
15182833 
18731529 
20448265 
24876649 
885611 
77063 
87038154 
67100074 
84710680 
18655567 
19394186 
62496433 
14925624 
30429590 
20519642 
19387570 
15319016 
18028816 
46959037 
16110819 
19767193 
83469634 
18305736 
21099301 
20922014 
21770611 
14984090 
18816614 
28154398 
18024496 
16319797 
27559439 
31184937 
1294741 
24773177 
49445813 
63508134 
15668796 
15931096 
23534388 
19614344 
17595439 
11178902 
58838415 
53122252 
54781907 
44321297 
38502777 
26914099 
26009167 
24189083 
8839152 
15235258 
11317392 
51167030 
51155278 
11447852 
18907022 
50646511 
49584175 
39183789 
18226927 
21439405 
14948380 
16063891 
16130330 
27058415 
1051171 
19677167 
18705448 
15414807 
8963722 
14982575 
20769532 
18135822 
19806512 
17471979 
15728161 
20912690 
4503491 
18912381 
18495936 
32442449 
19780393 
14145626 
14478260 
17567533 
35812233 
20603062 
27049466 
14761795 
38762773 
15901190 
15650998 
14085070 
15254641 
5768872 
17251787 
16434221 
17159804 
15859033 
22621226 
17382568 
19686370 
33575770 
21378961 
30256037 
16589206 
23383517 
12819112 
7494482 
18086480 
15865878 
1046661 
20646864 
22399770 
6297852 
19079891 
14109167 
8072912 
20598197 
10977192 
4898091 
1435461 
16686144 
807095 
21069183 
18816480 
12437282 
14089195 
20461715 
23045922 
16127205 
18099524 
13957392 
18336512 
621583 
621573 
9855242 
11435642 
15586341 
20830163 
17781165 
22795110 
15158355 
7659812 
19658826 
9690162 
21160096 
21154026 
7161172 
21140718 
19779527 
14647570 
18198832 
14994955 
16130064 
15473413 
17374092 
15808647 
19425470 
17815200 
18650093 
18088028 
18647233 
7495882 
19005074 
15739035 
18175992 
852241 
12415682 
14258424 
11107172 
9720292 
8320242 
15291615 
18249707 
18425780 
15959560 
5417132 
8071902 
2172 
6304662 
10632442 
13348 
16692915 
1000591 
14049274 
5446692 
14570738 
18064146 
8933942 
9782102 
16491683 
14089458 
2206131 
17879995 
17844211 
11388132 
15830048 
17171309 
2674 
14642226 
16197135 
2384071 
15905103 
14606079 
4916651 
16817883 
17140784 
14307061 
14089370 
16891507 
16373911 
14834340 
16869849 
13746792 
16932230 
16951317 
16868936 
15768289 
16871524 
14343392 
16866617 
16869873 
15520981 
16751928 
6912212 
16506431 
14216451 
9698142 
7355162 
10979472 
11681532 
