2576238121 
2359717144 
1093124360 
111946118 
2158121408 
168078468 
1248206258 
91411059 
1963823209 
2789342022 
1849352546 
739090381401382912 
894355597 
139757328 
2402304913 
2293864124 
1531514912 
2586981318 
883223264 
427511552 
1060642106 
486760134 
1610671057 
974624352 
586242124 
392785641 
91020409 
2544918864 
1102056092 
994145154 
2270899063 
2898641801 
2716721012 
2272839091 
311004822 
522526329 
1166578808 
2466467903 
2857967952 
2549647958 
607467211 
1292449110 
620445782 
393696247 
2563734218 
2498429210 
2588754918 
507265907 
2266343932 
1635979987 
179279481 
615900983 
2502086889 
2214392502 
1249253766 
898377781 
379526391 
1900408932 
2645713380 
1678941206 
2319962653 
1433628480 
991401038 
985840849 
1435811695 
