1073052708 
820807699713564675 
17546958 
14662354 
35474809 
7228682 
106682853 
25073877 
701814706114338816 
823474498699599872 
379397275 
134610558 
14434063 
303862998 
487118986 
1378231782 
14511951 
28785486 
2367911 
55661656 
793069151850008576 
243291022 
20479813 
19923638 
2244290719 
84351228 
2264568804 
601598333 
111197966 
38267947 
31285982 
2882984089 
17825445 
8596022 
16682738 
708219329393729536 
2951736337 
33838201 
17003765 
66780587 
50090898 
15813140 
2733320850 
20449296 
18567018 
15461733 
21849140 
5518042 
95431448 
250744907 
2257553994 
3319769042 
2151155100 
40297195 
20117836 
20793816 
2890961 
287050642 
18637277 
1536791610 
822215679726100480 
20536157 
172251588 
15866188 
114894699 
198686176 
18436734 
317557095 
14749606 
123167035 
2654149556 
68824195 
77165249 
191701740 
66555688 
72515526 
87096507 
307781209 
633658693 
91227352 
77921229 
14749340 
76577609 
87400034 
38140836 
68321763 
53271417 
78772642 
85776326 
119762742 
76578396 
468159804 
64979964 
269148983 
721605884 
59072662 
540186578 
549485396 
473089502 
18159213 
56883209 
586671909 
2308838772 
237845487 
1437988454 
125464164 
2160363241 
29985126 
70177361 
34713362 
115624161 
80886550 
807095 
51241574 
5402612 
759251 
1270138189 
1652541 
1380107316 
200293513 
41085467 
34568673 
37874853 
95310018 
166793353 
1593914592 
18551463 
43159746 
14528306 
624367406 
15444539 
14982126 
19639160 
20967832 
16398216 
20976288 
18141572 
16971411 
21761879 
12556112 
22474290 
20344425 
22687873 
19932820 
17073919 
24463516 
23680625 
21803216 
26524327 
21809496 
18092052 
35146042 
25481195 
18467329 
27336391 
17335431 
42483192 
35186309 
20114783 
21544069 
47375390 
20563800 
49272068 
34473542 
18411779 
44132965 
23690020 
13372502 
57329373 
57055044 
58532122 
58827928 
16714969 
46994748 
55249300 
15437774 
70104160 
15780580 
14117196 
17702638 
40975049 
1945921 
66236061 
79934878 
59625543 
72820570 
70702498 
15280385 
20749408 
15971817 
114986029 
114652512 
46287215 
81547809 
17796726 
14443235 
103581827 
83541722 
52427661 
101080468 
96999649 
28615480 
125746588 
29006124 
129812006 
76036641 
18379835 
13167742 
130725481 
117979893 
78646754 
71790200 
184200258 
105743209 
110907032 
187850753 
194452526 
141021934 
31351902 
216530445 
189768004 
241459379 
14437864 
126604642 
206094398 
81785021 
266585194 
288192692 
14534565 
224145309 
311046430 
98840232 
288563324 
334437597 
318077156 
123192104 
369374327 
400836767 
442785986 
166172649 
499626330 
67818655 
450975607 
355781204 
405781718 
29995359 
832375548 
838071194 
14847675 
10870512 
103306642 
95384502 
1326550646 
176274839 
1590232705 
110429838 
1601247451 
63208448 
1401378888 
817876698 
384087188 
35275000 
341954127 
18370799 
584542695 
30655908 
818489 
147195136 
1185605557 
59003 
146223067 
15518000 
14278568 
74474794 
621573 
435224100 
149197471 
21581503 
17374576 
34554134 
198590214 
43969372 
65414804 
15862891 
19402238 
14075928 
14706139 
153149305 
16027546 
19802879 
54645160 
15234407 
74594552 
355815014 
14049061 
5733082 
34960648 
16028241 
2467791 
2735591 
331518387 
5392522 
15865878 
3108351 
216080074 
14116807 
22967014 
19614356 
424398490 
2142731 
567360618 
73181712 
144266411 
151562486 
54546430 
15587500 
8963722 
66369206 
95926298 
19722699 
14800270 
39578592 
2884771 
166252256 
14293310 
816653 
110541296 
14677919 
18725071 
15492359 
15769931 
19621110 
18498684 
95464033 
8295072 
15825547 
50393960 
15670515 
15647676 
17220934 
15846407 
36382424 
15224895 
80589255 
352053266 
44615672 
10716292 
428333 
15170346 
72553509 
7400702 
5988062 
66369181 
38463105 
20437286 
30852595 
16689804 
21786831 
27081406 
539865648 
23144436 
19238872 
145637907 
248795646 
18036441 
48289662 
33474655 
46477409 
643443 
148099531 
59757495 
304233264 
8156732 
24752484 
19658936 
42162008 
95448786 
277447750 
41083857 
23841368 
17918545 
23094916 
43390757 
59790468 
29710508 
13058232 
12925072 
754819 
1810821 
47725447 
27874816 
42347980 
28937654 
136733323 
43620839 
90910513 
48285242 
8628952 
250743298 
14314503 
125268448 
150253147 
60114103 
23290685 
15209331 
14753401 
123213619 
180505807 
48722921 
78922226 
163559811 
58838415 
23454450 
14074515 
80882266 
18082365 
15692087 
58521743 
32372834 
16809738 
19658826 
80044759 
17501654 
16878156 
14615871 
33998183 
21718070 
23803664 
23451598 
39585367 
20124617 
9720292 
20180244 
9624742 
20179628 
16895274 
16548567 
19664869 
15428397 
19576326 
62586762 
28538089 
14207863 
22674756 
15737554 
16531464 
16817883 
15345389 
16619904 
30028674 
2444931 
19079492 
1435461 
14616022 
11348282 
14073029 
47401069 
14997403 
16298447 
15460048 
14987728 
23142051 
23450373 
5898772 
24911636 
15987295 
78064138 
19037859 
17451742 
15808647 
69907128 
60037279 
81381439 
13479052 
15195240 
107141090 
102583092 
27700636 
18604069 
58905170 
15721946 
119330214 
55265358 
93076620 
119065316 
26372683 
21968928 
22170600 
17074187 
7152572 
30313925 
822215673812119553 
26024010 
25226477 
15174798 
79321561 
16245822 
103046012 
53125961 
15458475 
69531359 
63757675 
70188601 
34162675 
32274351 
24353510 
20214318 
7760472 
17535421 
14702533 
25058846 
17570129 
45545795 
23174547 
20741723 
18086617 
27584360 
20221897 
20434061 
17903691 
18313204 
18390671 
14647570 
21643972 
5899802 
19540483 
16077286 
19306563 
20774514 
8724862 
13982132 
15581966 
14792079 
19259102 
15089620 
19607988 
2488541 
5834612 
14602259 
9043022 
15110431 
1046661 
14199378 
17292623 
17471979 
14099719 
14099695 
813286 
21746920 
19797964 
3866651 
574253 
10867 
10086412 
10889332 
11242082 
8948232 
20108638 
6149912 
5747502 
783214 
7905122 
14224719 
