19468168 
23099716 
21094745 
34170274 
29342640 
17332386 
20111379 
22677790 
15846407 
34143842 
14321670 
18088309 
43982682 
22389412 
14426082 
30290965 
19657855 
15601423 
17902331 
25611032 
21485195 
43206323 
39260479 
43589530 
37666263 
19236276 
7330612 
46959037 
5687992 
25836508 
15753046 
22695157 
17089636 
8963722 
45239233 
6149912 
37118832 
18204223 
29231012 
19445183 
19126071 
19052359 
19681326 
13671782 
20002004 
22603932 
16916589 
18097682 
18526635 
26557157 
37344759 
40501080 
26785680 
29808633 
27607128 
16568116 
30978745 
16191902 
44948605 
46743752 
24459514 
20603062 
14333910 
43055005 
42996043 
46770234 
16121332 
42789538 
19053113 
17872657 
15383367 
21777950 
21956623 
21856264 
20278682 
17478028 
19732332 
19104204 
20830163 
20604373 
23248291 
22630002 
22709267 
21641344 
18364790 
23462474 
18735573 
22923198 
23140255 
12742022 
23425962 
22330318 
18629925 
16274109 
13555802 
19257231 
18843227 
16633016 
20428228 
20287770 
24492104 
21045506 
14577452 
9694832 
18710901 
24144807 
22073621 
14248771 
24496026 
23682830 
25082509 
16013349 
14303981 
9228612 
15223163 
22495896 
21934402 
23665105 
6033232 
23218861 
24944298 
25287749 
20038221 
17897474 
16632949 
22284496 
18952246 
25487066 
25338245 
7110832 
17291020 
26287962 
17068655 
20406870 
10942952 
23731818 
17467363 
18211063 
22109703 
7093352 
26786428 
16621934 
15884258 
16929386 
14161473 
16564324 
15484063 
13210942 
25611008 
23094107 
21832695 
27961087 
20369714 
26607845 
15677179 
16104017 
27990727 
23910136 
7438822 
23936480 
19072474 
14745891 
15597114 
28111220 
20928254 
20847805 
25065707 
17001506 
8814152 
28588873 
20526984 
24514148 
14987728 
20988265 
18990928 
20821119 
16552610 
14324350 
21550444 
33213585 
22506629 
33175066 
20272486 
21090135 
29833988 
23789549 
24470911 
27651723 
26799636 
35150674 
19965811 
26866169 
16413499 
35922168 
31221292 
27628950 
23772160 
34802315 
15809549 
30185126 
18561469 
31154819 
17755776 
37164250 
30277168 
15157476 
6016612 
37983813 
33547840 
38370812 
18337101 
16369537 
26456539 
6283882 
26069026 
38506993 
21055684 
17746470 
14594799 
35278378 
39252793 
18566621 
40039390 
38343799 
40281983 
40519812 
39780102 
22027264 
36383978 
26793833 
8023352 
7903182 
23055268 
20769532 
25925323 
26673479 
41597978 
13631142 
6548902 
3124961 
18954205 
21992139 
43312070 
21303154 
43432794 
43509889 
15739557 
10308892 
44122457 
17968727 
44154926 
43955504 
44112408 
19242105 
30028674 
18847429 
32520787 
14482733 
14151532 
43462357 
45325620 
18520361 
17368287 
23115743 
39571271 
10986842 
17350496 
46044192 
34661286 
19736387 
16621995 
45128460 
18435193 
20516999 
15933429 
26518938 
17918545 
25502100 
15389776 
40347700 
21077230 
19402238 
17248121 
18999683 
19291131 
20081176 
15912113 
21581503 
18646280 
15345389 
23345682 
21293799 
19060857 
23841368 
16741915 
28107042 
15110431 
19596228 
16245822 
35054283 
20719358 
20341012 
35202092 
29309377 
17566266 
29351062 
24755664 
23171573 
17876645 
14772707 
4455001 
21217034 
43653181 
45940666 
38145245 
18189342 
45539569 
27596089 
39717091 
17988547 
27312014 
36955992 
19115353 
39310942 
19011613 
44375748 
46072970 
45944923 
1000911 
42184731 
39234059 
22634653 
32868089 
31476596 
12885662 
45490820 
18856360 
27556491 
12296312 
17503779 
46402264 
46230733 
21283685 
20719550 
39716568 
26992094 
36180075 
17099499 
46235724 
46075432 
16671578 
18583581 
19592600 
24436190 
26963391 
16070072 
29502246 
45384287 
22264513 
6333392 
18365169 
28354060 
41377729 
41183140 
21096392 
17886496 
45577990 
22414882 
24342594 
30185310 
32298723 
45461449 
20557623 
33394206 
38794376 
43632258 
18431413 
34456558 
45149735 
7541212 
14551593 
27438951 
14582916 
42653160 
15403856 
18045811 
25830750 
45350509 
44398897 
20419958 
24186082 
41238441 
45324390 
16724712 
16404939 
18872278 
12589972 
38724834 
44623476 
30924802 
45298628 
32234247 
45273721 
15458406 
14295025 
40946503 
44903698 
36536349 
45537074 
17831294 
16250870 
30507538 
31489584 
21011652 
15767403 
40910049 
42483864 
44960922 
34450249 
34359878 
13848622 
43909030 
789913 
38074970 
35288443 
43442534 
16908918 
31148831 
44482043 
21356387 
24577941 
39462886 
45351383 
14289422 
44185682 
16079813 
44093647 
45618765 
26525103 
23088842 
42830908 
20632470 
24380688 
35537503 
24827928 
45850041 
45684976 
18553185 
40892059 
41838581 
24439410 
37765514 
5474862 
45094653 
18244345 
42173091 
27709113 
41753605 
18922662 
16066889 
16289761 
44193741 
35947698 
40337019 
44341626 
16928125 
38014216 
7677562 
16828211 
33962809 
14867375 
17218461 
21803852 
30959986 
19207776 
44404573 
19857836 
18253682 
44007862 
24461074 
42299912 
33908093 
16650611 
14377414 
17283272 
23128648 
22423773 
45876795 
42623399 
25511964 
41386160 
41437788 
23242510 
25052694 
41774293 
15265209 
33902143 
37939753 
38006564 
23509611 
43785216 
45539531 
40249742 
44501113 
45627021 
41487075 
16412932 
27279462 
28168198 
45598121 
14850955 
45536937 
44442711 
30814353 
45130778 
23431689 
29648076 
14355878 
15500844 
43256504 
39222523 
38480751 
41293422 
38103239 
45664993 
39214257 
25387732 
21502759 
41305097 
16807146 
40734412 
26587742 
17481150 
42649195 
15989069 
18861505 
9188712 
45725770 
21802218 
35096291 
17562533 
16855266 
45403694 
33700365 
45624241 
23182775 
24079377 
21461720 
43348114 
45479268 
29007185 
17387228 
39198339 
16646483 
25490504 
14262450 
11569532 
19566557 
45454391 
36324527 
45765315 
45544343 
43503450 
34582340 
42310506 
35377078 
41780520 
16962108 
962751 
20251993 
45789860 
19123787 
45548662 
30054825 
32781925 
45797371 
45549632 
20953509 
45735645 
39183789 
45805764 
41156893 
41877722 
45600679 
30913844 
33737466 
40065751 
45827190 
19771268 
22928352 
15233771 
29801356 
21759729 
25004893 
26070415 
43325295 
14926475 
12927632 
32578688 
45856150 
38156959 
44319095 
25430928 
45585629 
16516623 
30366947 
45875338 
33345091 
26644551 
10172432 
45056926 
45666804 
40372355 
41772482 
39244192 
26336964 
45881584 
42616290 
21003439 
18283160 
24677248 
45380163 
45545810 
7533852 
28495441 
16872524 
39323613 
15597393 
20601578 
15391447 
2247741 
17423023 
24738484 
18114098 
15006802 
15158464 
38353986 
34838092 
15148245 
38729020 
19860292 
15214601 
39123328 
12505022 
33884550 
37280178 
41675978 
18754728 
14440800 
15246951 
14413014 
17485520 
21170966 
11058922 
41160892 
13410 
17621767 
21693900 
15527019 
23709984 
16498848 
13487502 
18715077 
11300552 
9692582 
28289832 
15287818 
41639280 
17143323 
28816786 
45615221 
36649128 
20443813 
42811133 
21183580 
27489150 
15935304 
38236491 
28463838 
43440961 
17000776 
16377163 
14440403 
25383946 
17584594 
14353918 
44475491 
25118088 
14311466 
18077166 
17747609 
25791467 
33629217 
15441721 
18071012 
45440992 
5732162 
43399994 
11071232 
43927097 
25503051 
14562275 
45665472 
45315814 
19022242 
4057941 
38765780 
16711989 
27288574 
16696459 
5946672 
44472993 
42300248 
14785887 
44061482 
18584580 
15010777 
15866781 
16546913 
24805644 
44944919 
20157245 
45385642 
43835434 
17799157 
5434242 
24487050 
23448266 
15561794 
804640 
14633234 
35258575 
5628592 
20632455 
36805924 
24896910 
26662694 
17358179 
18627699 
22554654 
15548766 
42219582 
27189234 
15309486 
24546595 
44786998 
38133687 
16146688 
42026546 
42911608 
16049877 
31338362 
16498622 
12127252 
29979181 
17033708 
20982773 
32873492 
18251787 
17445058 
43265047 
18942247 
45596894 
38249003 
34656826 
14187188 
21335172 
39308758 
15775141 
27143793 
17568210 
17160410 
40786684 
18042042 
39682402 
32929290 
35584168 
45471724 
37911749 
33552406 
24341285 
26622932 
26407935 
23867858 
14505871 
32218469 
18460199 
45551223 
31360644 
14055820 
43087625 
34137011 
41620628 
22523846 
44891342 
45650801 
44698003 
23585763 
22315157 
25724039 
15987295 
39753091 
42999110 
21587197 
44383497 
26824283 
31203608 
37055848 
14923847 
19211612 
23951856 
45589767 
29026756 
2900 
18358223 
14466055 
8446382 
16963529 
34408828 
14345607 
45657192 
13696 
19127890 
16494321 
21326458 
8685492 
15909646 
21891950 
18365948 
18257276 
45656534 
16895274 
1046661 
21449018 
45320703 
22679678 
42332192 
19571622 
39929795 
32185402 
25312899 
37639157 
39186106 
34981518 
5783972 
14543967 
21328075 
14982885 
21696112 
29200238 
16658638 
17308527 
2541771 
42256984 
42901792 
36219632 
26794794 
42331514 
19827736 
38813115 
44731962 
43724130 
28984124 
14412331 
40018243 
15372258 
21917378 
34521979 
17224637 
39217706 
29752825 
23245220 
29791357 
21131960 
24425149 
19039912 
15606576 
15516022 
16195345 
41867019 
20816504 
18674860 
21010556 
14956535 
36873356 
42679211 
24281654 
44760024 
25404839 
37893760 
34642568 
19990387 
33581663 
13720162 
38043558 
14435305 
21820793 
20608063 
17135925 
41919743 
44866982 
28025250 
44351667 
37175872 
41600390 
42175333 
32303152 
44141973 
20019219 
45324037 
33946436 
19747555 
19839711 
7879982 
42852770 
15831817 
14184889 
39867596 
16819278 
44999018 
37900825 
23018624 
44704843 
21659631 
27354009 
34076372 
30232586 
27050886 
18536826 
37964089 
42745870 
45625366 
40440694 
22062517 
19932546 
27383665 
17872122 
43183557 
19099048 
44579569 
27059567 
40440906 
42914832 
32524295 
21404068 
21530958 
41935901 
45646898 
45646725 
45646916 
43328136 
44315592 
43590847 
44186589 
21495069 
21757401 
45202060 
32167591 
17375300 
19161285 
28588208 
18909938 
30492416 
44100914 
44370053 
45443311 
18419724 
26706252 
45036860 
25588310 
13557972 
45070185 
15280665 
17459328 
25130109 
18189723 
36839599 
36504089 
20737239 
417273 
29341504 
19572909 
20791899 
37799878 
43069700 
17715029 
43721182 
17409518 
40965445 
31137378 
44267641 
28138919 
9027672 
40891085 
39401502 
22233065 
20746515 
42733996 
23894200 
18333749 
24520543 
19178613 
15515672 
40198656 
15066160 
30696036 
20124995 
16712575 
43471988 
21466395 
31061499 
22829725 
45412302 
16045174 
34328135 
25467076 
37614505 
16380519 
26996891 
28670507 
20072808 
24711937 
39524821 
17453148 
35667782 
9341592 
43450715 
42480187 
20722348 
39820796 
31825238 
40862577 
40452142 
40505929 
18433847 
31101548 
17709726 
8531732 
20751648 
18675169 
41119362 
36347736 
23548186 
42781492 
42714190 
16070078 
42419092 
21481679 
43448791 
43631385 
44024847 
39076302 
43786449 
21921884 
44568236 
38678127 
21495947 
17289456 
14800679 
6877722 
20695562 
36360507 
27014448 
1201491 
25517586 
31048009 
43866624 
20478542 
15356759 
18354898 
26079331 
32173701 
16723440 
29018408 
17001967 
22874356 
43654981 
44650940 
30015776 
18305253 
37610963 
16825468 
43668046 
12188032 
15210910 
22638318 
12123422 
42328761 
35562931 
29534426 
37460479 
37999628 
22680974 
16905301 
20170495 
19538250 
44284414 
14382713 
43167907 
14394757 
22969070 
32181039 
38018857 
40230057 
43952989 
37026700 
27981550 
34630049 
26048347 
39374463 
39918312 
35796433 
14110919 
21220955 
8776962 
39627210 
43254366 
43881557 
44467955 
17572148 
40953265 
42166787 
44865903 
44649620 
44197271 
20391375 
13773182 
40404130 
14964678 
27728092 
43979170 
33472710 
39879350 
36186462 
19619694 
38267814 
40967637 
23098638 
38746476 
44769207 
29843910 
38185150 
16327730 
40536559 
31223920 
29010802 
32837098 
44921026 
44662885 
27669593 
37026479 
20055557 
28253552 
18450016 
41163425 
13271672 
18030383 
27057013 
16068254 
42365513 
42463829 
27682922 
23703690 
34934106 
36959999 
9876822 
20336268 
14920605 
18029876 
41196237 
20797629 
14475700 
25310230 
26923492 
24801050 
44512443 
44651818 
36457488 
41566749 
44427791 
35253436 
16540430 
19050071 
42209401 
15461568 
36390885 
18617853 
22551061 
44168762 
43596625 
42980964 
44954723 
24867082 
28520856 
19471372 
17376797 
41502456 
43158077 
38804737 
17578429 
15023346 
30795325 
26011092 
14118173 
20428176 
19319928 
15597260 
17870789 
15576948 
19572710 
39688444 
21381831 
18390790 
20514836 
40320859 
29542880 
44077553 
19001855 
44288248 
39207498 
15501088 
41539301 
44892767 
36911932 
40621156 
37948629 
18164392 
37929777 
38978212 
30313386 
15397583 
36863032 
14315150 
41400882 
37494028 
21423803 
18952284 
26868914 
15923445 
26458722 
29365009 
43423751 
43961578 
38262824 
41860666 
9979162 
17262096 
28349133 
38161056 
44877347 
12802542 
43839015 
18839022 
40687450 
44670718 
28344401 
42899864 
14388166 
42010028 
28633919 
19478383 
21298565 
37480374 
24920387 
44244732 
44409662 
25585665 
37522977 
14399372 
19593530 
21138026 
19818377 
39356629 
37900617 
41643124 
26248327 
17930687 
29306754 
24162573 
24683412 
32767015 
23166140 
36815766 
7331262 
21492004 
3250971 
7862352 
44103565 
11752 
19785738 
894591 
21783 
12064392 
6728712 
21238662 
15535189 
16314506 
2035631 
18575364 
756236 
21632752 
8211402 
15069767 
15856975 
21425393 
21425145 
1586431 
21425503 
21425054 
21424574 
21425643 
15866343 
21425685 
21425573 
1774391 
13925632 
783214 
10546442 
8453452 
1441601 
767396 
1998841 
1687011 
1151501 
79543 
6335692 
3312551 
1363261 
1143031 
1012381 
17905890 
12367712 
818155 
12664652 
20888429 
20887299 
20892237 
20834303 
20890619 
20891042 
20890993 
20891018 
20890980 
20890928 
20891135 
20891091 
20891111 
20891016 
20891233 
20891182 
20488250 
20891192 
18380244 
20891164 
20891345 
16435897 
20891185 
14735034 
20891307 
8418962 
14243994 
20891344 
20891837 
20891842 
20891493 
20891628 
20891990 
15924303 
20866782 
20891875 
20891859 
20892095 
20892200 
20891955 
20892097 
20892220 
19422574 
20892283 
19689713 
20892222 
20892205 
18736530 
18477292 
20892439 
20892395 
20892654 
20892719 
20892391 
20883001 
20892759 
20891401 
20892088 
20892878 
20892909 
20892776 
20892813 
20892990 
20893082 
20892877 
19321995 
17561717 
20893025 
20893011 
20892846 
20893081 
20893072 
16322490 
20893112 
20893276 
18300765 
20893213 
20890816 
20893237 
20893251 
14320866 
16046429 
20893184 
20893358 
20893293 
20893217 
16702496 
20893504 
20893455 
20893431 
20893648 
20893547 
20893653 
20893601 
20893612 
18152707 
20673540 
20894109 
20894056 
20894576 
18821271 
15623007 
20894411 
20894342 
16846648 
20752677 
18034837 
7010872 
20894313 
20894864 
20894938 
20894895 
20894878 
20895039 
20894908 
20895004 
20895113 
20895110 
20895051 
20895125 
20895085 
20895069 
20895077 
20895245 
20895324 
20895300 
20895288 
20895317 
20895319 
15039436 
17191124 
14123751 
14135581 
5948982 
16398216 
18838168 
15677378 
14518208 
8039612 
19309099 
20831474 
20858280 
20829298 
17980740 
13348 
15699147 
811518 
15120519 
17467083 
19088401 
15549496 
20643704 
17184065 
16273972 
16168848 
1295571 
10491732 
19092135 
16358038 
17667279 
20887560 
17457773 
16248688 
15871730 
3748601 
8546342 
19089507 
16602508 
18237731 
20894014 
20893944 
20894180 
20893516 
17547367 
20894241 
20602391 
20888533 
20504648 
20893472 
20894450 
10483532 
18277078 
20894700 
20894640 
20893765 
18541343 
20894545 
14794642 
20894994 
20894463 
20895015 
20894917 
20894767 
18394257 
14320343 
2560911 
20338423 
20888564 
9058432 
3725711 
16132402 
20888413 
15151363 
19895050 
20890439 
16297633 
18868920 
12386552 
20892620 
15397154 
20882829 
19376644 
20893647 
15054357 
18879637 
14989497 
19390079 
15651989 
19115000 
17462590 
20888015 
14564979 
17446887 
15400542 
20281193 
7898572 
15174332 
14579613 
16210931 
14305100 
20632943 
20774765 
6710422 
5512832 
19046875 
17960167 
15223508 
14092350 
13746792 
16971072 
19384019 
809760 
16727535 
19054771 
17992233 
9534522 
19637934 
18068123 
20398727 
19128073 
17352760 
15825880 
820661 
15084800 
1946401 
14622309 
20574818 
6204 
989 
14983813 
15537918 
15459938 
15099133 
17936939 
14647570 
17047208 
18788502 
19596074 
15921149 
14297139 
18494242 
16063891 
16817883 
16742847 
17998609 
20659234 
15348458 
13510892 
18843186 
18203212 
7888752 
18396070 
19058681 
17461978 
17202393 
19554706 
13 
17029160 
12 
14761795 
15724351 
19784402 
20425584 
13923802 
19983306 
14842523 
20 
657863 
5391882 
780457 
20214495 
