2491043853 
6974622 
824417651560681473 
824481247300685824 
824033695527030784 
825562713115983872 
54344986 
453297731 
2343824114 
3240143771 
823565852922576897 
824010746090704900 
824040625104449536 
824057746366545920 
824066331167199232 
824086299652915201 
824116562768621568 
824118138409062400 
824126001936474113 
824135739512385536 
824137712286441472 
824139632354988033 
824153054731759617 
824157441248153600 
824270573203292160 
824277855832014848 
824283253901103104 
824282005403746305 
824285809650073600 
824294442097967104 
824320219866923018 
824333698728333312 
824343328837791744 
824366696517562369 
824368251266228224 
824386163439841281 
824400401797619712 
824619671785709569 
824264707641057281 
824190260338954240 
824315778866417664 
824326864407822336 
824332206952714240 
824338843327361024 
824342512844222464 
703770406604423168 
92112822 
954072300 
26252918 
216776631 
312229721 
3405139403 
38327866 
3472059080 
46126095 
16136789 
17892941 
21282754 
35933926 
4562881876 
4625687418 
15769250 
3192161254 
213916229 
23591939 
16310603 
20546850 
21689647 
54599934 
57648430 
24199297 
24595754 
43761179 
24800976 
20514505 
34619312 
19290353 
16124639 
83465932 
7449842 
17781535 
14811036 
139718583 
14168970 
151191052 
37010754 
151634135 
185808023 
14399238 
137031302 
14398876 
15564653 
369621250 
39777190 
143136308 
393605035 
252287967 
29066877 
349822019 
556195374 
67907229 
35389965 
41197922 
19270144 
30993177 
20776732 
16387467 
2432441461 
2591434261 
204366316 
22148569 
2673960374 
22023020 
13298852 
831647130 
4423926259 
4020258313 
2245859136 
2441831348 
2248994888 
125964399 
19262500 
68709461 
165531968 
2244303528 
1330457336 
818910970567344128 
325830217 
1536791610 
822215679726100480 
3030607638 
2592041443 
1519550527 
1262438418 
325623392 
107816182 
1689419970 
95981083 
2147681 
1339835893 
1486067910 
17454782 
581986628 
718098073 
18008231 
520495808 
532569717 
241273903 
342297028 
142157505 
17773640 
17853276 
21346447 
388501280 
304740805 
361481661 
24175660 
348178787 
14920785 
229894829 
14831855 
37710410 
14824849 
95672051 
15946890 
16686547 
31353077 
100281375 
45917603 
14348307 
822215673812119553 
30313925 
27942369 
29612370 
21787013 
21653643 
17624930 
17488851 
26195145 
17398007 
14144645 
16614429 
6529442 
14647570 
14069784 
16455299 
15235704 
16485123 
18057209 
16817883 
19559695 
14912594 
14376840 
7115872 
2714561 
15163769 
19247787 
16256614 
15949523 
16575572 
14614494 
17346607 
14212820 
17238147 
6049062 
14533829 
9176942 
15926780 
10426292 
15163055 
15615405 
809760 
7823002 
10082892 
14881745 
12807482 
823408 
5807432 
14079453 
8363222 
14076555 
14562916 
2177761 
14593980 
12628652 
