59553554 
89517005 
341114799 
24190981 
3226351612 
172858784 
18974553 
19515424 
2251623492 
65698096 
36711022 
376787654 
834138544948011008 
11347122 
825043982006759428 
3046971231 
824720523904978944 
3912478756 
751504411311083521 
2211333032 
15425171 
483192121 
117189136 
16228479 
60173249 
723185462022565888 
803694179079458816 
27741349 
483206664 
3327070598 
4739903472 
139162440 
40343041 
738080573365702657 
166669818 
2796926471 
1875664580 
904872162 
580454791 
824458752724176900 
2249590315 
18695490 
15784302 
824758521581404160 
826309249315725312 
21313357 
824494641890394114 
824473943931293697 
824264707641057281 
824332206952714240 
824126001936474113 
824139632354988033 
824190260338954240 
824326864407822336 
14544819 
748657443257864192 
824320219866923018 
215207998 
2400284491 
134833148 
33128720 
824040625104449536 
3240143771 
304392714 
1378000488 
810590628727914496 
85741735 
9510922 
822517901294845953 
2293315159 
21216066 
146569971 
543257694 
75539610 
20074569 
80096621 
45895089 
818863392643391489 
2885566502 
2762463461 
449873874 
394211749 
3032082945 
3327720838 
3817330693 
76348185 
42642193 
131497030 
2810475374 
79923701 
15181977 
746387674286559232 
13393052 
130617778 
2863488598 
16686144 
577403888 
755113 
2893511188 
776198324747575297 
762745860639694848 
27806647 
413555566 
3007025647 
27312017 
54344986 
17994509 
197946814 
1183109394 
1497266989 
2260948274 
410408786 
22260172 
19042491 
4226997619 
34194654 
211620426 
1855049094 
3495225197 
2828673050 
709518596230094848 
757642097373552641 
326507914 
970207298 
728634799 
3179977818 
110249178 
22054659 
62513246 
34556109 
221878850 
3420477195 
3683068757 
2736215883 
581905692 
502135911 
14566557 
19126546 
38962746 
1673622517 
16901643 
468526249 
48428463 
14202817 
196013643 
27079708 
2517988075 
474075196 
127694322 
1525903940 
2413415324 
20182089 
3309375033 
2969909469 
3527429536 
112601087 
4912598246 
18233184 
2479863260 
119186160 
268060605 
550270216 
2800410859 
33536645 
4849654471 
2467791 
23218657 
19524284 
1173685621 
4228842440 
49485058 
386170457 
588443013 
4597092982 
4625687418 
17059612 
613497601 
302666251 
66786179 
2493497058 
60727918 
4238819652 
14604911 
797244 
85355899 
2871485014 
15236634 
659933 
3676801163 
17527655 
260044118 
2336770008 
2835886194 
600029236 
40150183 
966030726 
14204278 
3282828716 
2424464564 
186154646 
784937641 
241382835 
18393773 
40687908 
3239439347 
3344445311 
525804983 
2858517703 
2557037323 
180463340 
1933042237 
35634999 
1464985532 
1051295658 
190406668 
1087860428 
12589692 
486832798 
1536791610 
2831773406 
34680377 
550004490 
357339667 
91293793 
257356599 
77574019 
408980410 
537397285 
18161286 
2906776377 
3088694060 
814386200 
77550826 
15349925 
3096642344 
21001534 
494536162 
1409004858 
15751498 
215034021 
69426451 
35463646 
74546045 
2828189005 
995811961 
39518193 
850009339 
198068151 
2894729044 
44730484 
509791916 
17243247 
253663760 
22883224 
83682665 
14166349 
11827062 
234834462 
23947316 
23617369 
306356872 
1451375078 
10652192 
10482412 
27639908 
606453791 
472623389 
30271564 
442451803 
14196473 
12344722 
59949396 
1058289421 
412008580 
630598940 
1308912745 
16176699 
2875485611 
14569227 
473537631 
298685583 
1959707772 
118540054 
612473 
36042554 
292148165 
184872574 
93819415 
531508759 
15762708 
103737956 
2783936658 
113034662 
2232398257 
28205458 
18708466 
72198806 
1890081169 
393636444 
396262991 
438125534 
159588456 
13298072 
731598175 
44196397 
34743251 
1579422614 
614449931 
2203417849 
237028702 
2458213466 
20273211 
5943622 
1732889562 
274701323 
170757801 
198702159 
14312130 
2359926157 
2542021621 
2201496073 
2428393321 
131351549 
2463458419 
360849131 
1418745782 
15666380 
34323617 
18057459 
16331259 
1339835893 
22866150 
915726438 
127607256 
66951345 
1490861354 
14211946 
14285007 
297739018 
16362921 
1959556592 
1169292122 
47786101 
233266490 
311497771 
161569884 
38655859 
231094495 
337303681 
20274404 
1599497480 
188618838 
351221537 
461574455 
2209638612 
92247920 
2364602107 
708075553 
708064446 
1898956902 
14845017 
1946115062 
15839113 
1023096199 
399080466 
1663327039 
56408045 
16852229 
9704652 
64392399 
14167540 
43152485 
27698202 
77522305 
19354734 
14656004 
15846407 
19402839 
515710976 
51259915 
34092339 
516739218 
350924688 
393825081 
348500593 
892219807 
622235257 
20424972 
499271809 
72952988 
1581289837 
36462231 
103550181 
1715051 
1924364738 
18774477 
1465370006 
1636590253 
22843068 
17578760 
561443505 
15042296 
498213642 
1143429596 
487474524 
65733755 
36980342 
164122774 
17516149 
164242095 
21436120 
108177841 
15062280 
15888142 
279390084 
61083773 
31928147 
19634934 
14458130 
1620857336 
1112465706 
787110116 
1597491943 
11167502 
14738000 
3921341 
113819586 
412409266 
990160568 
227240820 
14873056 
167518667 
355906128 
1068831 
385340287 
21356261 
4816 
1488886736 
586671909 
316389142 
16789970 
298503082 
68999404 
757303975 
1137596628 
244634975 
573754038 
18247541 
606719708 
90202078 
83929075 
18279004 
19430999 
14321568 
398126954 
1307953735 
459734533 
249843881 
535926827 
965091 
17728340 
12331382 
30863162 
131188968 
10512692 
552321387 
202281478 
749583 
16955991 
612775623 
1342861723 
890032459 
939922981 
75069067 
23120117 
30016344 
52224232 
62882514 
851253492 
25180501 
82471606 
1330457336 
41077870 
15933168 
66780587 
46959176 
182049850 
30614676 
806617238 
488844086 
24167314 
555448499 
1323187164 
227466382 
18021035 
19479109 
15073702 
54680379 
15614554 
135170055 
40898793 
23785621 
18082764 
320744732 
403488296 
13007812 
239675358 
16669898 
143922679 
624947324 
10111462 
500704345 
12393522 
158429424 
417541680 
22084427 
271725689 
80937511 
1137700339 
16063910 
19089165 
883082780 
15291829 
8435452 
68449292 
325650090 
17702137 
43980674 
47656091 
11170902 
281616947 
188901950 
341218443 
873592850 
8075502 
20811673 
16426091 
36095579 
54937376 
216753090 
1058330708 
19674841 
19354492 
434031831 
491928999 
31043378 
1077214808 
16357635 
1107028879 
44570428 
111036252 
393806520 
15063831 
14421169 
247706926 
49958129 
43363564 
431701304 
14437777 
262543492 
17985343 
22276970 
62925329 
18116311 
2135101 
14618805 
15853000 
995193054 
24211873 
1093090866 
20150502 
2525131 
20106852 
209591343 
606330511 
109935191 
430744802 
17732153 
93465778 
1042842428 
47539748 
36132508 
59031230 
47438401 
920104904 
18248889 
53116615 
39818493 
18907662 
96585601 
44452802 
19674502 
45634107 
33276161 
10793162 
18718048 
862483279 
260864109 
41225640 
624876252 
18997933 
18725718 
80905681 
393053595 
7794142 
26038655 
270554132 
836181289 
43928058 
733599859 
834773568 
15667802 
779206729 
109974187 
259823469 
237670274 
163755960 
361135645 
14414761 
16169669 
787042152 
14773506 
788313318 
792853934 
242897841 
24659718 
426811933 
785796086 
625022363 
11866582 
325388699 
15234407 
768422286 
15195679 
8453452 
620984204 
571202103 
722936407 
50149303 
14192936 
30090568 
705057008 
724195308 
545229562 
14086442 
1106501 
51597429 
19257569 
19984453 
507846696 
735096642 
602317143 
4519121 
740109097 
61306578 
19802879 
15947277 
278598227 
147845476 
37393100 
25778539 
14684104 
8210302 
106363006 
24257841 
243013593 
617771371 
252308592 
617854798 
617936301 
113560280 
19123365 
14647570 
10438932 
18964312 
500105691 
19994341 
25298198 
485805444 
105130307 
617777020 
618258504 
59524045 
14192763 
20492399 
72275577 
22788144 
627643923 
15473958 
293131808 
463110112 
17986201 
37759934 
36459796 
617825073 
818372 
607701923 
169331241 
33278689 
276912001 
15446531 
16119090 
256143702 
50330274 
194489466 
552121630 
233673570 
55656369 
259892619 
84897329 
270695395 
48785884 
10348252 
579006169 
47517655 
561754773 
111343359 
262041062 
551433993 
486671065 
5478062 
404132211 
17293897 
381565337 
15130900 
21015844 
18987429 
14717197 
357210897 
405142873 
544517731 
1198071 
246478393 
10117342 
7416052 
939091 
50159591 
546160364 
214971787 
296977242 
48654999 
273283549 
362286999 
104868688 
31641658 
106182754 
108713959 
458387854 
81870825 
29334073 
15244339 
389974502 
16906137 
263827551 
36743910 
531699236 
422203948 
344955115 
337405519 
267568419 
9207632 
398458864 
391891226 
99179518 
74625067 
78495596 
125519441 
494583213 
329792224 
102778239 
17487795 
57113624 
272549200 
351230948 
185637973 
62849816 
500042487 
55754116 
227756235 
147611263 
19109201 
204274431 
18588775 
22025487 
325830217 
97081886 
36623698 
130365253 
16680941 
17785358 
7640272 
15558133 
18905392 
14168932 
32639033 
129211561 
23606528 
26024419 
18948541 
480930665 
248880094 
174307074 
238348008 
119722811 
337808606 
18494593 
87223942 
120207925 
112853045 
135789579 
635523 
274626857 
84249568 
28049003 
54667032 
26032842 
419244667 
398430337 
396272143 
30307127 
15667291 
408051296 
188756138 
13341022 
384438627 
57084769 
77234950 
66923637 
71661198 
19954842 
32064215 
281670339 
14880439 
14148063 
26304307 
226794163 
161801527 
360065983 
82789484 
24223641 
38103465 
62907958 
35567751 
316469086 
276843589 
35720149 
16086928 
106252041 
50647969 
339336382 
24847059 
136831051 
52822262 
250998745 
338119964 
304679484 
343021630 
15210272 
259576173 
334321077 
26334909 
282392576 
17217640 
180540375 
15691197 
186284229 
16580226 
25611008 
325832193 
30065770 
198601881 
38271276 
50457743 
79031518 
38426861 
31494644 
16975678 
47701816 
287817450 
34390875 
72644227 
31290677 
74580436 
232783642 
27392088 
14353131 
293850289 
289630087 
36697827 
112487990 
39050193 
18312897 
55355654 
263292498 
243905905 
275754574 
267600342 
132201224 
26861998 
154786349 
274649460 
19320697 
273531261 
201846344 
53125772 
31419474 
113509194 
15365831 
185172015 
16848539 
67908871 
31650414 
24931027 
15717390 
24003697 
3192451 
72159782 
262388975 
49263521 
33051095 
262351301 
117501995 
100453107 
26149716 
34774807 
44236420 
121626258 
246430577 
65707359 
65647594 
21789463 
254742632 
742143 
58617198 
248917209 
48027925 
233386754 
248595702 
237845487 
15033883 
113134752 
17004618 
23439801 
43356815 
92368299 
4970411 
7147672 
74594552 
15634728 
211089576 
23125412 
130491582 
190364901 
18622869 
174526877 
91353229 
15534771 
22766752 
44177383 
66162361 
18644548 
14550477 
14086764 
34113439 
19824430 
190592520 
106448460 
157218534 
57696633 
23380656 
47221252 
29442313 
216065604 
21880237 
14377605 
14676022 
15463671 
25770634 
18997592 
148529707 
14770470 
197655763 
9804372 
34281984 
10383 
119675037 
17220817 
19609867 
187428929 
85005387 
25933929 
188046098 
213339081 
24212723 
123015364 
180105135 
24816848 
17365270 
74201997 
15190503 
199299110 
158414847 
20542450 
75305701 
56582285 
15985111 
189830801 
15554922 
61868624 
22938914 
78370153 
140233086 
180509355 
49465463 
158426909 
156763824 
14824849 
142849190 
20 
1947301 
180755368 
93957809 
182437702 
707913 
13215132 
90064748 
161760542 
17201929 
14093394 
65289126 
16017475 
10329052 
143988282 
16266252 
15164565 
27593766 
9937022 
19942371 
158520264 
23314049 
52613032 
19279990 
16300400 
91180720 
120388992 
89604563 
168752058 
53130511 
14466538 
113420831 
14602771 
54680946 
24914741 
16745147 
8388962 
37695691 
36541636 
13524182 
4207961 
91935208 
158470209 
14803701 
158079127 
8914942 
126756634 
14861285 
144003355 
15184636 
45421972 
15764644 
19603091 
145753059 
146099195 
650013 
15572516 
27428589 
26890650 
45962646 
16250189 
63215269 
136879221 
19612617 
20778387 
20154994 
7076492 
21831001 
24792964 
15519430 
116285769 
3819701 
17017636 
678953 
124197346 
130894721 
5402612 
42445262 
128956175 
57917441 
130600864 
95262034 
17297706 
15443224 
8943 
46222389 
43963249 
19466504 
62601419 
16792916 
17908723 
15978244 
51284182 
37710752 
16419529 
24202701 
24517423 
42728099 
67650218 
9624742 
13 
113146003 
75120795 
28521141 
118735458 
117848769 
30297007 
72644483 
115485051 
20609518 
112508240 
79211485 
74161330 
44430124 
17626102 
14217022 
24769507 
24712487 
18634816 
44674348 
44668946 
50016578 
13320862 
17939037 
24626969 
21457289 
20214495 
18225966 
16348549 
39514461 
50374439 
50393960 
15368554 
16958993 
19637934 
44928343 
2890351 
70735999 
50372842 
38913318 
53297035 
46503181 
49288404 
59525600 
21689161 
14353466 
14372486 
102570694 
25338609 
17874544 
49773837 
62589395 
19489341 
18085278 
59496879 
16303106 
16013461 
16423109 
93017945 
47932703 
16648790 
14463848 
14914311 
2869531 
20065936 
90420314 
7334402 
22057868 
11856442 
11856032 
75641903 
20731499 
24726388 
17602896 
30309257 
51140674 
20210157 
18713314 
18713254 
71099570 
42743382 
69027595 
58928690 
84351228 
15774593 
50115312 
10974472 
83147002 
16714182 
15657647 
55296150 
7797322 
14999196 
53222367 
13637852 
14089158 
23786152 
79797834 
19782176 
14124059 
12133382 
32624406 
21116401 
18225685 
18128265 
26527812 
19003533 
7861622 
14478260 
54682125 
19543025 
14617260 
61040833 
19000872 
19443411 
16076265 
34175976 
15079457 
25592381 
33725348 
53699076 
10742402 
38259087 
24447643 
24741685 
14808390 
756278 
49743499 
19351990 
15418055 
39578769 
16583846 
25362979 
822215673812119553 
30313925 
46220856 
28047300 
43170475 
31132926 
19725644 
28123862 
18032774 
33838201 
19658936 
13192972 
14746298 
22082983 
24703133 
32547490 
32236077 
32279670 
31353077 
24843232 
26604904 
21651332 
20484511 
26015259 
6017542 
17242874 
6539592 
16060397 
21927520 
14303746 
14464369 
17900666 
8637672 
25160132 
6734952 
20818801 
24019308 
19160577 
5741722 
611823 
2890961 
24431892 
10648962 
14749606 
16673982 
22461427 
21719039 
18193396 
17781165 
15947185 
19348340 
14843973 
14636086 
17503114 
5689702 
14075928 
19534438 
20333461 
20536157 
20596231 
21035409 
19980947 
8527372 
2729061 
1021661 
12611642 
4620451 
14580197 
15067045 
5392522 
15846682 
717313 
11741722 
8471192 
9799222 
14947283 
16319797 
11069462 
14169797 
14533 
6424562 
783214 
10268302 
5688592 
17181589 
12921712 
9124062 
8026012 
11348282 
9534522 
808627 
7746932 
17662090 
8983922 
2100521 
12378332 
14752991 
19519898 
2730791 
14506253 
5777222 
15780402 
806122 
14995454 
807095 
19029137 
14408350 
7781612 
14347282 
14402132 
15249156 
14235994 
16875941 
18396070 
14615217 
10183162 
17510494 
18029458 
618593 
14749383 
8077442 
734493 
12077502 
14740219 
15111389 
6874752 
16673443 
14237362 
6262012 
14293174 
14997273 
16941646 
10976682 
9819862 
10350 
12400012 
17219243 
16589423 
14596798 
17220934 
17102807 
13669122 
15435089 
10810102 
791124 
14348594 
7861312 
14413715 
816214 
917321 
14403472 
15407070 
14737766 
685513 
1835411 
16485873 
16129920 
428333 
1183041 
813286 
15439395 
8073452 
10742052 
12216102 
15675544 
7170032 
10420572 
14217701 
11829272 
765653 
14231257 
14409676 
11543102 
11136712 
11058372 
10458822 
6902482 
13790242 
14095886 
12387402 
776254 
11375642 
11829062 
5687172 
5472622 
12402972 
14242041 
2384071 
816653 
649673 
755431 
14095194 
14607902 
1581511 
6874722 
5749332 
3829151 
9194072 
9153782 
