3004587905 
16544024 
836247100874702848 
790664772379344896 
139930250 
2753049163 
2308825956 
186824547 
82703752 
18197539 
23085026 
25108250 
231477836 
31168806 
3230052974 
326828270 
2445858464 
1691906330 
757625076959223813 
2601926412 
2365897364 
1911753649 
2584554793 
154216795 
377614839 
546892246 
1228422828 
789828104 
23116280 
443073701 
138884484 
30936407 
4504348523 
24222836 
113030301 
2290035798 
255759766 
34749849 
759595477 
603909141 
1056010664 
613011933 
2587877010 
1128802537 
540559171 
2928068635 
2610374101 
124357154 
42659946 
2735049362 
1923182047 
335431909 
1365541752 
1392921162 
2226326136 
2226841308 
271145435 
360086480 
30342155 
136165096 
2372138935 
571012449 
3064798077 
27823206 
306005773 
52857626 
40026977 
3251907797 
28004749 
2953972940 
855418393 
450356662 
30418870 
29940335 
223571877 
14780915 
125480897 
276345651 
928395013 
400848027 
1933134307 
150490233 
17999497 
222736897 
833935580 
16806352 
2763754782 
91186036 
2790268094 
168232283 
40276098 
46966542 
25535699 
304016237 
1128517549 
197962366 
369583954 
23022771 
2227326174 
539496366 
22240743 
719472337 
630521377 
102572841 
28706024 
2354925906 
3235223208 
3152183756 
1419621278 
25460615 
17756440 
185697786 
111998317 
43919633 
23016395 
15513604 
8979742 
314219767 
25298289 
2385749280 
195762892 
23000450 
23474512 
52920959 
2344380980 
602811833 
18919110 
37786155 
16222584 
22175800 
130997057 
28723780 
1155068606 
558729097 
22832029 
14287914 
170863272 
25080289 
1296673466 
253087715 
16801904 
263701494 
434664480 
226789724 
205481046 
488021488 
2491919688 
865534981 
130418036 
2542785133 
2490077264 
264778556 
242918532 
314062643 
2153227172 
1320736656 
1473531018 
2665964142 
851629981 
2372142372 
2387537053 
1886568014 
1697109672 
545697905 
911168108 
76830798 
379211334 
208697722 
604658485 
425953513 
563178289 
99615793 
2825224526 
305236353 
1224739506 
1179519332 
2791750446 
445091619 
534434331 
504879857 
1109917094 
2591674204 
598060741 
2165857903 
42871160 
387995403 
607552066 
2416790450 
505992794 
1949355468 
1426077541 
436243196 
2303374783 
23243947 
341944669 
146168531 
2580978606 
463075555 
1939807382 
395717808 
2336653638 
28274374 
1056985286 
15077637 
478048513 
1580693810 
870031934 
2876162658 
2326162488 
1592465581 
2570618532 
2537654306 
1002410372 
929115522 
26498165 
632316739 
2241745196 
621324275 
41300192 
2518915502 
130874318 
405725325 
635413979 
627668842 
495437034 
394489174 
112798950 
2416118654 
1359246216 
2362905181 
2397480992 
1361767128 
414304567 
525736506 
96649356 
1723027490 
446382886 
234844757 
2159692074 
2517766176 
1454532949 
23000618 
498128100 
341291409 
27734767 
90774690 
1493998244 
2713194871 
392032687 
1855652622 
33521716 
1733850782 
1687313924 
2745190993 
1496504251 
317178723 
2676963423 
1171108267 
2462749213 
167545284 
2603723210 
549648366 
2666737854 
447510049 
982777170 
2671264679 
366722227 
145778731 
14230055 
2715762544 
1621202414 
2247702122 
407882995 
1901393694 
1392814724 
817819999 
2453875235 
2455584749 
2373754308 
1025068908 
566175665 
1472490782 
19251610 
917662532 
2216207856 
26824237 
2339102220 
131737946 
1004111034 
2801518485 
1978438890 
1416208742 
2525035510 
2365678758 
2744379134 
594848200 
394398785 
234467468 
732040902 
1495630358 
193190906 
1941773113 
2732222475 
517961169 
2319284720 
2462558788 
26299951 
428436273 
2638011844 
2617474410 
52904093 
720300349 
2171130458 
1746867062 
1659767276 
1241393785 
2488269848 
2533720861 
617345465 
503730530 
527098197 
761048365 
1530775285 
1118453521 
2414904798 
1921062770 
1920919556 
1422876386 
2347105008 
2774025998 
602123578 
134387572 
432036342 
357168085 
440047614 
1486629126 
12669752 
256820201 
168314357 
2416179740 
17596622 
46241448 
119477661 
32178273 
24289404 
20102882 
312326409 
28665877 
1931570846 
415208338 
113825589 
19899088 
77278910 
52144125 
27711856 
29942909 
59675631 
79012033 
431347831 
222013185 
163731088 
117294924 
123332700 
265104007 
409739127 
47361957 
2710413475 
22747276 
124901246 
196251452 
156739527 
133420513 
31949107 
1240224158 
174095480 
72955085 
42702999 
23593931 
360945774 
579603629 
24331833 
22005676 
594946628 
106796547 
41962111 
300272000 
18124756 
204003772 
211713549 
160060982 
556449533 
280199790 
51722820 
7119102 
21474631 
126344860 
40781725 
14768193 
136106416 
2204070475 
33310898 
204536240 
13107852 
255302246 
76075290 
25790802 
26693242 
301661323 
102267925 
99595788 
1893852776 
237597796 
18358273 
2282889420 
20575903 
331971443 
155317806 
113939455 
27929109 
184550473 
236493953 
63762778 
506024283 
93508251 
2391083130 
402848108 
173537435 
22006137 
71449870 
1641178086 
388602710 
21376560 
28822621 
1328025625 
1673863412 
1620994400 
815948148 
145310079 
36191959 
2320111108 
81198252 
395396077 
252230929 
561603444 
22066277 
395712088 
34834620 
196479625 
1696686092 
331057354 
376233599 
882022242 
19524050 
22362634 
887715469 
393987775 
64434137 
88592843 
67737989 
555680181 
1416339126 
15694771 
33273859 
21246151 
23559108 
65289126 
2281258860 
19798578 
361270172 
303048990 
555448499 
75974281 
57607523 
70207308 
36175803 
519279958 
169740780 
580097412 
67978376 
40915934 
19881193 
199172278 
224449457 
579461788 
36822115 
37555491 
58531658 
31608855 
15419652 
29088219 
454287398 
112512232 
135695732 
1260674960 
34848331 
76116553 
353770819 
45672770 
39776268 
86432895 
70198359 
23410721 
46846344 
118162552 
17183158 
62917637 
57516454 
98000587 
198335211 
1384100400 
58401873 
2279292463 
15536343 
31615691 
69418647 
2249876480 
1133179008 
331805413 
25583444 
41123777 
72870697 
30406173 
1071507092 
36235676 
852298213 
275049441 
22745779 
75189015 
76759391 
17299631 
66544351 
21548546 
90057442 
35680393 
468487957 
207597130 
214661653 
31283242 
42093581 
108075149 
32302843 
95086942 
15187485 
17165565 
378009710 
315264949 
701615052 
38484817 
16407228 
86645908 
96877871 
15462161 
349970734 
166396895 
90521461 
257145854 
119224456 
20240002 
128493171 
56517028 
73381700 
25170126 
36005628 
21333212 
44424049 
52868937 
254442689 
66439253 
21323619 
88064439 
20985527 
75892358 
36057258 
17741041 
883224092 
149276260 
135731468 
18320546 
18931385 
21730273 
67574905 
38557132 
1588662925 
360718720 
50850618 
54991635 
294072590 
26787620 
183764416 
343384031 
108150403 
322743355 
9763102 
237614400 
29861179 
74193933 
604960813 
110908445 
30354164 
37807048 
20495190 
17400659 
19120191 
93091480 
161866602 
127070114 
190248224 
26652627 
1704478687 
33099711 
87392324 
276124925 
188454152 
25390799 
370733044 
14541208 
12803352 
3888351 
132341780 
380722490 
43969852 
46893921 
75343843 
14790899 
17169320 
20564501 
926620369 
360147551 
810276139 
15294801 
329295828 
81214292 
16318809 
165879323 
64298453 
75081196 
254234817 
30693761 
872403283 
54298095 
196235064 
27605899 
20981686 
112909007 
210254309 
20635016 
90809127 
288254260 
19790261 
1305722671 
1188654060 
67698949 
59002237 
29842036 
41992038 
18456892 
226993255 
16562255 
276716878 
35516695 
31248993 
22596730 
265005363 
204393753 
109438834 
18954398 
83782211 
94231277 
1202181314 
185684860 
628514617 
52609679 
56515551 
50153512 
27795423 
42214482 
25743813 
25395727 
19786749 
15346683 
25434595 
18776605 
294178244 
27086783 
68589412 
96139876 
1419187519 
30312792 
168913824 
40491800 
15453 
26109965 
18022904 
301683401 
248812064 
49520939 
161342573 
106573749 
66010695 
570218986 
21803868 
84142236 
15666380 
57747123 
92177291 
369009865 
51915093 
15900167 
491299190 
24832285 
1367241284 
262940962 
16541085 
20427275 
145029377 
918390224 
29592491 
167429242 
93733494 
116961833 
41482146 
185508766 
75123087 
1129248440 
281867422 
44935875 
724508138 
247445686 
46571486 
24346512 
262463930 
28893013 
92092938 
384113531 
10116802 
19742312 
711229124 
45342709 
15957500 
26798304 
1197167990 
310463188 
731095093 
45049629 
137567986 
34727429 
28207950 
56030318 
12319862 
17828988 
114558701 
28951400 
56518880 
26667184 
10649642 
15814666 
44225904 
15464883 
13652832 
24950008 
82162402 
20187034 
28238261 
16596589 
27503521 
69414440 
191713253 
211476130 
191295392 
33104973 
35423466 
64800188 
45040038 
19604744 
15112249 
15079003 
66865424 
97280325 
389898104 
47460061 
15101068 
30583657 
28820586 
52316150 
244977208 
217590897 
25614782 
27525378 
30506859 
14994212 
44474671 
182395667 
209103834 
62930327 
1122465090 
14482910 
636747832 
19327589 
143116973 
34656200 
8546612 
28364121 
276114361 
22941372 
146327085 
21250868 
751761462 
58217548 
243514954 
525622505 
68232806 
14389658 
499494637 
115093611 
20121063 
812101124 
364974121 
32855511 
38183161 
15036232 
829977727 
827898924 
411626628 
16793368 
243326743 
31310158 
348039692 
18353098 
574594956 
14349013 
917428927 
389194646 
302687261 
305138787 
469645494 
288572579 
75830863 
222479844 
300759492 
267811136 
34390913 
495447755 
88979067 
518353070 
541288783 
860953038 
718200091 
326959881 
256110015 
123229889 
567850577 
419761162 
609151772 
511216199 
35362630 
371448621 
30421841 
517706756 
427662484 
370282638 
244982773 
120365467 
145719473 
595136922 
22216331 
564393336 
367886809 
14404933 
38710806 
194172450 
26167693 
248320800 
216580328 
28110462 
21169860 
41651260 
224163866 
15125441 
229941457 
33600887 
600231886 
19094123 
305968657 
25118449 
6753582 
560433907 
224721200 
393695136 
571297517 
389027880 
537374915 
57074913 
251431077 
329924797 
577633622 
597001601 
31301110 
35608044 
88341929 
163743554 
432796328 
72291370 
116329256 
582371905 
342309644 
40250926 
298552988 
105884339 
71374131 
15961727 
258054595 
40974358 
552182242 
364715258 
171613551 
15603688 
44312605 
137806058 
393852070 
17902695 
308688307 
140233086 
58294416 
16035151 
252276864 
360702850 
21682561 
99783757 
360099179 
234481016 
16216996 
188829147 
170136685 
458164276 
246329790 
474472183 
474502778 
26129920 
32340023 
15794279 
342444190 
495821035 
893331 
17997396 
20288655 
322058739 
19699509 
90741956 
188512661 
357286380 
78644388 
476138339 
475781592 
466351229 
469714455 
115509952 
282481218 
56773228 
277750115 
12381102 
70564080 
27661525 
452042304 
218570456 
256113470 
158908690 
437807483 
13049362 
158900583 
41666817 
345500688 
458687351 
438628089 
456150434 
455305199 
154103154 
65709704 
357892929 
211918431 
24061566 
34274628 
323665340 
19525192 
15687962 
437797213 
60712146 
193983305 
405242620 
22160897 
18983687 
180509355 
16305330 
313457341 
441082288 
438125468 
226595041 
60925073 
10141632 
128915919 
16565260 
22091329 
106788435 
130385498 
121253189 
94595577 
419855254 
48031643 
161329609 
205477629 
110603612 
192244311 
236946641 
139757742 
347008686 
63714294 
226123287 
274559075 
270668173 
135567349 
32950792 
36681590 
19611483 
17073 
17409240 
40369362 
21973171 
402101170 
17498493 
19897675 
19081001 
37802090 
92129658 
193519767 
34594262 
159598527 
109774148 
243321152 
50742391 
222176951 
20600214 
61951463 
166319574 
224788717 
91030476 
33973813 
123567530 
43113942 
165793450 
260327766 
27747283 
378001220 
32136948 
73391782 
153558677 
38026163 
52191161 
46135450 
306985597 
46531959 
262294247 
16487565 
238686616 
231435763 
243283456 
275572917 
55700903 
201817534 
54657241 
271986007 
201924092 
221453980 
6446742 
16126050 
219540733 
16186949 
258896042 
102790509 
30022428 
266554239 
243058577 
15677036 
6519522 
256296142 
17783598 
115137324 
119495600 
30949129 
67903390 
201663567 
36980030 
47730134 
41676452 
72591026 
146646801 
154605679 
34418791 
196097513 
110470220 
58528137 
58483161 
21741551 
42900631 
52803322 
30305630 
64979237 
47906045 
45846218 
47472445 
56452643 
16719897 
85642629 
67377007 
54992016 
111022496 
114833535 
75074429 
78686252 
82954872 
161632165 
20778497 
51344979 
17511000 
103972673 
127943550 
87573461 
41436302 
54917102 
54921562 
119397288 
82195489 
47356801 
75349716 
35682474 
42413466 
54060157 
54885400 
90136586 
104888453 
21021929 
25854063 
23487456 
78408666 
10126672 
8775672 
15148860 
17501674 
20701075 
15070904 
20869354 
85346218 
17530836 
36757911 
39559756 
50360161 
64551748 
63824850 
85667035 
34504625 
34921625 
69656050 
20268196 
61027646 
46160081 
80649326 
58715636 
36407508 
52235599 
29768863 
50691947 
62097627 
53981337 
39943427 
61227471 
31936931 
36147660 
15747428 
61597505 
52901489 
46674759 
27702118 
23797835 
57117519 
15026824 
16519004 
20448733 
41876739 
50399811 
147486160 
129821143 
53408721 
116556255 
58494828 
18201114 
17871259 
70714058 
16870853 
38160734 
121844692 
121127518 
70711691 
21586418 
60341249 
119835598 
47760745 
53406409 
46730588 
48921780 
60102082 
58043253 
64971217 
65743793 
44190126 
73193020 
74565898 
78635915 
79020043 
82160462 
26299116 
59885759 
25865074 
85583417 
83883941 
88275081 
44436762 
86402687 
105227183 
25706605 
93348963 
94380941 
58893702 
95911087 
35221562 
103923310 
104923186 
107405077 
108285489 
82885612 
111367961 
77962549 
25197101 
82384669 
114798110 
53068230 
22213638 
92291668 
113724728 
42900566 
52127263 
32031426 
47353410 
47411089 
34041170 
50287932 
42733791 
30099157 
44688899 
43840822 
15310300 
40518698 
24079377 
18730956 
38318249 
38550850 
24571158 
20640703 
40260217 
39102407 
40017440 
28851312 
28901229 
30316886 
31258997 
33706987 
23534849 
34712515 
34781271 
36936983 
29538603 
29579470 
21901218 
24183163 
19957665 
25853325 
25712840 
27294731 
19748371 
19600705 
27166383 
27036435 
27026556 
19246376 
26142972 
19300021 
20301412 
6682342 
17418636 
21458444 
14956783 
19779699 
14660636 
18525503 
17063477 
19808462 
18107821 
19675920 
15155170 
19666511 
20257277 
18437876 
20729550 
14194468 
17446614 
14385685 
18894823 
1501881 
20568210 
20536317 
14774635 
11788292 
17966818 
14687099 
17375852 
18394257 
17416771 
8038372 
19767297 
19556999 
17488414 
16408700 
15041636 
16810449 
18124692 
18897266 
14125258 
17883941 
19726053 
18429568 
12409342 
789811 
11266842 
14433681 
19261766 
18778407 
15225261 
17076391 
14737677 
6709 
12305 
16418890 
15569618 
15017566 
14857770 
15176117 
18025207 
18969916 
17401200 
15724636 
1683471 
18741358 
16135397 
15838215 
17232678 
17201657 
15128376 
9160012 
14303249 
15221662 
15681992 
12726172 
17145445 
12614892 
16135323 
16317498 
16482183 
18347005 
14262882 
18490025 
2491191 
8321512 
18192761 
16566023 
18815922 
12594732 
16022855 
17614195 
14608299 
14685361 
15162819 
15576207 
2719961 
809092 
16513182 
4020391 
17285733 
14143831 
12472262 
16445336 
8878512 
6734892 
12043772 
15043190 
