576665271 
1444640527 
1883522071 
21713090 
373625763 
71336907 
29962394 
69076851 
37350044 
794979 
635687291 
2427866480 
1111622857 
2554760052 
14278539 
193336799 
2829478357 
2425848920 
19912099 
100016553 
15601423 
60845918 
2961841523 
2971333659 
3522549561 
2321301924 
24149191 
735766185506013190 
3188676212 
568197168 
268343323 
3309375033 
440964196 
1722650852 
268169874 
901963182 
1259476573 
436484575 
3030109822 
294007947 
43752952 
198108882 
3121238260 
136684490 
403553127 
3040619717 
2557362007 
2848286854 
3134178207 
2971510366 
267247267 
168264219 
1324253508 
63439660 
14598096 
3395291825 
2876658135 
2443764061 
15133627 
177573478 
821939588 
243558604 
3246351393 
48652041 
9568572 
256123314 
40746244 
2803860582 
1119651342 
2905212093 
3155878800 
2978435333 
15205603 
408433404 
3003013211 
2281701415 
15180315 
32337424 
15383592 
3021171089 
399383501 
2704947698 
226113426 
190796445 
16201453 
44868172 
10215212 
17029640 
419425002 
365338991 
431437050 
24163711 
107225626 
17425484 
93630779 
394756944 
14048901 
1023072078 
107549739 
9662352 
57607103 
60709500 
130775512 
1562935142 
495837372 
1641150530 
24844163 
80584886 
10125682 
1221132001 
500613587 
14328339 
110745217 
197953398 
15687090 
978213132 
1355267858 
30321837 
458402678 
21782879 
2467901515 
31113188 
20384879 
194084833 
24184130 
89913394 
2169727533 
2469333848 
1140673969 
45326386 
2816920032 
161626270 
22665109 
198426285 
162044153 
945904195 
386431435 
253962795 
296775305 
1601664624 
224321731 
2780161439 
26244404 
223883854 
25304992 
19654935 
181117193 
406485265 
329331756 
181091752 
111933203 
237087413 
563527715 
604721724 
116545535 
171045662 
14866932 
308463682 
831276536 
14936846 
54353031 
839561 
21746453 
379165101 
112150907 
1432691322 
1731025172 
945740611 
27243614 
2226296004 
1457169259 
603000672 
46690889 
200629620 
20580783 
625861427 
193690763 
18744957 
1909194540 
7380362 
1242122952 
1225049036 
37752766 
1342769731 
2277495931 
199247233 
185183954 
44735067 
2268897399 
897616663 
941159412 
933323216 
1379184181 
17238110 
25996257 
253597932 
29217524 
385360961 
16870421 
1586926554 
28946879 
24803438 
2242364952 
370784087 
328488502 
858329911 
89894058 
17293337 
2185017954 
1833278893 
592824455 
19245426 
2160566456 
316381607 
960794857 
19534873 
259288589 
1308234810 
891266474 
1430587578 
23632704 
199916210 
1489776218 
18280529 
388152149 
89736834 
410615961 
122325457 
420339312 
20900741 
15169089 
50305796 
726120764 
29948074 
630068728 
174623785 
52008352 
517941107 
1059718676 
18316924 
903572174 
21604903 
619315686 
6980912 
91402185 
1415054660 
40544415 
80286456 
21763690 
628204633 
1871081672 
3193661 
322588342 
1680445418 
1157888113 
84149182 
1686520009 
312089008 
576459082 
469551333 
199743728 
1561044344 
335470192 
2864051 
1566678475 
170376333 
310905513 
15002012 
414825929 
1551593472 
1525752132 
1548399319 
853111176 
634630203 
54645160 
4066341 
129203433 
76672905 
205149284 
15775788 
113609203 
912939991 
335375638 
227730369 
17527255 
1286134950 
222492424 
507392887 
24150820 
531701221 
28323892 
47925548 
13811562 
19902229 
145670588 
10955762 
15677105 
803165588 
1336611008 
152687607 
25303558 
90405353 
394060363 
1174927572 
168129277 
45814239 
51039784 
20983739 
60885211 
610054592 
275914271 
405905268 
15206954 
872675798 
943389062 
1249676186 
79997785 
137703483 
23775102 
253508689 
36636349 
14636531 
25115550 
612720261 
15403525 
15083026 
90627994 
467574803 
1193686376 
562969911 
606222721 
845904529 
632010397 
1139340620 
1153873112 
842181553 
95943830 
211100598 
288723364 
50355093 
309944255 
777698996 
869919535 
350141214 
901943335 
1101019033 
95620283 
261328482 
1788441 
33300246 
22149985 
449682786 
29693363 
1022184864 
376057192 
317356748 
16366218 
21414684 
61186773 
64653422 
32450519 
307425126 
103696944 
630467983 
931927232 
813286 
126448225 
915302917 
14523801 
378466384 
261873102 
36350782 
10908112 
632752472 
206258975 
17208165 
612039205 
848514416 
135998621 
115637846 
205684599 
19913158 
117716638 
415418722 
633681722 
130610731 
6321572 
456852439 
23495980 
28593250 
6410432 
273439843 
299662728 
27838201 
25330903 
207410067 
302792595 
234417141 
23095072 
402884337 
104506667 
21086048 
322577007 
20193797 
6849492 
267819521 
19341539 
373872203 
393416919 
7458572 
280928250 
28633760 
557567243 
627358296 
221549678 
4935501 
421053282 
311347166 
169453042 
615173131 
5715682 
273956196 
300312280 
614622739 
534255106 
191948440 
2729061 
84699037 
111317745 
95607600 
18219036 
17440007 
19024502 
15019951 
157410317 
77185790 
5847132 
281442416 
41816917 
15841875 
56648781 
14223960 
400090080 
271463175 
2172 
8735502 
9207632 
25340442 
22009731 
207524501 
21756699 
157218534 
44652237 
23937508 
166202520 
212170610 
244017570 
73147282 
114554280 
14751855 
297886619 
44420535 
241917305 
83922444 
494047402 
7129072 
462068329 
397890671 
391889665 
44234494 
160948785 
19145688 
235317349 
19657120 
15798534 
14074967 
20582850 
15278101 
12098 
32493647 
315291758 
111050078 
104615636 
135182453 
11439402 
271498370 
23959449 
75253599 
408733008 
58445274 
157102281 
21110235 
20057312 
22612848 
23757410 
6753632 
5502782 
91160389 
130101211 
50462250 
125016313 
24928139 
267784958 
139724950 
360155897 
820118 
19039558 
222084811 
65114379 
23609696 
83603508 
140078461 
456106205 
460246803 
102455332 
22839233 
28098788 
377000432 
329482175 
19064312 
432659269 
459310766 
28528827 
329600057 
43358159 
132523809 
160864353 
17368648 
28826570 
172460834 
278656915 
491427267 
8750162 
16851152 
467579120 
467894517 
105218461 
466633634 
2903271 
292865810 
198101661 
439205253 
20781932 
6639572 
185367953 
384178442 
192855013 
437814330 
428983004 
36150442 
64575871 
242488617 
212698047 
447796155 
67643 
47988148 
399307197 
427263712 
407703993 
41783907 
63477927 
18653598 
21118089 
222444675 
12020082 
88628745 
309155281 
11269592 
19021395 
138850714 
152030226 
19038395 
372187968 
364542158 
769254 
113130846 
19700331 
209575740 
117886603 
14627436 
9992572 
15077051 
39025608 
40961474 
18586031 
70702143 
13370272 
46640525 
231706630 
20767551 
125090015 
33249457 
18240185 
31193875 
358132672 
212998115 
7943872 
373251435 
16426541 
19399059 
61286352 
27203725 
168828976 
151911629 
22843337 
35715105 
20631422 
2384071 
300168170 
15738482 
7101692 
6331462 
257250196 
12419892 
62874948 
41679916 
179519653 
45138002 
6635012 
59805319 
89720430 
279144084 
268318383 
104127616 
28667330 
22977527 
19064473 
309267866 
14378529 
19922554 
18866043 
14383556 
25301268 
15862493 
17527188 
15178584 
39316858 
318927704 
17884838 
314169772 
340317111 
137705382 
342657890 
50003785 
94383366 
53032459 
18215949 
20276317 
65392042 
102381109 
28103100 
56381583 
20406612 
53191746 
64250417 
17836506 
188276084 
140157674 
20420810 
15596500 
72131172 
23578050 
264058079 
121812725 
11842272 
272105596 
44761027 
19865837 
39096276 
7224702 
15765018 
21312954 
277012264 
15015598 
19981257 
271350550 
73359699 
41397618 
80864547 
228002387 
17950167 
656043 
16469978 
13010422 
202885723 
19530310 
185759091 
276224538 
16550586 
208209869 
46114448 
72073394 
14973943 
3027 
73224478 
37768287 
113194588 
266672774 
781240 
7036422 
80327051 
17923545 
18114516 
188679958 
271862636 
17386079 
18193786 
16690663 
17007784 
12199652 
10077242 
98672494 
14835652 
22758555 
228252242 
264124770 
117218161 
24219300 
17455070 
15915259 
792546 
15793469 
25923 
13241152 
13942952 
205360086 
816653 
132299761 
206328569 
5692012 
161114184 
6083872 
15719886 
181177306 
11550572 
7640782 
15475461 
21917656 
16629534 
88582924 
25325260 
16933716 
14657767 
6653 
14148491 
36930131 
9900492 
16094970 
6767432 
17663756 
744713 
224198041 
96784454 
12223492 
24814398 
35698562 
74512239 
236552278 
123985920 
16497324 
15324371 
644603 
14141017 
113924243 
34409743 
168679723 
227726900 
14396029 
235179521 
235170725 
170633394 
235092083 
27937612 
68138186 
43160985 
18550413 
16343974 
23410262 
18622869 
18126845 
37671948 
49457533 
102094857 
15859033 
22080808 
5444852 
51203 
155871966 
109263012 
19282280 
211852786 
5243661 
15458181 
174740894 
7383222 
19767193 
21922974 
19128801 
54643307 
111362138 
76961834 
25809910 
87451565 
19644463 
214120162 
106201775 
135467133 
17557880 
85368735 
19791095 
84173018 
4156511 
18332376 
20776885 
211473135 
101013718 
17510581 
15309740 
19062108 
14870554 
16720467 
16138341 
15016131 
19259924 
16099261 
12696742 
14448712 
16737023 
15390813 
60842743 
61233 
132500869 
206661388 
58431280 
18251689 
18448883 
33902093 
25088519 
78030743 
14314709 
153453793 
137651279 
65396616 
189467602 
17855790 
104585489 
19530134 
96230203 
26476395 
20693661 
15568496 
203690574 
51837775 
17062849 
17963883 
14761795 
5732282 
143878632 
12542672 
135583203 
11518842 
123665001 
19348904 
19939365 
90880448 
18779876 
24169092 
36043823 
153808250 
8241892 
15582043 
18096679 
7460872 
9669372 
169841571 
791081 
149689194 
20849273 
14662919 
19993267 
16681111 
190257260 
14176607 
11435642 
37570179 
72319168 
127360026 
21342060 
155546888 
11169562 
5664472 
15789903 
53340427 
20523099 
39522692 
28567809 
21581503 
19837528 
189065376 
8170292 
19422141 
5988062 
32361262 
78433570 
112398730 
138699436 
16201362 
814833 
16627311 
17213134 
16434960 
82370093 
3407301 
25390526 
15366608 
104786280 
92398758 
24593494 
14316872 
6103372 
786491 
8947082 
56999787 
19715854 
26973164 
88722311 
20320493 
14183691 
76699391 
19178857 
2770311 
138771102 
27676108 
6872282 
132878028 
10900562 
125743025 
22613495 
19421357 
19045503 
124981451 
19192370 
93598548 
14721255 
23587765 
14534791 
20368987 
84351228 
114773847 
15842852 
9195242 
126294936 
1511801 
14530033 
64623 
117493870 
26706625 
18705468 
2556971 
115632170 
17683482 
95049758 
117247625 
21425125 
38849887 
14121522 
75573782 
21396487 
61150427 
17041594 
19545931 
113148132 
14830928 
116555233 
111111403 
21669657 
15588868 
15734342 
14815260 
22949825 
14789619 
14097375 
19871716 
10105572 
20315343 
114442518 
21890668 
81496497 
15376357 
17539313 
68721824 
102047131 
111313891 
18717582 
19813197 
18674685 
14520313 
814859 
2499061 
4395451 
14293448 
22363802 
499673 
963121 
23575775 
102107018 
4170321 
19387570 
17062358 
17939037 
41383831 
9595632 
8683242 
48689682 
21907474 
14217862 
14335054 
22379795 
2564281 
1077971 
40323401 
24679944 
40873581 
14172908 
34901745 
87917348 
62499092 
20840908 
26487100 
17018575 
31104559 
16401210 
90219306 
8531352 
18018138 
87699418 
17113747 
1740501 
19295623 
41167959 
21576334 
36959762 
14128641 
17453131 
59092288 
60595310 
14142656 
22481472 
16110539 
17053097 
21646915 
57107167 
16589429 
36024756 
22128352 
47610041 
14995828 
17385903 
14104027 
16277062 
46959037 
55216586 
15366564 
20930959 
62823612 
21144202 
15022553 
42962254 
17941311 
14613644 
14879481 
26770467 
1081 
14278978 
15317462 
2834141 
66998204 
23107700 
14562278 
60938786 
53123323 
29483138 
33908194 
12049922 
7451022 
31263739 
10919522 
21293057 
11580962 
13224 
9739782 
23767921 
16652360 
810034 
788498 
13443102 
8508982 
6420312 
11952292 
18670726 
20841723 
17287588 
19676294 
82243 
24890523 
12026722 
22239898 
47923396 
15388988 
15010584 
14281677 
23589873 
755261 
17438751 
3364401 
39713727 
20682766 
25659465 
45205091 
14411713 
15480520 
27212264 
23050493 
15257409 
40003010 
762274 
15274435 
1148081 
6431582 
24239110 
34884703 
15492023 
14558138 
18437679 
20124910 
39093 
17646300 
20929011 
5528412 
13241 
15997724 
19128722 
2025531 
16014236 
17583828 
18904582 
16040084 
23772160 
14711491 
21666115 
27685121 
20333461 
23841232 
29717814 
31369310 
31397675 
19878492 
9950972 
18380842 
763699 
16612857 
17946250 
19899162 
19963701 
19547095 
12076842 
26788521 
14292150 
22031058 
19422356 
13709582 
27402724 
22146373 
25671405 
8555672 
76133 
16308828 
16470732 
14065694 
14305589 
5693192 
709143 
16391753 
10203002 
21813005 
26560664 
15904139 
10287672 
1668011 
19900721 
6612402 
19714560 
14281535 
621583 
15700906 
15582945 
19190028 
19653048 
13090032 
20587056 
15401956 
13341432 
7731752 
22346698 
19651192 
25059331 
15946628 
16958570 
23403722 
15689760 
20431389 
22132065 
24159964 
70673 
22129100 
24149889 
1295561 
19566344 
19186532 
21196879 
18629039 
14849377 
19979902 
19293386 
14309036 
16697717 
18313204 
20600229 
14787587 
16884750 
15987295 
15929203 
19655985 
12725862 
23066372 
13767702 
17967436 
15480686 
12902 
5959342 
18058741 
17843175 
17786623 
14184597 
20376113 
20037966 
16432203 
5798782 
22124685 
22067834 
14647570 
780100 
16242432 
14925515 
17006370 
20317618 
16272222 
1322521 
15808647 
20995148 
20986460 
7400702 
19234098 
18726043 
17405435 
7905122 
14431752 
14353202 
15929273 
6467332 
19915362 
6107682 
12435512 
19976630 
19181631 
20153200 
6705042 
15340496 
16411617 
15389776 
14487007 
19060857 
19651991 
19395643 
19283035 
19244961 
19098596 
18192123 
18865355 
18833947 
18106869 
18629350 
18802308 
17534489 
13666 
6307572 
5678882 
15028968 
6549332 
72103 
21723 
15439395 
18355131 
18345285 
14800270 
8161232 
18044399 
6141832 
14082799 
1294741 
14224719 
752133 
16141317 
787166 
5784152 
14190551 
17649293 
6888602 
6889182 
17337821 
17309853 
17290532 
17285630 
14764023 
17230341 
17209460 
16988564 
