22419487 
910434625 
102647527 
2817944732 
2911221 
18160106 
3301743261 
546374357 
430995737 
897861037 
296427309 
3018737579 
14807898 
4625037762 
860512033 
763156668699975680 
273375532 
961231092 
3092283615 
314754247 
26205565 
360369653 
9395312 
7758132 
312544868 
3011037227 
24570410 
207617689 
1539866125 
2364565651 
386056280 
22389244 
15128675 
381194926 
512554477 
347715542 
61736731 
274744519 
75742264 
955698157 
2190400352 
39279821 
803293184809897984 
1365460075 
43727347 
114142293 
10666172 
2334732225 
117808491 
1707427058 
175624200 
142998242 
19983050 
39000185 
22920215 
187965811 
233484761 
454819292 
123085951 
419520517 
3244305970 
247368688 
1483064670 
20729766 
471287735 
532690100 
506486097 
18331985 
19318521 
275772005 
1460727739 
371726146 
17980523 
149913262 
15865878 
3149440349 
243223954 
384238210 
460493 
498210042 
94576198 
367873443 
376180305 
36974428 
15936867 
4178442737 
2507081408 
16597587 
3898598357 
1346257728 
25303558 
65670555 
33388399 
745600340 
176348732 
144658847 
1702593014 
2908001207 
406842374 
347863892 
334714682 
142309190 
237380844 
800055252 
376775023 
3176279903 
18541636 
352660052 
1902773580 
188736341 
14291896 
138141969 
645503 
316348903 
1628552390 
17006157 
10250842 
4218544247 
393621632 
15201021 
380749300 
111778335 
14128834 
237087413 
20526449 
20731664 
367008160 
2914420617 
571707966 
11939852 
54930650 
704652692891820032 
34042766 
555370896 
54530089 
1480749782 
22812734 
227530730 
175420754 
65322179 
233918728 
1580771017 
168644899 
12991842 
87533919 
14304714 
19602678 
80862758 
199076944 
728321012245368832 
731593382926127106 
1007638597 
713877778681171969 
257890154 
8307912 
85794542 
316389142 
2385273733 
610659001 
235172191 
25177807 
4049573897 
45579282 
431968702 
15912890 
46078438 
142696824 
49352334 
616718560 
15305044 
1856616698 
108140114 
4827382553 
42376360 
14372143 
4597092982 
44881226 
1542533869 
245730076 
3997523909 
2468252230 
782757 
385733054 
15077782 
111052952 
2914218771 
2861236503 
813432 
3224409977 
49281735 
2912775339 
2645184110 
193919843 
35753334 
2964008403 
8210832 
2788401541 
2876465573 
2407903352 
542028832 
16137765 
15192694 
944694372 
2464871957 
38676903 
33875003 
2778758839 
118737296 
14614967 
2710715024 
20891396 
16470495 
373036953 
20547633 
1429814376 
275512643 
74718655 
2683131903 
288333760 
52818366 
1110553549 
1337785291 
322896290 
108384285 
93131556 
56839088 
2552785597 
91155285 
2480079168 
2543588034 
2497242884 
50596368 
152656121 
610219779 
16705804 
78614943 
2180247012 
33029059 
19742143 
437484436 
385638405 
16402446 
134567015 
2435327624 
14415338 
544788276 
431196151 
16883349 
211582387 
220935113 
109557303 
791733534 
104786280 
211917765 
47876842 
524545961 
74184469 
2228647020 
21232505 
272448767 
21146516 
45540174 
1184647243 
958295827 
594666501 
2408740558 
142728897 
398915413 
270459817 
15905566 
19767193 
96930772 
264124770 
19530624 
455084468 
378066751 
534165875 
48705816 
93187905 
282774053 
17666727 
85583894 
152954171 
15687090 
361593313 
874769851 
206001945 
1485433387 
2291638304 
8075792 
16019718 
840475562 
63919171 
2354013972 
1187955571 
1894608870 
72103163 
2297929358 
2317524115 
2201024219 
200310020 
5943622 
20665229 
1917509269 
72929912 
16139649 
53071699 
1709788578 
1430291180 
429057282 
461600673 
750823 
1639748756 
2302184618 
997629601 
828847536 
73584769 
15589815 
1591956090 
153327839 
1124581568 
1416260550 
2178928094 
402676244 
252481460 
1267076509 
237845487 
281046179 
1900720267 
45724110 
451128139 
1571270053 
1708512536 
17079503 
1363049263 
1349588593 
350795008 
39604590 
231183280 
27521445 
22165295 
22913263 
22395295 
398490298 
92614042 
20280065 
1561320768 
35206553 
20664986 
14061830 
1660468830 
9943672 
149103331 
20241784 
216654039 
19149578 
35767597 
271986064 
1973559199 
556151596 
18847562 
567395280 
274626857 
277443779 
46800814 
1732829419 
167781299 
18980276 
1673763672 
116562680 
1578962564 
1518266449 
1270799208 
1640508319 
600453445 
927285830 
506429053 
1086485478 
1618983901 
8178372 
81863407 
314542038 
35803 
629523445 
602317143 
1382286386 
267266711 
14205316 
142519146 
45420135 
204832963 
293601824 
117711631 
17503180 
1114865460 
741053695 
25024170 
612679973 
752430234 
319186866 
1120626926 
1364930179 
282814612 
770117712 
49279876 
515766653 
90713859 
378272434 
1201951519 
384923143 
14507310 
228166929 
382906449 
816490663 
493629962 
284228570 
1023072078 
35810531 
289246577 
70736359 
64250417 
631429695 
14632294 
18686907 
55216586 
207256884 
116921993 
15768483 
309670135 
989633635 
1303651 
456636692 
296129356 
93219986 
498124679 
9534522 
780312842 
607056454 
740109097 
15473958 
75974281 
84351228 
25734277 
20466178 
140547998 
154474160 
12381352 
157799335 
20304556 
61804151 
588015294 
74146095 
142614009 
563200400 
524691753 
596390670 
223416400 
131086430 
18019553 
17992632 
733813 
1919231 
211106542 
44196397 
557822279 
409292317 
641433 
35623 
427189991 
33249457 
74594552 
382709410 
367284950 
368292391 
17107412 
23107871 
760303 
424575313 
381521407 
10452222 
378643551 
276224538 
14699388 
298597381 
78600745 
380517384 
73608541 
297915370 
8396012 
39704326 
545338512 
545251907 
112756074 
234273955 
405438270 
235470013 
264656632 
146548246 
20551303 
34317032 
17089636 
533124169 
18720595 
225220363 
10778572 
281877818 
350509998 
351384310 
16742541 
18026912 
39957764 
95418595 
21866842 
436006103 
376445133 
475065033 
19624147 
16566341 
256979481 
310966663 
28962525 
114573522 
132615314 
17423992 
97717208 
490495458 
113761878 
198584761 
76351820 
179554859 
289588260 
20849273 
189376144 
40627145 
29299946 
32493647 
299639883 
243821406 
46042366 
255617445 
174740894 
19178857 
154626020 
247705308 
146123790 
12512 
181912222 
18158545 
131570276 
13077962 
253998571 
62821255 
246615051 
180259598 
17093090 
101081754 
92241457 
279614869 
19533817 
17336372 
194732581 
87075439 
106231780 
182894074 
95428712 
129924486 
803894 
220091167 
20015311 
21611239 
151397156 
11052452 
14292054 
33528302 
11942522 
111097723 
122629788 
120864602 
70735999 
358891346 
280157443 
663463 
262631927 
336116660 
259925559 
19732825 
18439519 
310960217 
320134516 
72831048 
13334762 
756872 
18247541 
8046872 
4926541 
46023 
16198615 
18771389 
40593 
279513123 
48903 
14169916 
78869547 
20494984 
15871053 
281136865 
52253651 
15098493 
23173159 
268960137 
275931403 
7831192 
16669898 
256494877 
254678036 
47494539 
106251985 
80980086 
37350044 
14224973 
761759 
45529564 
14237896 
13767132 
14144926 
44916473 
25265427 
14182218 
13862172 
7415132 
16612616 
10760422 
18783289 
4034271 
14650130 
127100323 
152862026 
26567591 
14149971 
2426 
237541348 
22874954 
7440462 
259379883 
21414413 
5905672 
13811562 
3894011 
6120 
19544422 
636923 
3069221 
15111995 
18017134 
19990980 
897 
88392301 
45516657 
658643 
38865415 
38003 
14239331 
179569408 
20823928 
160926944 
216299334 
17340546 
172290489 
12114432 
84125491 
20128534 
717313 
111984637 
209004862 
3426981 
14231571 
11791512 
15101387 
156655399 
19436977 
9688342 
96433252 
6798382 
52414014 
6821372 
14078241 
199323713 
23570520 
45341566 
14824849 
31986700 
19530437 
190194754 
17004618 
116994659 
191922531 
57739496 
749863 
12597722 
929 
39297909 
12105162 
45109705 
168975800 
23970361 
10754282 
21580863 
15350091 
14761795 
8005492 
51837775 
15143478 
107225267 
15125585 
153753051 
69956111 
32534066 
6477492 
14881218 
14158238 
23170253 
643443 
72855541 
145319815 
79033767 
66336739 
17939037 
20730673 
20056392 
65946380 
107489557 
15267898 
8710132 
14418485 
14582559 
14157068 
79583 
21333060 
14685171 
16980187 
77187402 
78789634 
40475494 
14444371 
86927687 
40018455 
14099848 
73523 
24028945 
86391789 
14267706 
666043 
85645271 
6006692 
19881648 
14995199 
801995 
15818391 
1438651 
15513573 
15485364 
72235760 
12091452 
5663262 
49821407 
7190742 
10545 
31171669 
13620662 
29680875 
5816492 
37688168 
19483147 
1784311 
39843020 
19534873 
16129920 
14864545 
29631095 
6549332 
20779255 
18975155 
644603 
14314467 
55808399 
14482344 
42980449 
80263572 
14082085 
40101262 
652293 
31353077 
39757887 
6705042 
3829151 
14335498 
15751438 
714033 
14274132 
15782710 
18721044 
27834920 
1793681 
2373551 
44874400 
33423 
710563 
18887526 
18044341 
1591381 
19115402 
12321 
12497 
76921838 
14466055 
15890456 
13850572 
21353690 
31041944 
40381496 
17825445 
17176656 
795100 
4586221 
19000029 
45100473 
19536741 
3824841 
14087483 
23098582 
18858216 
45533672 
18627735 
21111797 
16131584 
17386686 
21679124 
12049922 
31311757 
17230018 
30364057 
57626855 
62581962 
69536270 
23979712 
18028864 
8142952 
62866524 
46455114 
18330758 
17843264 
1976541 
36392080 
17106313 
64007971 
19510849 
15518850 
18958306 
20830100 
22545366 
2726341 
8363812 
61124949 
12405802 
15769318 
16404717 
19900688 
798739 
13393052 
68718619 
16576527 
24468619 
11518842 
46679713 
16326882 
58454241 
813305 
8854822 
40837504 
12841 
65596663 
14841541 
790905 
17925320 
1260231 
35741459 
16170869 
61083241 
63673889 
15527007 
17495131 
62876931 
10737 
14515263 
14200945 
14172298 
755859 
15458366 
15458181 
17194296 
15133627 
13838562 
14857290 
26703 
16441068 
32849907 
13024322 
28548312 
25412522 
18932935 
14323791 
34582340 
26120448 
14131724 
35005086 
19240388 
33906813 
15175723 
23760364 
19697415 
12401852 
29030386 
18923343 
19899606 
26477224 
18774246 
27107440 
15253147 
7076492 
7267562 
14123683 
20155652 
14361698 
12652542 
816653 
858051 
18252494 
25679362 
17681513 
12458282 
6752722 
25384221 
22852745 
15056975 
16578657 
24447643 
20067778 
7601332 
17753033 
611823 
24434317 
15673988 
19544904 
11612902 
19562228 
10810102 
16243030 
17862883 
14900279 
7215512 
11178672 
14085070 
19079838 
14075928 
17184930 
18193572 
14647570 
22530207 
1389781 
22151193 
14861285 
621533 
6141832 
15948437 
6186692 
14561327 
18107435 
2633711 
2730791 
1532061 
17297668 
808627 
19167215 
621583 
962801 
20 
20536157 
2384071 
9210392 
14834340 
813286 
19394188 
823083 
783794 
11178592 
5637652 
5653672 
15987295 
19712545 
66613 
20164005 
21298011 
17220934 
1117341 
20133632 
15492359 
17378252 
17020962 
3839 
15439395 
