822264200 
26755870 
2436017353 
130745589 
255058220 
261366070 
538403030 
529497092 
1912459310 
3341083694 
114040486 
26782145 
1323890810 
168723445 
807735240 
277320871 
149706579 
1088313223 
168892482 
306969311 
980927550 
234586515 
2707409988 
2310398053 
192590691 
322658873 
452232543 
179334563 
541811858 
1483695192 
1413543420 
343087571 
1961496926 
1226652530 
14073364 
296453816 
66021490 
27318985 
606549267 
16244449 
594267740 
1071820220 
1548898596 
14410756 
17603908 
96706657 
2169114588 
857137261 
1955771269 
101367569 
80076673 
605828796 
224937544 
197679900 
2183078612 
262365030 
482708367 
13348 
233364902 
17006157 
5392522 
17998609 
16045268 
1178700896 
14437914 
2467791 
778995402 
1707753854 
23814999 
90696553 
111423211 
499011367 
568578749 
1735721420 
2281042063 
823700437 
74848907 
155279907 
212809327 
297076955 
301084752 
465296702 
558081892 
577595900 
1086927288 
1538055002 
171394265 
424769280 
9342312 
16088546 
20997835 
34664382 
44470276 
46707081 
70598241 
47259873 
378272434 
430250670 
570169301 
796341830 
889826593 
921602646 
945284660 
1647970922 
259968831 
38542274 
806271169 
827684136 
377577675 
344284402 
1467586027 
862227289 
738910476 
310630578 
14299691 
557236743 
111059723 
306353300 
301547796 
545432826 
500334354 
17300374 
297417855 
500436115 
318768406 
440418633 
424549888 
507010703 
58397351 
12138192 
81029974 
108780057 
481650398 
110362259 
476108811 
306041929 
408844917 
468763543 
432027289 
454099919 
410210966 
159973323 
388555493 
113112076 
154311445 
318063815 
17854303 
33754167 
27978845 
165848423 
28622487 
222655504 
46094715 
296963198 
65454583 
131291997 
22517344 
69984901 
111153996 
211659408 
14594687 
109013017 
327648150 
344995607 
164166284 
154016912 
73242748 
17799943 
22066347 
346343308 
313401765 
346807007 
33826996 
756129 
342961216 
263852695 
16691162 
16582425 
171577684 
310513132 
27046692 
312996509 
14245042 
135589569 
223223150 
228134502 
19564861 
283702828 
285613258 
281790605 
109747548 
26015060 
15159166 
27674040 
107563743 
23008743 
236254150 
123692265 
264484200 
21543422 
120600238 
26956581 
54595319 
50360725 
229786929 
227845938 
250301447 
191988004 
100572178 
132955370 
188412214 
45532522 
244221684 
117373375 
206299237 
144376833 
34642146 
234642045 
19094008 
231175831 
128383836 
216945183 
70484471 
222503785 
17701416 
221858588 
92128097 
46706038 
18966724 
93353712 
84472525 
177184260 
123967908 
199132075 
224054652 
23217821 
26515420 
89540031 
214697719 
45129864 
83934147 
118613399 
168300811 
38981543 
2092061 
87563207 
15330336 
24608680 
76890179 
17069772 
30893470 
11628 
16129920 
7589582 
46417400 
146978606 
14554483 
24390771 
14497568 
116994659 
20952222 
14062704 
2787071 
42226885 
20498386 
158890900 
14185424 
16731339 
22860921 
14162707 
15871339 
17073399 
55367101 
14426743 
1142551 
2107811 
51019482 
7809252 
17758394 
14761795 
15507144 
16729309 
50693811 
20626247 
71064101 
20000164 
71806495 
213530043 
126776391 
17004618 
2219131 
21901213 
190322441 
18279623 
135294708 
197305807 
68441962 
64418451 
201893825 
151263303 
199016610 
37336204 
92124334 
15808765 
47634938 
17434219 
158834733 
17503180 
10242 
24797774 
162581795 
33840518 
76477503 
180147957 
174801117 
19563366 
10297 
112814782 
140228923 
25298373 
150481419 
19674502 
14177909 
20738917 
17877122 
116361838 
146548246 
46758557 
111670612 
41628350 
817268 
77280620 
98588767 
18028509 
17010572 
15247745 
125408405 
8798682 
7074282 
56838529 
59947068 
17093012 
5854882 
118844372 
114635472 
102460302 
1409051 
87268782 
33039483 
82282572 
98151325 
68747901 
59918273 
102522658 
96197753 
78699094 
70526986 
43230633 
15893354 
662773 
17411106 
50693596 
94377553 
50577118 
91055625 
20873320 
11626052 
16243405 
47449602 
19505749 
68929737 
25848678 
41644309 
8742022 
22747624 
86364947 
31174341 
37140040 
15577978 
25427470 
20126919 
17240190 
85861265 
1081 
15105000 
12963862 
37953290 
48487425 
10318542 
16933856 
82980281 
78791558 
5388852 
14835652 
77142112 
78158293 
16099503 
18521423 
5091181 
30429590 
6708952 
55385234 
42478850 
75443817 
992151 
14910629 
30604941 
63009219 
61780233 
55630632 
20219738 
20537593 
44513002 
22072784 
19546791 
15368194 
14984915 
13522822 
8441632 
54598110 
19624836 
52906668 
68564189 
47498801 
23561322 
16843817 
40319648 
18297432 
30331404 
1118691 
11074722 
63304316 
1050431 
46307519 
61267358 
45286252 
56879674 
60718375 
14073641 
15093212 
48669190 
17507250 
16114437 
11961192 
23602600 
16621525 
15275361 
22050529 
19507814 
15063459 
46693500 
32131401 
16146720 
36144714 
46165612 
19425169 
40355349 
41896109 
36434049 
21664714 
14664315 
32154908 
14299549 
39826094 
34233870 
16120265 
18019867 
24029533 
22075295 
23898238 
22515376 
19732920 
29693779 
4893501 
29795901 
1143891 
14344786 
14205785 
29520779 
14239664 
16315789 
9614132 
6331462 
25523315 
18224170 
32437062 
4649831 
1344951 
11107172 
17382568 
16734661 
22303636 
14474225 
17307227 
14093339 
30980320 
717313 
23117374 
21712711 
14106516 
21350494 
17813899 
21260160 
21154595 
20706405 
23476681 
16017961 
