15482047 
2944953687 
267788953 
2908572178 
95688400 
785924787432325120 
767805750 
47325650 
15283643 
26044686 
135905236 
832640982780751872 
14981648 
2154127088 
1536791610 
635225094 
15808765 
20513285 
256363817 
438219977 
2698388498 
171689825 
161801527 
20280065 
63826562 
196458749 
2241491610 
1511250390 
40361731 
3290364847 
646893 
2845718307 
11359872 
1149942961 
31521376 
355681958 
14248142 
435924320 
3874762287 
1394887542 
84043985 
2911033059 
11680962 
362111287 
102768569 
47658157 
24249787 
29580450 
46277727 
20531361 
3137176917 
732249320 
3031822229 
437909910 
1098772399 
1329382418 
17667237 
1679185459 
2863678077 
3356594621 
2547700101 
3110777490 
197607341 
28061724 
2438938190 
301427990 
21842781 
169409323 
46101858 
3971729007 
1195040281 
2773214971 
2768055348 
562328466 
158198443 
61550116 
15564815 
2710580269 
701088258 
3098600136 
1884117271 
916801304 
368158573 
681813 
257203642 
16188864 
15201021 
176024190 
3270498061 
2783360521 
109736079 
325265073 
95292805 
105632319 
381187236 
45944057 
96944232 
1235031679 
2444420263 
3139177656 
2746492014 
287455210 
520766752 
587925549 
269293589 
2410911878 
75937326 
28421689 
14211121 
502005696 
946164992 
2360981360 
174847568 
85728309 
1553936587 
1483721365 
20020021 
324508782 
15471549 
256722290 
3950804199 
27978241 
112475924 
39349071 
849926671 
531697681 
14897792 
127305588 
519685410 
1492015110 
2542239626 
196556837 
3119744254 
1666099686 
44238295 
38762773 
118975084 
967430802 
28568641 
204990971 
2971691967 
272593847 
3580701441 
34048669 
17007351 
531154069 
82447448 
1578280272 
26117527 
16143991 
3430093433 
22028884 
18688532 
1676175931 
14883339 
2497242884 
2918995944 
730651705 
129193125 
208008927 
86106558 
3290211965 
44969806 
1689053474 
359962102 
20784310 
152722527 
1604459690 
1583600576 
90985028 
2496089581 
2485312065 
18821994 
262130711 
2802558480 
707512656 
12413032 
264382869 
27902723 
185280748 
3030140039 
365588527 
18126845 
3034214643 
567808955 
229308403 
2601262362 
168003156 
576734892 
574921254 
21626287 
215207998 
396365748 
1614057440 
379625477 
2993994029 
456034260 
13251382 
4503491 
245665850 
58028621 
1109082601 
383466257 
176662110 
223496772 
107225267 
21995182 
379356101 
18351581 
280354655 
378259736 
16268187 
1131230442 
627568193 
564908382 
278083839 
357661916 
256698038 
2436311456 
14328463 
316327930 
63157272 
610219779 
1421082818 
25924156 
415075929 
2442015493 
935289109 
529140270 
260211154 
66660205 
19984919 
802552074 
23600122 
19329527 
50622198 
20978354 
238033596 
2480079168 
143140614 
29754042 
21184460 
1345481306 
384507734 
34990384 
77907514 
2648180592 
33972693 
18739693 
17808045 
14238165 
130906331 
34119643 
112999186 
70784623 
71404417 
20726485 
382391949 
718273 
20007477 
2652868867 
27834920 
1468050127 
1895935934 
38810966 
15930061 
384923143 
93762936 
1061760043 
15201076 
255382087 
160494564 
19697773 
1603323366 
889064112 
11177602 
102417054 
27841081 
143086518 
1296859046 
1414130274 
38169381 
318850388 
15353398 
14849874 
2316224708 
395501428 
1585469030 
219614843 
1034800148 
259317559 
378703672 
175066621 
18683406 
16891507 
1294931262 
14338577 
370879693 
165751336 
351598124 
180889575 
19668775 
211177035 
18993718 
322658299 
14075844 
262802232 
1432956451 
18104734 
19266899 
59603956 
234309722 
321607289 
199247714 
20184945 
13893712 
296453378 
29274412 
92104413 
320268880 
547340539 
328321838 
230492604 
26612418 
342210208 
28098788 
27247475 
47247580 
21946817 
36294717 
228077059 
961458414 
390824083 
117932428 
107276975 
59257007 
436836143 
19245184 
230944453 
575655913 
185716178 
107174526 
16809794 
384182912 
16640235 
64442900 
41247812 
553931137 
211520261 
38472915 
1335081703 
340034680 
60709500 
124237063 
426909329 
588586596 
94601392 
212448611 
263733802 
165622311 
863469559 
911301420 
243396899 
39619445 
1398685812 
58812628 
32624460 
123458148 
267371257 
262714636 
186585181 
89859520 
1090096008 
1250465460 
111430876 
271572098 
125185736 
305346980 
495517322 
372760774 
103041418 
1249676186 
17175147 
390783272 
13757702 
16273501 
20739133 
338543184 
380722931 
193930027 
256793538 
21221630 
782615960 
236590586 
20529914 
2258911 
276643081 
743306316 
18481646 
19657120 
36431184 
904137332 
33070697 
84653850 
16178358 
24561893 
58963156 
277219019 
756475 
11183312 
27681019 
6073502 
166845078 
16617790 
257893956 
87215923 
38474934 
358566293 
44903491 
17175139 
21824657 
157477738 
217900600 
1117537921 
253184910 
321660017 
265705352 
34307505 
80381783 
204918880 
209262555 
17663756 
182839127 
1022977543 
101630597 
17981537 
252531143 
35489946 
242539525 
26257927 
281496963 
16146755 
608724203 
484805333 
739602558 
19313995 
232557143 
47349506 
958204038 
247490060 
391214052 
367873443 
35220556 
93889008 
866697696 
196056107 
325719227 
19084034 
98098550 
34273690 
26355490 
589535421 
29179882 
486817078 
275805033 
31443503 
381613347 
83424009 
20658841 
713092692 
14326640 
233336165 
580411725 
320210499 
15084855 
413182503 
293686759 
19739069 
15473958 
27316876 
453892183 
131999950 
36449619 
34018296 
21906582 
631532178 
108476677 
486978559 
110031075 
178997867 
202781778 
236400612 
22054220 
9207632 
56722075 
59474697 
606549267 
375723077 
236847101 
234607799 
297772160 
600803781 
265179248 
15858751 
56564230 
86539401 
551085238 
114857580 
279738791 
97252358 
437588769 
25255526 
27924685 
1113541 
183548902 
14095644 
14948453 
220403886 
252794509 
36737269 
21458875 
382848199 
17093768 
140514522 
238017026 
15879286 
23085502 
259050470 
392941078 
19540944 
226376452 
15854521 
17225736 
196540524 
21451643 
76780096 
20535602 
16971428 
72954989 
40854900 
543876839 
401765425 
18194162 
23666720 
427119266 
252786025 
169249504 
486116974 
317838702 
46743752 
407395156 
177176270 
228845995 
47442513 
11178672 
17383270 
26621475 
355627859 
89529137 
14328066 
14245811 
28852208 
95652237 
49445813 
140467021 
20225187 
133545597 
322160532 
292968112 
179980928 
18317479 
235196204 
14499829 
17997789 
292338972 
356614013 
130241862 
401775741 
28158321 
248568868 
224400195 
487833518 
25512395 
232294292 
299273962 
98220617 
259224297 
26849735 
110662907 
113193523 
148567358 
20635115 
20382472 
51246684 
202321653 
15537007 
28838219 
276259528 
58911156 
137703483 
19843630 
105918870 
346740364 
18751963 
105623556 
75322835 
426266969 
370797330 
86125016 
122480588 
12649792 
318586377 
38259453 
18597375 
228858336 
191593677 
806545 
339982964 
3144021 
12006352 
24773177 
325126593 
31128630 
137858180 
377389781 
115039678 
127910801 
54792281 
14525172 
113948820 
16352993 
14245042 
107494694 
15921173 
34020042 
355053826 
221580114 
290009041 
65007412 
67098215 
56115926 
19135993 
46065613 
12245632 
91326092 
8086092 
348417554 
358165816 
292920223 
16172894 
21166780 
241119793 
18148214 
26246606 
57043735 
314758565 
244906003 
29270273 
23845320 
46943538 
241718438 
33388399 
86626845 
25728193 
29912873 
116360467 
5762302 
26254626 
21636265 
22070993 
56470841 
209743834 
100601004 
51305926 
58767090 
14496034 
17788557 
127727270 
83874770 
155651779 
223560830 
133046612 
17402097 
17061155 
87569989 
216793572 
14089370 
16109501 
19242750 
219680398 
17086094 
159322143 
136406719 
14315063 
193564258 
44196396 
20335840 
70884410 
18926455 
21495363 
27149906 
48801117 
8765762 
41101985 
143912910 
17643901 
211004186 
14801264 
213917132 
39537053 
41383831 
268245987 
18274904 
11885742 
21250847 
267476770 
183707859 
185666045 
259401680 
55006025 
117576644 
41652399 
20342875 
19837576 
198020721 
52584039 
241389842 
250137376 
16174754 
24280870 
252250951 
37714344 
169626802 
26858764 
50753411 
86956738 
22931893 
212299083 
4620451 
66021490 
204416862 
1489691 
25749993 
247336430 
17393219 
169925010 
248742334 
29462444 
81148195 
155748301 
137848152 
202790178 
15148132 
15058411 
26074603 
126873534 
15125585 
240935759 
16716425 
16971997 
21352447 
17083959 
14729597 
28439936 
34484725 
36109143 
231756730 
144202717 
215439198 
204686855 
50778320 
29780473 
16132526 
233364902 
196465635 
23153051 
21251300 
23225952 
56473163 
12798822 
27468198 
32372834 
13318492 
44090154 
19920464 
122716308 
50728194 
212278229 
14647570 
143571157 
112796409 
19563103 
38245723 
18679701 
15186983 
185345185 
83237493 
137307555 
51204600 
46571758 
18737212 
56179493 
146525298 
195898294 
14499556 
11616772 
16843817 
37837824 
83221061 
87255753 
59221014 
22290330 
174740894 
187577072 
29274213 
16913085 
20290340 
17690747 
18845950 
100266394 
16878165 
11180212 
18336512 
25890026 
135583203 
104330302 
45516390 
137386838 
20181696 
16472748 
2139671 
122795357 
22839233 
18985501 
58489734 
44089805 
36814136 
37334808 
108655269 
32423136 
65134016 
4527941 
19416598 
15905566 
22075295 
171221404 
111072713 
18806838 
79570653 
137836269 
15169635 
25118264 
14074474 
17382568 
80655195 
18165131 
17790932 
17764328 
13957392 
21408610 
156396195 
18243837 
14686292 
20056392 
108418043 
48564118 
18679867 
18834912 
146548246 
125705137 
23575322 
19178857 
16247224 
17191463 
35313915 
19040635 
19495715 
14617444 
48791993 
20081176 
17008458 
16331709 
15866192 
14863625 
46619546 
116821796 
38660771 
14096666 
104070525 
17604915 
70615294 
18754768 
119817530 
65950594 
22213141 
28397202 
116877838 
106978155 
22278303 
117861866 
36541636 
9655472 
16227629 
79797834 
16797022 
25889033 
17293337 
23579478 
72842277 
33249457 
57944123 
20542737 
21611239 
13327002 
16869849 
46959037 
20688520 
15496407 
17374092 
15684633 
79489732 
44777959 
16616061 
19658936 
82953204 
39906381 
17290922 
17836273 
13395272 
19114465 
11404752 
25134162 
14343392 
35315865 
16721886 
14433444 
70917032 
18432948 
2729061 
59855448 
22695157 
14406567 
46114448 
14531977 
34643985 
20806880 
50219804 
38764853 
14312126 
21217790 
20926481 
14560417 
77287465 
4519121 
24156901 
47357672 
15828654 
15432704 
18276009 
18655567 
23534388 
17979477 
30254520 
14356116 
9780512 
33277722 
20517668 
2374611 
17042078 
21906058 
20786398 
20644374 
31522489 
19830721 
9289272 
20507623 
16700025 
17370441 
14159575 
11637332 
42868470 
14323791 
19725644 
40402216 
17079375 
24279363 
15154811 
15484063 
52496912 
19573773 
23009778 
18208365 
35240968 
45705008 
60056975 
44438256 
48652041 
15237935 
21237486 
29342640 
52488565 
55602122 
18569484 
14670517 
49127323 
7471152 
23962323 
36066745 
40704181 
16243381 
20252406 
20519642 
17089636 
27320089 
19533817 
14702533 
39522692 
25182347 
36482344 
19256096 
5166521 
5687992 
21428367 
17051344 
49213571 
29024460 
17159804 
18656604 
14935412 
44901877 
20928893 
19939139 
29778856 
47379290 
43462357 
16079276 
18241551 
18578776 
45373841 
1450531 
26277608 
35304791 
20749866 
14063950 
16280566 
18659676 
23772160 
19269120 
17371549 
44136646 
14630696 
22419487 
34863269 
19512493 
22461427 
15166857 
813286 
25325260 
14738561 
31202965 
14677919 
18494242 
32663491 
16066580 
14849377 
15757880 
14313922 
22023030 
23962312 
7973282 
22462234 
16629477 
16468874 
14620544 
25502100 
19033795 
15755223 
33964657 
16223565 
16507033 
15865878 
18904973 
21238335 
17573273 
14451981 
17040452 
20742461 
21104681 
14514804 
20263127 
15235258 
14309674 
9963402 
15249699 
14592160 
725323 
14163008 
28580759 
26832834 
16663879 
11620892 
22073621 
19593954 
16286236 
18072120 
25140707 
15537973 
14369232 
7494482 
17871298 
18801105 
17522684 
24876649 
24872948 
18208763 
16991614 
14043142 
15087011 
12844732 
23760311 
20849273 
19808176 
16891267 
17536257 
17057122 
18102259 
21366675 
23258618 
19965811 
23336241 
21994103 
18705448 
13171622 
18744546 
21341004 
18224170 
15726728 
14676986 
17905977 
18737944 
17396170 
15862891 
14446054 
15345389 
17967436 
15289170 
16811614 
14213141 
21441341 
15237501 
21832695 
18613902 
19062483 
1769191 
17187713 
20193452 
21218554 
14636531 
18927709 
16821279 
17449143 
19767193 
17171638 
717313 
7093352 
15586341 
15635885 
18994661 
18955413 
17567533 
17385903 
2384071 
14085070 
15863124 
19766166 
20121180 
13746792 
1046661 
16895274 
13649002 
16470732 
16817997 
14063333 
15173603 
18509897 
1183041 
18048466 
8005492 
18900371 
6705042 
19043443 
17819179 
17783546 
17868090 
2443051 
17779259 
14046322 
18142693 
18982578 
6612402 
1891521 
16817883 
16063891 
18896867 
3199201 
15808647 
18024496 
14327715 
7369882 
16579090 
18535117 
17376218 
15064776 
16300786 
15429550 
11317392 
15120110 
18227814 
17047208 
11107172 
17221246 
18235879 
18226927 
1435461 
15480686 
18198832 
8886812 
15859033 
8653962 
17251787 
14345441 
