709940638494621696 
17722841 
589123768 
14230524 
1339835893 
36771809 
818564412852367360 
3240143771 
29442313 
409486555 
19059014 
2993751197 
813432055669268480 
333712068 
351153154 
351198392 
18244358 
720290905324802048 
784408088489041920 
781997424877461508 
577403888 
284778010 
119631102 
39538010 
24262944 
47216804 
2909768231 
3170646053 
815951162 
246542637 
3676318336 
34605824 
269576473 
236336591 
1378000488 
3145040373 
15694286 
10878852 
1219076473 
715329642362761216 
705807268835672064 
15770852 
34514558 
1688971639 
622318419 
39364684 
12320 
70725281 
415069195 
1363078153 
1055402564 
1007210042 
196832955 
14345566 
119793688 
158109054 
355220990 
121656574 
2864804290 
65647594 
623040697 
48386937 
7861312 
3312665706 
587730551 
14754932 
34154689 
2939571115 
19558671 
571664802 
59804598 
369031482 
2893511188 
1901546563 
22299859 
1648668355 
20197768 
323998361 
537449066 
17882897 
254731595 
14386631 
1498757215 
602080822 
40476090 
1953228229 
28061932 
2951787033 
27074856 
794683735 
2830872505 
38274526 
1733621 
2836897008 
27366896 
177345928 
291924922 
2857006670 
2439032786 
41988393 
197890195 
1226145782 
253999760 
127703249 
47679578 
27125999 
15039301 
128277516 
762522504 
16279105 
17437511 
426962696 
913173607 
1033054286 
40270176 
237548529 
154221292 
602993818 
1378298718 
116213384 
29378453 
22269713 
13413 
769101 
197105291 
2576318452 
26324652 
19264394 
2557037323 
20661527 
2270648821 
1603988017 
2397980042 
27807073 
18713254 
1390544858 
48631118 
123177645 
14410280 
345673106 
322933840 
166315104 
586893482 
1689419970 
1152279248 
443215941 
2319030042 
235236313 
55321197 
121301686 
1705628562 
1702673011 
1705649244 
2195887807 
60232979 
1086485478 
40299828 
29054474 
15890630 
41572208 
3280411 
18029498 
218167872 
628531243 
492688987 
36088191 
113495254 
16473793 
3459051 
7867072 
565248659 
116211524 
15317615 
2361752287 
449478596 
16458824 
2326563562 
583461938 
44943260 
15898172 
21001534 
1386393102 
95297902 
298210449 
85915680 
16409683 
164925218 
435667337 
28356449 
22580637 
55067218 
1138194714 
30045396 
26930438 
394936462 
31869934 
60919541 
394077010 
22578739 
104969057 
891794228 
555928038 
213410403 
14419089 
49793447 
1888149452 
506154955 
30016344 
386056280 
1807011 
1483035144 
163390318 
809711760 
21215368 
16208467 
187098376 
18913727 
606776750 
12513472 
36801473 
16448128 
77926504 
720364292 
1613648400 
11348282 
21581503 
19658826 
37710752 
15232635 
14592411 
89503894 
151232686 
880310556 
92372285 
40994985 
18728980 
1020058453 
1588486417 
291176239 
112622036 
19759026 
18019555 
281530541 
80604718 
1093090866 
1183041 
27479039 
15290936 
40079154 
16229878 
13201312 
92426963 
989597504 
16908562 
177012902 
22162854 
97082147 
813286 
322603418 
17011177 
355906128 
108372272 
35584127 
558254592 
71569827 
14464766 
34732474 
69394398 
36072264 
1375331610 
23674342 
57760544 
1286423340 
165012955 
26424638 
15706729 
44447296 
268941928 
1260205549 
125775026 
17017636 
8963722 
243442402 
1448337031 
246837516 
20721986 
13678962 
25830909 
87291278 
1292507672 
244545159 
280746185 
34465954 
1137443976 
2836421 
24965256 
14652452 
18038269 
153682322 
1228304612 
29261021 
549460929 
28594165 
257905617 
59452060 
44126993 
543082598 
245992215 
14165865 
15754281 
17469289 
2884771 
86180513 
1140819564 
209661284 
774458760 
184910040 
587748025 
5695632 
227837742 
22674239 
8940342 
15679641 
266646078 
202409095 
1132929097 
16159455 
93796810 
88738090 
243320178 
15135588 
934983720 
14273637 
186154646 
19017237 
545720865 
260822385 
285853242 
19740363 
227095750 
400027307 
15744859 
28595577 
13298072 
6487292 
271536908 
16186995 
150983667 
124631720 
37257512 
35773039 
449328116 
807095 
23321855 
20952009 
158848407 
74669397 
330171650 
14683747 
40936482 
72450811 
28609947 
78238311 
19574451 
17156000 
40139016 
543609146 
96201668 
91413051 
14294908 
75778249 
131948686 
16664681 
113724158 
541919813 
82544833 
14871080 
40081196 
39575580 
16365305 
74231747 
759251 
14184942 
38394764 
149103331 
381902187 
403818804 
18583722 
43283406 
15051243 
14089195 
271547666 
313607870 
40353822 
14129618 
701881933 
52528214 
515786368 
76856486 
78693749 
383811499 
376951288 
931168866 
15431856 
22872643 
251496825 
48754048 
179222056 
971204468 
544517731 
16228398 
274618252 
110840720 
31641658 
143227787 
434650027 
20015311 
20479813 
17350250 
494178118 
21148293 
39605560 
204832963 
611766853 
253809805 
15458833 
8953122 
17842366 
16438248 
402524105 
339239285 
71403835 
865232030 
3108351 
25439493 
149590738 
860485136 
25460615 
24908960 
287822682 
31401959 
20351245 
116579566 
28409658 
24432490 
54021284 
106982827 
23404794 
37338814 
66561957 
215060612 
74501824 
14780915 
19877186 
14681605 
115485051 
19192100 
7696162 
18082946 
15205798 
33514869 
19816859 
14882900 
15566901 
38531995 
740109097 
20797623 
11211372 
17504672 
124003770 
130894721 
45599035 
41362136 
361905554 
52437361 
395797972 
246639380 
48100887 
125567504 
386755823 
278560569 
267921808 
215333066 
14199378 
39822897 
17471979 
36184220 
19697415 
90420314 
412828286 
17139668 
50421860 
243835805 
190011005 
300500153 
155592846 
625836072 
252882791 
126139466 
283235743 
563940069 
22522526 
73771309 
465988425 
86422542 
23779324 
16875176 
139823781 
334429486 
17051197 
15881026 
20609518 
3468981 
18476633 
105918870 
254195953 
95220493 
148838434 
32004130 
14880616 
14511951 
41073372 
191678703 
113897988 
22759706 
15680097 
168427822 
16305330 
112508240 
124856163 
23932737 
18676177 
24815314 
24627550 
14951992 
16228699 
70246837 
50450831 
12793752 
56338606 
18753325 
26357536 
16425419 
19751635 
15454960 
15730467 
53250947 
15237831 
17077753 
26551204 
16667262 
14327149 
6452362 
30471233 
15695365 
17243913 
7592642 
15813531 
13348 
5120691 
28444187 
28706024 
71876190 
46679415 
18313840 
32122637 
14790966 
4958911 
28736496 
3611041 
37788181 
46233559 
16314021 
50766433 
19748551 
27029537 
15985159 
21180689 
16117904 
23544596 
41528763 
30364057 
6604072 
16270284 
46383820 
19299909 
27109019 
39757887 
611823 
18131006 
14372486 
22670916 
17565514 
10545772 
8765152 
16051471 
24599923 
15260770 
24807616 
19637934 
18812572 
14214338 
5392522 
18932935 
33679091 
5692542 
9830752 
25690402 
43983422 
1344951 
21712038 
15228169 
36528126 
16203586 
14634720 
16895274 
8283082 
23266160 
783214 
21414413 
15814666 
15693493 
19923144 
20109973 
20032100 
15224867 
17065932 
21447363 
7117252 
27929977 
15348133 
6796502 
14523801 
13612732 
15506034 
816653 
14094741 
888 
20466215 
15058427 
7282592 
22563769 
5490392 
18139329 
15117375 
16998020 
1253431 
1044261 
1100661 
821336 
18517064 
16333183 
1239741 
17461978 
972651 
20297426 
7744622 
20978103 
20946833 
7040932 
657863 
19562228 
5948982 
770759 
18803650 
14389132 
15846407 
14831419 
15565758 
18130749 
17880018 
7512442 
756278 
15164349 
12611642 
13457722 
11340982 
15096075 
14209307 
14337705 
17551420 
11752272 
14647570 
11268572 
14805775 
15485441 
18958500 
17553103 
428333 
1652541 
685513 
18002296 
5692662 
784304 
6151792 
7879482 
