36895231 
14078052 
813286 
15973881 
846797364559949825 
239931382 
18742124 
718776427592568833 
17146994 
49805751 
56889854 
835172863502082048 
49129289 
368158573 
38413836 
54412900 
29501253 
118130765 
169021842 
812627411401641984 
1428659995 
3202202655 
186667011 
195134896 
635833627 
520435437 
87968068 
19564105 
1433652877 
2251001292 
1134292500 
2963445730 
176883031 
610659001 
1543830679 
1531265618 
575553144 
811292912575279105 
129907525 
213844717 
36822311 
2461818642 
249003111 
2600066592 
245399797 
23203926 
370113964 
788363167 
256698038 
8083262 
153503737 
25073877 
100601004 
140137735 
3825990143 
321412158 
48534088 
2535801005 
790026056 
3395420205 
829782369670410240 
398172747 
26953478 
14529929 
2318890404 
166589474 
831567731820527618 
253744828 
160010755 
31412863 
1917826916 
47406782 
36220546 
826309249315725312 
27068167 
3152287149 
105315141 
35751782 
393539429 
2975391639 
180793793 
2269093894 
93069110 
1536791610 
822215679726100480 
24232374 
11883722 
333558922 
183429882 
816742185509015552 
91203043 
109025212 
390846254 
155202983 
793442243734544384 
14093388 
48071844 
223626757 
2527835190 
372458839 
267307388 
24935362 
3424441204 
1566594774 
340997626 
42664672 
703743195482607617 
23122769 
275349340 
4712 
250346726 
3244305970 
46188190 
14505932 
3044628604 
241614857 
15022464 
4709329748 
2854587984 
15195539 
48218478 
2511173472 
2319978799 
52217278 
707507532 
2873251381 
2317650324 
3270349448 
15803250 
297799087 
21370554 
190449221 
2418945979 
634188536 
1901453990 
2322594446 
19107878 
2453523002 
39619445 
780831700645322752 
2445443803 
197496309 
1101510510 
2735146080 
46705208 
395515096 
23145012 
2305549310 
770777597944954880 
107330031 
61734492 
335537750 
509379972 
463059217 
1383272101 
340537327 
326208966 
162845931 
229246832 
1263255792 
2584813944 
1550974970 
15828654 
262365030 
42794332 
110163561 
4739534952 
235229195 
52379394 
262719035 
2209501109 
19135516 
31288742 
2751352347 
346497655 
459641771 
3028646187 
18384896 
16609416 
2787685539 
243837320 
3366464453 
16527264 
743472404849168384 
2497458150 
227870584 
722231905421287424 
49651748 
1932282721 
18738462 
25753805 
95292805 
255622323 
198306101 
21826245 
26102966 
3530423292 
54211650 
25367780 
91770152 
738108211497144320 
272098998 
234465384 
1665488298 
4446476652 
3460109487 
91430915 
474165737 
447992266 
78043547 
208831058 
333504347 
31288536 
724802568241606656 
4724302242 
17643105 
4180782493 
18544084 
3092424309 
265519376 
19562813 
567808955 
16786210 
700766567232118784 
3364291498 
394926984 
20311000 
2364686624 
699676657569951744 
4634386828 
580189017 
2312125699 
344284409 
5237001 
2174929682 
214154663 
636420615 
370489880 
20388786 
479839017 
319236698 
67078349 
153611023 
621510702 
66850400 
22776526 
588345282 
701958166951632897 
58880942 
155916518 
3115760314 
2654964164 
16505997 
267438525 
3370741077 
397345618 
35516339 
15384720 
23686135 
1715944328 
3014302521 
6065282 
31563425 
20626469 
322372537 
259878567 
261834470 
327994582 
597768555 
523207284 
267404435 
77486927 
2910962037 
242508382 
4338691754 
109093845 
4202250969 
6529042 
4809840647 
2352346026 
381677670 
605657704 
389502603 
145773567 
121489431 
13375242 
456797699 
3556441392 
22104276 
931399620 
363368593 
495438764 
66866275 
3827955982 
1522468057 
2374414543 
829957939 
2735591 
4881904480 
187557472 
227429355 
913279892 
197901148 
270706953 
1510965468 
2616191454 
6479682 
190246525 
14295993 
17385903 
9843352 
22720093 
16632227 
17396170 
138564966 
4664929574 
8790772 
455795745 
90308449 
3564127636 
19601442 
356892056 
3342909449 
17538341 
2281041548 
3301810740 
20726699 
607777518 
35003377 
1179471 
280370983 
170725323 
348658094 
2452154040 
3413058154 
4151384901 
317922967 
17902039 
2458017385 
300552750 
3981908729 
460532675 
1482779976 
543668733 
3387582503 
36123018 
191690624 
89528870 
182839127 
18335872 
75261439 
1568489900 
2916305152 
15094059 
437659739 
615127940 
512352048 
122169984 
16579911 
627834573 
2981823394 
3253901526 
3519057135 
31522489 
239486127 
196264627 
10691132 
463208406 
94212016 
69277202 
405076574 
3290364847 
22204446 
3315898143 
91416716 
539235333 
337886803 
539140859 
539119874 
539146589 
540236347 
11666142 
2528303509 
57396107 
519866130 
262914522 
3151906889 
423631401 
22270118 
15573613 
102789488 
98106155 
42651647 
14807898 
153363349 
23727742 
276064511 
390281832 
41410667 
2244290719 
111778335 
2784650084 
332420457 
162014851 
528825986 
472489447 
360743972 
20704236 
557154568 
2876870087 
62525647 
50496857 
111379452 
489817425 
815939072 
22937176 
1726074810 
370815149 
49974658 
22569720 
558105893 
1931023992 
43393570 
3044738842 
223496772 
48179352 
17522684 
399689183 
20653637 
55668504 
407395156 
71578764 
374865200 
1643988212 
118758998 
23778038 
15829373 
86260645 
212278192 
45070261 
32078497 
52282776 
394762955 
47678782 
71847547 
1051269306 
211583400 
20816041 
2993994029 
21295757 
850414476 
378272434 
2953606427 
15186983 
1436134039 
34713362 
16869873 
213689248 
21540556 
263975945 
364062266 
934646760 
159172753 
180785426 
56052405 
465746765 
1169913978 
294939300 
113831189 
40892068 
1183050590 
1566465486 
45586617 
21906582 
26221870 
49773236 
194569139 
2702561 
888903264 
27821983 
9131962 
401721372 
102477448 
144159673 
18139288 
368441707 
20489830 
16369150 
1194962714 
318586377 
2746492014 
438415410 
2409347102 
803875194 
515800498 
277191527 
2667082969 
60664050 
860158302 
584675116 
57389552 
523092304 
27179932 
304439126 
177286976 
1912186501 
2353933843 
18950663 
844132603 
2375990671 
24904623 
494140821 
353176792 
1115725278 
352351415 
17059535 
813303104 
308642255 
2427869658 
47379290 
107086037 
510406061 
2243919709 
233671382 
35481850 
1565908723 
2361513739 
49211786 
481288361 
1686373922 
64657863 
198967539 
85227160 
58268364 
2350880203 
493623514 
481528384 
382216250 
120851241 
37972881 
35817505 
532057692 
35262381 
2458551361 
304208583 
66267233 
1455790448 
814589791 
19652823 
1470358903 
15191052 
18131748 
2347049341 
146484771 
2153428796 
245272915 
201056777 
32723741 
79483084 
19027866 
21399718 
5722742 
14345774 
23807999 
15111215 
26636629 
139583525 
58524428 
374119783 
28197586 
107276975 
14339051 
560503549 
113962400 
82533 
18686222 
161319535 
23641069 
303491342 
378307321 
20776190 
392941078 
168141277 
1646005214 
49089367 
79511899 
260880870 
101079030 
16248719 
594464231 
16931273 
44395417 
1242496621 
214518317 
569244581 
1498599404 
919233492 
49872778 
238139362 
1606389890 
157477738 
108807556 
245134588 
293303534 
1158888686 
17155867 
588584827 
16084841 
102713322 
258930059 
90290461 
198686176 
515868922 
94391895 
18965131 
250850126 
205532436 
1483114580 
1355682828 
328074249 
14650130 
15858751 
240513688 
467995437 
1427661794 
1151865259 
170456179 
324780470 
1265726480 
49753604 
37936484 
1429189249 
71838025 
255096112 
25342288 
330229006 
609474243 
14707683 
1241647488 
550993210 
492346130 
122480588 
27363679 
186516470 
703440649 
38217439 
67913927 
167155752 
166555205 
35869296 
488371996 
304005870 
6447482 
95431448 
38762773 
521137875 
87359651 
70557242 
49136534 
1309028306 
863765064 
398811369 
1247425225 
15240528 
302159710 
115293549 
38817256 
208120290 
76587404 
149155812 
520766752 
47377231 
61574238 
158488054 
17449422 
185653786 
202011626 
145747808 
131636056 
48783043 
605153786 
891015102 
27683585 
342754754 
38720373 
382983174 
38722208 
624231609 
40312055 
58228464 
16224477 
49703827 
280709150 
159813944 
1205660844 
15917869 
301572092 
172437751 
15813069 
81003238 
234787706 
398199653 
77056184 
478104543 
50604627 
72168063 
170010714 
47433601 
524404799 
21242028 
152722527 
23779715 
18858254 
317270626 
42209362 
961231092 
247461273 
327373018 
582962011 
17387997 
315368134 
402970891 
15575800 
782615960 
23845320 
38364398 
14456946 
76403984 
14606395 
48457203 
52034762 
512468744 
456034260 
233788247 
77907514 
250340751 
311035784 
18518051 
67358777 
16659879 
35792082 
960985398 
188852875 
75937326 
47433923 
41599433 
317176953 
960747870 
19843630 
115688462 
16018985 
949764156 
57232198 
37547775 
47957440 
121250669 
402226659 
135920825 
382878875 
79275123 
464195453 
167486422 
294231556 
3355281 
536851374 
884747528 
87268658 
24035428 
329892811 
22106321 
22656534 
20748665 
17394446 
210633295 
376234071 
43458844 
805276508 
22376014 
15854554 
356161933 
27710985 
423763698 
404285633 
76780096 
17392219 
573918122 
37950927 
34967252 
595613460 
718162765 
174762283 
75890868 
751601978 
491850049 
413959983 
282346346 
102143400 
333409806 
551112681 
53739928 
303598509 
19462877 
162080386 
290212319 
513118401 
318089291 
19462097 
56776309 
285622842 
73633642 
32459743 
17001344 
500784974 
267320600 
726141398 
116877838 
71049139 
14454645 
443297726 
36442614 
707512656 
239210681 
286867442 
730073 
143229813 
620142261 
589535421 
443038196 
631532178 
15793444 
514613499 
523772274 
589552101 
332993870 
279808566 
182008217 
29994950 
406014990 
20438137 
621533805 
14558338 
16228479 
93930694 
21533259 
150517735 
16331709 
131378368 
542781657 
102270529 
486844089 
48788453 
17664673 
244136158 
135572710 
346605991 
296576571 
114541323 
4236301 
585085377 
140239002 
14875772 
394646206 
251379913 
582135402 
255009815 
314284411 
22054220 
106821763 
512442120 
177891462 
73774967 
118730543 
19992829 
82509878 
261234528 
202321653 
720863 
117850255 
17002395 
427877977 
16002877 
168003156 
501142726 
16947313 
337535026 
41662515 
220403886 
33059311 
25112718 
21835448 
19540944 
39416218 
16400481 
103041418 
17085342 
291942710 
272070001 
334230191 
16971428 
196540524 
23853595 
201075470 
15483296 
212590401 
117558848 
111354912 
15154811 
251988677 
21687414 
248875331 
18318642 
540077627 
540257197 
14194833 
17221246 
23967554 
47597355 
494341073 
480886613 
16222202 
529097690 
54631408 
23771696 
97768783 
138770532 
20635115 
267411156 
136359464 
105182398 
356335627 
40271841 
24547409 
119491006 
340459572 
20052728 
47658459 
95221142 
26326911 
37056626 
204918880 
40156330 
279738791 
173944475 
15808647 
92900060 
166580595 
299273962 
137499729 
109605961 
473179284 
171560451 
487848229 
15431547 
55247508 
244192752 
234066303 
31448660 
61101107 
93094538 
294146466 
66522448 
113755562 
427059614 
452211297 
436206782 
102986195 
32146628 
7522192 
16364357 
84617980 
40588593 
23055057 
136406719 
277208736 
299877078 
50058630 
19477339 
33268934 
15385169 
332240418 
304710394 
29044240 
102994918 
44903491 
52523659 
436922149 
379625477 
278083839 
264909039 
14888467 
15564815 
101535546 
221529403 
191624943 
38232102 
151205768 
20455382 
14480203 
19788027 
16892243 
200434844 
84684955 
13822342 
268815203 
22969926 
15950882 
16562005 
36784717 
50494995 
45371411 
104305026 
20739133 
400113186 
119401334 
82714804 
93115683 
17042078 
132191101 
28139678 
322658160 
67324224 
291759889 
24221395 
120212144 
139173680 
208534301 
365794498 
17023318 
18646561 
93579404 
366971503 
191200935 
382274700 
32212144 
271111167 
50770808 
25118264 
280974785 
3923391 
28346736 
14570738 
21154193 
24312309 
13395932 
1949421 
21784946 
2992441 
19835868 
63803224 
181984492 
113724175 
373570701 
164826532 
14594305 
349410100 
353394176 
146569971 
5743162 
288452305 
59586330 
221835336 
86328927 
25184985 
101214835 
16453846 
317738385 
16669075 
17071048 
357577103 
44791431 
205847300 
358165816 
42034338 
16652183 
23078237 
76710543 
29366567 
61656492 
263746491 
35714318 
166845078 
344981783 
57145818 
94676889 
335572084 
16018516 
5371532 
316859180 
116986352 
171171584 
88007912 
16827326 
55570400 
129295928 
88084313 
52421362 
137288990 
14327715 
19498323 
335331533 
40303245 
242800713 
306149633 
49506479 
136004952 
305068212 
90034304 
1489691 
32463503 
19534873 
56196713 
212376858 
5398612 
15571966 
306116656 
17977621 
13783772 
22640546 
61875147 
15716419 
202741439 
165891181 
285852327 
303874746 
159217087 
312752250 
40054423 
21796491 
316327930 
36764306 
30867103 
308585199 
166123896 
15127404 
19734832 
44787047 
235196204 
180225656 
10989152 
143912910 
28405485 
140514522 
252794509 
28838219 
15865878 
32894846 
292876633 
2688201 
19395039 
17108182 
56473163 
14212360 
295746612 
16700029 
60983046 
141947171 
194867313 
6208862 
267369106 
273615113 
295221061 
218609170 
79027871 
5795372 
116748080 
23663116 
267763532 
16583772 
146099226 
285803255 
63597010 
88750132 
236968298 
17225736 
95273513 
14091197 
28196433 
208809825 
79240290 
34781412 
267217520 
211934300 
16001350 
279277338 
16222086 
20094105 
24798489 
189180763 
272042407 
19405387 
272016697 
25728193 
183707859 
116833234 
17313475 
14677919 
51544355 
101467875 
245783227 
56486495 
24136198 
14147621 
10846402 
16105705 
22032817 
45289289 
4203261 
140182366 
6429252 
243215442 
117576644 
263864481 
15035816 
263733802 
47636122 
43977942 
260804060 
259873064 
18175103 
25238259 
180000404 
224798839 
138245266 
250213000 
41602160 
237079697 
11420922 
22931893 
192609140 
93889008 
138448653 
95531683 
153698871 
60327852 
237544184 
19989479 
206332060 
158006058 
140427956 
3315611 
23188724 
12480582 
247455917 
57356719 
19263098 
175794305 
246796611 
137836269 
48160604 
41627437 
5130591 
11579212 
49634218 
193419784 
21675256 
26483100 
54311364 
83590349 
36124348 
4205481 
1769191 
24099041 
92338472 
6794502 
54664757 
38489678 
18569484 
27460439 
18788629 
1903371 
34115195 
85964215 
56564230 
154358749 
5762302 
35354063 
57103545 
20161808 
200591027 
234927896 
117841559 
16348885 
93908493 
17163619 
23312354 
10288912 
12844642 
13784532 
20959175 
14098762 
33707538 
233364902 
15000205 
21918310 
34651221 
59846630 
22509548 
17593700 
58489734 
25500043 
16926069 
650903 
20542737 
14801264 
19549745 
231507028 
97725622 
16982863 
179248364 
182919366 
18740302 
13693032 
21879487 
65230559 
108806652 
49021133 
14438923 
187453356 
34739408 
14267832 
16955870 
145764048 
10007212 
120206023 
83978767 
37687077 
15626406 
16997072 
39761880 
73026239 
200153573 
44358989 
199299110 
174740894 
37999041 
122716308 
28487033 
84347917 
24229625 
71256932 
54689430 
15586341 
16875483 
139244327 
128586415 
45516390 
191558589 
19746947 
32431468 
22149727 
15576758 
39568967 
26074603 
127663598 
20617448 
16950628 
87493971 
19255147 
88914175 
9432632 
189263900 
8525402 
14953313 
20865979 
10432052 
17499323 
152369572 
163283674 
102995689 
17990493 
197275893 
117450379 
11107172 
144881159 
140547998 
27823182 
30109507 
18481646 
30034061 
12382582 
151826476 
5994042 
25465628 
48682391 
8884482 
17573273 
27660635 
49457533 
55006025 
17499296 
14560417 
22523357 
17613261 
122258041 
21574303 
158421869 
158070493 
14777215 
40908284 
15358452 
172496840 
55319780 
122756889 
19113374 
51263592 
135342555 
31484477 
7379852 
183651273 
183735745 
183345636 
183351903 
176434844 
116877154 
150456007 
182035402 
86626845 
16342328 
14063950 
14062180 
117861866 
171221404 
133306120 
27890540 
25562183 
135579990 
16868756 
39311638 
39549278 
18058609 
30013010 
6141832 
37575978 
87039307 
24876649 
11621822 
27641578 
15882323 
166191690 
73845366 
16224500 
20174670 
15404413 
24594927 
14738561 
16629477 
65235102 
50706902 
33486479 
11856422 
16115979 
25110584 
97231828 
19355829 
136083915 
13787402 
30217291 
72842277 
14759107 
74732805 
48564118 
55912983 
135934677 
17173440 
26832834 
36948837 
17924405 
90486871 
14083864 
17181265 
16445813 
23631835 
29100243 
18192818 
59603406 
15764305 
18911898 
20529914 
24183598 
115485051 
130532136 
33277722 
19575638 
27297426 
63004503 
12798822 
21574612 
22883726 
36382502 
44212108 
14270650 
89043072 
117179079 
22819843 
15862891 
15551812 
51462013 
48706233 
21907662 
123286622 
19608273 
21704792 
1081 
59776554 
17889713 
119372054 
20508720 
108088376 
20687745 
20150502 
115710058 
22193796 
965011 
15220095 
95933872 
101336261 
28413359 
56407138 
17820312 
29788083 
19392919 
44957814 
24236494 
30913882 
90548758 
20069434 
78170004 
18009561 
88582924 
16854190 
15295015 
109287646 
59200368 
108985543 
64009474 
111054964 
27013292 
84614572 
92166599 
63499797 
16789109 
16339500 
17006157 
59257646 
16249259 
21748329 
83221847 
16947009 
102131865 
38740332 
55018701 
106862749 
16469809 
15938122 
104893583 
22790881 
65728106 
77239161 
19269120 
102754598 
101650645 
6558022 
102458340 
1039711 
102115921 
102094857 
11774052 
28160998 
21428058 
22938645 
80928773 
81181209 
21315320 
16789970 
29374498 
25094098 
18935711 
57124794 
52426212 
13566872 
975731 
18938912 
16385645 
14983638 
13957392 
16207797 
12143172 
4370261 
85555796 
35315865 
94194544 
28852208 
34099139 
3619381 
858051 
35836274 
33943925 
7764502 
15664656 
19430233 
20429156 
44093781 
14084028 
21308466 
23094787 
48085489 
12800862 
14410756 
16224705 
17089636 
16906137 
26284262 
27922157 
63837338 
24029533 
87268287 
79570653 
14671788 
14411933 
15447690 
18955413 
38764853 
17678300 
19466856 
65665638 
48393459 
83883736 
81915573 
17809980 
17567533 
14532777 
4072401 
18989444 
20457806 
53039176 
18535117 
24232840 
81124540 
13746792 
23999515 
79330780 
80111587 
16465385 
75965406 
15744171 
44367489 
78060290 
77304134 
16835274 
61637586 
47954642 
20549736 
43143358 
19849635 
17385685 
52121568 
34417223 
68987936 
16399949 
36737269 
56764823 
16908444 
15936246 
14437914 
20436059 
25552666 
17843899 
68535390 
20292059 
19596228 
52496912 
22681284 
59139880 
38317061 
50753411 
65089950 
26077026 
27029537 
16949344 
25071215 
18915795 
22511572 
25950355 
21420478 
63229252 
31200670 
39103115 
12229702 
11074842 
17905977 
61533120 
21776336 
22648010 
25682527 
44879797 
13129862 
21119658 
23392440 
15179215 
56488059 
18723114 
14499829 
56204506 
17973387 
16721886 
48110818 
16894084 
21700719 
30050899 
38372614 
48032694 
16564766 
33905620 
19034656 
18021517 
33896079 
17542265 
17426888 
34287054 
18262104 
18244332 
27525915 
13565472 
19154143 
21500995 
44438256 
22914240 
17643379 
44938718 
15962096 
47443693 
18623597 
16917325 
17509945 
27733204 
17156142 
17837285 
19817725 
14755273 
14606079 
16303106 
14685639 
14104401 
16286028 
4083781 
36944381 
44155229 
19879367 
36814136 
21585210 
21410150 
16150688 
17445167 
23453489 
28152803 
18801105 
41651152 
20065842 
17810705 
16386864 
37008978 
17371549 
14343727 
16079276 
19771382 
14923268 
40934973 
18625912 
37688378 
14323791 
8029402 
18926099 
39318996 
14936607 
37006875 
14464331 
38713724 
25065878 
21373714 
38261547 
13787352 
22487375 
18336512 
15634531 
29771811 
20208506 
15714022 
19164430 
35240968 
16633871 
36406830 
19658936 
27555581 
18679867 
805718 
21795874 
15211869 
23022461 
19396145 
9345172 
11970082 
15420440 
32123458 
16999591 
14601558 
15879286 
17568328 
17234288 
16136273 
15504522 
20257093 
18495854 
14515801 
23157309 
18664139 
15279465 
16079126 
32410378 
19009737 
18647850 
16420903 
32139745 
20453814 
13025112 
22818048 
31227588 
14215632 
16565419 
15537973 
18326925 
639203 
14538938 
14442554 
21354462 
15087011 
14188906 
17155995 
18089164 
14390180 
15905103 
22835289 
28094830 
28094668 
19347202 
20272531 
20193452 
16615253 
17837184 
22019881 
19773923 
23085502 
17167335 
14664071 
12901522 
15736124 
14295809 
20812005 
19347347 
10615232 
22684987 
17123861 
26483823 
22091213 
16665466 
17251787 
22843337 
17875524 
13757702 
17450354 
11317392 
18853723 
17088337 
26085627 
25325260 
22280445 
21634627 
20258964 
26021895 
11930482 
8981282 
14086168 
14186094 
15235829 
783214 
15120110 
14085070 
17393219 
14211605 
14912783 
22739318 
17033727 
21526532 
22171612 
21495363 
4278201 
17027836 
21659112 
23330343 
18162755 
16511033 
3199201 
22939103 
20083313 
14435376 
24196664 
22664758 
21777950 
18089292 
18057077 
14043142 
12245632 
16788288 
19794315 
4244 
20627081 
9282302 
1779261 
21916443 
18737944 
20246015 
17159804 
23469738 
22278303 
17035063 
7833122 
14140703 
15916492 
11178782 
7439302 
14062221 
19931281 
20105402 
18146725 
21079030 
13171622 
11274452 
16303211 
3202281 
5373352 
16314180 
7812882 
1248081 
16429603 
14962080 
14328066 
18267597 
14511197 
19367969 
15839187 
1769551 
14335586 
15974185 
17918663 
14971572 
14433444 
12506972 
22080808 
1127651 
18834912 
14441010 
16306735 
22100304 
21480354 
18362784 
17843236 
9548232 
15684633 
14213141 
18656604 
21892272 
15053 
16816155 
16817883 
15429550 
15248550 
18909685 
13649002 
8765762 
19462430 
15237501 
16149614 
14902214 
14343392 
18377858 
18736583 
18126845 
15563814 
17668347 
21237942 
14061640 
20933649 
14647570 
7369882 
18227814 
14987459 
15859033 
16300786 
16063762 
8653962 
18223590 
16521570 
13394752 
