55190298 
155576163 
1098486110 
413365137 
31089095 
36624787 
308408056 
50213896 
20089560 
46064366 
244131312 
18004623 
221471163 
550246059 
217424480 
112796409 
245284310 
137660010 
1570919394 
352256415 
50219804 
74688765 
2381997870 
407160422 
2196164376 
86573892 
625924840 
65431632 
1397281884 
71229689 
70725281 
421274906 
411076507 
2340280143 
450009951 
132655244 
17208213 
17765323 
20602394 
103887642 
57043553 
16926572 
20136728 
569921322 
1404291198 
343961846 
2283926299 
45597847 
497406692 
23075284 
20769532 
42871498 
742143 
14159148 
61206610 
267739641 
14353202 
47331384 
14224719 
17467699 
3459051 
158079127 
75887588 
8963722 
15110431 
16580226 
19402238 
17842366 
236608516 
16186995 
22029553 
455105738 
529561107 
701146645 
456993304 
115097756 
227021376 
235063985 
238285207 
1665531 
136441843 
102700143 
23105097 
252124716 
126664186 
25375092 
15173291 
279614869 
281886381 
22341016 
192942213 
78905469 
101081754 
163844242 
248742334 
16182719 
27664009 
40438399 
583798592 
972131198 
19533817 
377258190 
393276727 
555928038 
141428683 
216483749 
20047650 
67905134 
18695655 
72842277 
18195932 
27911608 
55329569 
18783097 
36771809 
26277608 
41147062 
2729061 
1698721 
98906407 
18607272 
151257881 
21611239 
19047502 
55606313 
14693622 
30994608 
11696382 
18696996 
19813345 
175551174 
11178672 
50778320 
19790740 
41383831 
115335396 
15321133 
37665322 
74538733 
177310174 
52948662 
108811740 
16871528 
53280402 
14819061 
17941825 
28823239 
14128375 
15635933 
127958577 
44903491 
14726202 
124300188 
151116641 
30233007 
213343326 
103541806 
213238038 
36938886 
15662761 
66014317 
105529826 
56829199 
155748301 
48564118 
65707359 
17156375 
15535081 
14555893 
657733 
14848513 
53175445 
60917553 
129193632 
196458749 
40544415 
15831521 
341708651 
44438256 
261496197 
23449553 
19420947 
105918870 
40268733 
394879847 
389119543 
40385166 
33158877 
16014631 
14505838 
37172065 
51442370 
314410785 
191181692 
16674269 
26224954 
22421578 
426294561 
439481783 
76190383 
15949242 
14145626 
277219019 
50077483 
17672994 
129526938 
354472005 
6418922 
87555271 
65711092 
31013411 
109571377 
110772878 
271645211 
18250813 
323754242 
460187847 
543160238 
303804147 
92144604 
581145322 
767 
247845922 
18164420 
11183312 
325656563 
236463512 
153815481 
381026831 
284071322 
86996633 
304593450 
100068931 
49270737 
110031075 
17115693 
453179216 
545969664 
606521053 
21202100 
135275592 
15461733 
528389751 
238718627 
26710373 
377943926 
607536315 
69103256 
16191793 
316773468 
260886966 
128482093 
219070649 
217900600 
561464185 
13215132 
108225171 
79489732 
211687612 
166845078 
271331718 
61306578 
21704370 
27978241 
33773592 
18525154 
633095212 
581012668 
740109097 
166273518 
41652182 
19530437 
551112681 
14056532 
735096642 
537555179 
16736682 
461745594 
352650591 
378643551 
11180212 
19921674 
36762480 
628765360 
854885672 
23231179 
622082562 
225929586 
786831450 
189253902 
121869155 
233278341 
19316328 
20739133 
870818268 
22931893 
485352487 
622300794 
90507401 
143844341 
386427081 
428694938 
180200031 
260908660 
476837007 
17007351 
339722887 
273195205 
41105978 
733322844 
35541889 
22478416 
991485025 
17163810 
629697784 
19266899 
304971238 
452305706 
31136274 
394772475 
166687093 
159951505 
115547625 
15099133 
18104778 
18644734 
942678984 
469028641 
787950200 
308623046 
374177211 
65647594 
1144882621 
384837363 
720523873 
17042078 
408756176 
1050132756 
407040960 
46743752 
31137371 
198738534 
27143494 
1249815758 
926115758 
28768921 
441210459 
356209817 
938115037 
395355737 
1299995892 
12413032 
290876018 
353370148 
18999340 
16435797 
740529408 
273940910 
322122983 
606549267 
75345275 
66680000 
137717878 
380602156 
1183041 
118975084 
29512034 
356839801 
37739567 
919487263 
820582 
277792348 
1399640347 
17620669 
132148992 
186154646 
228077059 
47349506 
15240191 
615592590 
1154575315 
1137693210 
614449462 
539321199 
1218892112 
42680667 
1164414452 
15327637 
253109145 
33509773 
216217084 
831020940 
429253192 
532353066 
9856892 
1183713176 
582872181 
125373163 
12286942 
16896880 
330976254 
478123142 
187191185 
595276021 
234273955 
1600296158 
1609019112 
36024756 
14700258 
274456250 
485109912 
1437690446 
224631899 
92241457 
250238186 
917105330 
18244358 
97701898 
128960119 
25560255 
1093776547 
119521385 
111316874 
474426883 
215435356 
1092343556 
179248364 
16434273 
60880270 
189618679 
20063446 
431704893 
179764249 
204739736 
255609973 
18926099 
87818409 
15066760 
28274852 
104849636 
71019945 
438382606 
243284052 
600288813 
234591498 
204344162 
114356325 
442847698 
151060358 
67234817 
124041977 
196104714 
906362510 
123237505 
1017680502 
120143680 
456357655 
109052954 
531473128 
58912121 
396081791 
46715454 
226700918 
19764975 
98396631 
1019978407 
589899841 
287194246 
241787677 
247610675 
1438710924 
39822897 
119073765 
16027546 
21793505 
20224976 
479499755 
343322805 
413077030 
14487859 
58461579 
15775494 
23451598 
30568788 
104585489 
13201312 
17918545 
78276344 
14732889 
42886079 
39530187 
110798209 
189239468 
432592569 
88290488 
138742761 
550390041 
600803781 
66162716 
155183410 
15876686 
52758395 
175691292 
22363802 
61435043 
135576280 
55656003 
79997785 
64486014 
115702663 
13958282 
46485024 
127360026 
215625172 
58321335 
104070525 
13016832 
185910976 
88440274 
14729597 
185874758 
17154611 
44483406 
52584039 
166022406 
242271271 
94202251 
78208471 
112695822 
73438620 
82453323 
5110861 
138739571 
17981537 
122795357 
15859033 
79570653 
228141451 
95894506 
16583846 
186133489 
188046098 
19843630 
22737278 
416690534 
212002166 
366739349 
296433450 
20344076 
361255165 
33972693 
427720250 
229045433 
21408634 
11824072 
236590586 
15684633 
15483296 
61593294 
112475924 
17396170 
274000727 
60165542 
26858764 
72344638 
44196397 
34743251 
18338184 
215364474 
260211154 
41132380 
387933436 
21313105 
50115087 
484299228 
50363573 
68914863 
484991854 
22205944 
480523704 
23034673 
202313340 
214099847 
183672041 
123932455 
453892183 
326844718 
24505089 
24167314 
179966092 
164322125 
249412508 
82853372 
19416598 
310804819 
211210103 
14801264 
15848391 
150184134 
93513713 
58885764 
488929910 
310037891 
76845959 
318720598 
24249066 
238257400 
61518886 
20523133 
518098466 
63121936 
92347539 
165622311 
65908372 
21658285 
419696616 
298771249 
108621970 
496409816 
202240843 
202908930 
166220781 
18920008 
22597545 
19447334 
140394101 
37216886 
410916851 
26099938 
220855121 
15751780 
429093485 
55116857 
66944727 
32372834 
18396070 
19457950 
173116059 
15933429 
87899230 
20523099 
19789439 
88425861 
128292609 
45579282 
21436960 
15473958 
13787402 
23962323 
159588456 
14342564 
37710752 
52146755 
16245822 
15492359 
107361155 
76013938 
49677698 
241278137 
93797544 
25543267 
37714344 
81742165 
127305588 
46473066 
53435986 
16486812 
51837775 
57047586 
75633116 
325126593 
313745055 
44261504 
370879693 
334969657 
123618101 
245545600 
31311412 
274063094 
164002172 
378259736 
366556525 
35896730 
130987768 
295602344 
182812925 
198521475 
174847568 
91206387 
334081226 
301358912 
305051108 
347467844 
338207236 
354986201 
245307528 
15163872 
84669331 
19138455 
42301087 
34868965 
239020865 
169394749 
30960988 
191206696 
103652294 
135246988 
44753284 
160877807 
24939473 
18481646 
10671802 
23929169 
20635230 
150507745 
20278682 
16470495 
63913500 
65415372 
19655985 
51634102 
91056925 
23190207 
1689421 
18248272 
66821161 
15353955 
119625403 
77907514 
110432741 
111030381 
19442484 
84459354 
171056830 
60932439 
318074926 
151083657 
356788303 
324263972 
15737554 
104389117 
86597957 
12244982 
146502086 
189118361 
247672062 
19084034 
273329844 
15196135 
274117606 
15060870 
16227629 
19230701 
239545254 
223092461 
265582167 
23638544 
190114976 
317768556 
28066607 
17190949 
200219772 
19563103 
232346557 
300019095 
186585181 
136406719 
88936048 
189065376 
3433141 
228710660 
297985024 
177153741 
56955139 
14108099 
87440624 
20800589 
131132729 
57076191 
23918470 
116897591 
25080613 
43374562 
45440328 
102773049 
33209575 
45550648 
107614924 
45432673 
84497075 
27406728 
83204277 
93639090 
80632502 
19348319 
76757597 
15401925 
69591904 
83839005 
15408492 
46312374 
87508937 
24550707 
19766132 
17723740 
56179493 
105973401 
31741325 
36265397 
54332822 
16084102 
8362812 
16002045 
40914713 
38828294 
39370959 
19283565 
24461827 
22729930 
18414364 
33023834 
91375691 
1924961 
71654283 
56202639 
21696145 
6633692 
19053113 
89545649 
16678394 
20658841 
97013576 
57703239 
23609696 
16127205 
14431633 
14231257 
15127257 
108493356 
111072713 
19492959 
9224902 
22542297 
44530101 
24017268 
7731752 
18104204 
28496167 
16607603 
31577319 
90864959 
5687992 
14844734 
92733167 
33051111 
19325156 
6120952 
22926862 
2224271 
19965811 
98215834 
67976245 
8904302 
18860105 
68139427 
16649758 
23948254 
66182591 
97532053 
15971968 
26372683 
94170306 
45998531 
54282139 
38245723 
79024978 
19527930 
47077673 
14456226 
31443503 
33098230 
14526135 
80392361 
44112730 
9631832 
15013234 
58431280 
21583814 
471323 
19676294 
21126840 
24596553 
20809019 
14145879 
21410150 
18741462 
19288237 
85544492 
15459343 
6480152 
54637309 
19062483 
6374602 
20056392 
18882058 
46959037 
16185973 
15367053 
17382568 
14343392 
25836508 
23068217 
20040253 
16543454 
16339870 
17099499 
18720204 
42889156 
9893772 
83889856 
14012942 
15869453 
15169176 
20174643 
17051344 
14738561 
17846546 
29221344 
33315010 
10855372 
16619832 
18713552 
23602600 
20779255 
6859412 
17400407 
45341566 
14091091 
17632266 
48799978 
21581503 
34554134 
17595439 
19512493 
8170292 
15165493 
44874400 
18980276 
85891683 
15078840 
38205414 
24930840 
19816004 
44093781 
135583203 
90146016 
57107167 
16828819 
21094745 
33679091 
17030680 
18886090 
17798981 
19429774 
20147033 
68413277 
20535602 
78894518 
19657120 
16541763 
15180686 
7144102 
21956623 
29342640 
17967436 
11620892 
15169635 
21327983 
16689224 
20124506 
19984919 
16846126 
44091476 
46220856 
55602122 
34432438 
16663879 
15233658 
20209254 
17221246 
20745803 
18304521 
34648934 
62866524 
25338245 
14944532 
20181696 
17617196 
15084702 
15877666 
7395782 
6520522 
15521075 
15165502 
18949742 
18089292 
28419211 
22146736 
819526 
42950930 
31502276 
15346838 
7132792 
16678835 
19060857 
16562180 
16434310 
14273725 
13918022 
21566990 
16170580 
25094098 
14789995 
18032441 
12702822 
17175139 
16564324 
11317392 
15229577 
12984852 
43166813 
14506075 
35304791 
18736652 
21770611 
17293337 
14479294 
14129659 
28747515 
12026062 
7159522 
17596622 
24919888 
22713038 
14807898 
21875099 
18364790 
14188985 
16063337 
14217740 
2384071 
8005492 
4761581 
9534522 
17156053 
16786966 
18267236 
19130934 
9289272 
17968721 
26697947 
605643 
15237935 
16024156 
12437282 
52066462 
7703052 
20636507 
21724904 
18542545 
19033795 
7420552 
15661871 
20571373 
23297570 
7093352 
18655567 
2443051 
19344825 
16629477 
18327427 
35749264 
814304 
15687090 
22679934 
20849453 
5496982 
20306258 
19255050 
22419487 
54641525 
14700117 
2139671 
20339676 
21137406 
27671142 
22902732 
15433064 
24844163 
28565190 
24279363 
19781731 
21308466 
5392522 
15971556 
14046322 
17047208 
14043142 
14458660 
20731652 
15209730 
28373693 
17939037 
13963012 
17439693 
49164309 
51871126 
27114278 
16356344 
33906813 
20252406 
30954075 
18267528 
19897769 
19614135 
17019440 
12756922 
24558053 
5988062 
15759202 
46571758 
15757880 
11197712 
22462234 
31304026 
22105603 
5412742 
23772160 
36886619 
15060148 
34408828 
14600795 
16469964 
52752889 
16888712 
53360996 
15493365 
28579026 
32173043 
43656232 
23090391 
48370227 
23962263 
53023494 
31892440 
23656337 
14162706 
45957677 
16153562 
44455383 
14313538 
20928893 
14414761 
19725644 
46319532 
588743 
26006445 
14684477 
19226576 
17290922 
14702533 
34424798 
44141588 
14928287 
22642788 
13395272 
18450079 
46094304 
1746891 
19343385 
725323 
14167618 
1344951 
17471979 
43462357 
36203511 
44948952 
22652938 
21044572 
7383992 
18931823 
16931459 
34019494 
25127782 
45225258 
44627029 
42945321 
18494242 
14530569 
20693661 
39234189 
33249457 
41358714 
27862718 
18394641 
20442476 
27046750 
8161232 
1586501 
15604078 
30028674 
21994103 
16110819 
35598113 
19182316 
39453493 
22378059 
3935341 
34270342 
26992475 
16694840 
15458181 
14208982 
806133 
14912323 
19178857 
42423658 
15676610 
14710129 
40846478 
21576334 
19924068 
41099391 
7429892 
11161852 
38146044 
22984215 
26853548 
783214 
30313925 
822215673812119553 
19837528 
20000164 
15484063 
21504735 
38762773 
19808176 
14313922 
17089636 
39522692 
18904973 
16066580 
40058325 
25585110 
10342612 
15509074 
17089344 
10915142 
16620173 
20038221 
10182882 
6774032 
22167056 
24239110 
16843817 
14339843 
18050996 
15234407 
28434434 
23454885 
17004618 
20582958 
15143478 
19911588 
22360594 
21216863 
14849377 
36703524 
22674756 
21866842 
15432704 
33292950 
13211112 
19658826 
16031679 
15154811 
16150201 
25368054 
14324284 
26567584 
19146944 
17843175 
27834920 
20787890 
8835652 
14371873 
21895068 
14246440 
19256096 
31202965 
15223163 
24493890 
20647833 
972651 
14324097 
29234911 
14315063 
16149989 
18932935 
23841368 
26780409 
18683406 
31311757 
28567809 
36777710 
36574963 
15675570 
21764407 
17758502 
32515106 
37732219 
33248363 
19048724 
16630098 
17376218 
817997 
15726728 
11107172 
23066372 
22272053 
18002113 
14761795 
24298665 
12432262 
15289170 
16817883 
18198832 
6705042 
806545 
16352934 
14603515 
14568034 
14750983 
14815685 
16677622 
18900371 
17871298 
14734393 
14647570 
15862891 
21715258 
21917716 
20682514 
20813165 
16539957 
17781165 
13479052 
13462442 
10716292 
19460725 
21861429 
26293436 
16042396 
28123862 
20691366 
14267799 
21664633 
17567533 
14555862 
14872643 
15176566 
17869040 
1385211 
15577562 
12615382 
19108922 
18978562 
18628034 
15987295 
16529358 
15345389 
12506972 
18985501 
4620451 
16878156 
10012402 
17868090 
20342875 
18569484 
15694579 
1435461 
12819112 
19767193 
15480686 
17449143 
14199378 
14085070 
14903616 
19596074 
14207863 
6612402 
621573 
17217640 
11348282 
7639072 
17385903 
19202541 
16486814 
631703 
19745335 
