180505807 
229509740 
43963184 
73725212 
453229858 
413576713 
33549475 
43138881 
24338281 
342803375 
78194111 
19966557 
37863826 
372518188 
231926331 
273197054 
18913727 
15814666 
323922126 
125122481 
217930519 
61687416 
216393832 
247495382 
409340823 
39175100 
135627914 
15858135 
24617526 
222234833 
306051207 
9193612 
138161425 
75206471 
268788234 
9207632 
157232134 
41465509 
20015311 
75974281 
374660408 
372569545 
157060348 
131891655 
23888081 
26535267 
274675521 
291951031 
14355565 
14447009 
16881697 
125480126 
330637751 
98842102 
332626060 
64987774 
317332118 
155668422 
126169000 
68841918 
177635566 
49682544 
43174323 
169153890 
22127489 
17881002 
248540363 
265749910 
16618332 
292695871 
18556103 
66944485 
216665512 
18644548 
273531261 
19565333 
270759782 
146208911 
255282399 
216707460 
44399968 
52484614 
16313493 
237845487 
39943742 
82455213 
16313480 
21941394 
249566212 
47438401 
14173084 
242911974 
242875358 
148186622 
35097545 
222932835 
117349852 
30849103 
46213956 
12972532 
68668098 
120892393 
149308499 
216799227 
82615024 
6210882 
20834507 
15280208 
74231747 
13837292 
19668592 
173351650 
12629022 
16234543 
167063874 
192255288 
60256440 
163158415 
17790274 
113728847 
28813937 
90521809 
57537669 
203878023 
4519121 
16335229 
26188744 
15041634 
161027069 
115114543 
22084427 
31585921 
54370980 
53844949 
14800619 
35888311 
22872643 
31206614 
124481864 
14068794 
11446092 
155405625 
80408289 
176242082 
15529625 
173999134 
21028004 
21181059 
14824849 
50952830 
19299909 
42474117 
2426 
16176055 
17939037 
184221744 
15799396 
8646952 
28205087 
17159988 
21442298 
145479548 
85801015 
158414847 
87037588 
10798802 
4230121 
15576928 
7851472 
132660825 
30104231 
16040961 
33276161 
124321281 
19423917 
19572264 
157218534 
164850785 
145814364 
20602391 
92909303 
14179822 
23527299 
18538664 
15818391 
14200408 
17542355 
118523681 
21413921 
148832246 
15640349 
128956175 
145753059 
79797834 
123379202 
13524182 
91637390 
16848539 
139162440 
136736169 
135312387 
19242665 
20342367 
22029919 
31455711 
130617778 
119405380 
14120151 
10099582 
21659808 
40123024 
19322619 
14227938 
16134731 
14747507 
126376060 
94325602 
27050042 
68450853 
60491491 
34354722 
53981494 
20536157 
112065703 
32135038 
20609518 
14676022 
818927131883356161 
113420831 
25437410 
112508240 
14058735 
107511115 
104863784 
978241 
18393773 
91180720 
16940925 
24773177 
15218891 
28678107 
14480251 
24910200 
36202186 
17447686 
14874786 
27123985 
21982720 
15234407 
9703362 
36279501 
20630542 
70740986 
46520588 
22935006 
47569242 
25130736 
6613122 
23247926 
17002699 
27989391 
48255881 
15665583 
18848007 
1468401 
12133382 
26347170 
14876536 
18766225 
1471021 
639643 
40366824 
83883736 
24926710 
44570946 
16952499 
2054511 
56283862 
15106206 
749863 
40381496 
30757624 
16956955 
24803852 
32204466 
14743304 
17864230 
19805916 
26061291 
2776801 
76955269 
19749651 
10305212 
32630330 
43625781 
17772281 
17338082 
29047058 
22569618 
21792170 
7214972 
62581962 
47386949 
16035852 
16910591 
31986700 
17833574 
17827230 
807487 
15060582 
36386895 
19658826 
16906137 
16367684 
42937988 
637993 
8067082 
12740542 
12860612 
16681176 
618593 
14361155 
16669075 
18486881 
16102081 
21542518 
16017475 
4207961 
14137347 
9930742 
1493121 
17281876 
19562151 
2884771 
6790312 
7064802 
15404413 
18463207 
20462685 
27506026 
13221842 
15978412 
29441654 
15679149 
35097551 
17008726 
33012803 
33342154 
14513021 
40959327 
18894905 
38611183 
809760 
14345566 
28515030 
2735631 
33505932 
36189518 
35077459 
15667291 
12154642 
19658936 
14472774 
14066024 
34868700 
26534772 
19243324 
8174592 
15680097 
11640472 
13 
28521141 
15666380 
8126322 
19562228 
26604904 
16303106 
15279451 
23648381 
14293310 
16225571 
14506253 
5392522 
14353392 
18903728 
6480732 
6480652 
6539592 
15120464 
678083 
17071046 
14402664 
817268 
11605282 
14263170 
805082 
18548221 
15901190 
23559586 
17242874 
17853760 
21499292 
14813320 
13393052 
14647570 
9033762 
15612663 
18233963 
19515424 
21915666 
14985228 
17732153 
15661871 
14348594 
21035409 
14749383 
626183 
14426151 
5972702 
19403782 
19725644 
14193993 
2869531 
16116995 
15832088 
14248784 
16012783 
14498064 
10329052 
783214 
807095 
1947301 
16129920 
5741722 
813286 
10810102 
14469503 
15380032 
16676404 
