825151045869432832 
824320219866923018 
822215679726100480 
16721886 
393621632 
273375532 
3414823685 
2181186259 
153403071 
111556795 
461796015 
162622769 
992789466 
114422199 
23746926 
17132852 
311397505 
155320364 
77161650 
821191920 
56970052 
1118832613 
321560085 
452995004 
324995650 
48740370 
267272939 
173794868 
124977900 
74688840 
40642369 
29609364 
12513592 
11175592 
48377326 
108441763 
155320577 
89483276 
63525135 
275575393 
325461522 
333568300 
1853364620 
1637419015 
25907135 
18247062 
271536495 
930911977 
31464977 
95713333 
545450214 
770922379 
436266454 
1526228120 
179750775 
19338246 
25742569 
55457727 
239596041 
1365963103 
366106907 
563349005 
84660476 
1262856692 
115270768 
1702504254 
2560273237 
353099168 
14205508 
2257878007 
267464405 
277625063 
303896446 
1507922592 
1670712577 
110509537 
108382988 
2326023025 
106894107 
69625014 
2192777838 
18428796 
43701219 
3145777163 
20722965 
2696053410 
67073091 
10695922 
2338551014 
40935002 
963558768 
304679484 
24401144 
41349418 
39814938 
44205959 
38003907 
179488106 
35469947 
101265941 
77897668 
242753842 
333088304 
139136643 
109438834 
262542077 
127878777 
31204113 
30110782 
30274273 
112992517 
111757158 
97487366 
28938763 
20598586 
69641766 
114919979 
51035829 
45472004 
97793316 
31516577 
111753537 
97237564 
38954906 
23994797 
57349521 
20610026 
46141059 
297025481 
305877009 
62493830 
45002832 
34365670 
47673768 
41139304 
74469703 
104203516 
34466175 
34459513 
42900685 
56186139 
31462230 
124249585 
249254770 
31442061 
234097254 
31463883 
36144233 
63497326 
25298289 
42772641 
117093671 
18057459 
56387045 
21429690 
43805270 
15308015 
423967839 
111027920 
1284310603 
74169715 
349300271 
1244325504 
2282671736 
24496251 
159311024 
342328462 
160941691 
22677427 
97315431 
304683588 
3478376533 
1382942256 
455932521 
2428796856 
198830228 
289969718 
54994502 
55011889 
2332487689 
7748402 
160563032 
897861037 
485143246 
159241644 
209432804 
516160075 
1965546636 
236847101 
2363469845 
3415378497 
2414707231 
2281336201 
1385589271 
2954888654 
25073877 
804901724 
54930650 
213424681 
35649837 
413485609 
414569910 
362270873 
44473103 
174816561 
3009026375 
438897828 
1671288846 
2815557305 
25990575 
545225857 
2314065673 
18911369 
20662845 
277786910 
82254440 
2557037323 
96661976 
259939862 
112039355 
18084288 
13567782 
74546045 
35463646 
215034021 
279045708 
266213485 
2354123803 
23723314 
178812809 
100322679 
101798589 
180463340 
373563730 
250764081 
2575731508 
3063954508 
1140471062 
18197299 
161830936 
18197476 
1891637324 
1342978111 
15687962 
65289126 
62513246 
14113829 
2233154425 
103098357 
37643845 
3509760738 
78469573 
1908079370 
19031342 
594899860 
1374901669 
283673240 
19725644 
297623892 
110837067 
63180039 
322743355 
114966196 
472032417 
342444190 
22450947 
31442497 
31442900 
479727198 
97409437 
18713254 
413501800 
33897988 
20016304 
472657646 
77059536 
323368841 
79295885 
59322911 
21829541 
348778908 
113083969 
17337857 
846565903 
90420314 
21857603 
247378825 
469830334 
533217059 
1448001656 
8453452 
14803917 
334045672 
1291491918 
66561957 
38259087 
41259253 
19548908 
334321077 
15661871 
16303106 
52180583 
161762873 
29647925 
15249156 
15473958 
170591249 
25216416 
128956175 
28521141 
40756537 
40745276 
18132032 
61842433 
260984364 
31633412 
418036191 
39161915 
95045782 
178360891 
312803139 
271544032 
38518860 
15791134 
106845822 
14180105 
255747911 
237845487 
253484911 
89503894 
134832243 
115486770 
243284052 
174534924 
15227791 
86422542 
15962096 
22575307 
62591681 
34747631 
83147002 
41218028 
115485051 
34192959 
15439395 
19314650 
166739404 
112962217 
34175976 
94642623 
233386754 
50154889 
14387250 
118509584 
109136474 
50393960 
17915615 
5569742 
53230697 
16728770 
19760439 
39019969 
61191403 
58845538 
48744833 
18117460 
5062341 
15492359 
19762150 
11348282 
26642006 
15746569 
22127864 
7846 
28049003 
19554706 
17461978 
31145647 
778446 
16971072 
43170475 
19485464 
17236488 
15225697 
34142835 
30634415 
27990451 
18177891 
25024924 
17004069 
14317537 
15903075 
27683795 
22398496 
22552140 
18053213 
15575251 
20858561 
27932477 
15757811 
15333636 
19058681 
22477940 
19499832 
30364057 
15614050 
30614676 
31353077 
28123862 
18369863 
14751664 
16339427 
19853 
16042396 
2775311 
18498684 
926981 
7861622 
15657647 
16908436 
16089776 
16626187 
734493 
20557892 
9572272 
25543396 
14681605 
20462253 
24820197 
21862751 
6520522 
19658826 
23746883 
14187773 
15792084 
12310112 
17562014 
767396 
791124 
16252002 
14179545 
9318232 
2396591 
6779242 
14173833 
19843691 
14936377 
10798802 
19867072 
21699836 
16532210 
19614137 
15497492 
14413075 
898491 
12513472 
17074440 
586 
15485441 
6211972 
14749383 
5391882 
1468401 
20 
7400702 
783214 
5747502 
807095 
5248441 
805311 
5402612 
6297852 
15883501 
15791454 
15216111 
17194296 
14376012 
18428918 
17791350 
15021099 
7184032 
20351895 
16916369 
19374960 
12603912 
18116794 
18761352 
9275742 
15888142 
14195353 
18566762 
14973634 
784304 
14075928 
631583 
13046 
428333 
10865472 
5704082 
14130107 
16899075 
19836769 
18455697 
20419711 
18944209 
12990922 
21429102 
15249652 
4620451 
6423302 
15924609 
14744347 
14647570 
15993299 
631703 
16136044 
15044410 
16164520 
10810102 
14348594 
18099847 
14596798 
16831501 
18772355 
15901190 
14326840 
814304 
2729061 
14246782 
3829151 
816214 
657863 
813286 
7861312 
12611642 
14413715 
18393773 
19238265 
19029137 
643653 
7670202 
20563182 
1183041 
17637706 
17639424 
18140897 
17637614 
17638336 
17637503 
17637428 
17637553 
15912116 
712423 
17449749 
17811542 
18077270 
17948711 
16727535 
14655321 
