154885394 
778312047473856512 
480007792 
826523813181607938 
748958208920870912 
765257470520332288 
821022265064230912 
790968974565662720 
293709920 
4854075652 
811638192629805057 
812406533308956673 
818569814092353536 
116778653 
765755774907932672 
188479071 
474571449 
248686041 
786229908074659841 
2966217749 
80845451 
4042437280 
776431153960013824 
786232786784890882 
4895873567 
782929873857867776 
786659330435256320 
3001846793 
773951096465321985 
3130852521 
192423324 
2317045711 
2528923669 
599202487 
3771256035 
191572165 
765893729181900801 
759065517537636353 
402846264 
724800153404751872 
2911827863 
1468289803 
63017007 
743133008656539649 
743541221990211585 
742797150761955328 
704100085 
2957856237 
734189880033452032 
1075473270 
573639062 
189594890 
2561374843 
2225403252 
108335712 
2851339047 
19294221 
2990599540 
715973824941056001 
4152112823 
719300109511626753 
474433055 
787879453 
803188314 
706641415963615242 
3270156504 
113467818 
4006265237 
2827582618 
1922050668 
1920773534 
508720317 
4892673801 
35236536 
4705911317 
4870638177 
367413460 
3764451857 
3826551809 
4503332541 
1583815362 
3439409765 
4320948562 
2490693422 
3785956463 
71359910 
3434488384 
3677219295 
201863287 
2152985341 
3084229137 
2938424699 
73411127 
1912187035 
3844476459 
3772401443 
3816626429 
3388111816 
3649921813 
1511502494 
3675927556 
69705705 
52496884 
2851179781 
2968522221 
764400486 
3288279087 
3439205600 
366357931 
2901508996 
932168154 
3290138391 
2802582759 
3277732898 
2855570817 
3315624173 
260422213 
3405940419 
3352269976 
3298791042 
1675712149 
131958771 
1898370650 
3246542933 
3313382746 
2165381402 
2752838432 
2887134904 
2227677140 
3221492357 
3195219377 
3082268985 
2873986577 
372067847 
3082649411 
3021983325 
3060232432 
2811794598 
1702173776 
3028598512 
3040748182 
2994363909 
2241365268 
2859567682 
2914206545 
2949341133 
2176158067 
2791989238 
2893442711 
2864369332 
1852415389 
2897873870 
1382754421 
637266749 
2375509748 
153538200 
2821367681 
71992655 
2799257111 
2439254466 
1092767875 
2788599410 
552007820 
2800360857 
221239281 
388076704 
390502527 
414429713 
319879475 
2749523406 
2790235058 
2788500888 
2695733293 
1959645877 
2734235519 
1901382673 
2695836552 
706923475 
246063599 
2491929984 
372016823 
16185074 
1319481535 
364951546 
2717147196 
2679943440 
1345583737 
45733177 
2596535712 
2575072626 
2596317648 
2469278034 
1158180728 
1228298406 
2546623034 
2571579776 
2493429517 
329738761 
2460267620 
1876019887 
2389034449 
2338643666 
2326083451 
1732642328 
2435685690 
189585867 
285693246 
2424115381 
2307440227 
2383770170 
2316022747 
262184827 
2292776383 
600242895 
2344422619 
2291830938 
2178722305 
291336770 
2350706510 
372822182 
1873342476 
16336765 
2301652261 
2241036403 
338666468 
2329226359 
1979362238 
1219627093 
2320865054 
109614351 
452740006 
878296514 
493381430 
544640297 
2294608668 
2290260620 
1849036435 
1471261292 
2283887720 
176640616 
180819066 
2250944016 
1335433879 
1436445450 
2240905626 
1058843028 
116322039 
2200057939 
2165265710 
190667450 
1377629564 
1849826209 
2201468504 
175671176 
302828758 
870159589 
394326220 
1636135098 
2159969617 
274508784 
1680767689 
71606360 
466674113 
1317266226 
129668751 
1908354355 
44897065 
1491040562 
1599007418 
928149625 
1475687322 
1305322848 
1130005436 
402865813 
43557484 
602930596 
1615840423 
948348498 
1170323389 
1071346819 
29491490 
1688160914 
67307680 
858590378 
1173192674 
1636339266 
359595466 
1665987660 
1675676012 
1656732883 
1319547450 
343590648 
1614024728 
1488495283 
891451075 
1498742244 
1503654468 
1286521537 
564347637 
383891424 
862242379 
190701737 
1208845334 
240746211 
1120210400 
1328034943 
1337968266 
1101606421 
1217368298 
175038255 
446694140 
1157813132 
631198606 
1223327803 
1199621618 
1198146638 
407426420 
381257368 
198491814 
1160772428 
472044089 
1154893806 
568443637 
995270340 
771641257 
271420612 
921714098 
93663841 
404565378 
1060589342 
412635738 
50743352 
988914384 
890350189 
948960432 
98513309 
758191663 
343488126 
76368148 
104939086 
197802340 
166683502 
818398232 
81267983 
484309257 
129858069 
788255018 
614704976 
791598918 
194657992 
187591189 
705452905 
762721614 
785297395 
248924531 
774877190 
596711891 
598853155 
518702899 
747902042 
561994252 
760039128 
740712138 
727354099 
546535975 
701644076 
259389063 
479993166 
296651906 
47686359 
244074828 
532192612 
573671776 
538360781 
245627284 
595573977 
392934655 
574680328 
557085829 
488544892 
543632214 
396938444 
537473334 
74383433 
384527253 
478919644 
488548215 
469668256 
442100181 
70778621 
456057207 
78678760 
410140157 
472519512 
455113567 
430962602 
473536880 
359507667 
410080754 
466768585 
425820709 
404865251 
460480841 
382845652 
55578366 
429872047 
399630821 
425941491 
21782431 
320893387 
402408530 
411742849 
278637037 
378098399 
347392563 
368611954 
213356695 
323357435 
380046863 
378041453 
360963063 
366983318 
202331961 
104712496 
243749516 
249194230 
370234008 
119154658 
369495412 
369621708 
84386464 
247508664 
278675686 
364013282 
362685363 
363204975 
89754130 
63156793 
362047116 
357837851 
352046515 
352343718 
177063773 
20894996 
321502852 
27688540 
253565524 
273437456 
288220606 
333467236 
53085050 
255630306 
17818969 
267329295 
168634147 
316631847 
201817856 
311630498 
168551897 
249238816 
34654500 
117119517 
241016752 
97372792 
180226057 
19744000 
250991321 
278207931 
277526973 
202706908 
280578521 
52764351 
104838177 
156342269 
280279890 
68207038 
39577296 
29643019 
75407108 
223286164 
195805346 
226303517 
257673798 
257545964 
255179337 
212052642 
204615309 
132387781 
236232120 
198663263 
247397392 
223979104 
101728007 
97001692 
104497315 
221409459 
237000185 
224790429 
207253660 
31742031 
207542863 
175064894 
175074969 
64877929 
76978495 
114320096 
185479969 
34665001 
191097341 
201080079 
208150402 
130612292 
45208316 
200086497 
159471911 
199675149 
188106385 
180861187 
109561033 
179543108 
180388972 
129909146 
197292643 
171499611 
56741754 
125859965 
151855776 
65706347 
188139044 
190270009 
145743546 
30673480 
61183548 
183341964 
50352229 
156377817 
20614644 
132882203 
143071406 
100367386 
93566830 
97698902 
58256822 
104247947 
106814790 
108716520 
14928434 
97525409 
107516884 
52097720 
63857876 
88017228 
60944060 
45835893 
20481687 
25034144 
53115044 
43163061 
61797852 
74877045 
67383215 
23516976 
70498231 
61102567 
15754360 
64438808 
14982083 
47738298 
17470444 
29995456 
22684447 
17890226 
33737494 
40877616 
25209083 
21315018 
19923361 
43889953 
23095397 
34605835 
14943636 
39762630 
31274675 
38481866 
31112823 
35731968 
29765698 
30224537 
29739264 
32414973 
27014017 
23062862 
27330323 
18197770 
21922584 
21316821 
10086382 
18777914 
14714231 
20592280 
20084334 
19028916 
20055053 
7491842 
13871102 
18244244 
16454446 
16954679 
17447212 
