2467791 
25889339 
16129920 
39706174 
36712233 
456862468 
1209516660 
14260960 
216776631 
20479813 
16076032 
41614813 
712310200624001024 
121347988 
25073877 
170897911 
166747718 
20015311 
443328404 
30364057 
289019104 
4356430036 
113134752 
44196397 
21943045 
81783051 
15905103 
1021315345 
29595129 
34547678 
718720518 
432689743 
37387336 
1673217121 
275039831 
21718006 
52551600 
316389142 
17532069 
8892822 
2377815434 
5392522 
192354884 
28051976 
81692128 
26939677 
14824849 
2823011496 
130922325 
12992772 
62591681 
20951220 
24807616 
2319108198 
108315956 
30508215 
72423061 
442237496 
2538115178 
27801361 
74669397 
28406270 
20322986 
37982492 
1421531204 
221185711 
18671559 
2592749814 
18708466 
6480652 
256573865 
191542050 
208818498 
44511957 
93654953 
38313257 
53269717 
44381332 
278174980 
81480697 
22461427 
22872643 
904120322 
114885858 
89898430 
18169589 
45266183 
20122306 
25111579 
223985874 
1325621532 
16303106 
25084660 
18028249 
46458156 
25725698 
82789484 
139162440 
35097545 
194818167 
14800270 
276540738 
23631859 
23859156 
1238016421 
17587207 
35773039 
15984676 
19793752 
26727655 
14353392 
28644174 
55117855 
502281810 
26053643 
88749392 
63302020 
16000356 
27711685 
19637934 
40086859 
76351820 
31080039 
23544596 
32765534 
17769258 
191737201 
18091925 
22544911 
272806083 
23027237 
197644583 
22646558 
22084427 
158639291 
249887374 
6480682 
167357509 
25616989 
67741773 
78194111 
81482674 
25489250 
42941107 
19494203 
199045341 
65739253 
132022097 
17193479 
1074400218 
302495436 
18004553 
161689125 
443215941 
317613153 
23827692 
19271909 
27547342 
27967526 
14120624 
24624541 
16568227 
516623272 
12664602 
59380587 
17453527 
223292538 
235151234 
58722894 
25723502 
39357410 
17643283 
24618825 
405322361 
18172653 
75316890 
16302651 
140545341 
15108422 
23802471 
14677919 
100276047 
117290989 
45653108 
312860399 
291974474 
15485915 
16901803 
217158161 
35184346 
88047078 
23122597 
16595828 
77926504 
115176220 
18001448 
115246211 
130225080 
107157805 
104627843 
47151774 
15639138 
