2813644258 
2894675043 
702891309116354562 
1469265734 
133447213 
798862517518925824 
46941054 
277981725 
321509053 
77962173 
717652673248550912 
407766714 
39348006 
338240032 
407624682 
1080753187 
425937399 
1454804088 
806887309 
1378238418 
2284004966 
3063113421 
543671715 
568282577 
709796054066143233 
563051920 
194117563 
285698560 
901835683 
1534686654 
467756681 
225171788 
2875939799 
2510696688 
161686727 
2489060773 
27922157 
22708797 
39250316 
1347449610 
26689687 
71549926 
340428370 
192011716 
21098119 
24868011 
29906148 
35364040 
17813135 
125512325 
27028248 
1920161564 
16245822 
36130058 
833987731 
487772099 
20305421 
1632522991 
4163217046 
19400875 
706089794443599872 
85398379 
328694250 
1882878685 
390765769 
274113269 
2782254584 
2158459550 
182964244 
3100003486 
3064456739 
209727304 
1357423778 
2649137982 
1650489126 
511754931 
21336423 
1920699374 
2773885632 
329129921 
3420498010 
37405080 
473098259 
73498916 
2653961948 
2853328517 
482054953 
172380550 
746005113265917956 
3059788886 
23544459 
119323511 
2235638924 
3074759934 
2776505567 
936581539 
3026528013 
2436824828 
2330485297 
233906881 
870317570 
2534862482 
2362502461 
1116282031 
234744939 
4204187296 
4845113824 
2983099529 
567127732 
118982196 
206255645 
107391777 
223430081 
158378782 
252074645 
3064347485 
253588542 
22474349 
1596290010 
1118225876 
267409055 
21616780 
14904461 
1022421691 
574690859 
103991849 
776811369203109888 
300793285 
3093165023 
398337209 
20168805 
4872267988 
746978280 
232207153 
41561657 
2370520800 
19022190 
534217870 
2814095813 
218797772 
15862891 
17326754 
233577279 
1613229612 
14511951 
15492359 
24862758 
3315154528 
4217588295 
52431629 
49634218 
188254153 
20969126 
20134812 
3904996167 
3420365656 
2346592601 
585481864 
362352804 
17387342 
3294840008 
68223307 
1857241040 
948226640 
134429434 
544653086 
2267477410 
275065851 
340763743 
1657435867 
919944312 
6718372 
423516094 
357335040 
464858326 
262424781 
3020504062 
204720843 
321506414 
2817328227 
2372352906 
2766730243 
143453070 
3023922292 
2677820917 
2844251630 
45359895 
11489692 
3739935201 
82174782 
2208990205 
150661367 
313227555 
2653652670 
1364676757 
410263969 
350981781 
15763014 
567499010 
3067594463 
2547831530 
490085531 
295231428 
365926149 
604825898 
3835568415 
3387847001 
21429949 
2797896014 
985594704 
388367474 
2993428679 
116770590 
2873912430 
3740378890 
1379051833 
2670222367 
2196330393 
20968524 
179125657 
126712958 
304409363 
132337419 
350336740 
59564817 
43736549 
341069485 
355439748 
2695797289 
1720592544 
569158019 
825885175 
3364641387 
970920818 
559858405 
20265498 
54199006 
3046691713 
43273282 
435350670 
170757803 
146243605 
2800571123 
3115190685 
568392796 
23089629 
536264124 
2839455957 
3273365664 
89006400 
3066025265 
3168923750 
2775030389 
3312282057 
930461071 
989409930 
272074775 
528481367 
231076883 
1575414624 
156369592 
3366536793 
59585722 
403406117 
160868819 
2402657372 
2321287080 
868437872 
2894464091 
24040562 
2157401156 
867805897 
79721713 
1421319535 
210666689 
2932938625 
504932613 
2285277079 
1965159528 
102238992 
983294923 
1709492467 
2449637502 
871922720 
1427432652 
249343865 
24063265 
2842883584 
3194677939 
3305388141 
3169260990 
13029132 
144396356 
366498596 
1445594815 
2226783061 
21412285 
3044872408 
3195005827 
3253962454 
2567956998 
14112324 
222781413 
146555905 
3057839616 
32456965 
1347013633 
190044439 
186651730 
2782257347 
136064379 
121398847 
271376829 
255758089 
157040142 
293226916 
243285792 
275794208 
20083399 
19770381 
1863575910 
403107114 
1620854850 
369721247 
173394822 
1473221100 
262740835 
818863076 
2537617479 
80085403 
12808192 
2372856333 
29525241 
178525052 
473276096 
2615299188 
2425301630 
211435124 
211591593 
127423191 
22630826 
277535648 
21108327 
2784579253 
2208782905 
303852606 
576150556 
3037901726 
217725704 
22638858 
89236599 
35002565 
382187364 
124815554 
2483862207 
226372882 
1649830423 
81882372 
142912040 
1576363424 
39726453 
20044615 
763431595 
2884755090 
964069946 
1359106964 
396992553 
726624264 
18588454 
2878688876 
389154420 
276064176 
26708077 
1295915414 
633016012 
22686437 
2296276867 
1853940198 
15787056 
462052608 
21293292 
2458435238 
334003422 
52635077 
138562224 
1707350040 
1175787966 
1029395904 
48375582 
149819888 
249596785 
538725783 
458728573 
1164040386 
2785531802 
816128821 
402222874 
317825187 
19676044 
1104722743 
220003704 
19487157 
770642809 
818876014390603776 
1093090866 
813286 
211468771 
486777649 
91410825 
17833425 
189729793 
514079220 
2176358690 
561558519 
1568050764 
185056717 
888910212 
235593051 
137892753 
111303767 
2606617542 
1220976170 
88286224 
2385468901 
2510546275 
1172920374 
176875275 
1540292611 
2676595780 
18220900 
603549278 
1699039021 
1922941092 
220470918 
116238249 
15071492 
1528632774 
51055884 
1355427282 
251734587 
81132258 
16273144 
50617017 
65923736 
1670345995 
197738561 
280541102 
1244098057 
135628695 
61090126 
374636494 
604854696 
393683887 
2545401756 
778084207 
319849834 
218610496 
355394841 
17391072 
81064944 
2563276183 
128511637 
856144886 
484053833 
17643578 
411369938 
66411637 
576934471 
1019676919 
49735209 
89962967 
286883832 
53359562 
804275130 
582792042 
275445869 
1108133629 
395251459 
603254367 
173189064 
570239474 
56200049 
23506185 
298400184 
7956302 
945598393 
264356595 
317402132 
93390933 
103678351 
319772111 
390172770 
454411522 
27876715 
262257186 
1874686322 
3001482341 
344220585 
2750587697 
3024193373 
2900725750 
186469635 
567153102 
2825456633 
356955264 
830386298 
94064779 
926362806 
2821536323 
23512042 
44584283 
32438964 
350281110 
68070892 
40698691 
516835771 
326378767 
210567050 
398596555 
288203559 
197110539 
489489166 
18638104 
148884981 
224074946 
551210825 
488802961 
1242682856 
581654024 
1416448404 
25095796 
2352078128 
749130152 
489319669 
413156878 
2728143192 
273907306 
915649236 
2482728302 
2730621012 
89682741 
281085008 
937560834 
579369546 
2569988300 
202559905 
175703564 
14283504 
2214748779 
2607569395 
1428329750 
1438748028 
86292908 
5554562 
1216679244 
224744413 
19719740 
307260550 
2294835296 
522375838 
323212141 
43611215 
88719568 
1667720924 
120873316 
330062972 
292571975 
452987804 
200219772 
2230325510 
154647635 
49013625 
460250124 
293635096 
49413866 
621543 
214503504 
163102586 
17099921 
809340116 
2394109489 
864261421 
1566074456 
958790666 
115475516 
835790509 
224653093 
54910931 
216728000 
153455849 
46677513 
259279434 
49870351 
50452646 
14647570 
145654669 
194794484 
1389553430 
1511647802 
224197600 
122411119 
66319766 
224175032 
143491093 
1582617978 
87299315 
51183924 
161656306 
859557360 
259215155 
122383497 
122413878 
114783737 
122411538 
249453810 
21185158 
75256411 
82898546 
23072537 
59532374 
27726303 
320934043 
123450038 
277997152 
493175789 
