19713521 
18185124 
8981642 
15846407 
5946492 
19300089 
15891871 
15233739 
1143031 
16301273 
819473 
15905092 
17596014 
19737494 
18222378 
20067354 
21879024 
19740592 
21324258 
21035409 
17173775 
15076390 
5380672 
14515734 
19314650 
18396070 
19538986 
19784831 
21171404 
22197670 
18869445 
18266477 
792005 
19313770 
20536157 
646533 
15473413 
20333461 
14359747 
14744027 
18469490 
21771797 
1276061 
12 
16381279 
7846 
428333 
17074440 
15234546 
13 
20608910 
586 
3475 
21131816 
657863 
14749383 
14575107 
18863815 
19058681 
19394188 
5120691 
15485441 
17266725 
10350 
18420140 
16409683 
6211972 
1183041 
5391882 
734493 
16727535 
15131310 
17220934 
11640472 
7861312 
7040932 
20 
1468401 
816653 
17461978 
6273552 
14224719 
7376382 
14094741 
972651 
7400702 
4119741 
2182641 
6173842 
5741722 
12687952 
7860742 
7905122 
807095 
291 
5747502 
783214 
5688592 
5248441 
780457 
6830022 
15717516 
20492893 
17556539 
15681374 
16001122 
2893341 
16070815 
8898752 
19981672 
18999814 
19198177 
10373322 
21721435 
17314489 
21092493 
16604218 
21686733 
21348356 
19195899 
20520553 
16396956 
14145704 
16396884 
16396905 
16396920 
15389320 
16396807 
16594960 
14754358 
15766263 
20863882 
16994661 
21600059 
12504732 
19729690 
14432003 
15012672 
2336001 
21510827 
18586161 
20596859 
19729920 
19831743 
17883849 
20107834 
18000919 
21211622 
18156176 
19400552 
16123467 
19460040 
20366600 
14388347 
19819747 
15456856 
19555286 
18018782 
19437606 
19214284 
7410302 
13625722 
19259282 
5740332 
21006099 
13629942 
19793935 
20957191 
17398820 
21005245 
15031674 
19127603 
20556015 
20029214 
9675872 
16666748 
19822835 
19541358 
14422246 
19774757 
16425462 
19057725 
14286745 
19039286 
20476749 
14996887 
19623988 
12135452 
18961162 
15279451 
19084580 
15099985 
16826713 
20452079 
1130531 
17171111 
18955776 
1071091 
16128259 
16313140 
17369431 
18482614 
21205390 
17427697 
18793179 
15726931 
16180004 
18947381 
20830456 
14087249 
16835703 
17049255 
15749725 
19354950 
18346687 
14513239 
14282672 
15938321 
14647570 
14288822 
6519522 
16600326 
14717957 
17750253 
15149510 
15196644 
9978232 
2555581 
1354251 
6803992 
8262032 
20202619 
2758691 
20521561 
15529718 
16246520 
20264492 
8358972 
5611402 
