2726848332 
84281104 
25390350 
501861132 
85526005 
946276392 
323934044 
3350850490 
2283822574 
3243023449 
55299038 
410666532 
16952739 
126396300 
15786255 
14385076 
446732448 
1598305772 
22046451 
37755950 
185357063 
45829231 
143561593 
563474127 
804386716878409728 
373551099 
4054271961 
3016908074 
2191000195 
151918075 
380004412 
16958346 
506163497 
233774775 
230542564 
130130301 
43924249 
1380385320 
334700326 
30063139 
573918122 
604949797 
608448913 
16746076 
57111966 
4924283734 
86961179 
4815219255 
4229776277 
467821022 
18103125 
34113439 
456864723 
21235116 
78041926 
306286759 
407315647 
912345692 
2347049341 
1647573157 
39279393 
16073416 
759251 
16303106 
760565206053425154 
700372776926842884 
53125401 
16548243 
29479859 
46192518 
39806140 
432716636 
57411479 
553757993 
632307173 
48457203 
40110345 
29628889 
18813482 
528949429 
26953478 
23951336 
183651273 
94217655 
180088363 
252794509 
75890868 
26859830 
2779021908 
748620065646383108 
36357777 
633272935 
16666748 
78361556 
95418595 
593823956 
380346763 
1643159077 
3153336565 
21137933 
2420798070 
286783492 
2720295576 
14601165 
21066583 
819605288 
3068598381 
43638469 
1482297464 
22921528 
2771463669 
364328750 
177299514 
586919229 
17810254 
203253392 
223416400 
128544009 
260928758 
16544818 
17463923 
202313343 
2765959278 
41927424 
46575796 
23274387 
717994058111655936 
112448350 
18267548 
3301719356 
104164358 
63586621 
3458195901 
2733320850 
105267145 
339696413 
84679163 
21518962 
263619084 
42255271 
15463610 
23144045 
16973594 
2687796164 
18176760 
163162704 
1467586027 
64727768 
237859085 
460246990 
609474243 
111153996 
259486277 
17625853 
98151325 
15752636 
76084152 
49410168 
330366565 
153067283 
259873777 
526806769 
2868169873 
78429986 
85644875 
437833966 
136572828 
223629392 
153813437 
567657016 
30099515 
780519614551695360 
168718734 
870083701 
48192209 
619302090 
18274915 
49992445 
369201964 
2546605262 
49676366 
4718145857 
1651507200 
316990296 
3319550429 
140991102 
16542764 
364457552 
266898327 
4793938642 
705151800626847744 
220935113 
844051418 
160404282 
48075643 
2624596030 
3644143708 
23331132 
4871941755 
114040486 
4374935063 
4374256036 
4374207983 
1023285594 
764281500 
3427937773 
72665016 
158474750 
1876109748 
102271194 
3233034271 
3816229099 
92162698 
19805671 
3067113241 
26859573 
164404027 
5755582 
5420232 
2510432287 
243324496 
17694651 
523320869 
2469606308 
351093775 
64550429 
54663792 
305333441 
100001849 
27406018 
364065406 
1733439776 
829661358 
28185469 
80388407 
395234621 
3167636955 
19663775 
798548606 
53473781 
461561927 
825023396 
589467618 
2796727928 
59275755 
313474648 
3128808919 
29061341 
89247872 
1915053535 
3140807019 
2760937679 
106318171 
2398451414 
3161636661 
45774296 
1558479776 
61149551 
211741483 
2842205451 
24183598 
10772102 
26982121 
23114836 
790937252 
31189732 
344035684 
27093057 
169203141 
69407673 
179973018 
22049097 
15840909 
65073830 
594847513 
5838072 
1241544739 
23595586 
242365706 
150334831 
177074617 
414202114 
89838568 
14914311 
161775383 
21226678 
15330264 
15935591 
80651045 
372013935 
76117833 
39868135 
210953833 
61212645 
53417856 
15640533 
63268295 
267893832 
110771056 
21866534 
122417788 
43078165 
571202103 
16721061 
16581604 
33388399 
36959762 
181912222 
189376144 
368292391 
480196886 
949934436 
989633635 
20389458 
129914392 
116000878 
1255483495 
67409283 
175469086 
1954786904 
2377236554 
340352452 
14463670 
214210756 
384392464 
32124166 
21429357 
86140048 
197621701 
2916296734 
28645291 
111641442 
55356460 
23403952 
419056602 
18136692 
507565415 
14956938 
156251748 
30006922 
151079345 
15060616 
2422133820 
8596022 
1348580108 
263328097 
87284906 
17219044 
53546812 
185043343 
25734246 
545318892 
1162311806 
89191720 
2778642937 
53148913 
65113130 
515888500 
1329525313 
59578500 
142896252 
2596694492 
21092233 
46668131 
1537765676 
17625088 
927770682 
18470975 
2435961990 
2351977795 
16043306 
927 
314262203 
618773580 
321129180 
24893491 
821914328 
19698229 
21213611 
41519790 
213476613 
90403900 
108062719 
117576829 
262940385 
2532801223 
154167479 
1927208604 
47649097 
90484508 
19538108 
20028042 
126410058 
80663587 
1940957984 
53485368 
479816451 
109224937 
14934893 
583870567 
276457360 
1883585095 
231579106 
17601042 
46425182 
85359093 
20626879 
54953394 
2600693299 
156735612 
2557130478 
1534453560 
241269863 
84474526 
18898143 
21095057 
1901332344 
593931586 
421887811 
25711596 
459120920 
213831149 
443050998 
33947760 
47628499 
394932596 
263315810 
108408529 
290180065 
948977678 
2543890620 
19725644 
1908598945 
50446226 
310404200 
18775642 
372958682 
57766629 
1117043418 
241250976 
17095846 
29438473 
20941733 
531561605 
2207847751 
18223550 
28538089 
17002271 
94150521 
910873332 
37050650 
51265120 
42714344 
83496371 
153460897 
1596034550 
2161386072 
263020833 
314996658 
554375427 
2471770981 
1692967987 
2473024890 
2329545026 
235388575 
31567115 
2331550226 
560092434 
57207476 
120781411 
1028956129 
262327202 
1059106711 
1303812001 
2471542896 
526542549 
1697193421 
180999634 
142014148 
612753117 
275485951 
318084384 
15507433 
21789463 
314134066 
24048295 
247571991 
211184868 
19047710 
5464872 
290285044 
171251899 
34936539 
2437771129 
769742234 
117081229 
2445991598 
294160379 
113813062 
14437548 
248475181 
63677339 
2451750912 
1304347586 
2225481055 
1517537514 
257552550 
1050405386 
1969890114 
97955744 
211579670 
2459051773 
220541453 
1377549409 
300425161 
12044602 
1016501563 
17784027 
486081963 
77764733 
125686589 
243372492 
69304682 
363286310 
19769002 
2282519293 
41966069 
14242825 
867417091 
1914664969 
2356452626 
917908921 
46016081 
1520538954 
131258567 
1003366374 
506775059 
154988342 
1286149633 
1427182399 
31153787 
2448257994 
1947348506 
2182664607 
1322965681 
17824498 
21785527 
92601300 
270372236 
15489945 
15582333 
362642209 
38270283 
31128730 
1339835893 
28962525 
784304 
2185084844 
31817141 
129924486 
24235368 
22458458 
336218991 
370808273 
456865788 
59514202 
18529028 
72103163 
145380533 
20651120 
1394605356 
15888142 
4207961 
384923143 
360998960 
77220986 
16470495 
859081 
2437270166 
42616760 
19674502 
11348282 
59157393 
228794007 
14247309 
436972647 
22509499 
166603173 
16426039 
14603515 
101841772 
21115142 
17933572 
2339734951 
173165321 
17813899 
51432866 
473296092 
426787562 
138510294 
18318642 
21245863 
34755196 
16935092 
526503596 
114534894 
1114505761 
255735648 
19638479 
36672696 
33911163 
262438789 
256090039 
577292656 
14449157 
1191733316 
2467791 
2283772130 
818909579400638467 
369505837 
822215673812119553 
30313925 
13850422 
1917731 
9300262 
11853712 
22093595 
9252212 
1393155566 
564106953 
1530850933 
209220102 
21627191 
83636590 
15855913 
33998183 
19235494 
1546343762 
114308051 
137418009 
267494239 
30877655 
26524195 
543177628 
2266094832 
56789085 
482391923 
76978495 
94932694 
1911873032 
261438595 
17597081 
19658091 
354313628 
1096673689 
23110055 
16347210 
339143354 
246575416 
70447611 
16204557 
22851407 
156674874 
22787635 
45695341 
79289712 
98450505 
16959186 
281257435 
306222409 
32171828 
17220934 
30927826 
17423992 
243284052 
15334380 
37710752 
19223022 
125767077 
34344598 
18417756 
318349748 
10536952 
25115550 
14914631 
295833954 
50683992 
524396430 
51241574 
55612830 
176609040 
15580384 
19918047 
220089901 
107787714 
282192842 
15692087 
57113373 
81593533 
631688737 
15008660 
28645658 
23842437 
174103919 
1340140518 
15339201 
122448345 
75085260 
73289240 
35058008 
20534830 
21343176 
27967896 
36690652 
34687493 
18687463 
18013285 
108622115 
36439939 
9409552 
48028397 
284155407 
7573792 
16191793 
172974830 
44196397 
13298072 
845764280 
113393530 
110735635 
259873788 
66517904 
317811551 
107919556 
197533433 
52487302 
107481952 
41438417 
24275692 
16614348 
134505123 
268475408 
55953681 
146068145 
20776432 
5778652 
116031279 
1854558354 
81119671 
44236915 
15127329 
111120534 
443970076 
404104976 
631194815 
1206690960 
113708290 
15223028 
89690502 
227138575 
60630907 
14165865 
1270338342 
569178029 
853170673 
339633519 
2708791 
34718014 
456921152 
18783501 
289958588 
223942765 
382783908 
18041201 
701448337 
56240235 
433443234 
45619608 
19256777 
259847685 
63209991 
19772522 
164528815 
90440365 
314616452 
69663748 
38777514 
487103858 
64764487 
831686592 
30706064 
262803658 
500087212 
39820738 
17137891 
89300772 
17995712 
131856262 
23450421 
72842277 
404386655 
11620892 
952549638 
69011226 
101789560 
13201312 
5360012 
15311268 
15447306 
16910965 
17537624 
17750110 
18021255 
18696996 
19737652 
20460766 
21210595 
21417334 
21425914 
22783273 
23610622 
24883537 
25056239 
25560255 
29547412 
29755987 
31189478 
31286761 
32486097 
32488919 
32575748 
32854561 
33046065 
35820666 
39687915 
40160212 
41277584 
41403631 
41430613 
42660729 
43165752 
45650544 
46729604 
47127629 
50071849 
50413725 
52477423 
60971225 
61320986 
67949815 
70898450 
74502496 
74540572 
82677646 
84327482 
109048477 
122419056 
126008563 
130313066 
139828306 
151898831 
188439468 
188444270 
192842634 
231493301 
279327850 
334889455 
357045046 
472138296 
41885001 
44726734 
12127162 
23267096 
112820221 
38025757 
146531521 
320476447 
47351023 
32507203 
65664107 
19614674 
34338674 
253167239 
309728693 
5383942 
280557152 
267399199 
26538229 
36665547 
42867610 
172496840 
15695369 
233868627 
65457124 
69687111 
76430569 
393376301 
37008048 
34010976 
164641631 
28436760 
42712551 
109634966 
16188518 
20270860 
68503423 
44636875 
19874736 
26761757 
17343065 
19615559 
16422958 
17313466 
58823749 
25309658 
270056534 
161475427 
15763818 
6507762 
18057955 
14295585 
90892746 
18150162 
33000245 
27179022 
103889240 
70703262 
53115044 
543632214 
19730865 
491334995 
36984963 
1337654646 
19357386 
14616022 
28145061 
17137628 
25581439 
88425861 
85704400 
358411416 
71051575 
195864514 
108713490 
199355478 
902536866 
28101965 
369307152 
18098078 
15430772 
74741722 
7313362 
17006157 
16664681 
245983319 
17918561 
335980361 
67358777 
16187930 
42937124 
8684552 
848075539 
277487243 
518125684 
325886136 
17448575 
14199378 
128668358 
17022814 
372635078 
46735118 
8668862 
104956727 
15168790 
18028551 
942921498 
586831048 
255797635 
27048796 
288389036 
311800233 
365146706 
564054584 
44665787 
30131061 
7309052 
19380829 
29247574 
84914116 
20641171 
74161330 
59889953 
8775672 
21213276 
17629628 
33765068 
127975950 
90774609 
10292772 
183423327 
15298399 
631430524 
14497313 
163565203 
39844883 
16739786 
127894600 
128564900 
21346619 
18572345 
21323268 
126511890 
16888241 
15581794 
364948131 
168681206 
90995774 
267939430 
95997861 
122393786 
23461322 
274673392 
14275261 
15173291 
166252256 
128574482 
18988151 
84102765 
125415938 
423761379 
32523291 
39768170 
16150688 
16537989 
29556786 
20078032 
8771022 
25341996 
14946736 
372854615 
89587925 
973364808 
889575859 
158088946 
130994319 
790258410 
21007091 
163160983 
16571020 
600306084 
834483468 
313615534 
24475880 
255830449 
216948753 
26300888 
63503733 
15384880 
34029083 
15907432 
20466077 
76122129 
19358830 
47408785 
624865824 
124455872 
40994985 
21337440 
255059151 
21142831 
794326543 
52764845 
116469425 
41167959 
29199444 
87510035 
234489403 
38518844 
38543346 
111663824 
23482357 
23516976 
260217673 
268227236 
33096981 
57408403 
15407235 
878399401 
511200126 
23990406 
137705677 
16146720 
381805342 
204881628 
126118683 
382882826 
21072903 
163492224 
78911286 
28161251 
27147528 
16031509 
15722135 
44168607 
15668539 
323421654 
158378207 
23439032 
14952968 
80048596 
18083786 
15441380 
67408755 
78357555 
10850192 
61288033 
35759453 
976548709 
18216009 
119064067 
78613092 
250706821 
16451492 
24193784 
1222305212 
27921659 
308245641 
257548783 
17471979 
25103967 
459277523 
34713362 
15778716 
158035366 
204856343 
46511103 
207507805 
21677409 
31957731 
62625416 
19782216 
138346220 
19622847 
146394198 
300114634 
10194682 
487899619 
29599922 
17540047 
7272252 
22128352 
127881681 
17879057 
81867033 
325168482 
39077431 
14321959 
21786618 
30059550 
54548869 
69372729 
24027429 
21030451 
537361354 
270439003 
370691413 
211177035 
94529866 
117882437 
340094374 
19593954 
69454389 
81644488 
393673502 
14188986 
15011669 
21314067 
45706008 
56179493 
83874770 
15666838 
14326250 
90942877 
533335751 
19160961 
887248374 
225226797 
47084119 
14357933 
4300171 
45355008 
49467041 
20030572 
394268358 
107002871 
19230878 
19709040 
15283599 
253347037 
64481865 
17315582 
16029855 
6329632 
26858880 
15724503 
19032584 
94369369 
1178011 
310187734 
94150364 
29852317 
27025414 
39608074 
141545821 
849861 
14790085 
16583846 
111679943 
122486694 
14847836 
146351532 
27049697 
18250607 
108752550 
75817449 
60469985 
39416131 
65016644 
325812753 
16436569 
14856252 
56574789 
15093263 
29631545 
144682649 
21623927 
180112413 
73386574 
57655127 
35923434 
30752915 
7348612 
44208681 
21759785 
19786829 
21768196 
21006356 
15651765 
16313258 
20063016 
24834074 
21601158 
36448571 
24137191 
16457010 
19790409 
44916025 
36371447 
29461313 
20182642 
7717612 
19606528 
11856142 
18781059 
16438655 
16832665 
27103822 
22282711 
59144391 
20558524 
19669207 
22034668 
130110684 
28177507 
8724862 
483042187 
14615871 
55661656 
88836132 
18105473 
15224845 
162158138 
24714450 
176932593 
14775752 
20938490 
5695032 
61297162 
18950681 
309802865 
94708630 
31496613 
15087011 
23369246 
54887446 
50393521 
763849207 
51193119 
525875973 
141779699 
111192409 
21521740 
15823023 
18950824 
67675766 
19242932 
388335688 
229817142 
851144203 
585041595 
14115368 
18800370 
68786218 
475046507 
374328521 
16888773 
28989487 
117171503 
262687706 
308617438 
14126939 
1131543884 
28358021 
20718823 
17331051 
44057447 
21722030 
851140482 
17093617 
122179228 
504812519 
288878237 
36099823 
6877872 
364955015 
302167457 
109915584 
13270942 
235322186 
574054246 
610076827 
322878444 
333643220 
111782568 
497878646 
270332536 
481437974 
29856819 
621523 
20 
17784293 
5968272 
15507144 
14600116 
9810192 
8161232 
91478624 
4898091 
21581503 
15912113 
95481082 
84106354 
79599000 
20646803 
154579776 
22814289 
90332437 
146595256 
269955195 
15513600 
13017192 
30235751 
46903629 
154612193 
56304500 
17294902 
292338741 
17984536 
159462573 
280716675 
19624989 
161269188 
65557593 
23431221 
50688600 
20863985 
18510860 
19052151 
384381920 
18036618 
88431386 
357366103 
14335132 
249723029 
28499957 
36382240 
22707009 
281199781 
117645696 
16232284 
49690444 
116858486 
14097375 
163359813 
187564961 
385800575 
371521623 
21206435 
14252890 
407331499 
23777565 
406614141 
45879513 
130376287 
25684408 
211390583 
87765465 
132174139 
7474152 
412673491 
18819700 
189252136 
103984634 
16838234 
18831440 
317506038 
26213879 
246786980 
214502417 
243236419 
24828195 
50326958 
7322082 
348445554 
223589114 
245408487 
77230959 
21414634 
40303245 
295820116 
234012099 
375384801 
190333904 
21959763 
15066876 
14676835 
126389029 
320789916 
14806364 
322653723 
20911015 
33896004 
43514101 
15200719 
21921364 
27445671 
48724654 
201273007 
196323417 
92653124 
80354667 
127843408 
265284239 
17461963 
28593130 
162006072 
106384372 
20525972 
107371972 
24754453 
21379350 
208011816 
16172991 
112876487 
36117076 
16134933 
287816744 
209625125 
131873249 
1941281 
20353938 
80652936 
19263448 
6605062 
17158560 
52678709 
14204908 
271959093 
15349717 
19068435 
35449630 
131500972 
236928771 
148065337 
158129535 
71680048 
54546430 
148177521 
51745175 
16184358 
35913433 
188500598 
14239604 
16581616 
36677816 
54769822 
254305129 
62532337 
131388953 
16976599 
260331781 
16266944 
254196455 
15433331 
61872748 
21705365 
10286782 
14240039 
18434302 
219177424 
40238579 
13416712 
134202175 
54984917 
14159148 
24881081 
261743092 
29819668 
17544173 
108722643 
15925179 
16530641 
243057837 
29994840 
122116666 
20007166 
258088224 
1129701 
254625273 
46693813 
96779857 
32712053 
22241053 
58387068 
19535281 
15184929 
15946786 
37040396 
17330748 
22443326 
15224867 
807095 
813286 
972651 
45577446 
18103362 
133880286 
2425151 
86143383 
64444175 
85819975 
197224554 
28551381 
78720211 
19265200 
128271264 
28238978 
223924270 
64515574 
112627753 
10774532 
67014989 
33669217 
169263570 
123631155 
23128315 
15428877 
21985202 
134828601 
105179530 
68445237 
134884660 
26793325 
54889230 
9584882 
76461541 
18494161 
137107274 
14664315 
6669672 
15501677 
14309081 
77683114 
21923854 
27980400 
17739746 
151554080 
18059879 
74157997 
129833467 
24713704 
58259359 
15561284 
137723882 
17986951 
32469164 
44464623 
16490538 
13730142 
68595769 
107161315 
140079968 
144985333 
23237592 
40498330 
145310348 
26565946 
139729881 
19044609 
18079872 
19379222 
37192999 
85935544 
26790553 
93008749 
18778234 
117464973 
133255976 
43565778 
30934879 
61310438 
125444001 
54948570 
114665862 
51937733 
65219346 
131497030 
18292010 
27646654 
96738837 
117232710 
65909759 
86502570 
89277728 
13771512 
60711922 
122805813 
29345764 
100023580 
53113103 
6386372 
1039531 
16870716 
121812725 
66442756 
21166627 
38545375 
15566998 
115227050 
65372194 
80634951 
4230561 
38013502 
58887341 
18471312 
124603983 
109364074 
101715387 
68500341 
15412999 
14269371 
15867551 
17577668 
14373014 
35679752 
74800576 
36511031 
53319905 
56631582 
16441348 
18977445 
41564971 
15355482 
23081108 
137808784 
68690149 
15180025 
14217047 
94608164 
52143603 
46158385 
18792542 
14236100 
17456146 
50067002 
26050585 
66862946 
16244891 
65647733 
104184507 
17773720 
73478374 
34650368 
33576253 
55881057 
14837316 
46435965 
41087619 
39541736 
19418050 
116571228 
20688403 
18031871 
16846194 
30901636 
41699472 
45409252 
48482353 
109335353 
17634248 
64471580 
52267567 
14952168 
14883338 
19955387 
15770837 
39766277 
93461360 
22192482 
21678306 
45422258 
2196321 
32515106 
18208848 
2495611 
85691706 
18176036 
18929090 
15971471 
22641028 
38146999 
63802567 
25053299 
69480815 
22141959 
54365543 
9405862 
75151414 
24165974 
14625666 
17605855 
19695949 
23820179 
16029780 
22652596 
35906470 
18736858 
103127600 
5515802 
108811468 
59111640 
2204281 
19038395 
17990173 
8108772 
99919360 
15014106 
14626253 
44678226 
28108779 
15351805 
120434296 
1565991 
39084290 
86106561 
94684410 
80951062 
86416095 
15369595 
112093795 
23716913 
13709792 
116947348 
17399027 
51987992 
26859971 
15349293 
40078183 
20672088 
43325947 
16609504 
28235698 
72915088 
22748588 
101794982 
106788782 
16124819 
82198914 
77637599 
92570152 
46581441 
14766608 
22534943 
14787587 
37322347 
14855816 
34645245 
3108351 
20489098 
119883441 
55196766 
14180249 
17475575 
23002858 
42900116 
50380676 
62620584 
36359791 
70553530 
39814452 
17894501 
18001417 
66482863 
18139619 
71026122 
14626738 
24727891 
23085995 
48727602 
19977407 
20408085 
15101714 
14620190 
24741685 
14569227 
20536157 
20793816 
41414775 
16798448 
20457806 
16910031 
36178069 
89084561 
34442404 
18510066 
39360825 
17974631 
35530322 
100611116 
122427456 
37787590 
14844272 
23094261 
6708952 
18334397 
7740752 
44187553 
71588080 
20966836 
11004492 
24593494 
15008505 
20105071 
58555513 
98201361 
46755473 
17345070 
22688153 
19770032 
15797204 
19485103 
70100603 
20819182 
94271427 
14065997 
34096609 
96776625 
24167293 
43166222 
109113577 
98907691 
19648518 
15425597 
89553641 
52911590 
16023201 
46602202 
105854667 
19415839 
19253583 
11960132 
43831964 
21640914 
26318018 
95178766 
72645595 
25141160 
39840320 
80920349 
93668654 
19977020 
11401572 
109459675 
33676345 
64783500 
69686271 
60330945 
66891771 
34164474 
16441982 
52312062 
12368842 
24229787 
17976770 
8468632 
117087660 
68562478 
97038808 
72704442 
17449246 
105269852 
34130915 
20020647 
110618152 
22318695 
29904137 
16563144 
20479304 
22802398 
109603905 
52928122 
15285399 
20011238 
110816180 
53066254 
27742577 
42638402 
73489472 
22428221 
109634292 
16134550 
14188705 
48743068 
20687673 
18912375 
16312214 
67038104 
14221435 
41137354 
29992948 
13648682 
11278102 
38193192 
18731529 
5968752 
13113962 
22789809 
20267065 
8921742 
16016395 
102617462 
41676693 
19236012 
68974666 
106174335 
15520346 
102986357 
88064353 
17184753 
48524216 
95930466 
853821 
17743199 
93634334 
43146285 
14124624 
15222008 
28784134 
92183278 
16684454 
16852081 
14430952 
65419850 
821197 
13193892 
22659705 
16888633 
81148722 
107532738 
89009416 
15591578 
22819127 
34645350 
14551399 
24286736 
10257492 
15803250 
104286797 
30299943 
25126098 
70820170 
14628401 
50694257 
17663112 
16617485 
20103405 
56893445 
27783200 
15044502 
17589306 
74543 
18363783 
46431986 
100253491 
58980554 
102048817 
69911387 
18209926 
15234447 
78163009 
16668198 
25752043 
103712504 
41348771 
78895942 
15678503 
37538067 
16911311 
101394708 
38287950 
20123163 
58884997 
69321544 
23126419 
92024784 
7122332 
73149084 
78966867 
18918522 
71456188 
15735836 
92970850 
50087970 
41133166 
36844221 
31325882 
25502678 
62911261 
55195578 
17634679 
96830069 
95482054 
40919412 
19178334 
16504165 
95132114 
29948933 
76188534 
68353635 
23151499 
80924527 
82340659 
41669354 
47703437 
18611746 
52804360 
18462851 
100305322 
17619786 
14363915 
70504716 
17381284 
7311242 
14835646 
18708762 
6325632 
1531811 
51002583 
14120194 
95521184 
3108481 
65668404 
27029537 
36543496 
6533572 
15536913 
16535347 
82976842 
19681873 
85861197 
15076122 
91356071 
7040932 
16653788 
84445191 
19023820 
15225024 
24417324 
40391925 
23583384 
14086158 
65718965 
18933844 
18506736 
14486811 
16488147 
24288031 
17203374 
21015529 
64869451 
31212613 
85406121 
37989762 
16223336 
1000591 
84120707 
7770342 
33325483 
15635885 
84312781 
50726532 
13011992 
18819574 
52414896 
35549780 
3460751 
29589533 
3034981 
64290213 
20784560 
15409386 
40290010 
17622790 
13837032 
39685191 
17516052 
29241814 
15243940 
15825686 
15991087 
21036449 
14255497 
16530525 
28249159 
60059710 
42629597 
43904177 
16379705 
22341950 
51885045 
15268916 
14873752 
17009647 
38026874 
17794287 
42773 
15016599 
10297 
13451802 
20551702 
48441185 
23519852 
32211808 
21453086 
14886176 
73175745 
10005212 
78081806 
18414611 
22049436 
76678602 
14384745 
32541970 
67361314 
20065282 
17170587 
14096979 
21625224 
52191067 
36878328 
75867969 
72724720 
16314335 
32486920 
38483313 
18215560 
18826280 
25385768 
16727547 
22984215 
17026589 
63173638 
54335357 
11202062 
37686825 
20260920 
54555881 
36980190 
47753795 
16702758 
47540790 
28566895 
15606599 
19019342 
37045139 
21907131 
28213539 
15021644 
14792516 
20821528 
14101174 
19263104 
14604049 
46206575 
19827680 
14677117 
41270890 
22387542 
30451877 
15312077 
49909303 
35928399 
47662755 
14518765 
51046474 
45761421 
32506859 
24186753 
30060929 
14873216 
17149934 
47170930 
20786213 
37934129 
14711197 
16434490 
50514576 
22939819 
14889333 
12754522 
17369536 
54718169 
21208362 
32920707 
36773006 
4959551 
47475507 
27862718 
16244738 
17759943 
44027245 
20758436 
18057459 
14838067 
32679157 
17089009 
14753323 
21813582 
14516110 
46969537 
47907165 
20966494 
14859705 
14169783 
19306443 
40968064 
7218842 
15334554 
20582958 
20078750 
14335604 
18725903 
15769327 
25029134 
5879832 
25359130 
18689183 
16404564 
50649160 
32470228 
35682588 
30472527 
22824372 
36732058 
44282080 
34831094 
49842077 
44532905 
14956584 
18536997 
26083716 
41616044 
16423158 
17541995 
44147941 
45696373 
38586546 
18181923 
14111068 
28621095 
17455292 
24899910 
51307600 
32893828 
17622991 
28418204 
34317032 
11521812 
14465456 
22110981 
30815404 
19069172 
19565779 
37950155 
22634164 
19746777 
20089172 
22276405 
44425500 
47859221 
35346964 
17834728 
42072417 
17497337 
12173642 
35052497 
16931459 
33732344 
24916455 
24768049 
20779404 
27804980 
16957613 
17793878 
12626962 
25365798 
16001669 
17870674 
25877514 
14439793 
33955377 
15143621 
18646907 
13233742 
10196742 
16630585 
428333 
17344927 
41617518 
18791854 
16336541 
22673630 
2619321 
22455143 
23277725 
1214631 
14973189 
1203641 
21836781 
28605030 
20348935 
14245811 
21913992 
30896195 
15649399 
15342530 
27952257 
32078604 
15906501 
18105767 
14747998 
34540153 
22980859 
19683285 
31944067 
18199146 
45164862 
19199202 
16830938 
20981423 
23164785 
14747441 
39339899 
29979387 
19868028 
14146054 
14458280 
41390449 
17599655 
22585928 
19868540 
15433138 
44439148 
19544870 
14456297 
14518134 
28364060 
14601125 
22677338 
22050760 
14220249 
17044207 
7409512 
19592119 
19557433 
20059059 
16972388 
21344725 
11063312 
11217622 
41209673 
18170847 
20126262 
20261874 
38089704 
36095426 
23451422 
17245752 
19940791 
39660619 
18230846 
14346303 
41179280 
25839788 
23137801 
20778387 
23816119 
34057913 
19026360 
15298207 
19424591 
29978040 
16229526 
14203907 
18197971 
18922561 
24958683 
14446171 
14106080 
30556960 
7471932 
23818058 
12321952 
14232408 
20921673 
18818943 
15514759 
37072846 
14681734 
16481668 
15160486 
19835249 
19516559 
26309543 
22695157 
21667503 
18842657 
34716719 
9951012 
6926112 
6976562 
24122901 
15831093 
37434359 
17933481 
36432075 
33578137 
19208741 
21656692 
22829069 
20263189 
14600709 
14777997 
15572432 
26377478 
21668307 
21462541 
17514354 
11244662 
22277278 
21995278 
20911052 
27424230 
16479281 
15032300 
27254737 
14618225 
17606768 
20120523 
15917554 
14292576 
27689265 
22705078 
15146206 
15949239 
19532315 
11204762 
25330903 
18249084 
2673451 
15356100 
9525402 
14690899 
36765938 
15651102 
16728487 
11580962 
14426222 
29776366 
18352761 
6626372 
17314051 
16040859 
17791840 
15234834 
32540650 
21823890 
16357318 
21008651 
16511853 
29782457 
18998089 
17856208 
16128013 
17221422 
15703186 
711303 
22940986 
21450989 
24234268 
9285182 
18992221 
19050017 
14325246 
12089102 
16221356 
16574209 
25497265 
17004618 
16644421 
16023620 
15646547 
15546710 
20245040 
8834882 
22164556 
20571531 
32540685 
14186710 
17471217 
18088824 
19699227 
19345783 
14678578 
16935253 
509 
15368007 
23026647 
16896485 
14856411 
12726792 
9653432 
22737278 
15458181 
20558259 
23408887 
28140646 
16914530 
32355761 
29823588 
18682538 
20028925 
16049299 
19984879 
17787705 
20258334 
20630866 
20621412 
20436627 
19684844 
16821997 
31367238 
21538172 
30470723 
30648418 
17059140 
6295822 
32006055 
25180871 
29350795 
22969247 
25113461 
21540725 
28141654 
32405632 
25539815 
14136479 
21993071 
14511951 
30973 
11019092 
21226448 
14293310 
5120691 
14861876 
839891 
7457322 
15749983 
5439702 
22205320 
18737947 
19042769 
17627061 
23343266 
16061305 
14496930 
27123829 
15117711 
16694698 
16688904 
5775622 
21552901 
14747430 
17436213 
16162389 
31358286 
23484042 
21694268 
7803722 
29402988 
31152498 
22894243 
22523158 
17666727 
28971190 
27911608 
1076371 
17846799 
15061067 
27543666 
17683482 
23834147 
18539631 
23503736 
10333202 
20527229 
14296053 
20513390 
14305234 
15863880 
25313235 
15065169 
22394615 
23754018 
6044892 
1502111 
13676552 
1035491 
14098332 
7851342 
7557612 
8071902 
19383954 
15704986 
6079592 
5417132 
2525131 
1020961 
20725189 
5031151 
17880508 
12511272 
24933776 
859061 
22157847 
24627550 
18754728 
15054733 
15494882 
868651 
14216013 
22270087 
14287693 
14830525 
3597921 
16680654 
9985802 
7873952 
16047963 
11512342 
17993808 
14973669 
14425796 
14226692 
23151280 
20356212 
16554323 
22918570 
24466048 
18436433 
21829705 
12855572 
21270571 
22912795 
16939236 
17452175 
18056265 
8454792 
6820952 
703893 
19605181 
22139269 
22701645 
20525929 
22542765 
14163556 
18483117 
17604432 
16366271 
16089738 
16216455 
19578679 
22145769 
20703527 
19676647 
15131310 
15935927 
18495651 
19171302 
17162738 
20679848 
18150199 
18049298 
14116807 
19881931 
16166496 
14857438 
14615027 
16674575 
16745770 
16579243 
14902214 
9868122 
9207632 
1174241 
1536811 
9641832 
802833 
9534522 
15533800 
19045120 
21218806 
17108827 
16175802 
17664715 
19307541 
17884028 
19364820 
21599720 
8406952 
18875406 
12667702 
14363476 
14818333 
11815722 
9484482 
17181629 
5372312 
17356868 
18122468 
6186292 
3798271 
16036420 
8919922 
16330605 
14776882 
15618016 
16038456 
14694677 
15375724 
14087618 
9734372 
1026741 
9334532 
14244850 
14803389 
14346961 
14289489 
15776381 
14426645 
14346361 
14357007 
14544185 
14180300 
5803772 
9411482 
12460982 
18149498 
15764490 
18082367 
18113901 
17974785 
16957997 
15084173 
15510623 
15706633 
17993496 
8292702 
17456070 
17334203 
15821039 
15664381 
15872689 
17954157 
19197373 
13385612 
15961899 
16397758 
16787814 
14924140 
16925213 
17303447 
14831716 
15942221 
8975832 
8808312 
13359972 
17445058 
16322578 
7445592 
17673306 
17997649 
19196344 
19389082 
19721823 
19621110 
19254006 
16677428 
17310704 
14441145 
15534763 
16579801 
13547812 
16732886 
18969174 
13642652 
18735859 
5988062 
18127995 
10342142 
4906211 
17381367 
16209479 
19384729 
16334137 
17005478 
8214412 
15648453 
19216153 
19286471 
16084648 
15747570 
16560381 
15756049 
15247902 
18085746 
19485349 
7540692 
11857332 
17542209 
17092444 
18594598 
20017714 
8010542 
14404413 
16353419 
21523251 
19833180 
18042189 
6882 
16692249 
18318091 
20578563 
14269768 
16351028 
15680661 
14465607 
20959144 
18324416 
14517373 
21718851 
12864302 
19461239 
19840728 
18952246 
21713472 
15992341 
15991255 
21742189 
21658947 
18076150 
17364159 
1298771 
16100318 
21691836 
6790172 
11822792 
10202 
16366474 
18807347 
10419 
5392522 
1652541 
16319706 
18243413 
8062782 
20455038 
21692367 
18462761 
14234639 
1435461 
1754641 
14515799 
14188969 
19207877 
19386025 
15459681 
16667919 
19317140 
14982126 
19317671 
17086094 
17452256 
13479052 
18886090 
16573859 
16122672 
14647570 
14844076 
14089370 
18029055 
19939139 
16243929 
19671834 
18573315 
16211734 
19375576 
17667178 
4078421 
14967921 
5346682 
19382577 
3026491 
6576492 
5798782 
18666525 
20877328 
20173335 
14337840 
21149726 
19336794 
19430148 
20603718 
21035542 
20517132 
10394212 
14837197 
15773286 
827211 
17583572 
12289672 
2528871 
14415928 
13118622 
3701471 
14198348 
21183448 
14122904 
21315481 
19516251 
17222996 
16148951 
18531144 
20755045 
21250803 
20634768 
19991914 
20136728 
18914407 
19459860 
20822368 
19702557 
15639642 
19539716 
16593287 
19775930 
15815558 
20321258 
18649836 
14954925 
19930835 
20011480 
18242355 
19220307 
18596021 
16300314 
15725628 
20659742 
19419106 
16227675 
21205906 
16042396 
17758625 
18065040 
14459119 
14618202 
16470080 
14281466 
17266108 
15537889 
13190312 
14706819 
16459760 
15096075 
15472700 
21153464 
20998035 
17652955 
21583405 
15458044 
16894504 
15120674 
18610352 
19918353 
14109075 
19036132 
14690460 
17488225 
21540859 
14779563 
8567452 
21595981 
17476525 
17769999 
19069543 
14957616 
21354401 
14669398 
19746846 
14838394 
21132950 
14882586 
1113801 
898491 
19252183 
18489845 
19954039 
19011362 
21001434 
16178342 
18075767 
18932935 
17664394 
4278201 
1033451 
15883679 
803777 
15239831 
17071578 
15549293 
15825020 
14787945 
13896372 
2420 
16132035 
19294270 
16524115 
16557714 
14390908 
19373657 
18982657 
19066642 
19186585 
19002344 
19044087 
18512249 
16367825 
19663612 
18926099 
15900972 
16880858 
19641271 
19955379 
15458357 
16210522 
19673654 
20255102 
18014212 
20602836 
15248559 
16424956 
18616112 
2232041 
17467699 
19312262 
20159544 
5506992 
19874381 
20539603 
20894826 
19406666 
17074214 
1050111 
18630909 
15276401 
20018321 
16651386 
20780236 
20122460 
12616742 
17301768 
16686516 
16339845 
17780605 
16451542 
16451669 
14830705 
21265139 
16953808 
11325232 
18637420 
17008226 
21227667 
15606004 
15232072 
20836348 
19172093 
20274582 
19480975 
20739198 
17972761 
18455831 
18729189 
15434884 
20489880 
18783336 
20866143 
20649081 
15057037 
19567899 
20259068 
5846482 
19673347 
19701406 
19182738 
17663550 
17173590 
17233026 
8453452 
15840665 
5907272 
14800270 
21432763 
15366433 
18633774 
16227364 
16371887 
15458694 
16012211 
9058502 
16212988 
15280225 
16265242 
20242996 
19380580 
21304584 
21129030 
21024257 
14111312 
17068185 
12732972 
19364601 
14493552 
15794195 
20214432 
19512383 
15348935 
17621767 
8357072 
17431549 
814950 
18167830 
18166492 
19976031 
19983827 
17842079 
16877671 
18810749 
15087345 
18024924 
20539909 
11210582 
16188285 
19976322 
19400806 
20518073 
20068053 
7042772 
17782474 
20076604 
19542390 
18087450 
14756755 
17946774 
14535603 
19408646 
19380198 
19049343 
20125195 
19891530 
14337625 
14171606 
5656402 
20353281 
20297062 
15098000 
15308469 
19926055 
20067256 
15585039 
16452975 
8449542 
14520891 
15285103 
18288865 
18843529 
15665920 
16793125 
12302692 
19818872 
10101462 
14353958 
8206162 
14920914 
14325188 
2735591 
16550480 
14325207 
13348 
797835 
11107172 
15480046 
16294267 
19430555 
17070899 
19426080 
19802300 
18250476 
19933709 
15868433 
16470215 
19659835 
17599960 
19002958 
19505749 
16826617 
11013952 
17467069 
15456329 
15726306 
15316113 
15221282 
16553731 
17077889 
15941090 
15487945 
18827329 
14776333 
13079892 
17995392 
17196941 
19490107 
15378358 
17632297 
16827145 
18571025 
11101342 
17290220 
16788754 
8120582 
16369898 
19416900 
18712548 
18524836 
10733 
18290719 
15302323 
14583624 
19070803 
14087103 
18080678 
18675263 
18104730 
8132582 
14266598 
18148602 
17196148 
15198966 
17463660 
18024062 
18474336 
5661892 
16672043 
13393312 
18030147 
12889652 
1119371 
15942016 
18729658 
15701796 
10235102 
16278483 
15882539 
14634720 
14778502 
3554721 
15708699 
17117279 
16830825 
17335722 
15380919 
15071040 
17193631 
16302090 
1997641 
16545353 
10421232 
14150661 
6149912 
16257853 
15236781 
16673147 
13193052 
14742328 
15487326 
3459051 
18713552 
16404703 
14616784 
16684773 
18808214 
18446423 
17909559 
18810655 
18211700 
15857005 
17393289 
17251657 
17210707 
14701201 
15048198 
12309692 
14629262 
15346180 
15056775 
15868524 
13404152 
7422382 
6875072 
14714627 
6273502 
7215512 
11178672 
13775632 
15465286 
15330239 
17996732 
14559745 
14761507 
17686438 
17596622 
13563742 
17862578 
76373 
9973512 
15828276 
6440562 
15896817 
14309006 
15667726 
16530707 
15952509 
16043699 
16715753 
14072782 
4380921 
15637992 
17235299 
15582945 
17826289 
17862883 
15712560 
14580605 
17164406 
17351231 
17881345 
8368862 
17991250 
14951093 
13477702 
17097865 
18241390 
18173954 
18647688 
15223265 
8344732 
