828284976709894145 
742698940311699457 
3253082966 
773583562704613377 
1918546543 
771750115358957572 
3634897695 
3043883823 
771483386015866881 
369153664 
4335118216 
49413866 
2752775016 
718469197601378305 
414551276 
130906331 
287430827 
3883416257 
29013876 
299364371 
91455335 
597768555 
23085502 
17042078 
20184945 
185716178 
244276540 
80655195 
56179493 
83237493 
65647594 
104981251 
3526481243 
3538473136 
3418929253 
3312118280 
3515085202 
3571111935 
27544980 
233392121 
357832495 
267307388 
1316862882 
485109912 
2680626140 
554735353 
2481485252 
299343530 
1452175435 
18270628 
2149663698 
546947761 
261070959 
2292128732 
93434344 
18679701 
2890961 
46221131 
717313 
49677558 
2548582874 
2425716337 
12645432 
12986592 
14154684 
15690382 
16785742 
18131748 
21221630 
21906582 
26254990 
26552083 
34848163 
204416862 
338452958 
402226659 
456930921 
543883322 
1304289517 
1360870376 
1503638581 
183707859 
182839127 
37547775 
17509945 
20635115 
15825547 
122973878 
16227629 
94667476 
16399045 
81605662 
145613468 
2337707996 
19084034 
16427734 
15740491 
17423992 
14323791 
55630632 
16470495 
117576644 
352570175 
48116802 
19425328 
19242750 
21576334 
15489945 
6273552 
20382472 
50082898 
83424009 
18731930 
174740894 
58489734 
22931893 
6705042 
95418595 
329600057 
578650970 
6456482 
6374602 
38762773 
31100329 
143912910 
4620451 
15684633 
21388284 
125423182 
454244871 
152747558 
1490777384 
13691782 
27225542 
11930482 
19992829 
22664758 
243215442 
39800314 
114541323 
273615113 
107225267 
41859177 
16474601 
71123993 
21563008 
1557761 
12808192 
1270271 
16210723 
166347344 
19729130 
144153933 
7887852 
17787349 
56753973 
22535674 
216761296 
50771919 
108067880 
16163217 
26175769 
44838449 
117189922 
352673744 
38717507 
17111045 
16264965 
13845302 
67506272 
213405100 
112342462 
264235891 
261038719 
14810246 
20270337 
21425081 
23506185 
162686169 
59268383 
28130246 
134429434 
71654283 
72842277 
90169053 
284547273 
21634600 
25150349 
22059767 
106204123 
17997789 
29173906 
136841649 
65923736 
48564118 
27653325 
29780473 
49979511 
599393705 
1362354044 
1726872962 
930781598 
495431358 
382272352 
477295249 
1686641328 
284331710 
20705963 
1101539173 
20019276 
1397877224 
723926383 
1004926940 
23116280 
13693032 
259317559 
1769191 
16436551 
24223641 
20778387 
5971922 
16258157 
233336165 
24443166 
313080999 
435932998 
256277422 
844132603 
338069208 
357542561 
469408036 
932495264 
153582103 
832397364 
383466257 
605569624 
22058679 
309755530 
423924980 
22270118 
486153508 
569576572 
6141832 
230542564 
207660816 
17300303 
18920498 
43078028 
370691413 
211129621 
211029903 
208008927 
211001085 
83996344 
16324483 
211177035 
16188864 
204918880 
211004186 
187718921 
109298652 
180889575 
22054220 
393673502 
13062172 
384597895 
281138722 
166606310 
374096795 
370302671 
194663014 
393449345 
124236245 
135905236 
382240338 
17488175 
66021490 
55247508 
206332060 
44903491 
15661871 
3839 
19011374 
20818801 
38233522 
18510860 
49793 
233364902 
17371549 
56722075 
18343779 
17918663 
83883736 
27922157 
34731203 
18089292 
26131848 
15894896 
28381412 
25606585 
14085070 
24553706 
32372834 
14834340 
19767193 
18994661 
83374478 
15084855 
79836272 
75117670 
81153558 
34719469 
93315494 
45516390 
23153051 
16623719 
14255481 
18737944 
13746792 
38245723 
12649792 
23016804 
29328707 
18655567 
49445813 
18689000 
22363802 
23962323 
19681873 
21094745 
33510067 
36732058 
18118961 
37158737 
38394044 
21456730 
18760596 
40349862 
35634590 
23841368 
39081709 
33041177 
28015051 
29265474 
15983537 
15158355 
16369537 
38502777 
17556180 
39427813 
35814194 
38737451 
14526679 
35232824 
11212152 
33679091 
16405664 
17370441 
21362971 
37487436 
36110239 
17867455 
37512560 
39029709 
15161207 
15266443 
38444685 
14594799 
20774885 
38363716 
33918760 
33603137 
38428029 
33305233 
25216378 
38098339 
20902713 
30632983 
30278468 
6328372 
38096816 
22494714 
37840430 
25898134 
9253042 
30881861 
31474755 
37768162 
36509915 
14636538 
14289018 
16639504 
20019567 
31084345 
22712299 
16083377 
29523400 
12411372 
37591160 
31465023 
33404901 
30229423 
15383316 
36497648 
32520787 
24971622 
36289648 
35669832 
34347867 
14954259 
21898157 
26155646 
23947265 
36759379 
19722699 
25599869 
16726509 
22914240 
19795585 
36571882 
35404402 
27819195 
17166460 
27194109 
16552610 
23381639 
28641799 
14915717 
14837079 
14620544 
14111304 
22748992 
16203790 
18315863 
6794502 
14435376 
21369815 
22109679 
15615842 
21848632 
23693055 
17530404 
19749157 
26572646 
22807807 
27678221 
28868064 
9137212 
23260035 
26434089 
31438354 
19163503 
18492396 
21906739 
19428466 
21373560 
21010799 
22637281 
25166133 
18537956 
16456008 
24241555 
22032434 
26694543 
16982549 
17594359 
22032404 
15844865 
23090203 
16147003 
21519866 
25345121 
21326861 
15118311 
18034533 
20100674 
19180007 
14650791 
17316606 
16905483 
36031546 
32398157 
19674734 
22836988 
35342416 
34834933 
35052206 
18904973 
35966249 
12993382 
34822586 
32138442 
20309572 
35801326 
26748889 
31168955 
35741756 
35713904 
28779299 
15655689 
18360434 
21875099 
19415802 
30045088 
29176129 
22616000 
22984878 
32422245 
20809019 
33673859 
21770611 
21320368 
35382432 
25039577 
23020630 
23610647 
35547065 
21159227 
27646691 
31610117 
28182097 
18079064 
20530782 
15755223 
33616851 
23257334 
34248593 
18087450 
27037879 
14480193 
21026466 
33677701 
21774246 
14688076 
33575770 
17783546 
29006064 
24090040 
23383517 
11228702 
9917722 
18552975 
20835540 
25979185 
23437364 
30956026 
33192935 
16338158 
20821119 
27251782 
30472527 
27079914 
26307105 
21592216 
22462234 
29274301 
14164943 
16265869 
27891841 
22206565 
14384667 
15518629 
25615925 
16481781 
19897769 
24948477 
18870078 
16042396 
20565118 
22147593 
24788625 
15685085 
29971569 
22984215 
15458769 
23283227 
21803852 
29823588 
21910102 
18524836 
15853251 
28588873 
18037907 
30221886 
22002488 
30242076 
21892013 
30328582 
30662145 
19739674 
30549222 
1749251 
22336717 
30749915 
25670369 
27551115 
30438942 
23912241 
16528347 
11620892 
22630626 
15399397 
28657802 
17344451 
26884120 
4484061 
19384782 
21082230 
26035002 
16746457 
14784256 
16186112 
14793881 
16879255 
20421939 
18293107 
19107253 
24179525 
26280845 
18906805 
16632949 
29954112 
28914307 
17075961 
21980131 
19592119 
25832541 
29018316 
17456868 
16893996 
20308951 
21092706 
15202615 
21799993 
18826280 
20455738 
22695157 
20038221 
25877514 
23596644 
23067226 
10394212 
24796577 
3459051 
17534817 
19364820 
28429658 
28343947 
18693357 
21542359 
18693989 
27369927 
17886161 
20176403 
20093607 
16581070 
15754255 
9940362 
28031934 
24316772 
16531086 
21004632 
20639600 
17559749 
28366126 
22573714 
25285921 
9295212 
19920382 
20206330 
22918570 
17662959 
17456581 
20350133 
19476396 
18800238 
20603062 
13735892 
6177872 
8226872 
10753892 
9397532 
10286782 
10751402 
11521812 
15302323 
28046211 
25102833 
10117892 
28111477 
27848183 
27931634 
14854929 
18368241 
18544610 
10182882 
27884886 
19962506 
20250414 
22945623 
21211055 
26472499 
27804554 
20559419 
19513470 
24276005 
10461692 
26786264 
25584422 
25016390 
25557870 
16564324 
19571016 
22750342 
20788509 
23275757 
23242736 
27142011 
21345004 
23862487 
27316876 
19755825 
10112032 
16569530 
17096443 
27017206 
18236552 
21704318 
12111422 
26961384 
21104681 
14479801 
15335123 
17396170 
7369882 
18985501 
21004947 
20849273 
21137406 
20261518 
20278682 
17179406 
15694579 
21217790 
21439405 
20809733 
17371236 
17088337 
21611239 
15292252 
21028966 
21896223 
14321670 
16624106 
15917869 
21906946 
20982118 
22272053 
22360576 
14151799 
20193452 
20120196 
23490560 
16221812 
15459343 
23760311 
5904212 
14217740 
14312759 
15180686 
15648491 
21912985 
16843817 
17270347 
20066438 
19392124 
17482046 
15537973 
18474336 
22297348 
19082879 
23818938 
24971177 
21331402 
22032166 
7624142 
16580993 
18059626 
18846335 
14885682 
26517783 
23951431 
26696589 
24469163 
21579326 
17578429 
21210090 
18211700 
19577867 
23072629 
26368586 
20208534 
15980434 
25527889 
813286 
21369823 
16661963 
19019298 
22880705 
20832496 
21149217 
22171612 
26254626 
19495715 
25076451 
23795530 
25298329 
14461298 
19567899 
6968082 
16250319 
18220630 
16385645 
17557155 
15587500 
16616061 
19658936 
19041958 
17426156 
19979844 
19124719 
21848562 
17142019 
21440129 
20545572 
21982104 
22518425 
6429252 
23213606 
22671716 
19888168 
18411912 
15661965 
6450322 
15134240 
18058609 
17368287 
17076146 
19696413 
8451892 
15792511 
23766624 
15587618 
22638229 
20464537 
17597989 
15282316 
19238482 
7070802 
16132526 
16971997 
18955413 
18953372 
16816155 
17498112 
16136273 
16033525 
26091499 
19408646 
15464038 
14812726 
24933776 
14295486 
21007764 
24912940 
16590240 
25461078 
15665920 
18874073 
24980405 
21866552 
18693554 
23074560 
23449313 
20263189 
17451334 
21253554 
22388266 
15653973 
14690817 
14072989 
19805671 
22443906 
15096075 
18199555 
18452349 
21712019 
22673945 
22755526 
21976670 
17259828 
25873429 
22537755 
19389398 
19200854 
17110544 
25966541 
17019535 
25338245 
20510870 
22960477 
18822662 
15265096 
24304545 
25084480 
25088853 
15740526 
22552646 
24754142 
16712734 
18579454 
25350669 
25720362 
22391009 
19469061 
14747430 
25497265 
22824372 
19295392 
23029889 
25844457 
14442567 
25325260 
8120582 
15947442 
24944298 
18326458 
20933260 
23855280 
17360202 
22081673 
10667662 
11415952 
10816122 
13332922 
18827419 
25199082 
17134985 
19782176 
21912998 
25319520 
21453086 
14334898 
23843115 
24089650 
22073621 
10915142 
7988572 
24934981 
14442554 
20495631 
20511954 
20643704 
22690696 
18769952 
2558171 
22503288 
21153464 
18252494 
21409737 
18755600 
16027546 
14129299 
25054728 
15756049 
783705 
16737346 
17504449 
23604001 
25119173 
18908215 
23154522 
25097470 
25102481 
20017714 
15583026 
13079702 
16934854 
14273576 
14341742 
10416412 
14609388 
17050193 
14616022 
17220934 
15961899 
6304662 
839321 
22534044 
24301658 
19664006 
24997982 
9532992 
14711172 
16624180 
20070605 
23947886 
24597036 
15005795 
23195276 
18993705 
21598155 
24189610 
18160766 
24842995 
18864393 
14327320 
18200563 
5907272 
20065936 
17019296 
22466806 
24287346 
24225910 
24727257 
17118066 
11518842 
11107172 
4791 
19614344 
20607406 
3471 
15728161 
17595439 
8703302 
8808312 
9198522 
9153042 
10009292 
10086412 
10401472 
5879832 
10013962 
15098496 
17819179 
23560655 
24506188 
20769532 
18710901 
24480232 
19376356 
16801317 
23266764 
18883642 
24506881 
16072708 
15510821 
16333183 
23557274 
22240914 
14136886 
14725110 
17572054 
17984913 
20348935 
18746235 
23015831 
23931410 
14131123 
17567533 
23819605 
21298932 
16254011 
22506795 
21846100 
18922710 
20525807 
19196015 
14709216 
15149534 
7037802 
21581503 
19242105 
8671142 
21668309 
17791264 
19657855 
17248121 
20516999 
5468422 
6266602 
14325709 
16467883 
15933429 
19596228 
18646280 
19291131 
15912113 
15345389 
19060857 
15987295 
7422382 
6099202 
3233121 
14307714 
19393196 
14648407 
9973512 
5515802 
8923182 
17549711 
17566209 
16229536 
15462831 
17196941 
14944278 
17230039 
16890900 
14594262 
15807757 
17862883 
14691503 
17995392 
7009202 
18802665 
19461688 
17203389 
15481843 
21114240 
22127100 
15770446 
14998161 
703873 
14377875 
24278520 
19780393 
16800205 
17567338 
15365519 
19375316 
15693930 
16953808 
18848053 
23152989 
19918353 
19109272 
14603515 
1117341 
817838 
6149912 
76373 
14150661 
16191902 
14580605 
19083053 
6273502 
14616784 
19268293 
14493552 
17139736 
18002860 
17632297 
14109075 
10101462 
18091706 
3554721 
15639642 
827211 
10421232 
14111312 
20722329 
14856411 
9653432 
8668862 
22737278 
15458181 
15747570 
20068053 
18816140 
15198966 
15010265 
17831464 
17251787 
16825198 
14928287 
13431962 
9317622 
15449242 
15480686 
16113331 
19024373 
22053641 
19348799 
18886090 
22936469 
21166728 
14446171 
20491064 
7215512 
24199315 
19148909 
9289272 
14693823 
18494242 
14911652 
16186041 
21231403 
23816548 
14505838 
16203371 
16931395 
14805524 
14209307 
18250327 
23639846 
15776381 
15868433 
15199818 
21859563 
14977084 
16448407 
16793125 
18666525 
22850960 
16175802 
22164556 
17058930 
15016665 
20651502 
23762043 
21360280 
14095644 
19402238 
10069282 
19380580 
15726728 
20776982 
23325338 
11637332 
21119658 
18909554 
17526989 
23592395 
14630696 
11754072 
22104297 
15923496 
19677167 
19624836 
19954039 
21419737 
14987459 
21009514 
16886396 
17938352 
18833658 
19658826 
21082047 
21099301 
19779527 
21065955 
14369232 
20636630 
20853656 
9345172 
20732690 
20657335 
8132582 
20359366 
13327002 
19828003 
15586341 
16061242 
10235102 
15456329 
23345682 
20234549 
23014699 
22656534 
19850967 
18049298 
17292623 
18788502 
22076702 
16096448 
19828499 
649673 
20058174 
12820422 
15303167 
16401847 
22883565 
22514289 
18895607 
19131711 
20849453 
22977183 
11150092 
20219287 
22663310 
14325188 
22645988 
13171622 
15726306 
16934772 
18277078 
21537176 
6780932 
13079892 
13477702 
14079041 
14199378 
14207863 
14236248 
14371873 
14506740 
14536664 
14634720 
14701201 
14776882 
18807246 
21441341 
5741722 
21899451 
22849848 
14442585 
18895192 
816653 
17343006 
16683580 
17593974 
19573709 
16311797 
14887344 
20105402 
21913567 
16692771 
19615034 
21508309 
20005993 
21342418 
16896880 
20548155 
15969736 
20317677 
21218806 
19467559 
18911592 
22010993 
17895450 
22152935 
15670946 
20196114 
17030680 
21265045 
16826788 
14778448 
20682232 
14646134 
17374296 
21912364 
14669398 
18794312 
15550671 
17235918 
19753290 
21835448 
17163169 
18162755 
20457806 
12589972 
15793967 
18900371 
21579774 
15432704 
18775467 
20446239 
21397680 
17871298 
18083983 
21636265 
19955714 
15780750 
21526863 
18713552 
15740362 
18532996 
15021099 
18270755 
616173 
17619498 
18428918 
16627727 
12926542 
14376012 
17352423 
16539573 
16916369 
16150075 
16899075 
20998035 
16819278 
17536257 
21495286 
16580593 
16300786 
8653962 
15974185 
10791192 
15235829 
8963722 
16306565 
15497622 
3108351 
807095 
18198832 
15428397 
15234407 
14677919 
11178672 
7972752 
18104730 
16063337 
19077568 
18926455 
16866617 
4278201 
20081176 
19939139 
17089636 
19864491 
14213141 
18102259 
15429550 
19658162 
16063891 
17296792 
20930055 
16593287 
18932935 
1322611 
20850878 
428333 
621573 
16078406 
18044332 
14394150 
6576492 
1769551 
17596622 
20745803 
15456151 
18675058 
16245822 
15110431 
16895274 
3199201 
1046661 
16630098 
18313204 
16869849 
17471979 
1435461 
19711765 
17918545 
17374092 
16817883 
15237501 
1344951 
14647570 
15859033 
16811614 
