14167062 
793591680335097856 
3063996411 
810590628727914496 
41697864 
1326453924 
1060770175 
20329672 
12626962 
143499407 
405477960 
59977316 
97335227 
4735385897 
1395692432 
735940855979089920 
376368926 
202657840 
980611 
3406065993 
338945643 
212304085 
261991773 
2548751449 
3995678848 
243415960 
14529929 
198094284 
1532409954 
3163717636 
27799333 
2763922150 
50442827 
4808396661 
717725925119508480 
26358975 
4057392437 
15837659 
120137758 
380524610 
15927032 
150916975 
808223471796789248 
471641546 
67339136 
235696644 
811342062503202816 
14146966 
587987996 
4011381 
2241209718 
241056520 
3095030075 
170534046 
395416997 
4399201037 
2648849144 
24674497 
3235906706 
48038366 
1318386416 
1922984503 
19966033 
2504621990 
142296675 
874589102 
2152905812 
14361715 
32671625 
509375083 
782987718 
872670032 
331235506 
3407466317 
2978526405 
263587736 
824663002322382848 
251913817 
18148414 
15275677 
288452305 
28221296 
1656256525 
711085714 
711266319233118208 
720906534759350272 
2326127185 
372536101 
30808826 
21661279 
16336998 
401864372 
28639448 
17578198 
3167508269 
1000968684 
19669021 
17243913 
47399893 
1358763308 
739091223110127616 
45805351 
2911382189 
429178526 
391100856 
16172991 
2316383071 
222416197 
75726987 
1031909707 
175419546 
85406493 
2194782380 
47379354 
61469350 
426509775 
318895354 
99734015 
410218943 
28739689 
168376691 
92709058 
781013123251707904 
766521774 
818212956 
30095189 
10117892 
849760908 
227802303 
22574178 
779364417771335680 
124958807 
3073349892 
974989602 
729796973558140928 
1015031 
42176166 
516712981 
21316253 
313420303 
746387674286559232 
47206652 
578131169 
227721016 
291673084 
2201136871 
74991475 
183165398 
100517195 
4159327402 
15939889 
1561608704 
46729448 
77102803 
16002085 
723185462022565888 
14355610 
34240147 
2964606814 
45224200 
4230444820 
2994972588 
47455112 
32131578 
54857969 
59639056 
773181360475402240 
537407012 
424354829 
380570951 
884658332 
1209672883 
62513246 
32422915 
337785530 
47475039 
43969290 
18125710 
392884284 
15787718 
47191293 
33893706 
246970180 
19414846 
113062227 
1154482807 
114516774 
147989108 
2797451594 
2893336011 
1105298508 
2313894266 
17828368 
27889439 
290096466 
290102129 
701980437502107648 
2382060517 
493203668 
887055386 
149751818 
390346699 
780090858444058624 
310463188 
66522580 
188072933 
1397692832 
67865117 
38294239 
16403723 
792097266 
3404404005 
2836269839 
15691609 
1726074810 
3240143771 
63966574 
95974799 
1020399050 
59184319 
495149176 
304392714 
548473822 
2876232689 
444922668 
2505391107 
265253680 
810619093749559296 
86544407 
320961515 
43992318 
69004966 
30229766 
237527660 
16994529 
1994321 
430130014 
24854688 
60741791 
220389563 
25493304 
988539692 
486799450 
6186392 
40276898 
1427772518 
1093044156 
131497030 
803010186520756225 
747828128 
374752807 
423815609 
67070552 
441279080 
19303934 
192556637 
2849268418 
65884366 
4504295903 
742059202948931584 
4291249154 
749098848404901888 
3145029291 
28223477 
18800265 
125767077 
540911255 
95100183 
770594536250834944 
482133423 
4801301773 
121200154 
1683816872 
702594325625085952 
123487422 
203226820 
121385551 
980311028 
2494234873 
86209782 
797191245433028608 
437520768 
2147515602 
330105456 
1169977735 
756731625493319680 
3004204377 
15650636 
2497242884 
15907432 
3218045087 
2828251742 
273234774 
574526759 
3841747288 
1225690944 
126330072 
28358250 
747141504662179841 
2467567878 
1694120570 
18036441 
1713266845 
34623988 
809737061016158209 
28341669 
552252043 
1718594401 
1163086434 
418780384 
56498529 
41376476 
1742581 
3163313567 
48669146 
2980163662 
393634324 
103615194 
289571273 
857691266 
2427646370 
84038642 
868495219 
814454231184867330 
780879875959877632 
15711079 
734490977344344064 
1388850254 
50706656 
225183659 
165507739 
2836421 
763841 
118046102 
201341781 
572473864 
2649991 
503079869 
1908102936 
307840355 
150583075 
1119466838 
2283431827 
303890684 
1857108110 
15771546 
25707672 
15820660 
2456382026 
891263900 
199928950 
161043362 
234224565 
948104532 
987388022 
386573870 
57047586 
1481628698 
1137236052 
2655909490 
2859051989 
19236074 
2387411994 
3790228336 
115647538 
3187303859 
4288322237 
2875679335 
161328807 
3097023914 
2510917836 
2762240115 
155938904 
2313833046 
15408193 
2527248859 
271656554 
97040343 
4076656275 
148529707 
180147957 
3016964678 
1119836473 
544996968 
10839882 
1702372200 
565336119 
57486201 
375352671 
125534265 
31800858 
2205237930 
17446304 
2558937169 
75253999 
252098663 
147938235 
266554699 
314809485 
52142763 
27618587 
41800309 
260928758 
28405764 
729496220922740737 
280539257 
15887134 
3199932358 
3219021885 
1001902662 
293021588 
2838592450 
399298745 
2282032997 
95174986 
753667243163156480 
143780006 
195678343 
18804540 
201229614 
904051890 
22158727 
21303235 
1972003699 
931700017 
274954995 
703204127824695296 
27830610 
218051559 
555866691 
49591803 
23792669 
2174593490 
3295788598 
52557443 
15667291 
1079911297 
2456798306 
845258354 
3307446309 
44551011 
46148591 
314018533 
2164912390 
448818093 
168508708 
24744541 
7996082 
551654273 
529503448 
302819010 
50000670 
794506862540582912 
306245721 
2333392250 
1005130544 
37688922 
2835549384 
313434436 
2784694777 
2846892502 
18640935 
54277123 
289981219 
1006102465 
795581122629566469 
284246433 
14955620 
18928144 
1064206014 
15950681 
14296273 
22679783 
45629254 
14513611 
1201010054 
16409781 
20002004 
85497712 
733072718 
155500857 
187042474 
95326483 
119844526 
139727749 
3390745757 
433682977 
50209844 
753604945392304133 
364427610 
342237862 
2325242316 
390723216 
1197634080 
256252548 
275531239 
254097223 
177754033 
2677400564 
66374059 
104439579 
31467470 
2909713155 
3239853627 
110189578 
67954244 
4373218823 
188889702 
739214344324448256 
7865282 
118618031 
4715252176 
173996982 
485109912 
1446576960 
2892208116 
481943972 
590007704 
54239985 
58821552 
291724341 
34625616 
1499125435 
72456904 
4794663753 
792201829975154689 
494612269 
206698353 
60350848 
70985635 
164263382 
37910800 
588671247 
107208078 
107544554 
3140692979 
3598079295 
19617745 
69343363 
2853286186 
1005033061 
1189645296 
204806197 
82939583 
17086475 
202937470 
517777790 
797595258603376641 
17031634 
374052497 
19152977 
26044686 
3193789340 
39378322 
2303751216 
8241232 
39607824 
19605981 
64385966 
15830436 
511402689 
1189043576 
784084496098492416 
773247486576254977 
596003166 
97082147 
49172121 
3435747231 
81965017 
32343249 
93048853 
791169209644351488 
2471537588 
23587146 
26021071 
953990636 
275117757 
2330448084 
8198012 
613312432 
167207845 
2575903046 
377806128 
1677142159 
31649258 
1643988212 
432801260 
428505412 
1087032858 
2967918729 
1453952724 
138027852 
333992172 
228699537 
506082474 
55823687 
803565524298985472 
858046417 
623164606 
471172635 
57778853 
284000156 
264149839 
889566314 
427297525 
3267744804 
492492626 
859062296 
250295256 
976701715 
3635334923 
25146372 
759786534 
294176860 
365968889 
50060588 
3316346737 
899643174 
2814874117 
2295995971 
46418525 
15935927 
16799074 
36002080 
772941628134699008 
3153233060 
204881445 
54522697 
344230034 
44030337 
766020211355054080 
52528214 
2787438029 
17931773 
25708791 
232326499 
205987280 
113097921 
2327193734 
795744053526675456 
3014222399 
277375017 
1864191372 
801099146186915840 
2636871897 
299798272 
474948561 
66600968 
15165493 
239313282 
2151728911 
431765325 
493623514 
169492177 
246184336 
14314709 
17824922 
214502417 
32520240 
585466175 
202313343 
9186442 
21875834 
14559745 
1298914886 
3229980963 
2392075280 
531327606 
10156602 
73958338 
1947149755 
3194788714 
1580604469 
392668051 
1305543175 
768158800499081217 
1031250949 
781286328424095744 
14269768 
709056776092717056 
2341883108 
31696379 
1938105252 
718121070151221248 
249568578 
936885403 
3382424512 
60594538 
544773325 
701766308 
177252647 
2375282936 
3618321977 
1626294277 
111027628 
2999377084 
2892349577 
426723697 
109251997 
83047883 
48075643 
1244721482 
285386469 
5056521 
129900508 
2248531165 
3169820435 
1500429085 
103290607 
516415245 
871392625 
1287476160 
68239094 
2965924498 
404161052 
109229440 
253099487 
202223885 
16945426 
2461964778 
3073029466 
266510425 
23645646 
33989170 
303612955 
24956461 
215738616 
16298447 
6618962 
2675975676 
2773512786 
603215118 
833009970 
793830853931597824 
399007079 
772100394 
3295078741 
15088481 
871686942 
77040973 
226209568 
243604326 
2748611875 
1849889239 
26637348 
4875975071 
185043343 
3326323905 
1613077260 
346475306 
15309072 
29964546 
262659704 
256907427 
2388138318 
547114168 
29328707 
789767863 
250418819 
703659991291600901 
3346529644 
134135559 
53119724 
34053569 
19603444 
372460489 
3434129308 
249790792 
67059584 
110396781 
60813201 
86135325 
2963716598 
264323504 
786692580897611777 
258369344 
296238849 
2895928114 
481762079 
160106315 
2344000819 
2899672599 
24919888 
2691869017 
961623055 
2270571410 
157692223 
62301460 
20106357 
8808312 
264787370 
399380884 
631964177 
3165034853 
1575913064 
2883327076 
254622890 
131254732 
114800623 
19702911 
87204023 
2407949257 
15505559 
1115874631 
856834406 
3719745915 
17770086 
34696906 
20083388 
110190547 
480513378 
2440899441 
3078470825 
154131319 
565743310 
2199058643 
1716711450 
19185622 
2882699721 
18169053 
384340494 
1598322511 
80815034 
3892890983 
281964401 
194149922 
373280774 
547852503 
335455570 
1372281337 
15826853 
2474109746 
742143 
314811658 
48471536 
473883116 
715950320 
122065950 
732517060325085185 
3063912755 
236944651 
2327256740 
2370541945 
31973369 
350772170 
282469628 
19247284 
24187693 
123265769 
2172320713 
2797585794 
172262494 
465816144 
876202333 
1915012974 
2564031152 
2217099931 
999470034 
21439656 
2336418722 
3712590975 
424475737 
3883851635 
19683867 
1552501350 
4047272368 
517552544 
43654274 
140699869 
2342171940 
140461215 
2162927922 
534736640 
137438975 
1421526349 
2189452732 
468363685 
311976920 
47734183 
37072393 
117662694 
904157724 
38720614 
224979933 
2839542425 
2861428699 
65922633 
15089499 
19590713 
537551028 
61216500 
122938679 
60649687 
109515460 
255251881 
529501969 
558577298 
81869480 
42393605 
568471639 
2281041217 
54891676 
3334334343 
62321066 
2414189131 
747333708110135297 
2298608286 
2325331693 
18638090 
2341576323 
2276067462 
4867789594 
341563794 
45770236 
2611162772 
18726289 
488743376 
1186532348 
4135520195 
31585636 
749427572522553344 
161676836 
420186908 
883785596 
3341103729 
836514739 
27602193 
2831248925 
702945992 
16010685 
753910937770418176 
326275791 
62446508 
22664835 
2537882572 
1117738226 
72520597 
15748390 
472129713 
36822388 
29998181 
66850400 
1038980954 
89482280 
949041 
21388284 
18080969 
16117029 
861570355 
2679410124 
1964443686 
108979965 
96131606 
716757314 
2801766207 
398142543 
2182057133 
131551148 
3065429605 
11512342 
30331404 
3388967278 
4913564519 
3427524484 
382253381 
23462787 
71227770 
14424398 
205632387 
278705792 
448074113 
211372239 
1396968126 
1706261161 
2557253700 
612832537 
4913958400 
271651378 
2801365514 
308460302 
277897983 
2859075969 
201044083 
580189017 
227365996 
714321271 
126286827 
1288374560 
274540449 
132350816 
784057662820331520 
88621782 
29473841 
2541393174 
447484880 
108995096 
47870082 
198267924 
246942522 
82159116 
8131872 
1011176184 
18834709 
23380961 
2292447337 
73154581 
2363816360 
145035031 
400364618 
147526918 
76644398 
1856197356 
163844956 
269210338 
15072454 
85406121 
4774187009 
2358219204 
1753231974 
2913585501 
141244210 
3306598810 
351763879 
3323723261 
3366641 
148073806 
192632506 
2152193118 
46613255 
4889978484 
20596281 
765618069062422528 
1428181303 
101416859 
2158139070 
600640278 
2217533588 
395181313 
110332354 
1160252486 
2799778327 
16576356 
376211144 
1951998330 
53059816 
133081159 
563193525 
109339311 
507217946 
112250050 
93623737 
1146267894 
963918698 
78475038 
14216283 
18042754 
156995543 
3291093256 
92116090 
53545030 
839490631 
1883524664 
6572712 
93210731 
336117134 
5056421 
2160369912 
493889332 
2930470733 
2869074934 
3350899475 
282498069 
202395597 
44128516 
51040617 
4444240889 
115584650 
2876910159 
437144168 
63788496 
15028114 
55247508 
16313140 
246806601 
3070025839 
63786611 
370911790 
50393521 
16366271 
2973849065 
142317577 
3235342814 
116469425 
22196902 
145692441 
122728088 
4351099697 
16625091 
21694354 
3131500821 
764485879205335040 
148388528 
4130213962 
14085040 
4918257258 
2273057461 
456864723 
210975792 
2876192128 
17248121 
2433374941 
3131048752 
2545686913 
1908167676 
4791961090 
216739115 
21870570 
2795305149 
1342306783 
170393291 
3699885047 
736099266 
112725900 
1003843832 
16875483 
376047382 
185549187 
21213282 
95951964 
537533815 
24127413 
631375458 
99896358 
38477663 
901470018 
2907774137 
1548720072 
720969652889862145 
234525371 
26576457 
2398198764 
2650933676 
267404344 
14245415 
314944173 
18212398 
599065130 
2375765822 
244723075 
321184645 
177319253 
285988565 
19864285 
34682958 
1436149062 
1194745704 
40918327 
317012359 
81875696 
755730854148800512 
130648207 
263858624 
2753412752 
303862998 
87775422 
270851238 
470411477 
17463923 
21238039 
34305774 
47285504 
618300542 
121817564 
239474038 
125006904 
27460003 
14650248 
2286189025 
701362896 
42660183 
22167056 
44623298 
316345757 
4564464688 
76594811 
34360928 
14858856 
56446455 
45603750 
19247378 
388969457 
2536333424 
48177931 
92532097 
374119783 
238980748 
473633388 
2477879210 
273926473 
164384133 
428391348 
3011428559 
1006404943 
2864340789 
2896475038 
587830869 
242503113 
39814188 
532108433 
166170852 
17208213 
54206317 
109968192 
872139740 
729212183603712000 
64054704 
1264399076 
2774271739 
2472793122 
488581296 
122525211 
4818040212 
230080260 
316539582 
3305597481 
88703900 
14718218 
10678292 
2409335113 
133448051 
4450264462 
11244662 
607558430 
748759626619887616 
274341079 
4212736883 
737266749717024768 
69231187 
380202490 
734836617970618368 
1926360631 
20646711 
115099953 
21652289 
739835941641150464 
6287982 
17136419 
459558301 
2464826148 
32523336 
459120920 
34248609 
748955238875340800 
309927561 
2207321652 
420990774 
107593783 
192942213 
853718994 
2410741477 
2809225889 
15359864 
1469402426 
370106854 
1394399438 
2347826205 
16001276 
1436134039 
126628622 
760125080 
1561086218 
16826617 
487118986 
23369246 
29777162 
707559273044250625 
234306659 
421195184 
787629229 
500711588 
338985020 
17351972 
2649155240 
244549504 
36184220 
2966970788 
249217119 
69628353 
1671759330 
21291593 
278008658 
54667032 
64316582 
41584672 
16396588 
49495067 
2929390031 
1117836660 
376335502 
951752352 
38480601 
1347756012 
32340023 
573171865 
2329066872 
84188899 
3074565849 
9609632 
136441843 
335891957 
43430484 
2515938792 
2828369140 
2437502443 
359454995 
2902546372 
627673190 
34743251 
44196397 
150801001 
48039312 
3187977738 
198573449 
24272045 
293550848 
19732455 
382267114 
591646425 
74286565 
61559439 
14763734 
29751404 
16082637 
2617471956 
34955221 
20870216 
3249347308 
24967749 
26599573 
2833736903 
600315394 
230777466 
3323584788 
17967675 
43665712 
1359645224 
122467925 
575524399 
494091747 
2992502457 
65585297 
24706309 
15446126 
26012202 
266631431 
2397 
2173177140 
7424642 
399215286 
41456363 
43030424 
568258822 
2376633914 
3509111174 
95592558 
18237848 
73986605 
28636739 
22258315 
3249991622 
64997681 
18164805 
365405131 
1034227136 
49751362 
164889337 
327396842 
597811816 
3241597004 
525264466 
36451990 
1205482069 
32627341 
19408552 
72589436 
413500978 
446698751 
256495314 
28745709 
339754094 
18819493 
1897969111 
14266331 
14790432 
17001945 
97255048 
20708895 
15662761 
3226849202 
15667774 
161093510 
2974938131 
66321660 
1592286824 
3087155434 
32201814 
960520399 
1525694971 
2741758937 
2511461743 
16973333 
32947931 
627598092 
471737223 
102206444 
52129399 
2733320850 
172445467 
472280658 
138585823 
146123790 
18241502 
2437388642 
2352214154 
35773039 
180926676 
26610556 
226320142 
2978134886 
2151158732 
21344507 
194209753 
8953122 
2725693693 
132887265 
49686679 
2579312316 
17034634 
22937213 
27618814 
21717987 
17080971 
21278964 
208831058 
128724886 
261895573 
2350880203 
14592008 
1561123663 
2544135404 
236304191 
2339144862 
378818066 
72831048 
1514634572 
1027394472 
814478132 
2564129954 
219683269 
385056910 
1139001474 
133093395 
465174157 
344634424 
288333760 
170766820 
24274550 
28657802 
326631274 
357606935 
1456140842 
137455381 
54386976 
114890816 
480782173 
2325690444 
14469246 
545452448 
2350590619 
20431922 
132610634 
2153428796 
139909832 
15670515 
612076511 
1177060189 
230059393 
585185520 
2165480424 
15969142 
268376525 
64996766 
8112902 
77212551 
116559622 
104983720 
105334381 
22511319 
160553951 
29628889 
24224268 
2387963072 
1497949304 
1249720856 
159488070 
131171033 
16389573 
387562192 
1459210008 
403298934 
29317434 
15620557 
18700629 
17526123 
14874480 
121482708 
225158731 
15737176 
628918341 
13451802 
46394523 
954590804 
2357829036 
29312953 
17632266 
15652889 
17906282 
1585151 
334159008 
177362867 
107581696 
199400127 
9715012 
398420337 
15508815 
54190436 
1090226732 
465158654 
306932184 
557510031 
719739980 
20020647 
64447583 
139881024 
19033182 
997657273 
198919608 
257183221 
248504482 
1905944394 
2227189842 
17781673 
63043 
18177392 
15438913 
50442843 
275086064 
280137736 
16304004 
266110845 
11046202 
21769127 
185817496 
555928038 
571202103 
978908012 
106826079 
37950155 
146796141 
2215811070 
2284150586 
97205499 
539448537 
422642173 
916303212 
358917364 
15684633 
632735641 
17793878 
19539716 
36902964 
175433711 
55355799 
40438399 
31144939 
17045060 
85694915 
1488168234 
21445154 
2218177956 
169950538 
40263343 
245539132 
110940771 
21859563 
16264825 
2250430826 
43156866 
825859951 
190601815 
26891480 
237494109 
126724233 
128636277 
1639684094 
1330758096 
19982260 
173965944 
273162809 
234181051 
46519992 
162890663 
944467345 
441389311 
18194134 
14402471 
24206345 
339478840 
705506857 
126692913 
92585368 
500704345 
274111914 
330826792 
188809568 
293283129 
1261480112 
15947602 
204392523 
20006234 
47299083 
993550530 
550394752 
587203405 
77267107 
11522502 
380648579 
72890443 
16988154 
18682756 
16955991 
15631238 
20177423 
1285002510 
120181944 
14281466 
64351486 
1596476484 
81878119 
1249361035 
43205754 
1588931772 
431799286 
26548315 
95526634 
551039834 
393303530 
326886063 
1446597751 
87472278 
158865339 
2834511 
55002097 
18153494 
246344553 
28097924 
1411604167 
187869078 
17383707 
26091590 
573918122 
197848744 
255809182 
575154081 
14464767 
540208077 
104336143 
28646364 
274718018 
246157639 
310030170 
75463615 
87700880 
46090688 
41337901 
191608030 
81107938 
45669384 
189104818 
114898131 
381761798 
14575014 
143558957 
209133416 
18091706 
211566617 
357091133 
275686563 
564028464 
544395196 
17002464 
234016598 
16348722 
48854328 
22184031 
202416362 
16191793 
23857477 
112562633 
50898315 
364344026 
789394182 
16016427 
493981498 
14362241 
249951302 
14626892 
39299241 
127346489 
1128104606 
15463610 
21799495 
35020480 
811338511 
28685355 
62816265 
14815420 
56616526 
21718571 
111216929 
1198071 
26729931 
18689000 
353866111 
19061054 
280716675 
214466998 
20642645 
67677484 
236891946 
27000730 
74688649 
254098644 
19637934 
17150428 
32922642 
384940104 
170591249 
181199293 
81907913 
456797699 
99196637 
69017924 
441247626 
64165042 
19297199 
19518491 
85732762 
62591681 
111553960 
236951618 
17681513 
70722372 
107483726 
368944502 
22552750 
21581503 
140991102 
187210625 
230963629 
14320620 
76838357 
291421323 
241604859 
74626521 
495438764 
94621195 
23811048 
207770279 
8820652 
2557521 
45708900 
487412249 
280991210 
111774307 
40295359 
77717985 
24191058 
64466584 
25917969 
68248855 
71399203 
14918286 
15069555 
17549090 
14050550 
21915474 
20869621 
105714300 
243026775 
122130797 
13493302 
224257403 
84121162 
186943910 
27142719 
130617778 
21111896 
36743910 
76391118 
381077920 
205527326 
245481932 
377220892 
16906137 
114685387 
788524 
270407064 
113809317 
262724663 
83255876 
256921217 
41186732 
823905 
321770412 
15776381 
225235528 
16029780 
16665516 
314515213 
186657178 
16186212 
3459051 
16245822 
14159148 
16137967 
339824133 
20479813 
39842020 
27372092 
279390084 
149090656 
250761217 
292647225 
2321411 
14824849 
32359921 
331591689 
19247461 
66860531 
21786618 
188479071 
19968812 
370289100 
413320626 
237357193 
16550480 
16834046 
71619683 
237017914 
206872748 
269992592 
329888335 
25463750 
117373891 
16202731 
8983712 
14903013 
35748845 
38975663 
77302589 
16370091 
65948622 
135060958 
245994104 
182471029 
249758564 
21178085 
22022474 
172940335 
22707076 
19649135 
250330339 
1947301 
16076032 
14128590 
33647344 
20261874 
15942016 
25067168 
78361556 
40581159 
97018629 
23293888 
21875099 
405957127 
273595457 
45560489 
5943942 
18642314 
76426955 
28779962 
125735734 
14882900 
55411896 
111390142 
16787814 
23218852 
184517281 
16905292 
15307151 
70726075 
35672554 
19881931 
216513520 
418214556 
15066760 
273275593 
314552752 
19884044 
234023341 
299413847 
44153746 
433580181 
22498138 
17870903 
192060577 
78390407 
7383122 
14496886 
22053725 
18992997 
12609292 
234964697 
52722710 
36672355 
27686499 
19071132 
59460397 
15851626 
132206112 
195608005 
110263006 
15859268 
104930654 
50079191 
122064891 
150669126 
89774882 
262995021 
52551600 
25762529 
27996342 
136148542 
7309052 
209449925 
28351670 
240802858 
164774931 
26875700 
45577446 
21387114 
234257674 
52422878 
304016237 
30296659 
223416400 
35062969 
105285304 
19163150 
18725815 
285681923 
122258041 
216499710 
390377012 
18851248 
38271276 
157236227 
20126262 
104894415 
342309529 
91729248 
17518626 
112764971 
156013735 
415859364 
446027361 
158425094 
213288963 
190932580 
18471924 
80924518 
140494630 
18144387 
355831182 
413378942 
37141747 
262719035 
33980215 
75266213 
5515802 
6273502 
335972576 
397370728 
91430915 
17899109 
1435461 
15110431 
51241574 
14780915 
14335586 
427709199 
51125172 
16579346 
15797425 
15802457 
30747474 
40101400 
16909353 
58531753 
343759320 
17436585 
393079166 
420222900 
182285831 
97750565 
23096405 
16744558 
16672510 
34442404 
109287646 
17016410 
20211231 
115754870 
17918561 
17060015 
13058772 
15458181 
16935292 
18150912 
47349506 
35824393 
393322234 
390854741 
25946632 
1140451 
60499882 
19477339 
28258330 
22421834 
97772300 
15975951 
430310094 
19062153 
19541556 
78177373 
3839 
29442313 
28656933 
243786810 
67020714 
75030120 
72367017 
28116276 
126382054 
232567162 
97118901 
19688377 
41179380 
21981114 
50532092 
333766716 
211551088 
29309901 
282435042 
1769191 
7215512 
5392522 
19168381 
86096628 
18713552 
17596622 
297174372 
11857072 
182385296 
16525194 
205436455 
212672791 
178064378 
84413113 
19713521 
375366749 
378938407 
18809869 
216253049 
20150502 
130898432 
19380829 
32746529 
18847632 
67135236 
30294663 
18052498 
138624623 
330502724 
20582958 
14803701 
254544380 
13393052 
16042794 
87818409 
20562637 
79642888 
117816596 
20590331 
66181675 
151816228 
396935182 
72913207 
208723309 
386138551 
76348185 
61226587 
177707730 
11014272 
15110357 
11348282 
230527949 
16589206 
794808 
20038221 
621573 
266379306 
1877831 
890891 
87239807 
21211751 
418981849 
237836050 
18038892 
137486631 
250889356 
219151653 
281086969 
70609515 
356263523 
262355181 
28238978 
30648418 
31358286 
61312712 
162708788 
20236725 
5490392 
10286782 
14936846 
27067399 
20270043 
368732063 
158955723 
16129920 
99006084 
47761088 
17906629 
24045028 
18572345 
8639402 
1268821 
14505838 
24457744 
29506821 
381851558 
386251278 
38516217 
225117951 
260306257 
56510427 
218970865 
377604339 
203676335 
409173538 
29097819 
189376144 
202702972 
55355654 
19336500 
155952299 
289420613 
257170054 
29511514 
18812572 
397610743 
305708017 
133020600 
19621110 
17650854 
48028397 
359518856 
180505807 
250044015 
166943963 
46435965 
14606079 
4970411 
174964320 
5625972 
12524522 
2768501 
3108351 
138963787 
29738476 
22513919 
16280307 
95981793 
6375322 
24431892 
16356190 
26165596 
180088363 
21928361 
15300520 
38625677 
11695472 
18650093 
133048642 
35803565 
146469194 
15431856 
34113439 
171099799 
29106102 
144504713 
64250735 
123887076 
15428397 
20374262 
2884771 
15843059 
28418204 
20332679 
24799500 
20818801 
16012783 
60486839 
98738595 
64643056 
296435272 
66866275 
22017602 
138025237 
66182591 
104508221 
20257611 
341889065 
21121794 
18949610 
26593533 
117809336 
109383957 
102434415 
22971125 
20068053 
14786217 
14220964 
14700316 
14266598 
22821175 
81929706 
14499309 
79344884 
195905499 
47797211 
189573424 
17230018 
2553151 
17453131 
74720048 
10340482 
253149377 
1652541 
35005086 
102700680 
41135906 
73258018 
339745693 
67624811 
38146999 
16747333 
16666806 
21237045 
15429316 
18720023 
299674713 
214151545 
96951800 
280414653 
284930951 
19868934 
29221344 
19711765 
214553168 
17449231 
15884502 
18244358 
15673837 
22819919 
184476587 
21684189 
8795082 
216277781 
27066503 
43374764 
66333989 
319060526 
174786058 
21702247 
40153002 
188026946 
23114836 
44172548 
56730137 
55547392 
972651 
16515099 
61698439 
22209176 
15245706 
16334857 
16344134 
32391821 
19081001 
14456954 
16153562 
20268832 
69243384 
67998234 
17872077 
14402059 
22028826 
16837707 
26380333 
24691376 
8207562 
17366486 
14614324 
84530027 
34953908 
17220613 
20428265 
74458159 
52862873 
64422625 
80737955 
14801539 
14499829 
68705643 
7422382 
15215771 
40927173 
16786210 
34549932 
78043547 
14987728 
17054817 
38057076 
52784106 
65351069 
38218315 
24150300 
16665945 
19080774 
38557224 
14630047 
17491177 
32548505 
41609626 
12512092 
30039693 
41137354 
18117460 
36412963 
24086450 
21780251 
73460409 
15652985 
14634720 
2153241 
24920240 
50835878 
15568127 
21265045 
16741170 
45022625 
31486186 
25844225 
33321164 
23359698 
37950936 
30564813 
19293138 
33933259 
19082313 
15521084 
17734537 
9313022 
50747187 
14835752 
24342206 
69118972 
29039209 
18014805 
16348867 
16905483 
42898402 
47697332 
41268564 
27457433 
31877693 
22042454 
759251 
21690076 
18867984 
26412945 
20502764 
58845538 
20485710 
38919731 
45899395 
14836219 
45957338 
17374056 
66432271 
30758864 
70286237 
15196658 
18716527 
15202683 
36080231 
6629242 
15134663 
16600899 
19596228 
35021876 
19928359 
21843017 
15694863 
17965843 
15838840 
18675263 
18633696 
14289603 
18666525 
15645093 
14150661 
13455252 
15108702 
15754281 
8181122 
20534830 
25523965 
11740902 
7518252 
14475312 
28100515 
14788974 
35760895 
21490151 
17596014 
27901371 
50066875 
30947417 
55033789 
26636629 
43109236 
44945535 
43901152 
32879999 
43990562 
20023129 
34260735 
37239104 
22228891 
19372211 
14435332 
37921383 
53332706 
15355482 
8223872 
45635371 
12804422 
30258917 
31744649 
53881367 
39737725 
49374307 
15949525 
56034347 
23480504 
27061710 
20659742 
17041594 
13298072 
20087888 
16953157 
17901282 
43410105 
61723408 
33679091 
15245924 
16102065 
15014046 
17810254 
14871538 
59885383 
50188545 
14116807 
17221819 
15148976 
17241998 
53300083 
36806880 
37916604 
14123683 
50725573 
20416406 
33058370 
38710678 
41182107 
26541509 
45112524 
37177143 
31957731 
36069519 
14611645 
16377123 
35886858 
15343022 
2803191 
15749983 
20078750 
16958346 
34876153 
42250953 
12513592 
16971072 
18019698 
14334757 
19412366 
28543744 
14850955 
40293708 
22026894 
27105213 
10915142 
15471824 
14437914 
16016261 
34063443 
15907720 
44203296 
16318736 
15742773 
23746926 
17651721 
18119373 
21712457 
28454994 
19373240 
16946704 
17076146 
23795530 
32553959 
16145590 
14172859 
20071212 
18926284 
21595277 
20655304 
39541081 
45522502 
27918262 
14766250 
46254126 
15649950 
16953480 
15234657 
14919272 
14922225 
17866834 
54236294 
48377326 
8143252 
52466877 
20950563 
36973087 
18089477 
18452756 
41875770 
47428569 
13642652 
19551319 
32007346 
15675138 
28884165 
42860666 
33642555 
18530290 
20891877 
17915615 
18116794 
19409456 
17900130 
17131042 
14125077 
19690275 
43125273 
21919642 
15997022 
29281773 
19397174 
46443549 
22058407 
7768622 
15588657 
15639478 
10886522 
21982720 
18128265 
15011421 
18222861 
27750488 
37774152 
20346956 
28785486 
46705208 
26463954 
38405464 
34891363 
28085502 
22013686 
17093617 
19248117 
47633485 
44162079 
4533661 
14154272 
9720292 
23484039 
10977192 
19658826 
22908136 
621533 
816653 
29994840 
32353291 
23744200 
17623957 
19411113 
26508357 
18084100 
24064999 
21396104 
27799434 
37728789 
21866534 
17758502 
12133382 
15033883 
44391789 
43192807 
14677919 
15492359 
16700571 
10401102 
22184352 
14957616 
16625799 
22230741 
43330963 
32956296 
31257268 
47394657 
19420667 
46244736 
29355469 
31730000 
19850497 
19918017 
42615706 
22847256 
32722373 
14063426 
8984572 
19840398 
16221297 
15519210 
5885732 
14498713 
14992591 
1766701 
10032112 
20778387 
17996062 
31326541 
16896485 
8909082 
18793147 
46429418 
18487189 
37880248 
18891737 
15803225 
25726723 
14630353 
18952916 
25319414 
12925072 
20565295 
40914908 
20763485 
35348026 
26593416 
30395398 
21305583 
16801904 
26846850 
16819632 
16579345 
36111903 
21870081 
20778367 
22520148 
24485503 
27471945 
19362341 
20166674 
41269920 
15224867 
20611194 
44843157 
21827079 
16609857 
45090312 
19663059 
19537303 
26551204 
24019308 
17486380 
41423495 
39872911 
14836957 
30057645 
15730467 
36019258 
15458694 
26149716 
36528126 
26642006 
27090222 
22096652 
43069229 
9637422 
19539279 
36186668 
19066345 
18156714 
38246280 
15714547 
17087304 
16242432 
28281951 
14918459 
19375950 
21479179 
21800156 
16930378 
11859822 
27109019 
36677660 
21255118 
17492747 
15669672 
16691049 
33567692 
17104451 
19288176 
19804509 
22495896 
29133739 
23323395 
28370738 
20697680 
16822833 
22493845 
18684459 
18688890 
21655660 
22727609 
20189768 
15824425 
35821009 
15163518 
18952832 
35827832 
22709659 
19612058 
17619498 
21250803 
27620472 
16358723 
26710176 
12794342 
23768889 
40856847 
19681410 
22756336 
28611374 
15783230 
35798828 
17219108 
12375042 
19789294 
27857809 
20032100 
17378252 
40396337 
22377696 
21220931 
2367911 
15947185 
6796502 
14254408 
3416421 
22685200 
14412710 
20992556 
16348549 
20109973 
21307517 
12764202 
22269057 
21195232 
18201114 
22608614 
25056239 
35230990 
16890945 
14663457 
36178374 
22885785 
15697472 
14076588 
16745718 
21728783 
23850658 
18203692 
19196161 
22332902 
17610785 
16877611 
22701379 
34492006 
17950422 
26588937 
19909768 
22588940 
22182669 
38222612 
15764136 
4200861 
37386142 
39889922 
18164662 
7998482 
15764001 
21427680 
21381831 
34193035 
21909393 
30323648 
7778922 
12297052 
26257166 
23442745 
23554196 
24721042 
30061149 
32567736 
37436002 
14325188 
17772358 
21531592 
2196321 
14570215 
24671864 
5360012 
19639085 
16661296 
3667651 
18808214 
32708699 
17543387 
27778248 
16302090 
16230180 
24704470 
18826280 
19781206 
29463928 
21750314 
14542767 
17069525 
18215165 
26873200 
29493065 
13796572 
4278201 
18921488 
15566901 
19249062 
26589987 
18273869 
26508471 
21381547 
25599869 
36498985 
7675442 
16103057 
18915649 
17583190 
18432172 
19426551 
18665800 
27457788 
18931823 
22171728 
35279241 
10798802 
17481928 
15635063 
30416400 
19273442 
27081171 
20570461 
21534046 
15751632 
34345052 
30176319 
23274472 
13824412 
29497145 
14361155 
18220380 
23815359 
14235784 
19673700 
13824022 
23866990 
14761795 
22650211 
32309662 
16827489 
26784273 
23006794 
19940791 
19345718 
27665615 
15838439 
14060523 
20727819 
19397785 
30434772 
19739674 
19211048 
29555130 
20859563 
17826289 
27042513 
19304828 
22883958 
21040094 
5506992 
13953572 
18197498 
19404587 
6017542 
7861312 
28578463 
19644356 
23433536 
20205636 
24263801 
14216821 
11768352 
29812418 
713973 
11834822 
16533924 
25423899 
20172287 
27379398 
22698057 
24816806 
15123466 
19952404 
21936340 
19911886 
21993071 
23780066 
989 
754897 
15935591 
5569742 
7671832 
20255061 
21315334 
3554721 
26298160 
21657607 
21226188 
24851951 
21980131 
14378419 
14630212 
20897154 
6208682 
23325614 
15008936 
5971922 
9636292 
16353547 
16895001 
18812164 
14690807 
6972182 
6954 
694563 
14850859 
25478614 
17987949 
457733 
6067212 
3144281 
8513102 
2885851 
25596807 
24530247 
24639725 
19520981 
18213483 
24115328 
20733 
15240068 
21779506 
12687952 
14118444 
277823 
1429761 
3564361 
2659441 
19077695 
16467532 
14884774 
19491594 
16949224 
24634257 
24476479 
15726306 
18932935 
6748472 
23397854 
13201312 
17862883 
5768872 
19877186 
24506881 
22336717 
14875084 
23084993 
16541096 
18133912 
21985040 
7846 
14439079 
784304 
631583 
12302692 
3287931 
657843 
674413 
18220175 
19562228 
21001434 
19873751 
7812392 
2087371 
17904091 
10461692 
3081711 
2876261 
17844024 
8101752 
3893571 
14798905 
17953904 
23409145 
20966753 
17357043 
19349216 
16429983 
17801505 
21899451 
18377261 
1192 
14590903 
16942698 
16583846 
14801014 
14791918 
12986142 
22364046 
14461871 
19346898 
12704322 
14497313 
717313 
10671602 
19316845 
944851 
17264354 
18710377 
14462333 
14295641 
7563792 
15356900 
14800418 
2467791 
16904438 
14400787 
14363353 
17837184 
7573792 
16616054 
16910031 
18806270 
1047961 
1917731 
6794502 
8984292 
5988062 
6519522 
16798448 
14603515 
15106536 
14345123 
17473996 
14702529 
1044771 
18537317 
17456370 
21340348 
18911592 
22010993 
782126 
8839632 
11856892 
11856342 
22019881 
11141732 
14686098 
14750177 
6577642 
17466933 
17368500 
14647570 
20359366 
621543 
11994902 
20489830 
14109012 
8471852 
12820422 
8487622 
7152572 
16132971 
20562703 
19554706 
14075928 
19923144 
8841372 
22189929 
11417502 
20287239 
18313204 
5402612 
14051362 
21307750 
15012486 
57533 
18812301 
7614292 
14199378 
22463885 
16568227 
22457601 
18944693 
15614817 
18908240 
854841 
20186043 
18788714 
20446239 
15752953 
15869368 
22387516 
16170937 
16952193 
15485867 
16894706 
16300314 
17057271 
18807671 
22009731 
18354504 
12726172 
14665491 
15057943 
5225991 
14991920 
17173775 
15076390 
19740592 
21879024 
767 
15291335 
17505100 
1440641 
1344951 
14496538 
15473413 
18253799 
16403 
862681 
1422311 
10228272 
20536157 
20725159 
14823587 
18396070 
586 
15234546 
6708952 
17266725 
18104730 
18176826 
12044602 
13 
3475 
21131816 
14522546 
12 
17074440 
14678488 
1693881 
19169553 
2735591 
14409391 
14920832 
19225574 
16236655 
16824703 
17872669 
20311800 
18491569 
16124283 
827211 
20608910 
13097652 
17471979 
14047197 
18863815 
5120691 
14575107 
16000996 
20027456 
30973 
783214 
5724872 
9147632 
18527660 
17599655 
19083053 
15922214 
12369372 
14749383 
16733014 
14293310 
16392468 
17643043 
15707646 
2092231 
15486369 
14224719 
5976752 
2425151 
9168602 
6149912 
14127408 
18167366 
15111215 
15742719 
14662354 
19046500 
2315721 
16407834 
7856582 
17639567 
5688592 
7170602 
15131310 
15748058 
14125697 
14125572 
11023132 
6211972 
17461978 
10350 
8204342 
15196644 
15149510 
5406842 
15009020 
14372486 
12712912 
8161232 
14886435 
20 
5391882 
9491292 
16381279 
807095 
4260991 
7321222 
428333 
7400702 
15485441 
7860742 
15448108 
18994460 
6621382 
5741722 
9601512 
