22536055 
14230772 
37710752 
811377 
263292498 
373416209 
336116660 
19697415 
104615577 
25053299 
93069110 
65182307 
538399586 
16228398 
18083786 
2359926157 
7096032 
816532 
688483 
57411021 
16581604 
14946614 
43910187 
13213122 
16664681 
49304503 
1534167900 
50393960 
17363638 
2467791 
2836421 
1652541 
5392522 
9300262 
524487620 
27716402 
824654940882825218 
27696993 
18686907 
14677919 
16689804 
18812572 
1344951 
11178902 
17248121 
11348282 
2329316496 
1582853809 
80617430 
1636590253 
15506669 
34719119 
378223565 
15279429 
20402945 
428333 
66208960 
3358058116 
277290225 
24578794 
822215679726100480 
28585940 
2441831348 
28140646 
30034625 
14800270 
34713362 
46129068 
3108351 
1325607522 
3889878142 
71256932 
2244340904 
66019768 
17446621 
1921317602 
373543215 
107629065 
214536740 
25073877 
2832684989 
831707186 
96025443 
807095 
4278201 
392754920 
16369150 
51241574 
191076340 
86231642 
106779916 
26347057 
27898198 
15377592 
111400999 
17177482 
83851167 
249422931 
476194486 
247832362 
1973358372 
306409624 
480079861 
596792665 
1564967204 
15900436 
125506546 
191227452 
28579690 
248363765 
143593327 
1116554366 
32562615 
22213744 
114773910 
213154413 
25232098 
1367531 
