3111553475 
56423659 
797201132158189568 
16024323 
35309981 
18208354 
256393007 
18812728 
456910776 
227513889 
100114944 
19671129 
793997557 
1536791610 
748553638247694336 
7385562 
180229676 
16687059 
192326624 
619278612 
2252616702 
755152143141703681 
32453930 
1618939716 
152411615 
755236753531895809 
17243247 
171231974 
3224595993 
83367875 
608682237 
1192749109 
32501175 
1700744762 
17451937 
2334366985 
20772763 
114960984 
191004003 
22413097 
1131925010 
338815307 
415829476 
67944242 
4721633424 
1476295381 
29839417 
727330027222740992 
322452412 
2182329258 
915726438 
28090436 
752669018792685568 
896533495 
20536157 
2800216638 
41369172 
607747504 
45928061 
317824654 
20417248 
2422211017 
110631821 
27173892 
243165626 
183133891 
27042513 
48459821 
776196808909336577 
245893504 
27922110 
781246925806985216 
1850083927 
22560356 
1080721584 
255784266 
341908197 
277613670 
23935294 
49067535 
34630995 
34977875 
2536206093 
2492811448 
142157505 
272060350 
26680882 
36627896 
2821969235 
712388660 
754464648603185152 
21265120 
82821139 
141330685 
4212605633 
43993280 
15926078 
90011259 
17789443 
836188530 
251912488 
51265603 
18949311 
219145824 
19739420 
43162303 
1672262958 
16396078 
19296148 
738214791093702656 
168374159 
56779529 
27383228 
329746058 
285700070 
110610806 
2414927864 
23136873 
26939677 
92870257 
18919207 
121544099 
117560949 
58865001 
34442404 
15601166 
15343635 
55334133 
97110785 
177694689 
2180163722 
725226778474647552 
2967085612 
3225001927 
3004231 
56906483 
80773930 
366830788 
1390616646 
3060519686 
165253970 
14861285 
634315004 
56228824 
79233042 
139909832 
1639058046 
24701407 
21907142 
3984681 
90772628 
118523209 
18228898 
18121619 
2437859668 
22940219 
21454322 
1931920746 
6427882 
2432739211 
2505888055 
35214545 
1978976286 
1960528351 
2810152340 
17105214 
1897557828 
30064869 
84708371 
15850297 
546212136 
56422080 
112747576 
123461819 
4234062086 
17910183 
16160446 
1192085274 
32812533 
16059507 
23995748 
2797345631 
22154062 
1553618396 
257548783 
2687813580 
168463451 
277539881 
22866117 
369536061 
30560631 
97976496 
25498963 
205441601 
40779229 
37019708 
82978967 
3282702576 
111719047 
53276780 
36397463 
65957957 
31076297 
224825865 
23641580 
370871493 
3103259837 
26211782 
16737406 
803075100 
2345584038 
50367031 
738488799467077638 
5943942 
2180168234 
357606935 
56503748 
17228366 
2233154425 
744695253811101696 
25233746 
964340516 
53153746 
15981547 
3256630811 
176667927 
3952863914 
2922268330 
809887021 
3396079971 
25629019 
55357819 
32783387 
1686043195 
135566746 
2205934947 
364519751 
702640558594985989 
39398771 
37745464 
3319718357 
127720535 
2916305152 
926620369 
14543034 
285872589 
178864597 
15164565 
338084918 
14982804 
718495181914316801 
285400823 
50323173 
20068679 
2892190378 
562381032 
20542450 
5162861 
17092592 
3047407793 
338159612 
705017829066604544 
2728424702 
31681536 
2533843303 
495774127 
2838489187 
38932466 
324020684 
195531222 
22039950 
2747371538 
1170178843 
31256443 
24742040 
721989154419122176 
3075882541 
292997549 
2225959311 
722218527659270148 
24903274 
111216929 
33953034 
38062562 
20781611 
410089108 
21441131 
20571051 
268519310 
4647848249 
21542677 
16900536 
1031084270 
707359074 
758301247 
88071309 
18590702 
476489805 
898792040 
2544800889 
197598695 
2910022539 
441951136 
29370892 
33632786 
34487135 
1532262590 
34743251 
13298072 
44196397 
273108440 
2339809610 
1350403543 
19557418 
24263424 
33978449 
179734263 
18379734 
17602896 
2908816808 
2150245741 
21738720 
15923056 
37778451 
2188731330 
28245852 
764797986 
19953708 
920104904 
19516074 
607750976 
31160167 
3445219518 
59195634 
3065429605 
59145948 
83186535 
2846165711 
1417166755 
72063136 
14090989 
2338108773 
242815499 
2867344089 
177374521 
3687721995 
457000786 
21586583 
362581408 
310090033 
205397432 
11465562 
25765905 
1385434766 
20104539 
82755864 
719032237 
315627640 
20530872 
42949489 
61535793 
18715764 
1542575838 
62210005 
282123511 
195038717 
955872013 
26548315 
519447576 
91438040 
23561980 
54139776 
7574102 
3806553495 
218988164 
2932188923 
1656703962 
70111948 
15984542 
26769471 
14824849 
183382313 
288818412 
2893511188 
2857479956 
17506698 
34541677 
15978244 
106337396 
3489420013 
302829317 
227573941 
427803067 
2284537869 
153557484 
613650655 
3431285066 
40105401 
289932583 
166528271 
2818322000 
38093263 
233386754 
135337962 
1737475705 
18442315 
434545375 
46310899 
18029325 
2502233962 
47285504 
133880286 
62591681 
3171366511 
21884158 
2916599099 
18241502 
21475090 
20479813 
611325837 
175518823 
31196718 
62151592 
340037502 
1494768577 
40047243 
175222042 
386224048 
4751109972 
1893089707 
48287102 
973711004 
211751068 
4501937180 
17947933 
29645745 
4740597390 
42562446 
2713296014 
123081702 
1452029316 
11309682 
34180814 
2799008813 
40340946 
15905972 
5988062 
69394398 
17749901 
21499368 
741423782 
343547084 
22498452 
422798683 
20350867 
26120655 
261282022 
34996227 
1059194370 
2565473791 
357227591 
2468291479 
475757358 
15941727 
71876190 
30018058 
486142562 
233266490 
377723724 
2919119838 
1066142084 
713803980 
38753793 
85356794 
31784414 
22090361 
103981983 
786293766 
410970687 
23609344 
2180170945 
1384835070 
534494917 
1681431577 
36168716 
85399171 
2918206757 
17925543 
3600589169 
1597482762 
545235190 
39174220 
234673798 
15819632 
3254155730 
20906376 
3092760694 
19407180 
46415280 
391489691 
3112350335 
403086984 
312860399 
182158423 
1459736791 
325451111 
388560514 
18288110 
550361196 
21374984 
54774735 
2480012304 
546622614 
219554835 
1010155094 
262707255 
1393084334 
31528123 
342401110 
94261822 
139285190 
59233949 
373136259 
939968406 
23294716 
16441718 
2200633835 
292781839 
75974281 
254218516 
28882615 
601279659 
432599292 
245552838 
14729674 
2516979012 
18472107 
23083404 
510690765 
2151314395 
365600879 
19012714 
285956337 
222881714 
738538436 
116170745 
564887075 
287317800 
29995782 
2517988075 
1883088212 
3559643475 
52551600 
2347049341 
231561897 
13213122 
2300246637 
122749312 
262835882 
1388066365 
42885733 
3186964814 
896923735 
382880044 
1030495537 
49717874 
23234807 
26087067 
2788852304 
794329279 
83769230 
52856830 
157851662 
91285767 
1344951 
323687778 
32363826 
421509052 
44216539 
136028027 
544553421 
2405314267 
52529896 
176905703 
103764905 
1446460165 
885037574 
22819058 
96836424 
189258194 
23818581 
40699138 
3109868798 
185068523 
283908569 
41137743 
1305067770 
21062680 
47852000 
395639817 
1598534346 
18244920 
137865227 
180872609 
20444254 
37960237 
2355003864 
94844786 
10257792 
21533204 
65105252 
39815475 
25777189 
343638363 
3306235581 
2950349549 
163562125 
2924001904 
18123896 
434277684 
1355481840 
3359598634 
2301573020 
19580816 
1739209003 
1963780904 
33170283 
3039428521 
60928777 
18258727 
25342979 
255644688 
108350146 
18545297 
1860220441 
2196840571 
189598944 
25723502 
19152699 
244800486 
423129606 
215952307 
3197746370 
111766466 
32765534 
17889970 
180857876 
65525881 
1078287655 
567750449 
15926905 
40713311 
161456486 
2632716033 
174889139 
133143832 
2762943164 
246606775 
18509135 
527732077 
57433333 
1675176944 
619732305 
788135467 
18075304 
45653560 
26257166 
95573312 
27052392 
15359864 
620368357 
2617825399 
1093124360 
1963590722 
2602973341 
383557869 
2408669927 
37567395 
20009775 
63802808 
74175938 
75870429 
743513184 
2284158014 
28406302 
60520655 
209485077 
3090740342 
20813986 
834316544 
20106852 
16354688 
14982315 
79401620 
15422847 
1587560558 
455448750 
26244092 
43429722 
20263692 
1604712349 
50239235 
292092669 
250831586 
222471947 
26799554 
43023431 
3095202335 
34701524 
2778842292 
1959556592 
277263973 
361270172 
237097826 
602857868 
32613163 
56832396 
2922247363 
1703499732 
2665412785 
973516176 
1326198384 
223693254 
193602107 
92717138 
80385238 
1021534128 
41853096 
3007308403 
17602724 
228794007 
3047559582 
3045193585 
115556805 
237048122 
114685387 
485321948 
19028953 
973145252 
2730355314 
140195719 
16577011 
71092292 
22317245 
16047386 
163559269 
21225518 
2900426395 
1949752832 
1408875307 
271830680 
2989260339 
19575665 
47905488 
1217133266 
207841795 
2210416492 
2915120378 
22583751 
66339576 
116863408 
1123347068 
2302139671 
25854315 
265164088 
24312293 
29192047 
123045979 
28223477 
109573324 
490032614 
106500748 
304221691 
466827924 
46703423 
16790285 
90639682 
17197733 
5796972 
15935317 
39856054 
59838767 
2490526542 
2798411015 
2434619407 
2887930267 
2748526981 
1674124387 
93658731 
2207622680 
1917920360 
147600881 
24330735 
1670923255 
1562181650 
22084107 
55018967 
977543467 
156132825 
112946801 
64496398 
2945600995 
132785425 
156411211 
18620075 
215073587 
2202591320 
231292468 
91480086 
19725644 
586189030 
39695732 
2786660319 
38034448 
2192030256 
1438162062 
311565761 
757814965 
24552141 
487736815 
1498565142 
38136406 
381305415 
31271020 
2419231592 
2305405063 
894552380 
18640894 
586368570 
186744502 
299323282 
44496074 
13399012 
1322816424 
13190642 
21532894 
39533474 
20108535 
2347885248 
35290694 
168873266 
149760844 
1584921954 
2314021002 
1589266296 
23980752 
16227639 
78357912 
1671266358 
2313227480 
2276883440 
21911939 
1542533869 
260385761 
100403677 
66814204 
2842676752 
1234923842 
176221674 
2521772215 
81433617 
14190948 
2885276733 
14118247 
15163738 
2432417994 
482658470 
2624292388 
20911036 
257656442 
30602016 
918346674 
2325643603 
1463880866 
1244421032 
225260541 
2877459928 
29534189 
945890814 
156498979 
15927868 
361604485 
25953147 
398814040 
1413820170 
148945945 
147069374 
43042799 
47786101 
19399292 
572278319 
148807607 
32340023 
143589157 
125359252 
16421962 
2395789098 
810483626 
26946348 
158777509 
8320242 
39204454 
143192279 
991401038 
16088151 
127618707 
55355654 
27346272 
522828682 
2218177956 
104037884 
472967330 
21015147 
132128204 
147439235 
88362780 
19345435 
1412780186 
166952316 
307035046 
18494593 
25242971 
261650643 
187745714 
316471808 
984413802 
55905763 
1567171494 
18334400 
29124604 
2655830472 
16955991 
79650631 
1305995330 
1373486120 
587811802 
933644216 
2304094338 
569467464 
45448317 
313636246 
29441819 
144286751 
24107268 
285727565 
1961552719 
167421762 
2321320286 
41056423 
55832117 
2743773253 
2170734661 
17881969 
10322302 
198589851 
209805409 
247114704 
30849103 
121574840 
33810146 
210684204 
52468071 
1206103616 
60972923 
2457316969 
249001695 
25432501 
1058625247 
14751651 
251873156 
141864252 
476199422 
20029472 
17890601 
32919030 
28705173 
13837292 
1511977862 
100191519 
1863807403 
1435811695 
37425414 
199110089 
82854455 
162041294 
196291142 
202722747 
18634689 
15661452 
77347710 
624367140 
825934369 
39684871 
2216073319 
28677073 
256622637 
35281083 
370699216 
97832363 
17552889 
163686035 
2223592103 
733303040 
22884538 
154048214 
2492588930 
511959456 
142391366 
2438103247 
2260502354 
954590804 
1520006918 
227626917 
1390341439 
1096822512 
2474867366 
1583197964 
178717989 
273028600 
43042353 
525060895 
96013710 
1649633971 
22448684 
1121153095 
113531055 
27699215 
1894200374 
2385749072 
48029263 
18025035 
2509070503 
125410430 
21562899 
1377377474 
125481462 
1074544400 
57838735 
19275461 
27711685 
214168432 
25521487 
169867319 
86858802 
1400837108 
1851487976 
82302496 
275783952 
2422457425 
1218191126 
2266537232 
5920532 
78675777 
598655319 
2495435264 
572947984 
30102941 
394216985 
442399440 
107862593 
293280049 
31045740 
702466975 
1546270652 
586032653 
15050366 
1143931040 
61792342 
364387276 
164850607 
417565340 
39550148 
327171609 
2265045450 
1482932185 
299940532 
18295412 
97225858 
32997782 
284441324 
474621951 
286742737 
1416398238 
1653509359 
289122696 
119038924 
14677739 
143267806 
34729184 
18178388 
847604246 
571394997 
501333377 
2167828884 
525821517 
22334020 
258923616 
32663907 
1420616599 
1213698810 
879032779 
1315472826 
43785081 
1621196761 
1582853809 
63796828 
26083443 
843112550 
16028034 
41296515 
207626389 
857511218 
48624947 
749952350 
24740039 
339584113 
460290734 
16212685 
745884138 
2259569860 
31361020 
18863815 
53002676 
5690222 
120270409 
2242745516 
1373064740 
221142278 
2227187965 
234092838 
1134176527 
1411014325 
230114037 
1195576008 
22668681 
2308790125 
1935319741 
1201661238 
1621291212 
184034353 
1493839940 
14643178 
18436121 
21341785 
35963140 
589606599 
34864550 
2289105598 
2208193020 
21784944 
173762722 
635053388 
194486537 
257799442 
1538013788 
390498032 
166016063 
26539186 
909476018 
1309616750 
94657750 
52515966 
30732696 
1647034310 
578412819 
26441302 
25503421 
1132090693 
2252556200 
587466829 
1962005564 
1493678719 
424801875 
49030367 
86156438 
425524124 
41431431 
1098364164 
1152279248 
24402727 
103190146 
125480328 
202797981 
1372975219 
1581875838 
47119307 
19539314 
34041693 
330658310 
1246219638 
19731770 
23432157 
248378322 
19535527 
1309529094 
262194832 
20242193 
275301377 
56129200 
809470926 
329379751 
500042487 
50476895 
198174951 
338682185 
1355429886 
25747484 
84122625 
66241296 
17546423 
146942419 
85388531 
1281727926 
86238892 
35531787 
106796547 
485332742 
1624180362 
201419073 
66843743 
392141573 
33798079 
1716552799 
240390895 
623581581 
18216186 
764257374 
838467776 
57446944 
847248259 
1898552154 
44200157 
16730467 
22504089 
21740090 
337515467 
76777454 
506135573 
19075528 
33615303 
21473334 
90804970 
36681760 
1301549605 
1249998265 
84752107 
343765946 
219195508 
555928038 
244834129 
21741551 
123921747 
21181005 
145898994 
426356672 
67240331 
17243913 
244283443 
250305286 
74887441 
102054746 
21878362 
13357022 
15941455 
1407519259 
39410154 
66040167 
774523255 
15508798 
36259265 
1129615028 
469709965 
74454587 
322837809 
65671278 
197927048 
520388723 
1530122682 
49055351 
239037550 
156427983 
45943457 
82669604 
185874758 
62719868 
271060845 
23799310 
45854335 
45436858 
32887168 
76348185 
1399071 
1514491291 
69809011 
135419411 
39668133 
45781905 
1040366004 
1552195580 
17970094 
868849237 
370768395 
100881091 
102822052 
19089165 
270664564 
17525171 
361102076 
268945332 
3955211 
29843483 
757974342 
525993703 
718854193 
1540437919 
101047069 
31676365 
22718987 
12609612 
23661527 
202011126 
180505414 
140398101 
324094226 
55020120 
1141374774 
30275742 
97832325 
371006187 
316389142 
36580308 
126881128 
71413402 
2890961 
324523576 
902742758 
178174164 
21657576 
69966975 
351287640 
373534476 
57519019 
479754687 
54945603 
39838420 
176331385 
16981689 
70515523 
1114786808 
30225458 
96829836 
292587606 
181009465 
27825011 
19436789 
175774397 
870117776 
595235832 
378630947 
23276039 
140574467 
31363312 
23250101 
20496340 
231578247 
42511388 
70771469 
30561369 
97625977 
22956843 
34377186 
36016284 
52876882 
260023245 
15405775 
18173624 
345093264 
62882373 
15535362 
266364246 
166310607 
102497972 
56847834 
42198561 
602317143 
249705136 
33126200 
198743636 
608583431 
544645068 
46914972 
206308630 
476762447 
279390084 
1314663974 
28740862 
26963597 
64801736 
497241996 
813808489 
264257750 
28263482 
25872315 
910531730 
20656503 
16970479 
24453809 
38682272 
16015051 
367284950 
305735144 
1260366252 
24214975 
1107249498 
173965448 
13134572 
761093 
21894467 
79044565 
257901441 
173704978 
22832913 
18959254 
589711599 
18009089 
19720427 
582981232 
336116660 
39015633 
399502788 
153672724 
17787050 
55656691 
170746832 
53358442 
478335663 
365242474 
49560239 
106640186 
15301152 
322306340 
87244851 
29535899 
362619035 
417198906 
18644018 
9212052 
107773189 
15446336 
14634380 
116098901 
1056510415 
99388805 
16395449 
370103111 
43736146 
887464646 
593062226 
152949613 
251307588 
114911434 
37472896 
148098935 
273900183 
96035972 
222735750 
18307657 
290097288 
81376396 
459826328 
22042407 
930625267 
17146968 
23327203 
264810275 
338483530 
14587132 
39194217 
1020627121 
135734566 
74107529 
28381249 
120971769 
236110272 
397686901 
183492254 
61525699 
35777757 
56843791 
51910988 
623603346 
562133907 
952592989 
15194242 
285179269 
69344899 
505926301 
793367516 
179722363 
19560503 
295753541 
87693840 
173250632 
134566179 
564435747 
280827750 
21833933 
55954656 
385099037 
14130976 
376463816 
279273788 
41759686 
38316003 
43514656 
508013963 
133404204 
22035557 
379306444 
100298596 
21472049 
14505490 
45279002 
523262025 
216616485 
135331569 
71365556 
814429939 
523836275 
50236676 
395803018 
22333048 
20269847 
267997744 
201887588 
27212599 
27792033 
89082570 
59935885 
112254579 
40056590 
28406270 
40749498 
125800010 
571807383 
35831704 
17446621 
298325183 
32262429 
14749606 
559675462 
256188572 
487122236 
282115680 
274757304 
452373233 
247829572 
237448830 
452411446 
98430053 
294969323 
485318481 
25385224 
286820241 
172571176 
18152658 
146236458 
409486555 
100908451 
802845864 
17981807 
247528109 
197808656 
49844905 
247958862 
267863034 
61267185 
543020887 
33059619 
592408875 
588022250 
569441783 
242413028 
19317183 
90767831 
24721429 
32313898 
382831160 
21317077 
103158555 
221919751 
395553844 
212463839 
42988306 
274725639 
153685346 
320364935 
25678721 
297661048 
21078148 
531396138 
40142895 
279277647 
25988738 
74594552 
72598102 
415927620 
32677316 
729153702 
14353392 
15800855 
23646457 
7317002 
58693822 
300896794 
352145373 
408741236 
26613944 
26997330 
450365648 
609568106 
177307264 
262799542 
545590531 
12101862 
267222277 
39817648 
106660254 
301604464 
463893984 
15146817 
622412552 
37285268 
320999997 
45439810 
25113550 
68367457 
366433080 
21522718 
32182972 
205003398 
132550951 
34843774 
76994475 
34086767 
210921551 
17278037 
92838206 
472532307 
131891655 
361325416 
31127686 
11757522 
14735121 
19427134 
123726352 
34962131 
28014924 
23555004 
37359462 
255866675 
388288122 
28638702 
398490298 
21518743 
364116118 
25472748 
13712742 
456136606 
275114722 
17273367 
34036165 
77407512 
125567504 
37394334 
58402822 
8892822 
141765996 
320568616 
286720178 
23674342 
30816647 
135410726 
26923995 
95023423 
22221878 
21436663 
231879007 
26588937 
160320530 
23467307 
30447805 
30272162 
280326478 
23827692 
25654553 
162134281 
22278603 
143160771 
37589503 
49010775 
124050122 
24008967 
539541788 
350539028 
32003009 
5520952 
139986343 
19368305 
24335079 
34384751 
102796818 
5667142 
17290126 
144767057 
249457341 
52052367 
229636313 
400580121 
23682615 
235095511 
494422305 
17004120 
16680962 
8200072 
241849829 
112894351 
17955081 
36663982 
73402979 
32338244 
367125853 
972651 
356825060 
194341699 
477210354 
403979448 
11855772 
462079061 
21359364 
17023637 
54377182 
18224680 
352272802 
469673476 
119152867 
196898370 
44312688 
414853090 
151752486 
41386755 
211136230 
14823598 
21683908 
92107813 
54100548 
195487343 
24435071 
32730422 
18459046 
16907778 
168409828 
441272615 
39350857 
23002923 
26188731 
208917631 
287818869 
148470457 
123378767 
42891240 
295392111 
84216577 
183131973 
148300366 
261537291 
145240577 
29838500 
20015311 
154514464 
14124254 
19278842 
180560224 
397450601 
25237001 
56003587 
11857072 
14173315 
8839632 
15716039 
5667002 
742143 
26941034 
53130156 
21131759 
383314732 
147626979 
170244900 
44813955 
67195578 
21227429 
27803189 
23533224 
117000866 
16947404 
27457292 
820585 
301743967 
324616313 
16014647 
94698473 
152148074 
201724237 
29259435 
23818926 
318836910 
16848142 
40244968 
26890765 
28018971 
45983279 
142791582 
311257385 
69531724 
30915932 
20291907 
261803445 
286170121 
346320018 
76953451 
135350798 
110288029 
28698062 
21439125 
26842867 
53938010 
22382896 
24872540 
25605991 
34922796 
17259901 
269126696 
119970274 
39861504 
191575471 
131348882 
283763119 
125793405 
310001191 
240513582 
177328693 
92486992 
155420961 
63096562 
287750598 
22433827 
15746162 
21176714 
115542975 
284543655 
63373084 
107920768 
16078558 
21030493 
21003009 
232588529 
25414639 
24423847 
19208193 
274769871 
62559356 
21753094 
17345219 
26382551 
85724849 
83405371 
20659226 
136524785 
35511504 
18475287 
26183690 
93260707 
42945596 
145407534 
36412355 
132405946 
30164987 
24237762 
184856794 
180275036 
157560219 
20031465 
110828613 
22672874 
114018726 
54985673 
27423458 
24303168 
250866767 
261981275 
16232843 
233313896 
137839377 
31557852 
75956249 
29326915 
22326153 
17048850 
161430030 
36848049 
173331718 
22459688 
110520250 
131703129 
28504334 
20014300 
20741005 
23180427 
24413296 
20336527 
22979841 
215796595 
203761578 
99397496 
27306853 
24373473 
62872170 
26531170 
50314411 
23790212 
167554111 
19249769 
20693011 
27814074 
205397083 
24774160 
22288783 
29122498 
6818812 
55771061 
38821772 
38532460 
60839373 
18968541 
20402136 
177200683 
29884604 
150664678 
20011270 
135359710 
95103597 
20565662 
24441824 
36693198 
81870066 
18380872 
33703419 
49989742 
29121680 
43996568 
218719387 
24090053 
237471396 
84471164 
33821357 
21414413 
54148978 
152862912 
150826753 
27264182 
16003565 
216553729 
50022840 
109448897 
16240250 
24539960 
14770988 
33306829 
56845608 
73810460 
197277306 
39988304 
169984402 
21623007 
16652927 
14105565 
19769142 
124714874 
27655154 
28263757 
170501606 
24319025 
41845158 
30060341 
49104799 
25138557 
19688173 
16643590 
15728121 
33999465 
111461030 
189300260 
99832024 
81213996 
24678670 
20215476 
182472629 
31621681 
18663330 
33323924 
28128977 
64359261 
64838035 
65166471 
179977294 
23800868 
14887050 
106544442 
82682848 
24609702 
17027427 
142946167 
48592632 
97129982 
23778898 
40447276 
123747889 
164162433 
37550919 
39011870 
17154147 
15057921 
18156284 
28554064 
18948541 
40133587 
14241296 
20919447 
127528612 
61410452 
25849324 
156150745 
39073540 
17490157 
165984313 
130164860 
138807743 
164854173 
26705414 
145481541 
122853271 
18814481 
37243760 
21229782 
133147888 
124040008 
18690595 
26338585 
21922864 
99588991 
17779443 
17544142 
16454714 
17129413 
30390592 
46758235 
92689359 
156738846 
94438706 
24193238 
110257923 
33758795 
79136059 
19773669 
79389006 
41569607 
16022390 
759251 
28165335 
32044823 
27180139 
22050350 
24795163 
103350815 
16374678 
105402622 
39006602 
16485472 
126333298 
30272563 
42028429 
27357349 
141056322 
21373522 
139983110 
56167978 
26344826 
127563727 
63206771 
116854091 
15157132 
23215614 
38971973 
29853377 
39608388 
16628560 
21487703 
49536118 
19938932 
43128775 
130617778 
30702162 
24010152 
24166073 
83739980 
81440490 
14865421 
62158717 
103447250 
59810311 
23108805 
19730356 
16254215 
109715809 
16850052 
25037114 
43743698 
91652244 
118247024 
34464949 
46196803 
29867266 
21354669 
102848942 
18703906 
115265171 
26898267 
24832194 
31313224 
46938311 
32507476 
65546484 
39439642 
67829001 
76367645 
18191910 
44255778 
124327655 
15635250 
21091796 
35141099 
47417923 
27015244 
21125133 
43609651 
55101014 
19683008 
71158905 
110196554 
21112073 
49396468 
46261946 
86097253 
40505574 
59042418 
25439851 
21475309 
45722762 
113851508 
34505505 
22714138 
18986632 
22986517 
38980547 
31724941 
6297852 
22891300 
54293001 
30769068 
41730924 
35903735 
114776155 
23101935 
40766889 
25082034 
23695992 
109621480 
83060391 
93005170 
10486052 
29846900 
17588517 
68844893 
26646176 
37427614 
26971462 
75265258 
29562426 
45571301 
113436206 
115015777 
37598078 
19251473 
37482892 
114895528 
55468391 
66780889 
86013397 
26508433 
16619344 
23027102 
19996560 
36340010 
23713839 
22722239 
61913936 
16069530 
59026383 
48912916 
29454543 
48096459 
20120136 
29904828 
83958488 
18768850 
70787956 
52961279 
89022445 
58497361 
34076530 
86335294 
72413117 
76992570 
24359476 
25721586 
32004537 
65593104 
53458576 
44644732 
31333782 
105386455 
56971935 
18708643 
76640681 
25363280 
77292613 
16494079 
16624387 
15941760 
19756003 
21271072 
27198999 
21231872 
20465807 
33708656 
29192538 
32242721 
22649030 
100291870 
83785745 
56547144 
41505963 
34336937 
33481560 
26064561 
16489062 
15745439 
62936345 
18978398 
23107555 
37020354 
16288025 
18921465 
40801430 
39351746 
43800474 
66120208 
19938872 
22654629 
60296502 
16713264 
80937692 
26285663 
54721712 
34465547 
17587779 
46126727 
31422784 
58741010 
46817420 
21223300 
63885963 
59593203 
16589075 
63874896 
24142928 
31678798 
35656408 
24188538 
24016730 
54307047 
30051997 
50653337 
87884364 
39323798 
23088936 
21174776 
20655355 
24336575 
19725981 
15098574 
35875361 
17445583 
59213956 
18026864 
26944702 
30585847 
14794268 
35665443 
20820086 
24050886 
61017695 
35903021 
43222611 
59977171 
19947798 
7827852 
82541311 
82757865 
24647492 
24448550 
34390381 
82485048 
42861600 
16616551 
15784560 
35899443 
31264576 
42670519 
41985763 
16998435 
17602194 
77554707 
72484105 
18886977 
36361155 
24564046 
30749664 
33718919 
19481235 
18350628 
67413887 
14511951 
25826096 
33914151 
46284035 
43403778 
16553914 
59891039 
43628830 
16185318 
24053413 
23842721 
10786382 
38537262 
26565181 
17301368 
48444614 
32953183 
25468279 
24758475 
38092702 
60102503 
41025404 
33963490 
17291344 
11251252 
23539738 
24341564 
17541596 
24841542 
25124549 
12602422 
27752517 
28651171 
7014162 
18858407 
17791939 
19083606 
26079812 
18054946 
25025191 
17937641 
23797835 
1824111 
61512149 
58849935 
17679137 
17939534 
41761325 
19893841 
18661058 
14690559 
14835120 
49498427 
18058342 
18847856 
48549119 
15359031 
17859255 
18788414 
2884771 
55128922 
23421728 
25227540 
40073680 
36750495 
19273894 
813286 
21541897 
2557521 
14099695 
19376188 
9411482 
6676852 
428333 
9367 
15059142 
14706238 
15776129 
