16496156 
1540529606 
1408634564 
544517731 
190906140 
3117870591 
75051887 
1390094640 
743856512 
41022204 
17941459 
35949716 
604061534 
824320219866923018 
822052428556083200 
85944752 
216776631 
14377605 
29442313 
1536791610 
3240143771 
14994544 
116620610 
21447363 
19562228 
115485051 
30364057 
18948541 
90420314 
16303106 
25521487 
41038781 
14146966 
1071814988 
37914958 
739843868435349505 
15518172 
746009768477659136 
399182681 
102103816 
38055971 
520748655 
19869149 
44196397 
1394399438 
714558710996189185 
1609360616 
16419972 
243845794 
2302029086 
2924548650 
732283103754870784 
4437618253 
450025308 
407250030 
398269756 
4250612488 
2381441990 
15433693 
27680714 
614067092 
46155808 
115711911 
16534711 
31213362 
15184487 
201458111 
15900277 
16901643 
361401441 
28221296 
16374829 
20078845 
14992840 
735623872339283968 
2612198682 
109492526 
17207243 
94672675 
14117843 
14626738 
3141959758 
20086450 
140974339 
47216804 
225539878 
2216268782 
537713337 
143882311 
70304039 
335129021 
19070710 
230861924 
44197057 
4893685724 
36563175 
4329075260 
169596158 
1169762798 
728429821299019777 
19607400 
5943942 
6632072 
3145701724 
43101308 
17000776 
43185133 
20735648 
101594119 
2431777177 
18787733 
870867578 
1473255096 
3260919876 
930160098 
86776195 
38515613 
83487731 
18301196 
22676022 
82455213 
70740986 
16688083 
14056708 
30576467 
305625971 
851711263 
2349649290 
151549536 
366606110 
21692297 
18916728 
32774989 
18141016 
31583882 
2806253912 
18169053 
54903378 
65655453 
2893518844 
425126788 
61226587 
29507184 
125465007 
228019505 
47819405 
24723642 
188199231 
23565374 
237003315 
19280572 
16671972 
15612245 
28736496 
1933042237 
15678511 
15769327 
14955908 
15506034 
16811020 
36832842 
50393960 
50826280 
19397785 
14534060 
16419564 
14149364 
23690344 
386244525 
3031854226 
23603092 
540536360 
22866825 
50661966 
1621295215 
864012235 
2445739381 
22781010 
32309615 
312237673 
1240052310 
367705942 
15099539 
2533480249 
555678908 
41218256 
37090017 
14173315 
726595946 
15171172 
1081085840 
2268388122 
15947602 
17187236 
169997085 
144194689 
21951034 
125867143 
34720571 
18993395 
108330294 
116065011 
1520501 
524396430 
75069067 
15764644 
939922981 
757303975 
1364930179 
1330457336 
158414847 
1339835893 
16070861 
57151929 
50870795 
20658902 
14542767 
20305359 
27607015 
352875729 
94093866 
22670616 
594132618 
264605323 
19737457 
46993709 
898172623 
201570048 
25520635 
449055696 
9158962 
600303389 
36082856 
140253522 
35237516 
43584427 
39420656 
22971088 
44830946 
14684419 
33354750 
15534344 
15430858 
26568166 
40385829 
30913570 
48282539 
48164280 
47868733 
35140507 
46775815 
49617120 
48382480 
23857276 
58090556 
92444686 
40098508 
123879856 
44705304 
40037996 
43873454 
49891633 
59915202 
47271629 
140230057 
67622304 
29603629 
79972058 
58927310 
136735444 
48573740 
23977661 
57875636 
55282038 
17552913 
47844906 
26809735 
120519389 
14135975 
43476175 
117127259 
55583816 
55345419 
45946904 
168863770 
58498486 
51883268 
126133019 
112317345 
13754172 
15358017 
66680732 
48578288 
28137539 
62104473 
12380812 
16841186 
99743619 
39139740 
61905939 
133128938 
101836903 
83728603 
48586251 
85307139 
34838036 
23015525 
15451707 
30553821 
82846409 
71586169 
34505117 
144441610 
62657410 
209266127 
208335202 
17833436 
201277482 
144991101 
248587469 
234776980 
20085401 
55928951 
28376282 
406063791 
340259304 
143142485 
469416766 
65587134 
120083514 
158180735 
249181198 
15554922 
298366010 
218017989 
40827222 
68829700 
158866051 
535968607 
481808617 
406006861 
149717722 
546375195 
98429324 
420016805 
277856443 
404613037 
498316019 
497460475 
50679155 
515121064 
28610770 
499903195 
13852822 
277847562 
518229536 
174354561 
143004483 
17684731 
15749216 
17466971 
339888794 
415567842 
507178911 
19167189 
38141804 
203468267 
308316447 
306883304 
394540758 
275679915 
34434573 
23253992 
191683865 
54931722 
27428589 
39897996 
91158266 
395781838 
344835921 
14676022 
614940482 
246129626 
71661198 
614238269 
97526199 
298116227 
612832032 
615010533 
396988987 
331441329 
614627028 
63239208 
26304959 
108300721 
248500394 
560329553 
389820182 
395226316 
123260455 
613812802 
471051723 
267384553 
514996409 
792350166 
15802699 
14805011 
43982026 
488751286 
351921620 
475341396 
202262472 
18671932 
248002769 
17294069 
337628703 
176864204 
216887617 
479562736 
27044023 
323207892 
493324718 
614182848 
37487610 
73758139 
818087466 
104973208 
560028241 
633215256 
52180914 
635608157 
366716233 
732382158 
47479695 
426131191 
409486555 
446657012 
15667802 
19538317 
15803225 
250893905 
72552866 
444824921 
37376499 
110301863 
61376130 
385813958 
348714795 
231796277 
22179997 
45037807 
19608297 
28621811 
48564500 
23679258 
5518042 
21849140 
62810990 
89084561 
21425125 
22986272 
219092102 
379394694 
94625291 
14230524 
147643280 
1218941 
46292890 
84939942 
123666478 
112937042 
143283385 
257865476 
17880018 
76723711 
297066766 
172221767 
5577902 
16203586 
180418331 
22487532 
2425151 
19472585 
56818929 
18363508 
48802719 
19942871 
22733967 
36126078 
20788087 
115190619 
14331185 
114807372 
34080819 
18840310 
9138002 
92074747 
55375326 
21166251 
24270659 
16166581 
32585384 
45993537 
19056697 
33575013 
32583324 
28378545 
47868306 
68502011 
17300961 
78916057 
41451127 
108541382 
118152491 
24440532 
20335044 
21093392 
22276232 
39385627 
26128478 
28417656 
22715672 
21836409 
16476928 
29496256 
44250153 
21736460 
44672433 
42653160 
2270061 
15244486 
30431557 
18774143 
43954260 
24637140 
21800156 
1442411 
24007962 
26256118 
41527968 
36959999 
20522531 
30133649 
16016335 
7822382 
30308854 
28723055 
32929290 
42064697 
42567267 
36085838 
30558882 
43149376 
28166276 
38755252 
28120719 
18215628 
20959144 
21445623 
38375575 
33032165 
43438830 
31633101 
41029082 
16818304 
19107253 
31757342 
30529390 
36488339 
17739438 
36094020 
24795355 
39965373 
38627111 
23096374 
36440649 
14411304 
40145876 
18769162 
27927246 
39449392 
21755786 
40727167 
17770320 
22879297 
39323939 
24605145 
42450152 
39734864 
42209401 
22262593 
15496208 
39682402 
41476009 
21446504 
13964502 
21135496 
21522338 
15503824 
22145732 
24113794 
40744725 
22653833 
24313931 
19740592 
15131310 
19784831 
19923144 
19877186 
16381279 
18785430 
14839646 
21324258 
33647439 
24548122 
16527748 
32327976 
21098706 
14361155 
18420140 
25145806 
24520485 
19131824 
39229168 
30160697 
34400420 
26679448 
21505736 
17520415 
28651727 
33797647 
38782934 
32370832 
37543529 
16693941 
26404700 
17490317 
16960171 
39760073 
7907402 
16826254 
13892052 
38817859 
42038854 
18431059 
42240753 
16077651 
22399770 
21857452 
40444696 
17972364 
39568804 
34091029 
40320769 
27395956 
24606460 
16436098 
24914957 
26194528 
16534927 
28479536 
16272226 
24027953 
30843520 
12649772 
33401694 
17375330 
24731594 
37626410 
28318167 
35460665 
38487028 
16020228 
23224410 
24463516 
26520776 
23345375 
19698618 
24562770 
26941928 
29417989 
19204892 
25686210 
38955907 
33953927 
26896921 
10739862 
34649429 
38255032 
27454583 
38054200 
34755402 
16520708 
34759328 
14109613 
15383116 
14246657 
16794490 
9783492 
15960341 
16746493 
20608910 
20109973 
4823611 
21111896 
16459760 
29515247 
26953547 
15996830 
18144801 
17171111 
20480549 
15939889 
18587457 
34793170 
35602153 
17089852 
6173842 
9930742 
25589776 
15163466 
32276195 
7675442 
14317925 
14202104 
30256398 
30165358 
14749383 
22548403 
18661107 
30811190 
18002296 
14698131 
14515734 
25365536 
16190898 
19538986 
20546297 
2883841 
18980668 
18781641 
18510627 
19554706 
26642006 
8846002 
17504870 
35996933 
27743483 
18773467 
16123616 
23136101 
21021295 
37857779 
19572471 
28251546 
14975793 
23873381 
17735453 
21806576 
16398105 
37302989 
20962569 
27059567 
30561568 
35114229 
37902945 
20225571 
36450533 
23519852 
35015885 
19468555 
23080185 
10667662 
22336717 
25784758 
38024882 
14952156 
19313715 
18311496 
28706024 
7921842 
35006963 
23918872 
15485441 
1183041 
17114727 
15588657 
14522546 
12631502 
712423 
15224867 
15925947 
22955729 
23551750 
15428642 
16941646 
15285490 
18485412 
33471016 
22616010 
21321475 
17744654 
33595050 
14434044 
21972288 
17426969 
26158805 
18282861 
24463783 
23881929 
27064799 
27067442 
33752588 
27093218 
27561734 
15012486 
23691608 
23784328 
25918292 
28202868 
34185818 
25665295 
35704376 
25614757 
17026091 
35752818 
19081007 
28654947 
34428518 
17137013 
33679091 
18686071 
34792907 
15381868 
34737759 
29315918 
18600489 
23896835 
14497589 
7936722 
15708087 
17143323 
15326572 
34080763 
35280301 
16279125 
34185120 
18215165 
33877298 
33847839 
21993071 
27131836 
17412726 
15700534 
3437801 
14633193 
4184621 
15491228 
14748963 
15458482 
9098442 
7419682 
11304182 
14193623 
15611046 
14695553 
14285661 
9919062 
8386032 
14900670 
15207164 
9317882 
14227603 
6757422 
15114298 
15232249 
15553054 
9720722 
14908035 
14680877 
14876660 
14313296 
15431670 
15159208 
15482424 
15003816 
14046467 
14910726 
14407019 
15824375 
15776975 
15793444 
15202355 
15243621 
8171262 
14704465 
15504192 
15558779 
15573737 
14404597 
14874512 
15771027 
15050209 
14484634 
14843046 
14922531 
15457366 
7513452 
15864155 
14969598 
7143952 
6578802 
16634569 
15320627 
20811245 
13736512 
3026491 
1026741 
14530585 
14899993 
13532012 
17583746 
14934918 
15624771 
15757897 
14761431 
15374629 
15810012 
15008539 
5843012 
13393052 
3554721 
15251781 
6794502 
778057 
14615094 
6753582 
11846322 
17593706 
14240209 
15995446 
14124614 
17459359 
17232815 
17469531 
15139483 
14133964 
15211133 
15758330 
14153075 
16213861 
16285050 
16425156 
13201312 
15006822 
15745683 
14852085 
23228600 
23375688 
20620967 
17919972 
21111883 
23620920 
19329393 
19136331 
20558259 
14165865 
19053307 
15498237 
30761844 
14610275 
29044304 
15958265 
33817762 
33392057 
15729760 
21381831 
23645182 
27388032 
30019404 
18546016 
22216257 
33484226 
31977177 
30017675 
25859488 
20405196 
28630831 
26114352 
20556945 
17132699 
33076739 
32942408 
21488513 
29821107 
21908338 
29279416 
20687263 
23395969 
13976432 
24333519 
15117375 
14565508 
30951264 
18895809 
33086663 
15811031 
18234841 
21750314 
28603948 
30084898 
25223767 
18282118 
31950248 
1958351 
24887281 
17958447 
29607658 
24141422 
16063494 
18923115 
31589951 
20478132 
25705518 
15724213 
14076588 
16630266 
18297092 
20730682 
25113461 
21795017 
22598803 
33246701 
20647178 
21714443 
15698661 
32726536 
14838988 
14402505 
15068456 
7588872 
20788509 
16424762 
17832263 
27998201 
18216437 
14651202 
15158464 
33254860 
18743079 
18074328 
21460496 
23491763 
12692392 
32264858 
21319580 
16277300 
17447612 
15910704 
29262781 
20109267 
16528187 
20770172 
27678133 
14724142 
25732572 
17095043 
18026802 
7901202 
14869478 
23404123 
28009187 
30931125 
18828287 
20225716 
10417262 
15484885 
26322120 
32457972 
15866062 
27106984 
14863025 
20458780 
18431200 
28787685 
17517288 
19432368 
14232408 
29363964 
30265289 
28952114 
24933009 
26040686 
21422513 
33594044 
23825043 
17072944 
29043381 
25386802 
17538699 
21202824 
28791833 
17627132 
18784639 
15179863 
32886189 
27209395 
17869065 
21206616 
31001187 
19867432 
10491732 
17872122 
26541144 
15451434 
20613049 
33038164 
6822512 
22528993 
15120121 
30633406 
31607740 
18262352 
28465018 
24926169 
20824923 
26694256 
15476306 
24533117 
17906393 
22580924 
19569601 
24108989 
25639424 
16314479 
26577356 
16883084 
18776569 
25535006 
29353528 
18215778 
26476321 
18627010 
18560680 
31010695 
26717814 
7966812 
23362015 
28598639 
28483167 
28796653 
22435983 
25609990 
17135925 
16850080 
24299551 
30659707 
20586517 
26001898 
24208687 
21811232 
24753990 
27633984 
19424599 
19625450 
25692128 
23227659 
24281654 
9274492 
18272321 
23226230 
20492781 
26942977 
27096417 
17576512 
14745164 
18683481 
26794794 
11622712 
27205588 
14621935 
26348688 
26929931 
22158221 
19527431 
20656360 
17871850 
24781347 
26607502 
17343595 
22412151 
16698304 
21160279 
22522913 
17558896 
26892126 
24347779 
17799362 
14900579 
17457325 
13944452 
26607712 
24598148 
27537621 
22683293 
17578429 
23693140 
18315892 
11946722 
20449124 
14578152 
21781939 
11358972 
28207943 
18432342 
17667279 
28355969 
28083841 
22243333 
28901118 
15910131 
19388999 
19248484 
14193712 
14727431 
18819459 
19695086 
17911368 
22870584 
17115825 
14313434 
18124522 
19616744 
29623460 
27800031 
29663546 
19479421 
24396981 
21281303 
30230172 
30058331 
15633129 
29781615 
30935075 
31009890 
20965954 
30762874 
16273144 
21512585 
15964932 
14853628 
30596053 
19134443 
14770555 
17489467 
30994563 
16203022 
18467164 
21508309 
29348050 
17913181 
10667882 
30093053 
18539631 
16016180 
29614957 
21455426 
15086185 
21559785 
21941676 
20121457 
20807348 
15100515 
7861312 
5248441 
2557521 
16210738 
27970374 
19058681 
15473413 
7400702 
21681809 
6273552 
20245775 
16343608 
22461427 
2182641 
23396761 
21955058 
16129920 
7985672 
21879024 
22650211 
17461978 
23918606 
17078870 
27824242 
17354942 
18436469 
28300735 
26606497 
17288914 
14173886 
23707740 
15151846 
29022166 
29480060 
25943365 
25374357 
11101852 
14056454 
14430060 
15195171 
9676642 
18153673 
13380762 
11996952 
14295486 
28719622 
3746171 
28747727 
22370838 
26585097 
11347122 
14189405 
21658412 
15565576 
19748232 
18424282 
15211524 
10131062 
19220217 
24797080 
14128343 
21771224 
14862696 
17411436 
18932164 
12256672 
27613093 
14536076 
27586446 
12505022 
14377192 
13039512 
17641330 
21412438 
24098702 
18238282 
25778539 
18565572 
17383274 
16260135 
14725110 
16872081 
24952076 
16096448 
27923835 
14518208 
17242874 
14433007 
5964822 
5569112 
767396 
16909725 
18268203 
6708952 
767 
861 
17790206 
5946492 
21263311 
21375887 
20727943 
20 
8906982 
18396070 
15985723 
16582296 
17081372 
15090360 
5120691 
2730791 
10450 
9534522 
12044602 
14131123 
19853428 
16997088 
22525751 
657863 
14305863 
1581511 
14075928 
5768872 
18498684 
13 
15 
1495 
1081 
16334857 
14293310 
14514804 
15338772 
16934205 
25126229 
22905009 
17915698 
14379341 
15653688 
17266725 
14094741 
972651 
20333461 
807095 
15846407 
14224719 
22176916 
16212749 
17894233 
7746052 
23354699 
19159909 
26587502 
27247818 
22740299 
15245648 
22319756 
27548635 
428333 
16820422 
25265154 
21481120 
25023572 
21544276 
17980871 
22702687 
24785561 
22396495 
20799075 
16333183 
19712863 
20422117 
23853781 
18745170 
20696246 
24014317 
18598562 
19936970 
14228300 
2157321 
23874830 
22526992 
19199792 
14385685 
23210431 
23005406 
15452686 
22853098 
21279869 
20926394 
23409111 
20511841 
14334898 
11294522 
14959643 
17503412 
21972816 
18659533 
21773704 
19192692 
21279826 
21260034 
21131798 
20775845 
18191676 
14666401 
14962906 
22513382 
18231624 
16168410 
18733564 
14563201 
15371395 
17015146 
17852447 
15888350 
15705298 
6002602 
20822612 
8699882 
17395995 
13906682 
17978709 
14347772 
19215876 
14162086 
18040544 
6155982 
16876248 
19080008 
17845619 
18024299 
17140551 
20513287 
18242114 
21327219 
16659470 
18180503 
20960936 
13510202 
18787747 
6108862 
14431001 
21013049 
17549629 
17466114 
18486173 
14509985 
15081182 
21799725 
21615717 
15949798 
14396837 
16857291 
15483625 
15021099 
18258085 
15393582 
22528678 
7872972 
18968844 
14378835 
16024250 
20564871 
20752673 
14523981 
19865528 
19056602 
15808009 
16641702 
19871972 
22210515 
12589972 
13496672 
2241221 
17988954 
804455 
16627727 
21336428 
20995575 
20291119 
21140497 
14887344 
14728782 
19132398 
10373322 
17416221 
16890873 
15809151 
14654941 
15392345 
21381275 
16181186 
16092761 
20008832 
20790430 
19628348 
16493563 
16947713 
16108468 
15487691 
20015865 
17527642 
26743 
15272561 
15247986 
20508477 
20553221 
9267372 
14334545 
21172421 
13677162 
6724472 
14639279 
18539517 
21034860 
18699111 
747 
6449282 
5741722 
21054895 
19597844 
14704715 
17344451 
20647676 
20377679 
14660636 
12926542 
14180272 
17407828 
17184065 
14019992 
14422993 
14660541 
19060908 
14711172 
21045960 
16884465 
15811110 
15008363 
15868725 
16118939 
15998603 
291 
874 
20831793 
16727535 
20087296 
20954894 
15731049 
15821034 
15591889 
17232184 
20776982 
20389643 
18323933 
18133648 
15630097 
16673322 
18458462 
17352423 
14313531 
19309099 
20865816 
16408752 
15065016 
9637422 
20307606 
16152173 
8367142 
17596293 
19205663 
17826968 
14874772 
19868413 
20521627 
9709572 
16898300 
57 
49793 
14372143 
939091 
1322521 
9081642 
14242808 
17220934 
15813140 
14647570 
5952302 
7779602 
13084562 
14628238 
17738063 
19504825 
8161232 
2384071 
16018479 
17479295 
20479597 
20233429 
20703189 
17598293 
18989456 
17005545 
10342142 
17463660 
19514105 
17126283 
11805432 
9993542 
14118444 
16991278 
8453452 
18901902 
16352920 
7040932 
18258005 
18073211 
19661825 
16665334 
17598027 
19443370 
17049628 
17870903 
14622203 
16443626 
15310545 
18227444 
14098332 
19520239 
14617357 
19297905 
15391680 
20222542 
14213115 
14294853 
17161347 
15947185 
18887339 
16741856 
18566075 
19460859 
19540234 
20279499 
15433144 
18977581 
18362952 
1702731 
14923512 
18705555 
17145364 
18572465 
18515826 
16514291 
19374082 
20129227 
19416553 
20393586 
19109272 
19684157 
14311992 
16974303 
20014241 
20299460 
15088251 
19337315 
15486165 
14463236 
18736035 
19652273 
20566839 
19825146 
20712028 
20364771 
18515933 
18463117 
19730677 
16056406 
17620546 
20449023 
12791472 
17427358 
18428055 
7894282 
17927769 
19983771 
18254005 
20159544 
15105269 
18191358 
19349216 
20312499 
17198948 
16428364 
16346880 
20105995 
16931666 
20181929 
16638937 
18546771 
19650437 
19214226 
18698106 
20007155 
18957266 
19683304 
18927611 
18935916 
11880742 
14820608 
15238311 
14376012 
18759187 
14687806 
16061242 
19716691 
16610761 
16421282 
16605777 
20089594 
18794312 
7693312 
18280708 
15419707 
12619032 
18058188 
15945926 
9636172 
16615246 
15497928 
19629762 
16539573 
14164855 
18265550 
16898863 
5336612 
19850083 
17514511 
15430350 
17531529 
16908796 
14770658 
16421106 
19899849 
18765372 
14895087 
14274360 
19662542 
15866947 
7025662 
14335243 
8071902 
16150075 
17867599 
19408646 
19274991 
18615870 
15054733 
13547812 
13322212 
16916369 
18472192 
17761013 
15274836 
5210841 
18564305 
16470930 
16301273 
18257051 
16899075 
15991049 
18536826 
17501313 
15039997 
15600217 
8283082 
11242522 
17831966 
5417132 
16819278 
14178271 
19054695 
10546442 
19583921 
18080576 
17270347 
18958165 
16230239 
5392522 
17194296 
14467906 
18555293 
14636453 
19514256 
16410828 
15667666 
17845926 
17867513 
15182418 
16670549 
19074661 
17033708 
15173494 
1386511 
19213996 
19784328 
15177122 
18965544 
16405710 
17038118 
19681996 
15798129 
15251252 
18534549 
19614654 
15302807 
17663756 
17779504 
15122284 
16885564 
7090312 
19426080 
5661892 
18474336 
15933218 
18788065 
15682911 
18050833 
9789132 
17088020 
15327488 
17526452 
17527535 
18011179 
14669398 
14550649 
5490392 
783214 
813286 
19115108 
15794195 
19035407 
16364984 
17142714 
17277236 
15605562 
15388207 
19041241 
17600956 
