23470699 
15991049 
16240109 
24562770 
22027038 
37713156 
43213103 
38238443 
29332395 
39981733 
27632611 
43400161 
21013591 
17908603 
8596022 
34507689 
41551054 
14378419 
29239453 
19008139 
16248319 
16631290 
46817920 
21010290 
20180312 
24043785 
31578808 
21761287 
12366812 
21892675 
14085665 
28180514 
26012938 
9654832 
30112460 
16347305 
18864393 
8308762 
639683 
17426564 
652493 
25953978 
15622639 
20290668 
16454568 
27932735 
24079586 
18518535 
25423392 
25125598 
19835581 
16314421 
19285677 
27983920 
24337134 
28779802 
15515656 
18454687 
26429444 
17795085 
28246852 
28245894 
19685833 
21592216 
23372299 
26342157 
26159255 
19662465 
14393477 
15795627 
14461298 
15173603 
14461335 
14461439 
8623332 
14461492 
16501813 
13649002 
15458277 
17120254 
17796527 
18431900 
17489026 
15493608 
12026062 
18537317 
18055329 
15641853 
18699709 
15058309 
21526221 
22010993 
17343006 
22734287 
18114386 
22341431 
23012670 
20261518 
20384775 
22109826 
22504171 
22240914 
24770486 
18111549 
24534846 
25561729 
14442554 
26118231 
24150461 
23762043 
22073621 
21443233 
23953721 
755103 
15934926 
17909306 
21585543 
16038763 
14934818 
18136341 
24425922 
17644852 
23935351 
5644142 
25549514 
25600979 
19319949 
18485944 
17027479 
14651382 
22266895 
25495853 
25451076 
19461688 
17547591 
21566137 
14955063 
14413657 
20620397 
25847505 
14532151 
14225741 
15920317 
25679092 
22177974 
793968 
19582597 
21877733 
16346880 
22795376 
25943226 
17938557 
17596233 
25276848 
23878088 
12338312 
22069477 
14282672 
21770863 
22322467 
21889234 
16905483 
22555565 
21596720 
17654439 
22926873 
23987677 
18346687 
23831346 
19675493 
26170648 
25786015 
18087450 
26564893 
25803667 
26012149 
19327078 
25215704 
26934245 
14297868 
25481195 
21246679 
27266879 
20478233 
26551870 
27412415 
18467164 
14289288 
18809614 
16585363 
19371082 
25408013 
19022544 
19729690 
25345121 
24175081 
20090433 
19394418 
16965700 
22054347 
23761181 
14461362 
24663561 
23588498 
26484738 
17441608 
16311945 
19946617 
27242279 
21369823 
27287811 
26379647 
22609813 
24820271 
23275757 
20782081 
24438236 
27032484 
26903977 
16245940 
19191910 
19018967 
19781103 
20074727 
19192102 
20425708 
20315997 
19621763 
18508911 
19769471 
17186028 
19180131 
16122695 
18996400 
17817711 
16462595 
14180048 
14321827 
19004452 
16122573 
16344790 
15506849 
20798645 
19518441 
18679088 
15853207 
17539076 
19122857 
14349934 
19053115 
16012980 
17102247 
19736186 
18333145 
20613514 
1661601 
17070668 
19200042 
16500232 
16594105 
15216198 
18969754 
19773923 
18635513 
18171900 
19355725 
15782035 
16909094 
17393790 
17606087 
14301570 
16965647 
19237985 
14849702 
14701569 
19160949 
18772032 
14614063 
18186345 
20760968 
18848180 
17344481 
15769656 
20692994 
20875318 
17326124 
19175914 
21898041 
18955587 
10021962 
18187474 
18954172 
18491026 
21579223 
21827326 
19254622 
17907460 
18508569 
20713641 
18956303 
18433495 
18033146 
19026854 
22645553 
19797581 
16905782 
20544013 
18457976 
17292888 
15189662 
14750733 
16112705 
14106205 
19185441 
18477068 
18277930 
3964221 
18216165 
19474130 
16928633 
18999585 
14404095 
17413393 
18135007 
14619361 
16313503 
18993251 
16659632 
15174960 
20703914 
18579806 
6629242 
14070890 
19673977 
15388793 
20253108 
14754876 
15629831 
15235829 
17545687 
16316655 
15457383 
15532983 
15081919 
14686098 
16561884 
17729063 
20076604 
14470341 
16149397 
15766827 
5263151 
23664447 
9410392 
15642093 
10791192 
16909532 
18237731 
3924841 
15134663 
15134240 
621543 
16300786 
23176276 
18395177 
21447363 
22650211 
20536157 
17853760 
23396761 
18393773 
20460235 
14506253 
18002296 
23395456 
16343608 
16827489 
14839646 
21955058 
14681605 
15935591 
21185126 
7985672 
15846407 
5768872 
19923144 
15901190 
14089195 
16827333 
19877186 
19029137 
14740219 
14994465 
16129920 
20245775 
18785430 
21681809 
16190898 
2384071 
18220175 
19554706 
14075928 
11347122 
8841372 
19329393 
21879024 
17173775 
21035409 
15076390 
18222378 
21324258 
14515734 
19314650 
18396070 
19740592 
15473413 
20333461 
5380672 
19538986 
20067354 
18954425 
15518629 
17850012 
18858801 
18666947 
14871283 
23224410 
15158355 
14315484 
19737713 
8769212 
22948345 
797134 
17259201 
15941908 
23783774 
24224660 
9719042 
20619972 
22893075 
15814679 
17931268 
20208029 
24310018 
16159474 
19505358 
24925482 
25149311 
15359260 
20112863 
15256743 
18195733 
18774027 
15199661 
19996960 
16269086 
22337282 
24330989 
21002602 
22002592 
16094099 
17534088 
23657806 
24349295 
13115212 
22236493 
19974374 
18695338 
15432421 
17465871 
14452143 
22465024 
24494365 
23689463 
21405491 
20279665 
19298933 
21413951 
23136101 
24657804 
1501881 
24790088 
18348565 
21798247 
7746052 
6775712 
22659077 
22664880 
6842112 
17635231 
21273502 
20003846 
18583758 
15877547 
18984080 
20246868 
22688919 
22152469 
17262345 
22698036 
16256275 
12638132 
17767223 
20122368 
19173737 
21300760 
21225737 
17400244 
21663787 
17875053 
20212038 
15605171 
18611035 
22910129 
19301763 
16480987 
16659253 
7893642 
17059575 
23282405 
23273305 
22040601 
15432215 
16661118 
16413061 
16394665 
9151292 
17397651 
17227967 
15402957 
15695398 
15121364 
22109679 
21496050 
21962417 
22705760 
22694892 
18739530 
22275068 
22583156 
14981083 
22679626 
22877272 
22494050 
19592395 
21497568 
22075910 
19980947 
15576429 
18519056 
17265871 
22491277 
22580106 
22694531 
16427021 
15120784 
14959643 
19656921 
23396712 
19812133 
22741820 
21165214 
17095043 
10373322 
17918663 
11856422 
15234546 
17074440 
21131816 
1044771 
16687049 
21514856 
19025326 
17273589 
18233959 
18804623 
19153333 
21622062 
18391407 
14066223 
20508470 
19712816 
20379162 
20345991 
21499159 
15682795 
18753303 
15695411 
2852911 
10855582 
19076578 
14204194 
19965494 
21035157 
9256552 
15590944 
21016967 
20685030 
20758963 
20581697 
20720626 
21072687 
20800916 
14922067 
20570039 
7955522 
20962250 
18550137 
20542112 
16691049 
20712450 
20265097 
18217491 
20692503 
16617767 
19639870 
18400061 
15504485 
16901474 
15075459 
17749954 
15194217 
18941813 
18594003 
16371121 
16876339 
7518252 
18701331 
20425584 
14391111 
16082844 
15494882 
18513491 
17831966 
17976302 
19007019 
16739442 
17884382 
19787521 
20339304 
17396839 
18751997 
20248215 
17783762 
15784742 
16726509 
19820847 
19512383 
15739557 
9574902 
17889601 
17313526 
19430148 
16387676 
18111842 
17633220 
18059920 
19231364 
19234563 
19044015 
18480257 
19226287 
14934005 
15488453 
14262161 
16986354 
16172615 
15411417 
14748992 
9527222 
15231973 
6904482 
15505728 
17080164 
14066729 
19374211 
19068261 
19198220 
20228090 
14793415 
19000070 
5695942 
18189824 
15667571 
18974914 
14499423 
14426109 
16402977 
18436115 
16398216 
16673322 
16893354 
18534549 
16565972 
16264088 
21013194 
2079171 
18506975 
19826881 
18944043 
17168229 
19511567 
15660514 
15131083 
14893702 
15963391 
18183813 
17242719 
20869509 
18424176 
18471294 
18327007 
14180272 
18399099 
16778176 
16839189 
17001310 
17410825 
18050746 
19664154 
16028886 
20565463 
20861541 
11801852 
14188559 
3029101 
16572563 
16103594 
16225298 
16426922 
14362280 
15022618 
13258782 
17193794 
16677610 
16680718 
16421371 
18541594 
9534112 
17313677 
19209248 
16447336 
14354843 
16512002 
6695792 
5472212 
15861777 
15138953 
16814229 
14630304 
18327303 
11029352 
20133766 
17345448 
15788896 
19230279 
19980234 
16348242 
19284372 
18384329 
17248165 
12713562 
18462603 
16129292 
14475849 
17965227 
8961652 
7643822 
8943772 
14810759 
16616067 
19979224 
17504870 
15963227 
7137362 
2680961 
17956318 
17937954 
15050919 
16313174 
6729542 
18766109 
18365888 
6652212 
18655451 
15372228 
4424601 
16249751 
14963690 
17775958 
3798771 
6951902 
16008552 
14062321 
19641199 
15210072 
19023375 
14375853 
16702710 
14796356 
19686370 
14520438 
5278411 
14181914 
15120770 
14796350 
14679088 
7541012 
6059232 
12204562 
18231906 
14772820 
18634227 
10902772 
8410482 
14645110 
9240912 
15333332 
16983873 
19500152 
15897192 
6664662 
15369181 
18498709 
19736702 
19024430 
19433972 
15635980 
19274186 
15846754 
14391568 
17843076 
19215686 
14732014 
15059965 
18216356 
14760135 
7621032 
19599314 
14239769 
17523581 
7324722 
15639755 
820162 
16913453 
14868947 
19311520 
14209451 
7476482 
15568426 
19196001 
3840881 
6450372 
1719861 
15275740 
15944370 
15950887 
9478472 
10113792 
14239279 
14159898 
7921802 
20623713 
18265550 
17260798 
17203389 
16612411 
13206842 
20177810 
18066392 
19673654 
17343664 
14982126 
16134261 
20550590 
11883132 
14205598 
20794073 
17954830 
14589146 
13510202 
17981941 
642033 
15445610 
15786716 
20859543 
18343923 
14325932 
15883991 
18222002 
15964038 
19651492 
20120125 
20238540 
19424599 
19829780 
20706760 
19998688 
15877665 
15476562 
14839957 
19099869 
16866766 
17642448 
18816751 
14254355 
15496763 
20810889 
17903691 
20847149 
14814802 
19433387 
17194346 
19857461 
18490360 
14279635 
16630266 
18230000 
17888570 
8475912 
18870735 
15456987 
30973 
18354034 
16454458 
20004419 
20113017 
17479075 
19496046 
6063172 
20136263 
20521568 
20210300 
16468625 
15297746 
14968603 
18236461 
20685761 
6557732 
16571541 
16344183 
3475 
13 
12 
20608910 
17641055 
17411632 
11070982 
17519121 
19193534 
14247432 
17026974 
15947185 
17390193 
19380829 
14095600 
15280432 
4075241 
8539242 
10859142 
16837977 
17094291 
15697171 
17056468 
15709246 
17448125 
15298449 
17073518 
18480571 
17513981 
17076140 
12158462 
15454004 
16439884 
15520801 
19155772 
19027197 
18885289 
17750957 
16030518 
14088160 
13629942 
15655285 
14797108 
15285498 
15555519 
16687579 
15663089 
13265132 
15524051 
14500743 
16383917 
15199627 
14268358 
15352938 
16778561 
16025100 
16133218 
15485491 
16516515 
16538424 
12371632 
17938760 
15832534 
6753582 
15492983 
16561212 
1201491 
8658682 
14263844 
15641276 
11704252 
16331691 
14957963 
56623 
16426177 
17444917 
15640063 
10259752 
6482532 
14200904 
17730165 
4303181 
12624242 
17236717 
15471442 
3549541 
15851795 
16819542 
14892717 
14322728 
15174710 
16861816 
16829216 
15842160 
8334382 
12378872 
14701080 
772523 
14783204 
14276628 
3558671 
14194021 
17290455 
15485304 
17219664 
16196381 
17527642 
14367181 
18710206 
17658082 
17176391 
16943145 
19526642 
15808009 
19259064 
19205035 
18766693 
16666847 
5888052 
18005058 
14504275 
14941009 
18316698 
16405831 
16677684 
19861492 
14133205 
14529519 
19428386 
17240550 
15837491 
19625924 
15907716 
16147652 
15033428 
15275210 
16743141 
14401722 
6841332 
17927535 
15933218 
16557714 
18037865 
17377465 
19928380 
16977689 
18023217 
19301551 
14978583 
15327488 
16393381 
16431844 
17901500 
18841754 
18629925 
18594121 
18455213 
17760309 
15731049 
19676062 
16119675 
18993570 
20606175 
19622050 
15112943 
5937402 
16866991 
17445974 
18999189 
17006104 
17270571 
14514130 
6836292 
18097386 
18876013 
15669919 
13972462 
5159211 
19248248 
17561123 
17459692 
19041958 
16739848 
15027207 
16884804 
15754281 
18428700 
14335586 
17214683 
16467926 
15970742 
20218221 
17329654 
12014132 
17242874 
16481781 
15581966 
17127416 
18604922 
15006658 
16960171 
16210169 
17049551 
18990199 
16313175 
16030877 
18967578 
19402781 
14308201 
19404297 
14711172 
14720411 
12414552 
15777511 
17475009 
18818943 
27953 
16406972 
16405471 
14153075 
18825360 
18775205 
18078514 
17944687 
20443476 
19250751 
10814422 
20538020 
19359850 
16339936 
14841653 
14687806 
18781520 
17915711 
16693104 
7908592 
14993921 
19574802 
14128134 
19042526 
19460337 
19708867 
19243456 
19099916 
13970072 
19473263 
16634508 
19035998 
15875443 
16628466 
18809326 
20609289 
18012977 
15224867 
15451434 
19349216 
15773186 
16458850 
16373114 
15434293 
14859705 
16025396 
14058059 
18104516 
15378114 
19356192 
18534190 
17207024 
15254388 
15882539 
14364188 
19435260 
17954936 
15232072 
17464837 
19487056 
19075579 
19597829 
18041003 
17112249 
14181002 
16175899 
20187767 
16530660 
17313681 
18544581 
8092472 
6329552 
17080547 
17550247 
14385654 
15908795 
11190732 
7239562 
18646608 
17070069 
15897364 
14923512 
17596646 
14296323 
9478992 
18699323 
14600000 
15146594 
15792511 
18377230 
10156532 
14587499 
16597337 
14670825 
14444138 
10355572 
20521604 
10184702 
14062180 
13784532 
13783982 
759251 
2836421 
16394900 
16894818 
14555251 
14528306 
14293310 
1767741 
17238623 
19737175 
19215375 
19789308 
14019992 
13316782 
14467906 
19173227 
13976432 
18227444 
16539573 
20122974 
14728782 
20122074 
9459282 
15021099 
20112987 
20007447 
19901671 
19819712 
20323162 
20450098 
19885939 
3355281 
18039595 
20162496 
19004320 
18766972 
14351840 
18488597 
17549956 
20420000 
17665613 
18823186 
18789116 
19156103 
19182785 
20460256 
16146683 
19872047 
18834690 
17077865 
16620185 
20002666 
16029102 
6851752 
19494582 
19379415 
18198585 
18324880 
19299309 
14820999 
19784831 
16607979 
18518119 
10933942 
14411854 
14030692 
16911739 
14161899 
16195278 
17239494 
15342136 
19181488 
16930378 
16220422 
16504900 
15689652 
14342789 
19452455 
19546495 
19716691 
15301682 
14410280 
16857753 
12297052 
19074661 
15738990 
16670549 
7490342 
20311001 
15766263 
8071902 
14577984 
14116616 
19268587 
15522322 
18017850 
7152572 
16240890 
19455262 
14647853 
10942322 
16150075 
13547812 
17478436 
18354119 
9047882 
18448106 
17352423 
14389132 
14669398 
20604822 
6120472 
7457322 
15615814 
10546442 
14260636 
20492967 
7547432 
15244063 
16039599 
16810748 
13740992 
18212602 
12541692 
6118462 
19305152 
14276041 
16229246 
18543974 
19724104 
19793260 
20167604 
14521243 
15508743 
17194296 
16813846 
15551363 
15600217 
14592568 
18146450 
6114122 
14357134 
17323733 
15866947 
14157780 
15811509 
17473689 
14620745 
16895536 
17812196 
19725170 
14850246 
10861422 
20132692 
15774617 
18231210 
18028527 
15486803 
18869860 
18931351 
17956089 
16013924 
19367416 
19146577 
14974516 
17683803 
18492066 
18028519 
14690374 
14537303 
10267402 
15396160 
18767981 
17323688 
18753629 
16131298 
16239627 
18688748 
16123557 
19136698 
16310534 
18671372 
19750566 
13610902 
15182040 
20509646 
20510162 
19844315 
15558427 
18291413 
20493954 
19591494 
19267952 
16886269 
19245826 
18940301 
8055482 
15247087 
3108351 
7744592 
14794132 
19393997 
19741694 
18369873 
19037750 
19472585 
16022682 
15012486 
14206711 
16641269 
14313531 
19219147 
16550599 
19218232 
20086167 
19070710 
19912362 
19810378 
19929300 
17884199 
17590421 
17929099 
5490392 
17223654 
15724505 
19371315 
15483625 
16131819 
17315235 
15918020 
17332573 
16683247 
16664160 
17525171 
18220320 
17017283 
18495043 
19299876 
19417336 
17344451 
13884472 
19393817 
19723867 
18543276 
19047058 
15889265 
18253462 
18085404 
18524255 
18784113 
17102033 
15353425 
18924785 
19894389 
19408646 
16908796 
19809052 
19309261 
19494371 
19288933 
15522910 
19861247 
17779945 
2884771 
15067434 
19883818 
17791350 
18072353 
16412744 
20207976 
898491 
16020307 
17237218 
16181186 
18908361 
19766666 
17700877 
11071102 
7770012 
18478631 
14093388 
19237313 
16730355 
16844830 
16445527 
15813846 
15197806 
14645531 
19518673 
16505498 
14647570 
17191124 
18134136 
18997715 
15347868 
7585242 
18737508 
14354600 
18806753 
18752082 
17285878 
18583102 
13436432 
17838616 
10117892 
15275637 
5392522 
16895274 
14236225 
14256093 
14511257 
8963722 
16240240 
18083983 
17966368 
17427842 
16807404 
18352687 
16613230 
14849573 
15935927 
14869478 
16422753 
15533830 
16703461 
17547367 
15183121 
20250854 
14452465 
14417354 
14066173 
14065503 
19082879 
14872338 
15177115 
19886908 
14985126 
17499006 
19846640 
17685196 
19373418 
19508019 
20082550 
17268418 
20348176 
16416252 
18312830 
804455 
17241148 
20294498 
19627170 
16061242 
15708087 
20089554 
17202240 
16429977 
18107331 
18635646 
14950315 
16691245 
18869190 
15843240 
18977868 
20455135 
12662442 
12926542 
17446887 
8453452 
16627727 
10454862 
9295212 
79543 
5417132 
10202 
14854319 
8417802 
11448652 
12666842 
16253598 
20440660 
14204098 
17880018 
16038571 
12589972 
17772796 
14820608 
19350568 
6952532 
19774883 
16199226 
16860787 
17657940 
15583174 
12880282 
19658016 
18193921 
17437735 
14549852 
14292954 
14572033 
813286 
16629283 
19070508 
14875582 
16974303 
19012950 
14412331 
16656216 
9136182 
8573292 
18871724 
19258460 
19277676 
17943257 
14772200 
19591459 
17849163 
19559290 
18084313 
19572645 
18809823 
18623504 
17458496 
16825980 
5120691 
586 
16409683 
19394188 
18863815 
19637934 
657863 
17266725 
18420140 
19058681 
10350 
15485441 
14575107 
14749383 
16381279 
1183041 
734493 
6211972 
16727535 
11640472 
17220934 
7040932 
15131310 
5391882 
20 
428333 
1468401 
7861312 
6273552 
17461978 
816653 
7400702 
7376382 
14224719 
972651 
14094741 
4119741 
5741722 
12687952 
9491292 
6173842 
7860742 
291 
2182641 
7905122 
807095 
783214 
6149912 
5747502 
5248441 
7846 
5688592 
780457 
