774329097694478336 
273603872 
380560718 
133022865 
161838875 
18722083 
3760628654 
3785001613 
1403342935 
47347923 
2921009996 
205831256 
30927849 
4914616948 
3182161093 
705228454262759424 
18568504 
709527574725173248 
1159248961 
568225492 
3755629697 
2239999104 
730016498174005248 
2798550814 
35189345 
412764134 
2743731318 
60388123 
758849436516622337 
872849521 
756160188831371264 
747867955292078080 
16970124 
1403953393 
1226199920 
114609269 
393376301 
522312377 
1629244514 
27892396 
251441174 
574587488 
3463571592 
3473245693 
3589384456 
3508704925 
3526664232 
3528289098 
3525366914 
3804151636 
2910055995 
2714956080 
2295217322 
29793182 
3492599598 
3016441887 
16908562 
244638840 
88816329 
739293 
18368680 
130090686 
3154794724 
317802263 
634785226 
118952409 
3213507214 
3160219957 
2153325222 
457313 
2862877018 
109193789 
298209134 
580614350 
926531 
236919132 
2491248968 
2203715713 
2763699739 
3134693909 
17169320 
15066876 
1046207234 
280648542 
137862496 
3118255894 
15900143 
35408278 
392184383 
3105101407 
18337751 
1195840290 
623836793 
67603078 
32306015 
61501201 
89269664 
2384520320 
43402233 
25376235 
2665041518 
47528565 
392931376 
2160074869 
18424946 
29489103 
212098216 
344216204 
75387615 
1954730264 
57066277 
162793573 
14292370 
254016678 
309331916 
218292287 
16468500 
2482491026 
150751985 
2727071071 
46517769 
17298881 
19031450 
10340482 
2422563636 
15627598 
229385617 
2735138124 
136402916 
33923443 
33716683 
92078051 
60571975 
1616223577 
1703222156 
2499841350 
2165294744 
1306499004 
463229953 
2354216869 
2998538288 
1315699255 
29729358 
5548212 
24754607 
2954726761 
392754931 
75172757 
707519474 
17881816 
18029561 
746153652 
389343690 
65837190 
63839497 
1933042237 
21577728 
2986563513 
987199014 
2555075113 
2251233140 
44797105 
106207669 
77128292 
434616336 
58955560 
972055578 
2232051590 
869277488 
165430860 
226347444 
522648634 
80601437 
88020564 
1909284000 
2828611867 
64762272 
39937628 
2355460494 
29932040 
16242849 
137796364 
76745184 
19069222 
2898711558 
2893110426 
38052547 
283526167 
264605323 
2922225476 
593807695 
1952823564 
2830022882 
308242361 
2275161607 
27926678 
35793041 
30312964 
2828329390 
1231765164 
2898782161 
2507787607 
14653661 
1278709874 
2899596306 
110476508 
32327154 
542141196 
87562660 
46499643 
606689661 
2507763283 
166211200 
2483897756 
19792221 
2437975603 
42230213 
36186038 
2488583436 
153966123 
2459785070 
2745526298 
2434434464 
2411456959 
2769242327 
33173672 
2700544663 
381165737 
2646437419 
24733117 
817721425 
191632919 
253129230 
27697903 
499140786 
1904678310 
1487921551 
30042580 
39940842 
28096105 
25345777 
16576463 
2600318989 
2653692664 
57664037 
328531232 
2777441083 
2315598541 
17565293 
374018410 
2317755564 
167025864 
2314824770 
2475249164 
24032900 
1945489393 
67923 
8026472 
49068640 
242597183 
251086537 
606412878 
14920914 
2177130499 
730068464 
939593784 
48854106 
11254702 
1355218452 
33964620 
227183375 
25533504 
61338205 
157983214 
360285166 
535719187 
23636912 
2457823680 
17491002 
917389446 
328467082 
402262571 
17897350 
51837016 
14447152 
64556799 
222257343 
22359424 
2176851811 
2150463949 
2205606114 
2614614392 
2610739830 
13520532 
15919316 
43032599 
2570072040 
2589718975 
2641923059 
144342955 
36245604 
833700674 
57362322 
1053459306 
2175188401 
209706493 
40848717 
386728911 
32687474 
78225868 
2275915766 
1431928951 
145864853 
41195264 
2305134290 
41931317 
26590467 
2190857131 
23628802 
25102100 
2412855882 
2463443180 
27807073 
2458367438 
2390025372 
119228939 
1070048154 
2456223144 
1465675399 
40583570 
322882276 
44640799 
123644106 
120278896 
2446076202 
2429322523 
246480020 
253021980 
275107080 
25237879 
167760471 
30484294 
97064721 
271966632 
311497771 
36753271 
21158197 
2414930768 
358316775 
2414819682 
1484383650 
20173061 
47392486 
55449330 
1471047924 
42201364 
229007905 
378205013 
1480036488 
1676437393 
23608159 
14204961 
2412522120 
132550968 
2409060650 
1414331796 
195357076 
23788690 
947359142 
364774805 
2253914708 
2319723000 
2318407513 
97092901 
80380389 
2239990459 
974765708 
579114403 
1513250706 
2385760111 
195680446 
982646713 
235588427 
67385965 
29130296 
14519349 
52998511 
404946791 
468584320 
1571554212 
16256611 
469315617 
25169981 
21091501 
105375869 
75051887 
1328904092 
52201841 
15012679 
724012465 
146714531 
552842522 
377599013 
204633530 
2304051966 
89235386 
255239349 
2259391374 
2263703576 
217988899 
2338564586 
613787340 
71957105 
1416154742 
29017865 
44555211 
1692699854 
273267322 
2197133034 
2343019332 
455138883 
593605536 
403626014 
21448143 
85144671 
539212436 
450147770 
16220605 
1402250262 
580138665 
542629083 
265560791 
117802783 
2317864693 
1869942432 
1952863914 
50241148 
19375070 
29549963 
301495274 
44422311 
264164324 
22569803 
2159884880 
1700997949 
2307602634 
392268718 
516026011 
2305642118 
18104174 
2303875544 
17700998 
25916017 
17678156 
1952340558 
17905508 
14982854 
575655022 
271764223 
14669398 
420904107 
14394428 
33846442 
551157182 
246473898 
859868497 
1201966778 
1636112220 
1411113860 
17983624 
17966368 
120812655 
52616719 
33481504 
289500938 
1735059618 
561547330 
618380483 
225956781 
489879335 
69080331 
288215711 
12708622 
210896672 
87403396 
426096065 
248540427 
50235473 
26251434 
72701241 
1516724623 
1872729678 
178945850 
1072558418 
8287602 
889265376 
130866926 
15816264 
386877411 
14448173 
225092762 
14923485 
100848860 
2197294171 
379327241 
1962774198 
17105926 
14456701 
2203295744 
2238177661 
374350988 
426543583 
7670732 
17213128 
191323115 
59327523 
339799979 
54572796 
165622748 
1911310813 
266833181 
203267559 
170039453 
444838835 
338003700 
259389861 
260845720 
523746690 
15646555 
833798180 
906718357 
165951929 
1474790185 
44143762 
1337085834 
103152714 
1024994090 
1225533619 
10733192 
24192162 
46293713 
199317006 
11299262 
1961348834 
365251843 
119521462 
135525088 
600075716 
38515374 
48056284 
818763271 
124543767 
557923990 
1004553932 
21585083 
17601352 
1666139353 
96685394 
38580742 
16671869 
884003407 
45454350 
107582813 
46584707 
32946084 
13884162 
42731742 
341857854 
16421106 
976511 
198311934 
1532382888 
106098830 
64256643 
286895260 
216137631 
526753965 
307931600 
990285408 
1900779278 
245341096 
19416858 
65108985 
1705187023 
1042245020 
343577641 
170818593 
50407980 
301015625 
24392189 
983917374 
535174582 
555992119 
25594929 
162611402 
1618457407 
41964180 
28105575 
367323226 
8310782 
15762708 
378024386 
48079308 
597370430 
1679279060 
393280519 
1169239842 
12865852 
358842361 
1465069364 
982021070 
155920278 
557640281 
19988181 
293120750 
1334362381 
17922355 
823980924 
350815487 
35773388 
1640448739 
17188950 
88528024 
18411130 
491580796 
44177991 
22092819 
21896992 
1323486480 
22227370 
43736643 
473220464 
568632284 
45812926 
130249717 
445744745 
67421006 
1623407569 
18388065 
491355106 
233803378 
435094988 
313099048 
17372877 
326330024 
236933401 
110506915 
16221225 
253183762 
45972601 
140904107 
35828958 
106834295 
28610770 
224382700 
36291549 
78166171 
1483118030 
17968901 
69681766 
17033708 
33495086 
190229279 
63510409 
26015203 
527281446 
943711902 
618549916 
597666956 
17794287 
546925612 
72425076 
372448717 
385646981 
218572947 
328806375 
623075007 
55615605 
282123511 
602446153 
46652264 
231023430 
710770111 
437650573 
87279159 
18750542 
308997977 
361468994 
29071849 
194863595 
260494836 
31231597 
16489220 
323998361 
179399361 
630100205 
322081634 
14874071 
16874598 
281569637 
305646464 
31540993 
201167670 
139793107 
1278585102 
43716542 
558223071 
545502709 
289353325 
461427197 
40963447 
61265175 
76006117 
234880990 
986814042 
82724168 
381177281 
94016365 
15924127 
274063132 
289754247 
16309969 
23021607 
385630221 
563379748 
178863704 
367813132 
1040832715 
1470713376 
163835030 
1467649465 
201430638 
838391334 
74775704 
52266142 
347585829 
18680442 
843929756 
551302720 
1220106032 
1290180847 
404199012 
200712612 
41064339 
218779849 
36902874 
1319252066 
70461418 
17463660 
15811800 
15671604 
1244578195 
106817676 
1196083134 
60349138 
6753532 
65629683 
1378173396 
42517533 
16357635 
49388495 
295985485 
91609427 
1089262398 
1365521341 
1308596954 
36200429 
518050657 
1355145962 
43966920 
771827574 
1413875876 
7966662 
857104854 
26441555 
937636484 
18708096 
23107816 
122393923 
24212007 
44367263 
280693341 
536749761 
849127406 
397602459 
12421062 
759865308 
17352296 
26542369 
41774603 
521950964 
278371428 
99212246 
584366801 
20164296 
138966937 
78293197 
1069266224 
22543443 
859971163 
527717219 
15412070 
37555714 
44150150 
522816876 
1356023820 
1145643714 
117827824 
980382919 
85371319 
19879651 
459611056 
93712683 
176418075 
90727875 
17575756 
432785553 
23789287 
498608424 
333561156 
25275270 
27844693 
87262807 
14307228 
66364223 
134278772 
37247303 
183623151 
726892424 
593139018 
384388600 
1225368044 
28392204 
1289786036 
68426303 
19236015 
23729800 
50814020 
22538866 
283423539 
22611722 
611833373 
84344247 
30735143 
150968375 
1206084649 
257716482 
885969997 
138712289 
14604102 
322223185 
18326836 
568369370 
378738646 
168919653 
323385413 
524222403 
885718598 
1170091820 
802439677 
216744446 
1157622540 
438569020 
24313884 
942677641 
151204183 
16917035 
15974559 
592971037 
280678037 
503968908 
204484791 
19554945 
870064374 
252267383 
37353865 
1231011198 
114069581 
21676980 
166856017 
17036420 
860211494 
30527493 
18564687 
1205925258 
17144971 
921759169 
21725806 
188408010 
1202041730 
860247002 
594318793 
456906363 
19449019 
5449422 
45584066 
16693341 
557197263 
45489122 
16494321 
86247648 
325276820 
18789512 
602163195 
16245896 
987247328 
97928416 
1194222577 
18341430 
15854950 
61182943 
17423332 
62108128 
1156931154 
480352017 
39357604 
92626848 
915149894 
229548204 
164398858 
438824917 
491352673 
294418750 
620464067 
221049533 
268864887 
1018732664 
31233130 
69647165 
144996115 
214455965 
179811419 
620468659 
28621496 
15433946 
1067313188 
528614243 
256646389 
174763258 
23797844 
15656503 
247012962 
78293548 
41758974 
195797144 
426086770 
231471831 
225093882 
261617239 
154019795 
57293430 
969448446 
281533959 
19167189 
921145254 
31143839 
19280653 
539060641 
996069942 
365311824 
97245709 
99144717 
16580053 
1061640703 
21213658 
515565128 
466547565 
372390525 
33552794 
407659112 
248774714 
903446484 
561652079 
453181663 
179737940 
573898495 
25856931 
801074442 
253396860 
30048364 
357325029 
190116217 
15646550 
62972069 
57806173 
523958740 
23369246 
57066215 
236065987 
346271710 
235843390 
212269410 
9858312 
53211322 
415182834 
843072036 
622073561 
488902760 
109693045 
374005265 
15931491 
541847469 
41890367 
50062534 
352058208 
1013575290 
84013792 
563790800 
39668412 
30011719 
342571557 
1004141089 
67105749 
298124071 
18743082 
54424724 
29136725 
93111391 
356347575 
78632941 
292344430 
29309901 
275615004 
579887629 
455908029 
246587929 
390858322 
27791065 
911784456 
44422830 
16711026 
203567025 
905913228 
220119760 
594126023 
36122619 
19255759 
605627004 
23442507 
20022608 
48747964 
218014978 
311539323 
340036429 
16911502 
249842603 
46915102 
430362891 
13443342 
57364693 
132235570 
264235747 
164003290 
41003340 
16662077 
19207877 
90798408 
64812735 
348014692 
17952486 
131173354 
313609660 
305018584 
31667926 
77297323 
17849197 
144571187 
106633246 
607056205 
313492453 
611914723 
562001692 
46555038 
1252191 
20695144 
917655432 
834206766 
32483183 
743882947 
89762473 
153575592 
94367712 
67952444 
70004324 
273350592 
23635498 
24436600 
16701407 
30288492 
16343608 
6446772 
14304650 
48847880 
891192841 
19387009 
240505914 
29880299 
293852054 
362649194 
365961765 
199379264 
16311659 
450611849 
470554313 
296510414 
294511358 
29485293 
16983003 
499944949 
26159676 
151120781 
139515772 
173265292 
192500758 
100276715 
15605342 
323195692 
469788940 
14827011 
494187504 
172413203 
22823275 
18353495 
471451567 
360339051 
18185124 
525964778 
589258151 
122225255 
19053307 
615337219 
36619832 
103618959 
838062030 
521004636 
858327877 
536771388 
14128970 
76758829 
90403542 
743596616 
64460515 
68477476 
34146256 
19282220 
19386285 
20640107 
438588009 
17749926 
38742252 
820924357 
262183335 
480865681 
362670070 
469505055 
115061029 
366625965 
344969371 
92656861 
569837322 
601682194 
633863358 
25675755 
15693323 
102766560 
58516978 
14885246 
83815314 
103142017 
367590168 
824004972 
778558855 
613685191 
82411632 
12181 
45610878 
203288947 
166772203 
122774649 
554406702 
68803086 
64133189 
7167892 
73769463 
18793216 
37710311 
166724927 
27427741 
82705569 
531799315 
96171219 
241327561 
91807650 
122466242 
14780587 
181447353 
23953798 
274661103 
84141876 
27159720 
16177296 
541068411 
123585573 
15640688 
381150124 
31896722 
21013353 
403045656 
495059317 
24091188 
104821805 
20912547 
37688889 
14144487 
18452623 
194647838 
32584728 
617601917 
284634013 
460708976 
29610442 
466978367 
595654482 
113692023 
533551502 
30413539 
381098743 
15302447 
94919897 
241255491 
631178563 
118817945 
116504649 
331039869 
565784358 
18175630 
17407401 
48420863 
14860656 
281064390 
397383534 
15701519 
15381905 
61493259 
628538799 
42784063 
203252320 
28274392 
16982961 
74740561 
23102296 
121537831 
22515190 
28194994 
54766919 
38468724 
63649030 
612714488 
207137131 
48733827 
552106282 
144738269 
21817251 
136176337 
73986605 
32141208 
13880942 
63272993 
18403334 
240684589 
180433202 
255352682 
396324478 
26146763 
224038142 
41400882 
14875084 
30278465 
312904302 
523588001 
381413931 
538502958 
15591578 
22308540 
110713320 
86969832 
565105479 
19235655 
360304674 
21772294 
380464144 
346228669 
15805462 
28632676 
72650365 
249946651 
328155083 
517005133 
15019087 
242902130 
243226840 
233657062 
35215268 
9481992 
266373518 
57064074 
96804713 
525238319 
277763783 
84148911 
220790536 
381682744 
17788646 
399232072 
28584526 
17964478 
13368732 
339888794 
16189237 
136337303 
266915551 
36605932 
37580575 
133559534 
23300815 
9752432 
366763058 
379304124 
18521341 
28319608 
207669798 
44309174 
348705486 
15774048 
39351002 
36852970 
16842434 
196962264 
28062456 
506535488 
32789366 
361497689 
44525199 
133829785 
17092401 
97477339 
279103156 
573300119 
280746185 
15180031 
498279632 
7140092 
100011309 
81149350 
15792969 
23226923 
92879678 
491252519 
223485365 
14884651 
7412032 
396159453 
22220001 
63156973 
18256931 
35497291 
14738804 
76272296 
559024037 
36327567 
17880018 
81736910 
38131155 
503624387 
112598736 
221116132 
18065823 
37402033 
398804245 
73625324 
101931045 
557346810 
288130826 
296403349 
17951125 
222250674 
548858517 
296930109 
393485627 
40889383 
15122420 
194576810 
218980359 
285813342 
35771665 
16984179 
187594795 
24830678 
335959255 
56498137 
246757879 
365093587 
201174751 
281509181 
280826651 
342512565 
17986014 
140991102 
280616687 
485028445 
334291756 
325585553 
20192882 
360262373 
287887917 
120932144 
18521687 
81689994 
14641392 
452539602 
523453552 
88561123 
304924949 
24982933 
305994891 
29690369 
72304308 
237456720 
204149086 
194569101 
26556899 
535711311 
203566140 
424610415 
265554135 
36157120 
260508691 
43251655 
386670236 
21065280 
320823798 
9493962 
138000351 
514932426 
467711123 
528177366 
473504435 
156849277 
278654515 
27104578 
397771408 
498392326 
402990932 
55981025 
421445308 
34029144 
400410293 
8394422 
317378810 
320877333 
352323483 
199551313 
21017564 
181947539 
89005882 
461763873 
28307543 
95984418 
150842688 
250779766 
486700217 
127377304 
16354800 
45831849 
125347958 
393738930 
26728966 
1391871 
351582644 
122766022 
18993161 
365431395 
75341128 
28366407 
125737840 
26502810 
413769757 
334744674 
347457565 
18649165 
80806641 
243669321 
19298156 
167076749 
216973007 
23647404 
49784362 
34197863 
172740181 
259238518 
215965842 
349431021 
22233549 
28233660 
16906514 
98903251 
211034581 
41213298 
410555080 
36677276 
456055557 
190433016 
204991039 
322425835 
163582516 
127546914 
125838944 
47102743 
25504432 
11590282 
97487983 
16081399 
97342007 
39038738 
88629045 
30929925 
20862693 
791635 
16098050 
84726219 
38804737 
240273215 
18925389 
88861634 
273355387 
41153837 
7446242 
42116240 
40934981 
87271197 
161469893 
370178500 
75863742 
22760824 
88767624 
38003948 
65232726 
14742766 
169966572 
34011243 
18165404 
10184532 
71619198 
216392316 
74335722 
159312182 
35704456 
28703779 
349109137 
309936229 
39272729 
29650732 
38374100 
17640040 
31422082 
163192730 
273159953 
126063703 
351929882 
252296124 
46501752 
164568620 
23090876 
62397252 
22175601 
198935497 
281561707 
25008625 
133717900 
284181341 
30268257 
83523414 
150809325 
102700605 
19029306 
75314847 
370255356 
122527158 
16046964 
207278552 
48905878 
63243463 
47984323 
85892107 
43987148 
82119204 
58549755 
223279137 
19406597 
42610967 
15360161 
78664222 
17053532 
155544257 
91942071 
52254771 
40915835 
19731263 
75052676 
41919646 
197480788 
209209200 
175524873 
244475964 
14579415 
16874917 
18925770 
344187737 
61341427 
151251435 
211241889 
15011641 
204837718 
184906469 
19041821 
15455253 
37198127 
262370088 
115523002 
16458844 
45456143 
32346725 
63148796 
41154653 
8402052 
232966858 
33649426 
15293352 
18195939 
231391835 
150397171 
397016679 
279138057 
4278151 
364935443 
18949610 
18035802 
165078712 
16096448 
155245930 
116469325 
174252727 
14262105 
47480097 
81029015 
325502965 
357226501 
16422848 
44302849 
241006357 
14368074 
374785352 
58569413 
37441640 
157099715 
21626863 
29005683 
284535291 
100095816 
339819145 
26232959 
44513172 
119197313 
117590354 
297189025 
15240784 
30397498 
250782731 
41410127 
174014155 
24798988 
50185742 
88090633 
365626562 
67904813 
105305259 
12392822 
139097238 
239949176 
377183974 
21532880 
6780032 
150424279 
380070011 
182700721 
24817930 
22539801 
26795160 
14448141 
47333726 
17051560 
214464705 
17927040 
130251666 
365436262 
174537699 
271429230 
227125851 
68442637 
16634942 
140068095 
376636169 
85611088 
109828427 
43416254 
265668224 
288037927 
40543244 
118840585 
248917867 
331187027 
145839028 
54769822 
95489137 
322689630 
13451802 
274958573 
29996633 
195957817 
19960972 
16393963 
42893178 
94154368 
195666001 
103192091 
348677718 
624763 
115153811 
300336094 
260388770 
154558180 
78979931 
17118483 
26801689 
256767369 
61780252 
23331830 
46155808 
94650601 
16092379 
36066839 
246568497 
167555307 
18487111 
77158175 
133909037 
125415938 
61023825 
309862704 
275468547 
352608541 
262841011 
82968508 
24271141 
259425601 
194669544 
23454122 
133001507 
16665065 
27582858 
97963881 
18025770 
52470850 
76195270 
38308186 
71560131 
18689581 
47775985 
89800929 
308697547 
346392691 
14329221 
156351109 
115637932 
29656814 
16750887 
125993347 
132453980 
103550181 
93666150 
238332689 
30301929 
18062227 
282784003 
74760032 
16929774 
16082893 
18496152 
87098120 
255693932 
190667007 
233631354 
73405250 
238028993 
170498683 
240188292 
340996448 
20858587 
18010488 
65095734 
191320714 
19723438 
334859624 
53208543 
58384087 
40946003 
265945924 
283214813 
71423326 
19994555 
230254253 
80975992 
22803994 
234886487 
15680614 
110535828 
14278028 
214112621 
225516240 
73566428 
28918980 
27262908 
23115928 
203981100 
754556 
34376520 
325994896 
97986010 
15055844 
16804088 
294379663 
19533332 
18642254 
300445528 
18776265 
64668535 
113365712 
67791660 
43628431 
76487296 
27010573 
19628355 
23327166 
16259085 
16100989 
110892991 
103939712 
93723543 
64229039 
258144830 
75108967 
100277835 
17339508 
41409354 
72632136 
16381718 
263631898 
119710421 
14003262 
19804594 
105202160 
185437031 
187302327 
260394819 
20957775 
138793814 
30135051 
17030933 
11833892 
15191511 
206875134 
255212937 
127500378 
294121291 
35176496 
73481952 
15798619 
60216260 
135652525 
67018063 
44604378 
80182247 
18372616 
18332827 
89787930 
17018005 
38662147 
91377850 
136019079 
18909582 
212075427 
79294541 
103961294 
179109533 
9810192 
209265040 
235773521 
23408887 
22552650 
24134009 
14200896 
19455767 
14136886 
263229224 
237074556 
16807299 
21278570 
37673329 
293955801 
123145383 
96034888 
16173970 
116065011 
18097061 
212609437 
3382 
15064461 
181195933 
227822593 
128631897 
125694253 
211061155 
139974630 
11028352 
293633235 
285112191 
240771944 
15015405 
190586896 
122126907 
18587408 
19914575 
14870804 
142240720 
186108288 
16426880 
53935864 
70902048 
18935944 
13773712 
218307326 
9636172 
91106767 
112565354 
146644383 
17577078 
175116860 
114467024 
113106870 
34386811 
85853885 
121868306 
2241221 
14743399 
35563232 
95590606 
25710923 
18814878 
21318183 
167803396 
107938796 
174109715 
22791458 
135716381 
109281226 
131643746 
55073639 
70135481 
20004721 
221093969 
172940335 
274154053 
21458817 
48798239 
19202257 
17232815 
47827917 
125827086 
146085543 
19650336 
63275483 
61973225 
249761885 
19311905 
197148513 
25405104 
221392610 
55933111 
60653915 
59013017 
108475858 
210778303 
20278514 
26265582 
144002918 
15726358 
218765252 
244578878 
40053750 
37875744 
49113972 
14325654 
22779392 
17042757 
252890019 
219601956 
84960170 
100678268 
108045600 
15137642 
21817105 
194183927 
111494550 
17514354 
60448573 
189934017 
46381467 
62870466 
23499247 
24703010 
29293029 
261933923 
13683482 
182403022 
63017756 
21934771 
96468445 
237898219 
56265195 
72931119 
250282683 
227721031 
21880791 
16530557 
48901547 
15177739 
809312 
116932439 
194783022 
24051331 
133888026 
236535135 
207617945 
20757729 
181644377 
9654112 
74820717 
90195892 
45862896 
16781181 
49963103 
81945580 
43419841 
116568966 
30564810 
23173402 
27325141 
21791978 
207300125 
221718578 
189474615 
21394651 
22554675 
37858547 
54317871 
59305235 
14707368 
44979299 
5901712 
55928951 
74988238 
19824430 
227116147 
152764267 
25171059 
41856927 
59019882 
240883291 
18638859 
14480727 
16261638 
14953865 
231693988 
122019415 
200212694 
45733078 
159362503 
96967460 
18072798 
87084269 
119480392 
16787126 
240300421 
35682268 
125747812 
28040404 
130905540 
26756907 
15032604 
31013447 
16975697 
234590293 
39111905 
19001300 
40062354 
46665058 
113116466 
114855474 
89037285 
238223182 
13057142 
142779745 
18481113 
16385353 
84149427 
224439562 
145471838 
58038488 
32470113 
66999435 
15039436 
75342518 
17375341 
7349222 
108136710 
172173792 
115163991 
80619535 
117943004 
38674401 
227411666 
228930764 
223984685 
193030139 
28908736 
17896640 
17282340 
19140044 
16175706 
21973924 
211092652 
70975138 
16349537 
118785104 
44843157 
129079196 
188699133 
25405932 
32822719 
115184787 
98364447 
19886908 
1322691 
13658182 
213598931 
20786255 
173901962 
54662153 
122483372 
221931304 
112479899 
36454765 
94357913 
15814566 
46745299 
162796173 
222598826 
17119019 
42368820 
42217478 
39553219 
40112750 
139888707 
52510345 
9840392 
43166994 
99114352 
132374472 
16853225 
73352378 
17027102 
156685249 
42912312 
36939693 
127290558 
14910806 
68224091 
631253 
60871673 
2243161 
18435913 
216725151 
34774802 
29089023 
70424791 
30037412 
48390635 
49785115 
155899912 
156214500 
26638858 
20749408 
35106725 
16199514 
13097772 
26092570 
174748955 
15776993 
18021632 
95244036 
24020769 
99735795 
24266551 
35658709 
30867769 
43348496 
207530758 
158491287 
21993556 
142977623 
53000535 
6878292 
15508747 
86853882 
22031377 
17219668 
37602866 
21168607 
126196952 
90148711 
203183187 
15923700 
37866934 
23342205 
16190981 
14220304 
17180274 
15203873 
25694281 
198776965 
118254135 
116108369 
33916062 
67570308 
111022588 
21472771 
81475592 
791638 
198652740 
28427441 
20649854 
93279242 
46253529 
150787266 
161245214 
17022515 
117787330 
155741634 
16210682 
1057211 
32128090 
92439513 
14499920 
96640040 
14135975 
123833376 
40779014 
109104844 
17413777 
193387450 
101837409 
95354349 
180506330 
116999724 
36815980 
121659849 
31830665 
26340332 
191863875 
20066365 
194178291 
30051289 
97596332 
14550012 
145592392 
181263277 
26409734 
8446492 
93097317 
37959946 
156349362 
167659489 
130920525 
46746355 
22631573 
48935222 
21846379 
38746870 
22121029 
190288063 
47721926 
98365761 
21042195 
146491026 
121526995 
181522071 
84272861 
10736862 
134665690 
90542658 
15120886 
34943345 
180831066 
33098495 
14813657 
13436432 
31905259 
11144842 
18887311 
17257746 
111966379 
16898725 
35598591 
108850237 
14724142 
33366617 
100629639 
27911635 
14851523 
11058922 
16462209 
24800500 
82290808 
14838128 
18399868 
54516534 
14317603 
17409853 
73388456 
39439728 
85931672 
32355752 
61527100 
39196592 
15575381 
115502529 
124613246 
40780569 
38798937 
23873194 
16376948 
97120982 
118580840 
126798661 
14069199 
15812297 
54924882 
125411552 
141108939 
16545201 
18887903 
126713478 
100658567 
154981289 
36981072 
174020560 
92460124 
17520649 
167598443 
164816027 
15763379 
117541829 
119670279 
22570771 
16672252 
113728789 
107828803 
40119130 
18231072 
26549996 
171174261 
14864150 
177490623 
32358164 
31361573 
158049451 
21719966 
38742202 
15283483 
16513931 
153021223 
140120346 
57836833 
175111821 
21122935 
15299697 
30960997 
44891636 
70463465 
47714847 
165435401 
67617810 
35346943 
173950210 
48707597 
19019342 
39047949 
17522884 
39433903 
23815533 
16019832 
17497382 
19394550 
15821735 
17033125 
19360500 
83389417 
16985548 
77423114 
20347670 
115420002 
21297102 
83447116 
163992591 
69193574 
83079204 
17782615 
15259870 
10287332 
169646494 
15488390 
28698867 
15814166 
59863421 
76659916 
45618045 
11251652 
18573674 
20443041 
18226744 
164070103 
16153766 
56198405 
32774989 
24956461 
18562794 
12863122 
34718083 
75011090 
164801854 
24636191 
141783486 
112505204 
16079424 
27314602 
85647782 
38472739 
15880188 
27740227 
16882833 
14850079 
111774573 
17331590 
112493319 
50711511 
24909624 
80940423 
26327104 
14118517 
53094118 
96782627 
14497313 
33347691 
64499118 
16721448 
84125200 
14380462 
17504672 
135348838 
21993699 
81464169 
36522865 
1735241 
121898491 
13392402 
85662004 
141295975 
10286782 
17401708 
15656687 
15112316 
39568359 
143719559 
49714001 
16169272 
20740735 
56981981 
131643859 
14186094 
33896281 
104489321 
86308201 
84116851 
16615594 
25707034 
71555146 
13363182 
57586856 
24764474 
14262772 
23909105 
97512489 
47820733 
45623814 
17563445 
19796978 
98626008 
18731529 
97322276 
15456365 
14485062 
36449678 
22556145 
47539803 
57457477 
30155849 
22554074 
13445902 
22987468 
8773632 
87978337 
833881 
125435394 
19331859 
56620249 
15726264 
18326115 
15444630 
119488696 
46673109 
17788508 
67061313 
118128081 
85127776 
14334487 
20595504 
23852047 
69650562 
14227402 
27628345 
87559133 
16923050 
138886849 
103101931 
12441712 
38443579 
37976243 
32345649 
129866724 
26077875 
23132910 
111444854 
36064768 
118257751 
135422732 
65114379 
137439295 
67590413 
130606087 
14573784 
95733194 
99123713 
66451447 
3632201 
14364397 
105885069 
50747187 
20167604 
37749110 
34082620 
19021486 
28609576 
21984409 
34057913 
23661767 
102435231 
17613932 
80915736 
18676177 
40872782 
14240046 
109471729 
60134494 
15383967 
16750098 
18319265 
17653260 
86681344 
18202632 
18269415 
38409883 
47631857 
98470813 
111192494 
13492552 
21323030 
26716267 
85899151 
16070406 
7315022 
89303245 
117183733 
27727639 
21250073 
78185515 
20819182 
20100378 
21510734 
111123814 
53145795 
17841919 
30398219 
24794561 
48355434 
14982638 
118862027 
1729741 
22863306 
85661812 
14711675 
20391375 
17472883 
112841637 
40302362 
38709939 
14929115 
66499194 
116219702 
15102281 
17517288 
48012504 
14051728 
14146802 
51446354 
15029108 
49565018 
19378927 
19877600 
96940759 
13912872 
10329052 
119827223 
29997206 
18174792 
14775578 
17986725 
22189786 
54428624 
5840532 
81619592 
19142115 
18028486 
27709113 
14325188 
15168260 
37297926 
23211170 
30141763 
41321910 
96243124 
28302705 
88321965 
104849810 
96134363 
16201819 
36863562 
98063088 
93373681 
111422869 
14955509 
29508857 
18045612 
22753132 
15043065 
26739128 
36832842 
80850668 
16008621 
52526819 
30615272 
114496759 
870561 
29397307 
77550851 
31471175 
58264531 
14770715 
41686265 
21051643 
25253084 
36101983 
16641718 
18570358 
36017148 
36771253 
18610787 
14131109 
47427986 
44337193 
23918919 
50815971 
84129362 
80235953 
105787188 
35748845 
35716249 
19089993 
79699691 
15567239 
96679154 
18646074 
89602179 
29151815 
14227060 
51304455 
47722667 
38683098 
34054893 
95787728 
17681834 
58199261 
18034656 
57528124 
20004153 
40864169 
100077719 
85038204 
12879682 
15145983 
18548253 
27337176 
22026322 
22965779 
50103337 
35097742 
19484015 
29661913 
80574160 
25796983 
35672128 
90309379 
7192292 
31705210 
14134823 
97632713 
56081354 
106938252 
115545339 
15758470 
65589378 
14960931 
109725201 
115996373 
48761924 
17447665 
77061910 
81494519 
18787132 
56734563 
21344248 
15296714 
18049840 
25283620 
15949253 
100281735 
50068659 
92415200 
67368370 
24400109 
79637747 
19079151 
21208992 
23777198 
47478225 
21454650 
41556180 
19976462 
77067574 
14502811 
36507375 
17892280 
16126957 
42125412 
98676606 
65145280 
43721859 
14451294 
6988672 
58581781 
57532404 
17833436 
19126676 
113387174 
39498899 
18641465 
29641590 
91439025 
9274492 
44877559 
36895545 
20658282 
85074680 
105401477 
12983292 
15079457 
23678942 
61552087 
18354034 
15826025 
46549707 
92607192 
53889703 
14213491 
14923177 
4800271 
1712831 
21063812 
22779417 
61321567 
21978906 
110037951 
19111192 
21279340 
32442834 
21737474 
29805252 
25763926 
89280747 
57352969 
21315031 
31583882 
21337440 
22288490 
69440018 
18953266 
18189723 
28162514 
22041124 
14147006 
16481781 
95348609 
16027532 
16450250 
17468725 
55338862 
100642969 
29555708 
39687405 
59283911 
11478662 
65260323 
34425171 
69102823 
24103268 
6323932 
18621223 
82557568 
17116782 
1315431 
14424031 
15819292 
14454721 
15940736 
23274866 
13961472 
14178271 
26941928 
87976860 
18919233 
31536819 
74717785 
79767163 
18333883 
87481570 
41446355 
19424599 
21337173 
18310676 
90345732 
15612880 
15782808 
29031502 
96183958 
50630062 
15786845 
38264072 
20661344 
44048622 
8785632 
48265620 
71952529 
29158195 
44210752 
30008585 
31035663 
36563254 
35479981 
15878040 
15303630 
12761622 
14265824 
9806202 
14323734 
24601244 
94744461 
19683498 
61529892 
18023868 
36444537 
19319302 
13946352 
8877332 
12101862 
31568343 
62058096 
18139619 
20369825 
76437836 
23509697 
27029537 
28744947 
24722401 
64446131 
87354537 
98955144 
18534287 
37648451 
98516010 
10421232 
12570402 
16809738 
60667856 
18079872 
21771022 
59122922 
31282274 
14669290 
15040500 
98446904 
39812315 
23800611 
19478383 
88704739 
9317092 
44989504 
71069181 
9676152 
6299172 
14065217 
14177081 
18150955 
39539952 
15166459 
12504732 
16180000 
3128381 
24367432 
85987553 
28282442 
37877645 
1067271 
16943168 
37450566 
18565846 
15476036 
52253562 
17066312 
16064380 
16047270 
20006913 
54223769 
15981505 
25960136 
86593078 
57775836 
48834856 
37285980 
59187796 
6342742 
15392073 
68808568 
11148502 
19028727 
11326272 
16275559 
46476526 
54033567 
15199972 
809641 
21837533 
17145442 
15811608 
65402398 
18997592 
8771022 
95344313 
17385961 
62554155 
38483313 
23069483 
18863894 
20160897 
7713942 
15762438 
81189900 
19051297 
38713852 
18533317 
60699354 
85490521 
38344425 
31771045 
15785068 
43519478 
56514154 
20533581 
16928870 
69451719 
20477352 
14343150 
38018454 
15814642 
12369372 
16821997 
19655303 
14943818 
18412285 
14826124 
15582157 
10937622 
74786778 
22411342 
14194155 
14180279 
26895199 
21618344 
22380908 
11296122 
25366106 
44197065 
18594996 
24561449 
39151897 
15544437 
54280254 
18743995 
24100116 
17541693 
15655961 
12651292 
77138992 
60376120 
16148335 
19390673 
49487087 
21991598 
13396002 
46218803 
15201747 
18630583 
20710035 
27845072 
14200437 
15768401 
16379892 
13881572 
20622724 
14831419 
18715077 
20858606 
31619861 
14808307 
94200162 
19632867 
16294267 
15768216 
27250894 
21631487 
18747993 
14610663 
18879847 
20007155 
20506424 
16824146 
15192462 
23378408 
15977854 
18255418 
33621470 
36660541 
16127669 
73198913 
50551561 
18230113 
35779792 
8821742 
23244977 
79257411 
14738962 
48071417 
58044082 
17798995 
18463079 
39073871 
24859536 
804114 
6469092 
16303389 
16794789 
28145061 
27783848 
22783222 
15923445 
76615174 
17135339 
16280307 
18802096 
10119442 
80214202 
18111326 
39339165 
22957295 
16419335 
16022682 
22579459 
35045870 
68994537 
27662716 
33542214 
43830523 
23932737 
20980673 
17288112 
14913914 
15942137 
21049148 
90704666 
37699718 
53796756 
24899132 
57241376 
24986150 
37346577 
21896961 
21225243 
58632347 
19322758 
44235446 
16527701 
8179822 
79665340 
80530081 
21584163 
15446757 
14266331 
16722167 
19120850 
23273932 
71530737 
77167189 
15395991 
15378358 
15267917 
17918808 
18730477 
35036166 
52105049 
19826835 
17621767 
21882601 
16854311 
19735514 
7782542 
18169370 
20897509 
72129614 
18572616 
77897410 
19545593 
19488748 
19236276 
18166728 
8176352 
15143621 
20757621 
82124887 
18169988 
15070427 
14205876 
16886925 
15571195 
17500178 
25388127 
18630243 
45534335 
14878614 
63556608 
20006987 
14194726 
2601311 
44697596 
13654112 
14694862 
18975088 
25873356 
60868129 
15681402 
14078808 
15811509 
54922547 
57377665 
19734025 
81513063 
18270755 
15846407 
43714238 
36140226 
62608257 
85986605 
48748399 
51860153 
15842882 
15695365 
46996676 
16853422 
14270329 
15301179 
44148900 
14634144 
19920201 
14612296 
74213196 
14057903 
15811314 
37850131 
2332841 
16383523 
46947210 
15062528 
74350976 
35496024 
15418533 
15235815 
30948732 
12797 
35764723 
18686823 
16194524 
15842676 
20459313 
14625146 
7234682 
7981702 
15983316 
15384347 
20406861 
28230113 
16971295 
19453673 
74952051 
14777649 
8329582 
15173109 
79983300 
18727385 
23870788 
19552600 
44436142 
71640616 
20113234 
15986330 
26461252 
22741229 
23443997 
14706139 
44650732 
16646918 
31839038 
20812031 
18410934 
35120520 
76915789 
8406952 
14134608 
14314467 
39878309 
17398046 
17008091 
18777220 
21901737 
19390244 
5415412 
10334 
71587850 
18947765 
6067802 
671213 
19781330 
15312421 
41238441 
14918432 
14222100 
29379934 
12423822 
15625696 
74169679 
21007652 
40923520 
10109412 
21351506 
23183591 
14221588 
20951882 
16632772 
35928501 
19596129 
18270625 
24793928 
21078990 
14269578 
9921932 
19918986 
14479692 
19098960 
15900277 
21540725 
16880685 
44274802 
29281299 
70718189 
39148698 
66480892 
22795984 
38252860 
16181991 
11330762 
5661892 
68462889 
27052129 
65137221 
70971337 
15391102 
30202451 
50678698 
57218171 
31243162 
16062605 
26770517 
67361103 
64769168 
12641582 
14289422 
50739169 
6560972 
21407083 
26159255 
15957569 
13293972 
64553017 
18951956 
10076702 
24688356 
6340202 
15910642 
59526518 
18485106 
61593055 
14615251 
15924303 
15202364 
38197651 
785595 
15863467 
15122964 
15225133 
64811229 
65349419 
64503482 
21930777 
19266679 
26420456 
44411873 
63247343 
28280889 
14395233 
15905092 
17859965 
14377870 
33812807 
22650398 
21100062 
18777652 
45497868 
9951012 
23857435 
27225271 
17649027 
44292587 
28380546 
14791918 
15214509 
25891136 
28680337 
18607390 
14886176 
59583772 
58844248 
14563253 
12296312 
61029007 
16164520 
22483030 
14467072 
49697210 
43719516 
21192661 
39536308 
25169797 
10355572 
16896067 
15563076 
36007152 
17344451 
18104118 
46664272 
15520700 
16529058 
18949053 
31179862 
27503114 
46647193 
18446082 
22736710 
30015337 
16089738 
24945695 
34029061 
17395524 
34032011 
23354464 
23102011 
21363955 
19636147 
42932787 
21757399 
42662716 
42912038 
54080974 
34779222 
15222197 
55027576 
14054735 
54978295 
17838290 
26784273 
26305369 
14263711 
16956020 
16824643 
27059308 
21297279 
42687179 
20661527 
23006082 
36563175 
23440444 
26238903 
38714803 
32473018 
17392923 
42104325 
21230617 
3175781 
47018037 
48918181 
25276558 
42999575 
26110521 
17129139 
49295431 
14188018 
18541970 
16306269 
21177982 
23094261 
17943334 
16786960 
10617212 
21781701 
11757402 
21668588 
23985050 
21410791 
18050035 
14140237 
47628943 
21117313 
50481490 
27897429 
36667297 
16724370 
22868427 
22516489 
17784600 
23366176 
19133314 
6452362 
19572710 
20733121 
34697284 
36094020 
47485457 
38596823 
37837358 
7161692 
16428171 
17070787 
10878332 
17044207 
17009647 
14242808 
23960048 
34964704 
674433 
15274836 
14426674 
34643874 
17350788 
15379375 
19356493 
20531376 
12911912 
14465607 
17466915 
19803702 
15155135 
14194740 
23227560 
14095161 
34030291 
23034957 
15552622 
15258479 
28173797 
19029173 
23480091 
39514461 
14255759 
21771762 
12333392 
18803636 
17486092 
25717463 
17559175 
18508879 
20716379 
23784465 
28459859 
38835427 
19362387 
14929948 
21404068 
40331047 
16248319 
21356030 
10029732 
19386403 
31410986 
17467699 
30112093 
31476873 
5474862 
18064626 
15769327 
5360012 
4011381 
32147212 
14153075 
34634311 
774523 
14680484 
23779118 
18363508 
23135992 
25610972 
35010195 
25319271 
18029498 
28248936 
42825468 
20329672 
14980440 
15920551 
14570912 
16240240 
20707288 
18301196 
15010370 
14055301 
26943357 
20005394 
23449130 
25567967 
19769305 
21813582 
41141150 
16243350 
26964987 
15398598 
25752595 
15659087 
26519792 
34710302 
36019258 
21939284 
25371409 
17639250 
22182794 
40617826 
15081182 
18390717 
14367635 
14637560 
6288762 
28645961 
15383116 
28337011 
19543987 
22760649 
14277300 
20456985 
17651391 
19661994 
23583384 
24443344 
17371873 
18216250 
14687293 
22704255 
17594192 
20195531 
34044441 
33075317 
21810255 
38604201 
17184753 
16366271 
15952509 
15457083 
20244374 
23871990 
30242347 
16177000 
16377163 
33705467 
34767552 
20310930 
15984241 
14954259 
631803 
17144211 
26493362 
27350292 
16648790 
14632998 
11695602 
16131988 
18215187 
17761927 
25318477 
23904489 
18191423 
14383395 
15528960 
14143989 
25570524 
26322120 
17601922 
22092119 
25458378 
15958265 
18345963 
9410172 
16472507 
17909531 
17660580 
5644142 
23365691 
16653788 
14078999 
14979774 
18702696 
25737016 
18020081 
6996832 
15383825 
13786802 
19404112 
16114160 
16186313 
16548119 
30329599 
16836241 
24898683 
23484042 
19023804 
31046479 
15660641 
22416132 
21427901 
23149874 
20142627 
12161222 
19071440 
15537895 
18463948 
14820299 
14748513 
11859822 
25133540 
12808792 
17276587 
16503460 
21001434 
14380175 
17201910 
15109143 
23172966 
17634425 
7528292 
23039236 
21042651 
14433007 
14079425 
17542030 
15482283 
12600952 
22634164 
9623092 
15372376 
17083396 
16278710 
20817523 
17393362 
17983854 
19386359 
18229081 
20508035 
14124614 
15778911 
22523624 
25373949 
18636754 
15330022 
743763 
19409588 
20245040 
22946533 
17878138 
17190280 
1048931 
15818676 
16989320 
15812413 
17681513 
23383517 
26096276 
16579346 
15506034 
1702731 
14086764 
14705116 
16654336 
16529962 
15821039 
17900541 
16403723 
16561861 
15455692 
16507195 
19341895 
17787705 
9855132 
11294522 
17156646 
25095437 
16248277 
16832833 
21323607 
18807347 
15276401 
19571417 
10302222 
15245706 
15164442 
18913827 
18032149 
17596622 
17473443 
17999296 
17364101 
16332904 
15931963 
14284806 
11915432 
25439618 
12973362 
6609072 
13900252 
19917546 
9538352 
6426102 
15131310 
21453086 
21124107 
23885448 
17270668 
16797684 
17290497 
14294853 
17416221 
5380672 
17044187 
14222455 
17579312 
11294152 
16203586 
23072774 
23195912 
21228251 
15811628 
15838767 
20779448 
16597806 
14268957 
12903462 
23519852 
616173 
16131494 
18620709 
14071624 
18225966 
12811952 
6655632 
19673972 
22035211 
16539573 
15746084 
8453452 
14295486 
14725110 
19042769 
8820652 
19075308 
2662651 
7117252 
7350652 
813286 
20571531 
6519522 
22679783 
17023921 
14019992 
15998426 
17305280 
18997933 
774675 
631583 
16455297 
15932734 
21993071 
9411482 
22456884 
15508743 
22146523 
17896426 
17850012 
42773 
1016101 
9890492 
3554721 
12839042 
16895814 
16953422 
683723 
13493142 
9334532 
15079924 
14800620 
14282672 
16153562 
15728184 
5656402 
18238282 
15195171 
21143468 
19259832 
16150440 
20074963 
15723911 
16572922 
1020961 
7799412 
15755223 
17876466 
9715012 
15347711 
17474497 
14550997 
15021691 
18867453 
17604305 
17110732 
15535055 
17706055 
14736687 
18056265 
15074099 
15844271 
15224688 
9020752 
14750177 
14463848 
14265549 
19362341 
17536486 
14496886 
6604762 
7592202 
15791549 
12405262 
15096075 
10880202 
16429977 
6186292 
2283321 
12144232 
14389132 
14467906 
8071902 
5417132 
3523971 
16819278 
15600217 
