321806845 
1603894736 
399008700 
3133961655 
376902576 
3874921 
2187581604 
40941404 
103096920 
30924790 
2379495101 
50805037 
2858922556 
2402489158 
2848746783 
4492423522 
206460244 
17764890 
2227836827 
304669814 
374817865 
197300873 
2851411424 
76727233 
114295898 
2832884218 
739840898 
496205476 
478120635 
2190505048 
2967023619 
1518670267 
704610438 
579853720 
825460832142254080 
1572204145 
723643880718110720 
2220471599 
863178626 
703170659 
3225476769 
30923986 
219041453 
720240301055447040 
3422307551 
593758567 
199260576 
1338343716 
353112820 
701836362681610241 
42430738 
71381965 
101882097 
68822920 
2981682689 
167143312 
384079440 
28025485 
34952443 
1079767112 
71286805 
205965257 
353475939 
2469295344 
148195560 
715005876973748224 
17869105 
621214203 
744661730391953408 
2562861545 
14673680 
608499479 
61475018 
248329648 
879068137 
24277551 
4708881315 
853948682 
4873771055 
2228050527 
358882289 
103748786 
545400745 
172781049 
512787194 
3378098799 
964260852 
2166790306 
761302956805279745 
564735028 
160389110 
539210430 
27902825 
2955596087 
290791732 
272188394 
67009910 
205537079 
51863308 
2915655363 
78354743 
23714850 
87479680 
766012500462698496 
334129725 
336115946 
1651941864 
18018577 
626146330 
1413005983 
1117191277 
320447801 
31217530 
176864816 
55227147 
107145333 
253582818 
705144461551144960 
188014222 
80633366 
1717236114 
276534492 
38906069 
630784392 
307708151 
310719919 
196209241 
28584781 
28370738 
1199497704 
731490923553665024 
162487036 
545682741 
1016385577 
4870905209 
2233359931 
49224021 
390982515 
1911674977 
2731040305 
2581449991 
16058849 
887067962 
171485965 
64319959 
2663858401 
476234589 
434585456 
4843376339 
21166468 
1472425544 
36264361 
154153499 
4872224422 
2535684062 
515813029 
3173657233 
2278213720 
2944847457 
3160260606 
35341315 
19027116 
41419023 
25081542 
44457290 
19206101 
69789639 
282284626 
55625877 
330637806 
336916932 
339841024 
43399301 
110798061 
403909424 
320302655 
461463528 
39631432 
34716259 
68680928 
459477744 
59170955 
611811514 
628548325 
13213122 
739781664 
781452594 
40115608 
153040313 
860377058 
115525572 
885639799 
972653185 
123656583 
332445018 
987580009 
43131192 
348202041 
1132041349 
733301574 
372013101 
284416887 
1101691339 
46220319 
235315462 
1195028018 
146420922 
438662330 
377745866 
323246304 
456961966 
32218452 
52989760 
225446252 
542021785 
2385697801 
36795644 
26490131 
402790845 
336296350 
2494774988 
490809726 
2386434419 
2401117973 
2330767728 
902336102 
28023607 
758352 
41421241 
2623942205 
1596063775 
32311975 
524369170 
2699585382 
21018115 
232320556 
501195336 
614393440 
18885301 
494920135 
563886799 
614625661 
731871596 
68581003 
1696954098 
2880192038 
350644419 
337914188 
212711543 
1149141265 
339946047 
128245017 
414469873 
2738920005 
3017466160 
2557732603 
633842208 
143063120 
3015994970 
2230751438 
3033289442 
2258982384 
356584585 
123262331 
705230489 
3225123923 
86996293 
180644082 
26303651 
3033804134 
399829364 
408248712 
390406415 
3331883314 
1932303835 
3342921425 
2980526716 
3237280058 
17792144 
229943137 
2585954618 
2731165695 
3734486548 
3434073303 
1241261024 
227097864 
381125069 
2699734416 
3319100354 
4152481218 
238624799 
3589539437 
2794869748 
4329690854 
1227917562 
1125234996 
98290444 
4352961137 
248990521 
553273947 
456400621 
446594210 
2908088854 
2837260850 
270727181 
43380389 
4520589377 
71902977 
347646184 
325399389 
844499490 
2310622477 
2409695834 
4461797435 
880573856 
300009642 
3227737616 
183480444 
1024898676 
632592796 
1973333928 
108076299 
4455974662 
540193307 
944047453 
3298761839 
314956490 
35586563 
112819419 
68497082 
619675583 
2330840557 
4541798236 
4476179542 
4386074717 
27973318 
4591662454 
3423057615 
240959097 
3622904235 
35246506 
378087532 
255771806 
284274379 
44447377 
2255717712 
182064386 
574681362 
14579172 
17527734 
1594780818 
21621386 
89605518 
601198929 
480518421 
31133575 
381260417 
109240047 
112897540 
351810132 
2247507575 
504930389 
7933492 
831165546 
236635955 
2383999975 
28279060 
385256190 
446391383 
2598419371 
3149244845 
398334847 
55253484 
20336044 
26398076 
1323792518 
1561564585 
53051380 
3315240209 
2393288738 
21979267 
499093878 
27522271 
23113309 
1706017039 
14226113 
36767117 
185275835 
2968678678 
91208190 
444100468 
239529147 
414283956 
716816236 
2856162960 
19012368 
35918100 
110457801 
456934447 
362283149 
926416483 
135163022 
1206791119 
1467437880 
546454119 
1954263680 
1142451018 
2291044553 
780921348 
45255843 
104005002 
462638970 
398185852 
1210467600 
1626882769 
171163553 
1093702519 
630575167 
106953807 
259421323 
431155099 
101841496 
341075041 
327548517 
1459868892 
461626728 
155850567 
2995721757 
348081138 
497062581 
13757702 
260974066 
425257369 
446415311 
25881866 
1323666224 
1093485607 
287022629 
870556525 
59037337 
523863032 
41671340 
2173154431 
165618971 
301650880 
1013175438 
219160190 
82138889 
330312783 
153489001 
26770339 
46437897 
501888899 
1276091004 
361365670 
894778580 
21265047 
178442799 
104026535 
206270682 
2616059633 
161731322 
446718150 
1105318898 
182853396 
158246789 
252810907 
2437030057 
26257166 
633377008 
2496365715 
50448609 
1217156288 
2440293303 
544496514 
131182825 
325044863 
114484071 
2296723913 
421984421 
849723720 
1606845756 
1524002442 
58332496 
580967266 
356252326 
1000688029 
29522394 
325135315 
443812612 
1849258728 
459026375 
279109266 
944830460 
807543727 
298005655 
499404269 
1735729554 
209693114 
1648869289 
703489722 
332528189 
1972128786 
2391739230 
1684158284 
265758015 
115430404 
2261062763 
2240067141 
2326231428 
428620955 
1908966720 
375942543 
2310480450 
246554217 
142547820 
90991937 
137836214 
2222618428 
191252522 
244766180 
1896329875 
719431564 
15441296 
2284811463 
518155024 
86882244 
74608856 
39129998 
39390971 
120832731 
2259649770 
442384416 
587774381 
321823394 
713130367 
2271277633 
978795516 
103760972 
19785801 
1638042284 
35224591 
191115872 
604982671 
1955174588 
22161172 
26919222 
2247279469 
1262813172 
398183081 
2220680024 
169540701 
71319905 
36142710 
766090087 
22081824 
69147333 
356909751 
16353477 
135264049 
25099042 
517899216 
74677491 
1831831 
236166969 
37557188 
1444608552 
111336758 
115531198 
1051811257 
28943576 
719945091 
378009547 
46178663 
594710272 
266845986 
27781943 
16648695 
360358557 
1686407630 
20120026 
39812795 
1335095382 
410947644 
16445158 
19509884 
512716472 
1247676511 
166590096 
1686423121 
1894518234 
324179651 
512015673 
1698984673 
1205479921 
45178368 
15111011 
42956737 
194892352 
1523015594 
1658924425 
354854863 
900538590 
62951883 
1123748334 
36354710 
156461982 
234485325 
168258901 
538587716 
48426319 
1418964271 
319916258 
329778866 
243248807 
184827592 
454627143 
15764001 
521901316 
394417040 
381807078 
29804583 
125084820 
327784729 
1060960093 
546383017 
56799875 
233028513 
1038570259 
221240671 
131277152 
194784415 
39111334 
82447960 
627817446 
379251379 
1547818219 
43010657 
351172663 
159201794 
431194866 
308494043 
360089132 
37028756 
37665235 
553872187 
347988811 
26926915 
63717366 
24898822 
946209624 
1524940706 
1499800543 
1510993902 
1513920679 
38813536 
43406817 
157302904 
745366351 
1465205046 
134990651 
1311423368 
16180441 
33931876 
83185583 
71630619 
517810132 
64378435 
615576435 
41117649 
43031552 
404196935 
42815163 
327375508 
1286728332 
102879699 
262422947 
6747832 
21676423 
1123912088 
334479123 
621574129 
258486395 
339948111 
19045208 
495491987 
1131915212 
1120272654 
1118093588 
211541178 
383588743 
1066471704 
532551401 
920785166 
148204873 
181816000 
631304005 
599794247 
24749734 
615315390 
329837756 
246635427 
22411418 
432151360 
171736868 
368950240 
268388083 
29204225 
22017062 
389880635 
258492007 
45270717 
468912088 
561397970 
441336639 
114972375 
60339338 
51348744 
807507079 
480935842 
108162397 
59230820 
68583180 
120025417 
70140238 
246249237 
432996643 
56454339 
875696059 
185658399 
530893288 
1786291 
395025003 
623453038 
198584179 
192355930 
537829627 
320543855 
296803347 
20263508 
172565308 
61080357 
479632758 
31126215 
338434173 
20095499 
26070483 
127616309 
178824650 
611173321 
174484925 
196286818 
347417147 
37666270 
33932892 
22730851 
23973831 
234907989 
25105405 
175857272 
37921325 
308656065 
476046588 
326950164 
202392287 
32876942 
166400970 
127868060 
298279380 
30545800 
486961666 
35800079 
369235042 
41185640 
42941353 
389652936 
54346370 
241405444 
289884463 
18136130 
463082479 
181621546 
146435302 
328833647 
19906382 
25667291 
165577642 
32234791 
409596443 
148779228 
388860465 
41690581 
72661317 
21126964 
292749722 
17177538 
31174833 
14325655 
23220667 
171532292 
36802773 
38933479 
38501372 
209396711 
33016805 
18155773 
373139413 
374539258 
16123199 
226250270 
361973548 
366340556 
45547268 
365793811 
284703258 
22364439 
265623673 
257223586 
273221493 
40781442 
49038463 
51137934 
369062582 
48323230 
18066174 
355992240 
37003040 
370149757 
132229657 
370324548 
222912336 
344194886 
161082794 
271841968 
42059803 
28252237 
16453005 
373476291 
14404138 
52188144 
239835518 
278099040 
339096771 
365290702 
99004113 
257053682 
359925385 
16696839 
16696889 
341925355 
46190632 
29577769 
145877337 
6524892 
241776872 
355766104 
355797866 
340070855 
50863281 
324739060 
17828989 
20344118 
173129208 
28036726 
184078709 
233582007 
159210648 
79096386 
29575044 
320933109 
149556424 
137406097 
349246826 
185913861 
349898945 
96859439 
283782475 
350475322 
333850091 
133964593 
249358816 
249443058 
75420838 
240525629 
24276560 
14963032 
59318498 
22502646 
61824637 
278829038 
47848627 
286255324 
61122589 
45136444 
22066555 
248981641 
286473246 
303505445 
18322918 
53458277 
17903419 
18407594 
39601716 
62937636 
128094643 
56714853 
58906728 
280219749 
59835397 
245893299 
241339693 
102295873 
78140378 
14467030 
278355065 
245825188 
172083735 
67396921 
205791503 
38105483 
23257981 
58816328 
59809965 
271901187 
26768289 
249341350 
246143145 
245223400 
23199697 
5692542 
256078240 
264511920 
106283427 
134806876 
16577004 
267540480 
68441962 
48849410 
89561237 
87195526 
90719700 
237989139 
248339744 
114478604 
252691283 
256133061 
249914015 
65648388 
19714176 
57334760 
23207184 
63219442 
27934142 
31122496 
34125658 
24739498 
147036607 
26242922 
46442786 
69326009 
22406410 
103130238 
251857969 
243212680 
14353392 
25500381 
15772523 
47713256 
42520414 
208158358 
227158750 
153129870 
161803956 
226956996 
98269068 
51544804 
15767400 
122484416 
212668143 
29379173 
21342535 
150664496 
50714678 
78327506 
68479942 
28257776 
196913886 
7588732 
62694603 
111640490 
45415622 
130824183 
53580536 
24769795 
35117892 
169666749 
29030448 
24026381 
37267617 
149299490 
90420314 
22944753 
26176307 
144905079 
69921163 
94474692 
15248209 
94700057 
66156073 
18011912 
41244182 
24676644 
50300831 
47451295 
53084345 
14850191 
4077891 
15860531 
21506104 
42673970 
47540477 
33061384 
19208308 
43804342 
25455663 
40007919 
45020206 
44750729 
41109987 
16490045 
28353108 
16573674 
42918722 
14266212 
27667420 
41641318 
37689190 
17346553 
18721981 
32760393 
40821747 
21199022 
29995374 
18166634 
19847843 
34630995 
34243847 
41135541 
30282826 
30276834 
41265456 
18874627 
32265447 
17467006 
30113393 
27688827 
26451712 
26581267 
40602255 
14464369 
33924162 
16545360 
19375890 
37969488 
10303 
32765534 
24040060 
36622940 
30974662 
16423329 
27724009 
35140301 
14351581 
25082883 
33395719 
30022785 
31984953 
26743097 
14764324 
31848654 
30278013 
30273295 
30276002 
30275134 
30279193 
30274370 
30280162 
30271901 
30225219 
18412128 
20775287 
19775530 
17522440 
15601977 
27323705 
20161693 
16628658 
28139151 
23444474 
8392072 
17376476 
25836721 
18317816 
16513416 
27278356 
26730501 
20705410 
24823990 
24233907 
23203640 
23849966 
15055813 
23665021 
21604741 
24383566 
18512016 
24720771 
24728867 
14412533 
22653165 
20632528 
22215712 
16301737 
12926642 
21812639 
21025843 
18852217 
21986300 
14411806 
19117790 
20206551 
19681873 
21048077 
14879595 
18636031 
21260034 
1501881 
21864875 
21501549 
19955362 
21784183 
19127865 
18160766 
18829520 
20816251 
17082251 
20492893 
14610413 
13996412 
21140837 
19054884 
19260039 
20753657 
14736220 
18251401 
14217442 
12342752 
20683726 
14841265 
17545701 
20461922 
14874772 
21420042 
14615251 
17601250 
20076616 
14625365 
21179543 
15597393 
16017560 
19409487 
19033456 
16125295 
16898593 
16089202 
19312616 
20596414 
17967636 
20800502 
19630890 
21154539 
16722645 
14841527 
17962047 
15937532 
21714658 
19769928 
21382856 
21786332 
14294487 
21726661 
14065774 
14330464 
18087450 
4228521 
19577339 
19836771 
17314489 
21092493 
21616432 
19074086 
19043788 
14327320 
21482712 
21686733 
20567459 
21049747 
17329196 
21544350 
16510388 
17849871 
17633105 
6149912 
20822431 
17980871 
20548030 
21627807 
20700013 
21530969 
19561853 
18511694 
20356113 
19932916 
16429977 
14231617 
16427250 
19668437 
15614140 
19423085 
16616054 
20181929 
920861 
20408834 
21587497 
21585707 
21540149 
18441988 
21346462 
17710951 
16910117 
14357925 
21426472 
6580512 
21323490 
18193072 
11942252 
20658039 
18785524 
19056602 
787909 
14887399 
20776890 
21357598 
15630097 
15029560 
14070658 
15012672 
21549687 
5377742 
18501115 
18250327 
8336642 
19078368 
10220942 
4023851 
20031675 
19311802 
5597082 
21545690 
17434083 
18853117 
19307982 
18771101 
6061742 
15823169 
19473188 
14843112 
18231466 
15006658 
20048333 
18791776 
18426725 
21514856 
21149664 
16830494 
14261246 
21511970 
12666842 
21364007 
16491922 
16406257 
20292332 
20294814 
20468149 
20479788 
17084896 
9993542 
20705689 
20311001 
15195240 
14617102 
17477728 
21354401 
16684007 
19076331 
16583736 
14334898 
20216443 
16073639 
15424170 
17001533 
13510202 
20652889 
14360071 
19953732 
21378724 
21449893 
21453796 
21450978 
20589080 
17171293 
20590765 
20915277 
16337319 
18855573 
21360643 
14194468 
17506211 
15014449 
19259791 
16648607 
7117252 
14424130 
20664441 
20419787 
18044332 
18302938 
18968908 
17483232 
18191676 
20424067 
17103580 
19962666 
21369628 
16264088 
20422197 
21381275 
20574818 
21321078 
8921492 
15410701 
19546614 
21275033 
15067216 
17374906 
20805984 
18369581 
20679686 
17964225 
20520522 
21223284 
4094991 
13082862 
75063 
18844828 
11659392 
20100847 
20492492 
15788154 
20643470 
18515826 
17005884 
17488225 
18023603 
15911790 
15866947 
16238592 
14164855 
18022904 
17801505 
14960104 
14385527 
18932164 
19262860 
18761352 
18403856 
18513221 
20378221 
19384141 
16301127 
19748753 
15818759 
15670529 
15625206 
18536826 
15021099 
21008548 
18959662 
17328189 
14372443 
15161938 
18362376 
7799412 
17390995 
15574120 
21118378 
16108468 
17203389 
19099916 
17135248 
15953872 
18689010 
18727004 
19319084 
20755753 
14812726 
17468264 
15818676 
17584853 
17673306 
8567392 
20608750 
15654704 
17383124 
16493563 
18432427 
17627043 
14774738 
21132586 
19578005 
17792146 
18911813 
15305831 
18311496 
15283732 
15158110 
19012744 
18057405 
20213684 
14067856 
17519157 
15709538 
15275638 
19226957 
16487447 
19280327 
13220032 
17727947 
20860569 
14106529 
18852500 
21118113 
18485106 
19467559 
20647676 
19355520 
18524255 
14857436 
16662627 
18883976 
17074922 
10355572 
21122389 
15492353 
20791766 
18482614 
14377311 
14310193 
14141210 
21048743 
19814556 
20966071 
15573322 
15487691 
16607810 
18390782 
18794312 
21347826 
15175158 
19432757 
18082224 
5852402 
17299747 
20190191 
21345898 
11315892 
19686352 
18020998 
19871009 
14945556 
19907928 
20010822 
17891941 
20043968 
20057987 
1070 
20061999 
15040628 
18856482 
19394055 
18756469 
19586122 
15980979 
20217655 
20963066 
21170035 
16611444 
19349216 
14415928 
20976709 
18023395 
17416221 
21120151 
21154176 
19290101 
16615726 
17470444 
14837503 
18116037 
21318659 
15825367 
20553264 
21304194 
11110472 
15781302 
11714142 
14716875 
20416809 
15254146 
16687035 
8278762 
18261625 
14917463 
6844752 
16842723 
18892026 
16286921 
18471427 
15876379 
21306514 
10222202 
18131947 
18737752 
20415761 
16266792 
15679052 
16614408 
17874763 
19207710 
20447466 
15165715 
19292575 
19393196 
18889770 
21053799 
5802312 
20709970 
16456572 
18209384 
9389412 
19721941 
19258612 
19759856 
18620997 
19394805 
18026859 
18729149 
20322274 
16150075 
18467164 
9720292 
20064270 
17660386 
19287900 
20502860 
14803701 
5376372 
9709572 
18868605 
20595252 
19420613 
813286 
16498628 
14952156 
14925936 
19803356 
18982702 
19628004 
15087843 
14696017 
14955144 
18617666 
14769030 
16877611 
17513734 
18140384 
18592652 
15169922 
16479051 
17122654 
15980635 
11403462 
14620366 
15742000 
18899750 
18948318 
18943606 
18216307 
19406211 
18063196 
19587227 
14980247 
17941788 
18938825 
18591162 
17947176 
7044742 
20170495 
19829780 
17221789 
19768338 
18932987 
20502749 
21171908 
18884576 
8498232 
11856032 
11857072 
16129920 
17446277 
20000180 
17808121 
12101862 
18683433 
7302282 
16699992 
19790713 
16807170 
20494792 
18871910 
16381279 
17220934 
6449282 
19691491 
3848721 
19895550 
15821034 
17419891 
14301646 
30973 
20735515 
18265550 
18171064 
19679268 
14858035 
19086863 
16906785 
14343589 
15843791 
17565054 
19574743 
18899990 
18863815 
11640472 
428333 
19669587 
16916369 
898491 
16446860 
14376012 
19205663 
890891 
17652917 
19708773 
7061682 
20005313 
19997340 
20380892 
18725173 
20408976 
20379300 
18839523 
20458399 
20490633 
20519355 
20588326 
19939932 
20653983 
20782894 
16466454 
15731049 
20786658 
10127792 
20799164 
18885869 
14967873 
15739557 
15315984 
16398216 
14467554 
19302272 
14669398 
16899075 
20993301 
20854276 
14311992 
8496892 
14301756 
20643704 
16539573 
20063055 
17712511 
16302472 
1820881 
6128372 
1382681 
8920782 
15646147 
13729552 
17776189 
10394452 
15802457 
9663882 
15024066 
740073 
17577838 
17090522 
5030911 
780419 
16485021 
6803642 
14887344 
15054733 
5210841 
17080795 
17944744 
8840362 
15045193 
816248 
15577241 
14415467 
15991049 
14324411 
9525332 
1117651 
14228199 
1694311 
17089713 
6830022 
3829151 
807095 
19385163 
16727535 
14134676 
14163206 
15986506 
18999501 
18086241 
19741669 
19018761 
5885732 
17344697 
18129676 
16649263 
5417132 
16605869 
2662651 
2371041 
17300752 
17461978 
17544805 
19772618 
19752941 
6696162 
18192392 
11149822 
14923674 
16843260 
18982527 
14923879 
19769202 
18076496 
14358477 
802841 
19754028 
19741417 
16239852 
16515772 
18110440 
18127738 
18111777 
18111406 
18112177 
18129508 
18112227 
18129055 
18129023 
18129602 
18129649 
18128574 
18109930 
18109713 
18109706 
18109408 
18109323 
18109318 
18097543 
18091823 
18046476 
18045863 
18097520 
18091915 
2557521 
16392416 
16392794 
19603397 
17365337 
19670543 
19670346 
19670650 
19367533 
1429761 
