31651673 
18554022 
44133321 
50367673 
34752870 
357101842 
609565471 
2259809232 
143239904 
526707888 
126048399 
191263626 
107450035 
860015456 
36129624 
415985101 
176585058 
329990297 
366932650 
28408010 
276760396 
101873539 
257492235 
2892418787 
619302475 
2377815434 
14787590 
10682742 
21370871 
831869377662353408 
97033649 
105572582 
41690581 
42553136 
565989402 
493517758 
26806410 
54996649 
296610322 
18650093 
43395582 
237006295 
340696305 
153152820 
786602899757379584 
353067415 
26559586 
43183327 
1505916013 
25417360 
91383513 
26556313 
391341554 
371271630 
1301260087 
2467791 
795729665268871168 
175857272 
230338297 
309921232 
26639621 
790136510 
74453261 
90790845 
762338376804601860 
55018922 
68449573 
182070768 
1425443923 
2904053489 
109617442 
19026890 
291814854 
16291449 
28370738 
193507878 
73855169 
316701228 
38448565 
143962235 
87443590 
25175356 
263475470 
491805804 
34989477 
738538436 
191252522 
584550174 
4871794468 
48035012 
30699754 
1851462062 
4760694445 
19668437 
80609193 
1557315432 
42154393 
2480951149 
18754128 
4893092980 
14212076 
1429761 
237389357 
94068362 
18012372 
236961126 
89256736 
2259778536 
725467178649194496 
389711492 
156798981 
196406507 
21920725 
330400536 
119625403 
1148063696 
430048955 
184951676 
199169090 
17093148 
277647063 
15893354 
24004390 
22601929 
1133223535 
11433152 
406675923 
14774813 
1672004822 
2703702428 
174754865 
52253803 
87312454 
1117171224 
1385721542 
30174658 
564735028 
1068691076 
26500119 
22940219 
1658630485 
1630890068 
2212699838 
2196264948 
22066555 
201412702 
24178193 
3105549860 
3529835777 
22290224 
16968286 
39403465 
529921947 
775995054 
263264604 
341254616 
17472914 
606693541 
1400076044 
18698702 
3699433995 
2319786030 
66503048 
23528353 
1563943224 
16656851 
316896160 
360803113 
118278864 
408956345 
3308320824 
371603988 
2348665074 
32027571 
1455602875 
149259615 
56240911 
470428736 
805242878 
345073758 
130620533 
148569977 
67324751 
68137707 
353737617 
21592920 
70726075 
40088633 
26732989 
109914643 
3018722283 
25524706 
17573212 
58914379 
29246728 
1561390310 
900949333 
264008985 
18562038 
381574626 
37758388 
576516703 
213114126 
227468283 
3018552156 
21140300 
621266194 
2789980436 
2302620388 
182467989 
31283461 
2943144736 
107186754 
59948143 
161362785 
2801971643 
295147188 
56926436 
23506471 
11803052 
1071267972 
29992742 
47597251 
1135100322 
44763977 
107305060 
449053106 
551741329 
127290527 
18319252 
110177904 
115485051 
521717330 
2743922903 
21323010 
2616058920 
77524749 
13396382 
22375230 
60758548 
400812517 
2322364944 
439716116 
21740090 
18272699 
235394402 
47318101 
2734311036 
36337097 
208323536 
61824637 
365648181 
268626712 
70951724 
98738389 
40864670 
61663966 
2749749617 
108497889 
2308636610 
54589279 
57100687 
19741417 
449782532 
336000170 
2591698982 
16938995 
262951312 
2233389073 
355093238 
2466165662 
732832765 
84709137 
154689418 
55131039 
48140971 
463011837 
344311230 
50383497 
61796611 
1544549598 
2205495048 
2382989299 
2353759956 
114886151 
242951550 
31122496 
14512493 
224916583 
16906785 
1380824126 
429541062 
126205656 
2233154425 
27000787 
39869786 
20991021 
16648695 
626732049 
50323173 
26829778 
39470718 
74264789 
61222745 
108177878 
42680121 
279047127 
32135704 
15822958 
169336085 
16220831 
22730851 
6235392 
1712030863 
62378015 
225126095 
27973318 
62951883 
239164159 
211321066 
160389110 
51348744 
605476417 
224307983 
46195370 
16261859 
18280629 
1686407630 
18136130 
18308192 
27900733 
216765454 
19188870 
62856491 
30690661 
490992156 
214655802 
201960516 
581302454 
1623621282 
140227216 
46063015 
586671909 
439491300 
189656471 
180591014 
14900778 
17979848 
167528124 
1638042284 
101928880 
166590096 
21313893 
18638906 
351716184 
46675060 
59256772 
125762072 
364494809 
24700960 
47408604 
19505167 
254714249 
1425478068 
21786089 
21410529 
968581345 
25730085 
73444373 
348877426 
52757308 
33769830 
16471310 
41109987 
336151137 
454580111 
1337798311 
109345294 
21163565 
17844280 
32908126 
18959886 
500042487 
117640526 
14863625 
19314650 
39829356 
394213962 
313598710 
170407129 
31582509 
295701071 
340020265 
252669267 
902980753 
26135017 
22018258 
229622235 
145386504 
23082371 
125740053 
192343082 
46822019 
11073562 
295932903 
907127654 
26650171 
16376711 
26051120 
123479689 
248427077 
20343776 
256133061 
1212815952 
979379982 
950343012 
62396249 
133311043 
28589885 
108186684 
54341264 
79520714 
17854621 
9300262 
15325142 
22579909 
53120768 
361219605 
57101839 
15266125 
15611960 
20167716 
330753702 
121489431 
150716228 
250271653 
19273488 
25320539 
1831831 
297115465 
26103768 
722827994 
51241574 
27783515 
36697854 
22944753 
348118710 
58822080 
251900510 
983797189 
28583238 
108162397 
16246688 
23973831 
7973972 
54633228 
24732831 
17908195 
58842869 
84754850 
356436369 
29307276 
14885860 
13113362 
465040687 
372439064 
78039321 
604982671 
17903419 
84119894 
155036173 
72590818 
28435915 
41228857 
800791981 
69132483 
606522136 
513386191 
594257142 
16298073 
12320482 
185385165 
56228519 
96497966 
170888312 
191267360 
305067455 
70538386 
127981953 
15400231 
623453038 
50863281 
4261481 
387955576 
84730130 
251655721 
594231225 
417223593 
18767807 
117505603 
43390221 
59230820 
174654805 
595718451 
496132014 
387472326 
121857220 
44639757 
577347764 
64871512 
26572383 
291816723 
14677919 
15398442 
112275643 
21351249 
82660006 
511085840 
32950638 
20722385 
189589567 
61555301 
16274023 
30041771 
46188190 
70892164 
526843552 
53132441 
507188084 
184139015 
234521957 
131176199 
173669977 
20683724 
48849046 
229507831 
180105462 
14956372 
30984248 
421294708 
30512893 
162439167 
16303106 
35970826 
12611892 
26512535 
516630301 
46190632 
499046635 
21621536 
174652666 
47733819 
23574106 
189511205 
32453930 
159523955 
173894612 
109004666 
239065613 
498875624 
500166934 
61795288 
495614815 
151686740 
94650302 
15906258 
46430342 
134990651 
447559869 
70717096 
36769504 
292934854 
454195925 
19185786 
116979295 
283569991 
19192748 
82771450 
132621571 
183443457 
8695932 
121785419 
54781907 
23858583 
170021040 
44722598 
22959573 
27034717 
264225753 
45975888 
18083720 
6480682 
47348140 
436914735 
34554110 
30948732 
309128312 
260776328 
42673970 
248527457 
34352904 
32775428 
71038929 
151443831 
36737727 
27792723 
175037848 
255451734 
16790129 
263767213 
55933483 
141630692 
24732974 
45575375 
51212195 
49468569 
60975816 
68248855 
24277551 
175149993 
111185846 
204910970 
212448135 
40892016 
309787605 
40135080 
24026381 
254215318 
35808159 
281283757 
19778786 
423066330 
113669611 
17897616 
422068543 
8942262 
154614940 
71462435 
43129790 
44958738 
41217192 
21129105 
214903446 
16023029 
32630683 
130274805 
329320751 
19032103 
41918680 
79797834 
20455625 
15445129 
125547081 
25019638 
185857601 
241964676 
122484616 
84192515 
35184346 
46761152 
63796828 
822215673812119553 
30313925 
58872308 
233362229 
35235686 
29234146 
12794312 
225108170 
223926083 
239948642 
227361095 
66464576 
259882225 
246557471 
253152109 
15378381 
31052819 
20552970 
21311706 
188715385 
192068776 
57662714 
32423136 
20899023 
36475378 
26020313 
62990774 
82179741 
16152869 
22829525 
117442631 
170023489 
32765534 
42333486 
20388786 
134207682 
66163343 
9637452 
20007886 
69164455 
35814923 
68672749 
19039750 
104633982 
27025506 
36763188 
24191521 
63095746 
81934431 
137923650 
25280273 
23123651 
28879299 
25233648 
26232338 
44224788 
42650669 
16918664 
30899012 
34692844 
19785801 
26593315 
37433403 
48849410 
45136444 
33395719 
85961526 
78183672 
33590096 
58568367 
58669256 
86791556 
54694272 
21702214 
44199805 
102345634 
35586563 
26581267 
28639864 
28475762 
19509884 
33857883 
17220613 
27934142 
36354710 
14963032 
43512673 
68441962 
33287543 
19802157 
14392960 
25836721 
92789067 
19224100 
47848627 
19789372 
14075928 
19777561 
9407792 
20415761 
19976228 
17522440 
21018115 
20322274 
5640622 
5741722 
813286 
20647676 
14178674 
12699932 
16035622 
1766701 
783214 
2557521 
1294231 
13213122 
19741669 
807095 
19670468 
19670346 
