21125405 
18668407 
19796863 
448411180 
17393219 
443215941 
241382835 
40100270 
221280813 
755639586 
68489999 
14482768 
15661871 
36771809 
824378102360875008 
11348282 
824137712286441472 
824398702479413248 
3240143771 
824326864407822336 
824412444609150977 
824320219866923018 
824028553067032576 
19725644 
822517901294845953 
29417304 
117652722 
31927467 
1431499260 
27042513 
29442313 
4773940587 
42890254 
3315766473 
89486038 
45341566 
333990027 
19619926 
453520536 
769131639121281024 
16457926 
18185783 
761208706637914112 
759378404554764288 
26518595 
27002131 
47285504 
776198324747575297 
2835886194 
1068058076 
21411047 
297903598 
27855816 
1415490607 
450826378 
19983221 
21001534 
26003792 
550976646 
631577690 
538910645 
430048955 
2839430431 
96879107 
750761019664900096 
16998020 
947636534 
1130662165 
160952087 
2870653293 
729306777834160128 
62593760 
776145368 
196951190 
110789141 
58569513 
173885254 
13748562 
226327052 
3898598357 
3125154047 
36969785 
347877311 
2430945140 
223266042 
132845498 
1288917018 
1288911314 
1288932313 
17438575 
19961833 
94197243 
20583865 
15393788 
4515738869 
575432389 
391423106 
87264953 
14131275 
2668917279 
1183041 
309087942 
94985967 
368543740 
2534125623 
238759664 
470121537 
2916305152 
1715051 
75641903 
483192121 
304679484 
139853350 
22948057 
926620369 
3687721995 
257010310 
17297156 
331926451 
22560570 
111005623 
84194889 
293745380 
306742502 
2293629701 
68151046 
3163091871 
22349389 
71260284 
2557037323 
82644280 
1137552458 
19512493 
1610239279 
3221159175 
2974723930 
2230459686 
3077576533 
3038514943 
18948541 
46335511 
2818322000 
1040321310 
490531709 
33544941 
283114916 
98552561 
973148616 
259750572 
103554348 
2893511188 
522159892 
121562670 
863732094 
135812289 
2174269755 
1259000731 
89545443 
20280009 
19111767 
125370749 
850860144 
19598680 
1134833239 
417449096 
115317306 
237845487 
309848622 
471287735 
15110431 
8963722 
15891449 
2887077099 
384507734 
2841999586 
2863563088 
22084427 
18063173 
160522110 
20106985 
251219812 
64759256 
347759070 
2526786750 
17062358 
1652541 
14569869 
342770193 
2800218703 
19426729 
20098015 
394081026 
114709222 
282392576 
31173665 
441854978 
215394809 
16557472 
164089883 
1615702453 
15126599 
212709943 
29739553 
20982151 
2423478840 
55024445 
295325513 
92017874 
25068747 
85813671 
38005276 
2635161987 
305530017 
46220856 
17336372 
142730813 
368220699 
330446733 
2359476565 
342599843 
456916306 
493278212 
1283561876 
1670174994 
1269425228 
19596687 
144112800 
8943 
533085085 
52378505 
255416474 
35531175 
52087269 
13341022 
310960217 
20136892 
21356261 
7076492 
500042487 
14824849 
835328618 
25087909 
421944319 
320134516 
75974281 
104969057 
602317143 
20108560 
316389142 
204832963 
410605574 
240754699 
109526993 
78708449 
90420314 
92727851 
18725026 
19683864 
532980575 
574168493 
6705042 
813286 
38466098 
31353077 
164242095 
21325066 
84125491 
108568373 
22151193 
10671602 
20155652 
18713314 
24925341 
81859985 
419507602 
501825960 
7376892 
85363141 
26727655 
18720595 
18671559 
19394186 
18713254 
59454817 
65856322 
18980276 
25489250 
18625669 
60032500 
20588100 
27457788 
23006794 
19129073 
44874400 
20286309 
29758446 
14123683 
618593 
19095849 
6494232 
14075928 
14681605 
20687560 
20618624 
19742143 
23512037 
18071696 
621583 
7428872 
755492 
17790615 
7400702 
20240320 
20637851 
18834505 
19658826 
14647570 
14236763 
18887526 
15439395 
17483878 
5402612 
20063830 
