243247717 
65450350 
771956497 
1232647776 
13058772 
792090515172827136 
1339835893 
29442313 
54938044 
32359921 
4869918364 
970207298 
92564928 
229905130 
788135289814454272 
18961527 
62818718 
82080668 
3156928537 
280945942 
277197097 
19082518 
20758436 
15900242 
376756613 
2997491528 
309330290 
2789384378 
571202103 
608310777 
67329789 
617073276 
208618589 
45181145 
17914963 
22653760 
380104286 
25199069 
586164386 
16249938 
386014209 
720407143073972224 
3181202818 
3461107695 
2260373173 
27726303 
409381435 
29289098 
34762345 
197208080 
171781263 
376927648 
76422977 
68761600 
80374392 
139481553 
3899965725 
3079986094 
525785991 
356223783 
148416446 
1075589358 
211178363 
17658786 
14134204 
112486110 
27073265 
17909176 
4024843629 
19795404 
962456840 
33900022 
525005120 
21625098 
50294938 
33832370 
1356012660 
78926214 
302867145 
4619872157 
58360124 
16685639 
30973 
132324833 
19622426 
218648543 
234456820 
3092113912 
57497901 
102481836 
300615384 
2437280700 
14700874 
1933042237 
33014441 
965592506 
17424617 
37045604 
22867547 
381628791 
2830858809 
923993143 
392188108 
25324378 
1635828884 
221485319 
355784391 
233948870 
145480842 
19957392 
36405978 
43389546 
77128292 
90927065 
394308247 
1959264234 
42836999 
20169430 
304743399 
1477541953 
40504673 
2289998394 
500293523 
615379771 
30954730 
46457075 
27453762 
2337086216 
14116807 
2670027180 
526747419 
171284237 
116904758 
16874598 
124827833 
220928091 
55139240 
263785019 
62513246 
786865334 
9810242 
153102327 
14414730 
166739404 
17919972 
64220843 
484390754 
38756150 
5820022 
44673278 
390191371 
336011689 
380612025 
127421793 
17572133 
95246719 
267558211 
294228538 
215691844 
620481603 
2301095718 
86773118 
19921169 
25333353 
1041154681 
116909103 
91474307 
385637465 
265082208 
17117431 
27827813 
1202519018 
69678362 
2514581238 
16194080 
295886401 
34963344 
1621220348 
2549727098 
2439191570 
2342389777 
2307675307 
18557695 
817977 
315002750 
19636948 
22842362 
39930469 
32438323 
2471147682 
27318985 
184477052 
35068546 
2186062965 
2685916032 
1700915923 
481522315 
469484419 
180439064 
252842039 
24123011 
14738804 
2427497144 
168423969 
14524485 
1449000090 
61608747 
191914406 
1456140842 
22634164 
259371777 
153929488 
248493334 
168773388 
631948054 
168708565 
200583835 
184517281 
17041106 
235120460 
910937514 
385125725 
339936927 
61946035 
132865099 
470740219 
1046146794 
112272245 
352312626 
360304674 
108554506 
24699277 
970457886 
106160358 
315393352 
2362238210 
322744388 
16034244 
32187100 
2155786998 
365147874 
16664681 
1882731782 
588559501 
489879335 
43954712 
2744217427 
270083986 
309752505 
45762760 
855217903 
146864564 
123689843 
83699476 
91169343 
21822577 
146189774 
24773851 
21882478 
22189600 
41684785 
474886791 
1345702129 
121004223 
506104575 
735193794 
884162112 
609194221 
308062362 
13339272 
342688623 
19316312 
118952409 
75163193 
726575118 
986106360 
2573083148 
2427920617 
1183685479 
98666399 
2314334238 
2253034070 
2325040147 
226717822 
31045831 
189251882 
247561030 
259391390 
2526812389 
18943879 
2530533960 
599633155 
1460045396 
168701102 
1338067303 
246424877 
22709902 
41163907 
248824300 
41172853 
34534533 
2302468187 
98425584 
1345647810 
1550873012 
171857414 
267078944 
133020627 
259613476 
90776145 
2462348947 
100245906 
222608720 
561630483 
201161210 
2499737527 
1240052310 
2557552656 
197222147 
14519349 
437005530 
500073790 
632306648 
890920170 
21016825 
15082919 
54514059 
215309395 
16075573 
18623957 
2171232373 
15412070 
834261097 
241273289 
15203873 
326380075 
106313085 
16493868 
35427495 
30261067 
15012486 
250708329 
152133339 
2331843732 
457808035 
15397465 
23251100 
2420600630 
552299133 
763296810 
162118906 
2289618368 
1688332591 
702131646 
806175462 
20485465 
58559649 
1402677510 
24657793 
10078 
3754891 
15467058 
817823598 
300269806 
1151400038 
34053253 
298663128 
19684844 
136274193 
2360835006 
167760471 
14166937 
539137645 
66124383 
268895913 
52998511 
2488379388 
198741618 
17794923 
22110931 
328990309 
15882393 
19047089 
14801984 
256628776 
22932429 
70786269 
273159953 
8820652 
14388669 
54904679 
17831708 
817209 
24775410 
20339060 
94682674 
14277276 
1081 
27814665 
17670732 
168857946 
73922084 
35767765 
7130402 
1347713256 
278691695 
12601142 
14870804 
19013189 
25175061 
216561706 
291757371 
242359437 
30239939 
30484294 
427799256 
15293176 
249467948 
54388721 
49049348 
153799668 
95818002 
90720001 
16833934 
97526894 
1487466145 
18450245 
326060460 
60565124 
95023423 
22927793 
58569413 
409265465 
15246951 
500042487 
19273104 
26688109 
25641926 
389321896 
1683260238 
1492607701 
601270110 
19407053 
468583731 
16225240 
31869934 
36728196 
16228398 
88444336 
15703434 
28843338 
44415916 
14145242 
32002507 
6539592 
128267983 
55121922 
27689911 
14526582 
18819519 
112508240 
46100777 
46576295 
268439864 
216444984 
53505588 
58528137 
2209606452 
191491139 
18790324 
375186516 
15177871 
853569163 
17463660 
69681766 
15019659 
15645871 
39651447 
37391190 
19780911 
223906506 
32209489 
263853830 
14791918 
78335252 
889176248 
14474570 
97231725 
39275966 
40316065 
84689694 
369025370 
63265897 
123141016 
35864389 
14847086 
19010469 
30013357 
31738292 
14216681 
14448173 
29743384 
14382508 
37259083 
180461338 
218634414 
56377143 
69428661 
33495086 
31891798 
35406751 
19478383 
271275153 
34282709 
15274836 
20501583 
34000178 
2272238064 
44171091 
1700426708 
64498206 
457365817 
1725198458 
162497239 
490996479 
2355126836 
37844553 
158520303 
84344247 
28465294 
398438466 
277557494 
12880012 
2323356049 
306383672 
145911201 
235102332 
317079008 
292819455 
16273144 
1959009996 
1393061575 
33646355 
82214981 
614512087 
97307612 
2370005035 
94150649 
143606454 
27052692 
150871288 
38462183 
48752324 
28642876 
60630907 
204928098 
29138029 
65491605 
18921643 
21425517 
14980721 
31165657 
43950720 
252637947 
41862556 
168834241 
42458943 
25371730 
18687018 
247454840 
13558962 
1676078360 
14580438 
1591254643 
36916922 
240694705 
1641271440 
1631314952 
56948272 
242525195 
20634618 
219555433 
215504651 
182527508 
128470981 
40313157 
45932490 
198324664 
1007350508 
293852054 
158462545 
95736840 
44454675 
15620557 
18179554 
196252207 
10342142 
444940567 
19351932 
198034541 
188084448 
41479790 
15411998 
151903568 
882192152 
57743497 
28107777 
16341166 
16871901 
22631935 
210824456 
36375825 
50679789 
16926550 
171119403 
400792304 
18790031 
27897667 
236915430 
454332963 
493609953 
514139322 
285571668 
21753328 
24335502 
335713091 
377584838 
30205586 
15441074 
27702107 
14295486 
431983412 
12480582 
13957392 
19988765 
23226127 
27200835 
17523938 
18322904 
18028921 
4278201 
15912508 
15367795 
31480168 
555307309 
9624742 
18965790 
17659340 
373683618 
37443066 
16811540 
406964453 
112447060 
16711259 
217264499 
14231419 
16286848 
43740286 
174137795 
216787361 
2342844458 
30237315 
72927328 
18440301 
1930014672 
56612604 
86879744 
430263165 
358905141 
36407997 
83637011 
18867844 
344190025 
21279340 
114807372 
118966690 
96215964 
133454567 
2372330808 
364644230 
128921110 
211800056 
515361532 
336541205 
49707617 
2210601007 
35120520 
162611402 
336529762 
20205479 
155786352 
28505518 
605025484 
23745072 
28449135 
117503391 
54959284 
97510123 
161078237 
118743846 
45902161 
56495977 
196246545 
17007422 
29518466 
33414304 
53450872 
208233344 
254304383 
219557926 
108436668 
22680659 
25127256 
150546196 
18220809 
522252828 
105669501 
94231990 
420991284 
42162472 
17781955 
37046671 
21681809 
41229669 
118857505 
24776907 
21414413 
17426969 
330509397 
32998543 
28109359 
20867714 
16305330 
21982720 
20788087 
84334121 
26747105 
18583722 
25203361 
194150526 
53073939 
25065495 
88756294 
15730467 
42672470 
802490035 
266652760 
29546945 
232519990 
68791096 
24717254 
19783607 
15667666 
198458235 
108733350 
260384666 
18185124 
333653821 
544523026 
890193608 
265668224 
48935222 
411845007 
57275398 
19713521 
398881539 
257581957 
148311589 
16426809 
19472585 
203123011 
21108073 
146099195 
182161200 
21886303 
125028278 
373617611 
154628209 
16302657 
16832600 
26858294 
69181624 
197554405 
1195176932 
25665666 
544459972 
478878156 
1413660967 
280616544 
1583832175 
87374085 
15475578 
24224425 
16685018 
1241716466 
42936899 
15744490 
312211666 
14802044 
24000965 
17006157 
180498749 
75773015 
18554920 
14465476 
19923293 
453379933 
354582942 
867202718 
147859625 
8310782 
40215499 
19761445 
21832608 
772368 
210986733 
14181272 
15676118 
111188612 
87707239 
42459737 
68290065 
14085655 
17400431 
18898143 
14324348 
21156684 
1093771374 
6565682 
237863861 
21213658 
75351189 
52823169 
20562637 
82673024 
75050644 
19843235 
22190567 
361468994 
151156781 
15949042 
267348387 
15860542 
100842674 
222618237 
28844482 
255716130 
249378879 
348039057 
238856435 
16311530 
78379491 
12566322 
30268257 
36490075 
201531255 
1562177648 
105305259 
96564060 
743856512 
888079658 
46003622 
515838635 
148517828 
18213483 
69231187 
14159148 
22084784 
18638090 
15498895 
22052252 
1454571 
701267743 
56032282 
97602174 
19281435 
26792275 
51241574 
3108351 
2239258537 
335926974 
14792763 
1877831 
392490398 
88120545 
189274489 
14418986 
14895985 
17689076 
87818409 
45564482 
1952674158 
7115872 
182566438 
77500023 
35773039 
1879752055 
17628446 
19402584 
15019821 
15111030 
7586362 
21744554 
18804364 
26554371 
112796663 
17967925 
23459740 
12599562 
16547325 
13784642 
26533046 
15633626 
14123751 
1434251 
46696817 
19927627 
23484629 
24886025 
16832833 
17918704 
11178902 
14360757 
42028494 
21216178 
54730258 
19314850 
197360155 
16313405 
104470692 
29091942 
18706924 
19768692 
38715034 
71080496 
19745405 
24889076 
2195082290 
61627131 
26860277 
75133920 
1153240116 
35523686 
70774194 
14869478 
23140255 
884578056 
39790727 
28453440 
64540763 
54709777 
66456443 
34030502 
854890104 
36722950 
38804737 
27327953 
30785682 
22266393 
15377836 
14717311 
386244525 
151263303 
17074714 
34738598 
10228272 
14920785 
213451032 
8071702 
1228154132 
518564071 
82709408 
78194683 
30978900 
27741266 
14750878 
158414847 
20032100 
21833398 
20214495 
502225287 
374119424 
17816196 
17383625 
25546234 
18144894 
36843988 
259403751 
211328081 
16182069 
113165445 
14910806 
234827422 
14813320 
20551303 
59525345 
17655511 
74186967 
16044997 
17818254 
14378113 
43355844 
133513990 
275085093 
16511018 
292451704 
71112820 
84111040 
25064063 
19550956 
23817584 
2363125320 
66182226 
19077425 
1967483766 
14929115 
310425814 
1598183046 
14891706 
19029306 
11348282 
90671918 
14663179 
84699037 
42229452 
305018584 
14116856 
14818045 
130575807 
14216661 
19000033 
14628748 
26982616 
19147974 
12848262 
103878733 
42680856 
64419026 
27805737 
43731357 
334777595 
185408277 
1411368175 
275836823 
15977916 
224004614 
41945415 
82422038 
164764840 
367438262 
130910166 
66736063 
47970092 
43464948 
20707720 
50374439 
14196363 
17546570 
13964502 
19038934 
169224300 
1330457336 
94235161 
17739438 
21135496 
113149887 
211156941 
57394812 
248856005 
28417035 
69916446 
109455180 
27557385 
17591271 
248415220 
326250156 
43415858 
21365909 
21031335 
1684008679 
40744725 
21522338 
96006812 
1081982948 
18686319 
36998406 
14592008 
17573212 
416276806 
624164082 
66645488 
76738760 
131008651 
1093090866 
818876014390603776 
84125367 
20016977 
138042003 
714249878 
122163974 
386104689 
15803225 
180505807 
89522068 
199149099 
17270617 
78348149 
29848203 
54682125 
234535486 
1344951 
89265769 
91852905 
75565775 
16303106 
21246484 
65772461 
186154646 
41572208 
225579483 
858775411 
16248319 
65268060 
24979509 
259328566 
191958427 
40079154 
378223877 
306397092 
71291962 
28706024 
17207523 
240831038 
239044308 
17813899 
16265048 
35989673 
16201819 
14800270 
93957809 
17516949 
9940162 
484087687 
231796277 
34826262 
585425022 
398998129 
24209476 
20382652 
22997830 
21930516 
6325632 
29549702 
26216580 
224366663 
268416076 
39170683 
18056707 
17568019 
17373631 
17596622 
16605875 
6563122 
8527372 
15179591 
16381764 
19611658 
14389031 
12726792 
15821034 
18949053 
18222392 
65508230 
178525052 
209672035 
176400389 
111639523 
15535580 
55323056 
15519886 
21364107 
88805754 
56503668 
15162193 
210914069 
19213312 
16208309 
19053394 
28606045 
16323684 
16895549 
16307818 
108140192 
12358342 
16298750 
16953808 
15131310 
14213491 
14433007 
20711586 
129895929 
17547274 
27947088 
119925381 
35441526 
86440564 
93714983 
19679758 
14824849 
16423797 
17093617 
115485051 
8736882 
211960894 
32560628 
17861009 
12034642 
24650660 
166723101 
16710152 
232427887 
207612347 
17891624 
20346051 
478098597 
17670138 
39807365 
34251970 
74501824 
66496796 
57555058 
16798382 
2735591 
14677919 
30364057 
20028418 
18812301 
262373765 
228529107 
15957929 
106550591 
759251 
15751214 
17533332 
17892687 
18559001 
15682552 
22752559 
16616061 
39250316 
22019881 
15723971 
15587500 
19028916 
27922157 
19658936 
1769551 
14592723 
41866944 
21898041 
14499829 
22708797 
25928253 
25093616 
16561884 
38531995 
10697882 
23492901 
25053299 
756129 
15744118 
16461706 
14600116 
5968272 
17784293 
4898091 
14090418 
17801805 
16896485 
91478624 
20402945 
18177126 
15227791 
20416406 
21319695 
813512 
20818272 
30080739 
36064729 
16809022 
33798654 
20525946 
14260960 
35084169 
16455755 
17093604 
18980055 
23967554 
4432431 
85289376 
161801527 
11695472 
18932935 
15947602 
14755492 
14939849 
16153562 
14055301 
3459051 
14700316 
20609518 
33933259 
13201312 
15492359 
37710752 
16895274 
17842366 
17471979 
6017542 
24019308 
316865635 
90420314 
15110357 
22797240 
15933148 
17881732 
17551302 
16803032 
18001007 
20305373 
15224867 
19203030 
17170265 
8057952 
16937942 
883761 
18732993 
17682394 
18195050 
17522826 
18536997 
11814142 
16568330 
17271496 
15549032 
19094884 
17823209 
17214008 
3358671 
16354064 
17529790 
12326562 
17062714 
19697415 
20074976 
20006026 
21601485 
45222954 
211518112 
180887271 
87976960 
18194134 
8161232 
76743917 
6433472 
19240337 
114828899 
87911486 
116564871 
18773831 
28423357 
211891109 
50393960 
14130784 
133880286 
16976567 
14916545 
17692961 
17302024 
17853163 
27823555 
15661217 
23853149 
22387994 
53292163 
17460990 
58474131 
22675702 
28651337 
82406395 
71070871 
61822868 
18108382 
17106120 
39539496 
253353616 
203284008 
15227734 
257132515 
14119238 
42541830 
275415386 
9781412 
24209493 
22987468 
26590822 
12133382 
20109973 
14761795 
43192807 
14886176 
28644321 
17539739 
50725573 
15010370 
87 
6708952 
17627061 
71294756 
71099570 
21926959 
38536306 
17505585 
50940456 
15693493 
4641021 
26604904 
20466215 
15808765 
18101713 
22461427 
23922282 
62290422 
20479813 
62586762 
83147002 
41259253 
20551702 
14230524 
26565946 
19362341 
30009639 
35094637 
17899109 
20571531 
20086998 
28196433 
17467699 
40932856 
15211133 
18812102 
31685247 
19673700 
71876190 
50751556 
15588657 
14111373 
16518344 
24459669 
22733967 
14200904 
15476727 
15202650 
19079151 
22145732 
31348404 
18737023 
27099096 
47265329 
17944928 
22565066 
17004618 
12044602 
26551204 
14361155 
822215673812119553 
30313925 
18170896 
24447643 
31213362 
17394737 
20956938 
18784342 
18461515 
16267174 
43843773 
16474601 
39339669 
29826359 
25365536 
33514869 
21774892 
989 
19789294 
22685200 
27555557 
10762452 
13239562 
25706382 
35420665 
27457788 
15163466 
18228898 
32309662 
23006794 
19397785 
11347122 
28123862 
25589776 
26784273 
16675579 
23832220 
25252466 
20460235 
9534522 
15846407 
14901931 
17821144 
20184582 
20536157 
21324258 
15234546 
3475 
18220175 
14293310 
22650211 
20067354 
14075928 
2384071 
14515734 
21131816 
20333461 
15076390 
17074440 
21879024 
5120691 
657863 
14415928 
17742736 
13 
12 
586 
18327086 
20446239 
17524150 
14855015 
18452327 
20173954 
16023371 
14711172 
14269008 
15839517 
19265529 
12003622 
17046577 
20206568 
17801493 
17824900 
7401202 
17221430 
16441786 
5988062 
14210509 
17410863 
17389318 
18647823 
16133698 
16181186 
17068487 
15726720 
18511402 
14873900 
18314258 
17889970 
2837181 
17684387 
14647570 
643443 
698663 
807095 
17920296 
18981482 
12089642 
17138582 
16812596 
16690770 
17408689 
15606807 
18962486 
18892965 
14511951 
18183005 
15905103 
19987930 
16050804 
16191902 
20674479 
19837468 
14917350 
14079041 
17289530 
16220555 
813286 
14604658 
17117279 
17574359 
18083531 
14376373 
15033836 
15938053 
17583416 
18002812 
17984391 
18617559 
18756553 
18171148 
19036071 
18514834 
18741571 
19240249 
17481210 
18790124 
19881096 
16342817 
19948088 
16352605 
20608910 
783214 
428333 
16727535 
19637934 
19058681 
15485441 
8984102 
17686438 
6149912 
7170602 
20 
16539957 
972651 
291 
7040932 
17220934 
2182641 
