80384359 
2211432296 
2273955698 
27949795 
812537427122208768 
233631354 
728462762095972353 
3284829301 
752941181818941440 
4749116628 
4729348790 
4339916900 
375222380 
1450895785 
219050209 
91230293 
3976036092 
3579611532 
2927758254 
24941709 
391040140 
945381552 
2274777314 
2291474432 
75317710 
283384956 
275260845 
2414765971 
2418021842 
2427976916 
733571144 
20097531 
77276836 
609273256 
82303907 
92162698 
31560075 
9639502 
21533967 
95997861 
194384565 
50718079 
40058325 
112799271 
141002960 
18243846 
21267555 
112822152 
24281972 
1700881568 
1708485961 
1700892001 
75085626 
747759846 
747748393 
83675360 
97030002 
115499555 
601272568 
37504289 
259878262 
491671116 
80963425 
931532198 
17045260 
2402841 
164062772 
20109639 
23454739 
109187156 
21926374 
21578875 
111344203 
462552043 
703775612 
22999611 
1122641292 
170010134 
1089795978 
97493200 
436894807 
1353022285 
476268774 
1289643186 
989205512 
1327844048 
34083520 
95089205 
73246614 
237918658 
319783568 
577593053 
431374190 
361880935 
718509860 
961829252 
964820552 
436235377 
155952463 
198642148 
17548155 
385101353 
161383633 
18385629 
125194129 
299516734 
23861595 
50879691 
229274359 
300486939 
207323441 
121294452 
218782620 
58544250 
63256084 
284645641 
275206498 
202811384 
61042081 
263917930 
253687216 
253763785 
81522188 
246894150 
202829020 
213757214 
31504885 
24982910 
147319510 
12630042 
62880287 
47388811 
48238752 
46575132 
95252418 
121287268 
41657723 
87248483 
15717363 
34193447 
90427009 
18983600 
14247313 
16163767 
22267149 
20399004 
74592434 
41463973 
14106829 
89123936 
18890779 
107103426 
20965072 
22579522 
9724372 
16797500 
15525528 
1784841 
22529748 
14404914 
23241371 
4572261 
16683301 
14992446 
23519114 
12366342 
39342935 
21812917 
20013793 
14580605 
29504535 
15400979 
7195292 
27178795 
1141711 
17747719 
14415152 
782310 
30495974 
14232711 
18691048 
17516622 
36144089 
91424802 
61812849 
25832917 
47207043 
14565808 
22052036 
756278 
14124007 
68614310 
20793194 
15213339 
6017542 
10648962 
38533218 
21224486 
44339519 
33983758 
16086928 
21116401 
22878150 
25972961 
22993249 
17937393 
25972876 
14852457 
23856181 
9316922 
17216519 
24480494 
19618357 
53945384 
69428313 
20123484 
18818754 
17875633 
22872574 
15534771 
23785621 
21106227 
14440235 
16469537 
21400763 
42061050 
53173353 
21432863 
23632902 
28622607 
52887365 
41409359 
37997835 
43035346 
25126565 
22173094 
31941306 
46236831 
22100007 
26109459 
95104428 
86167256 
89485296 
72913921 
14555386 
94420803 
34644956 
8474322 
86223467 
43147405 
68438649 
69586607 
15635488 
15209019 
55180648 
16515546 
64638575 
19931638 
21105121 
18651005 
14746298 
41688671 
52528086 
27218812 
17416390 
71586759 
20105326 
34743564 
40162052 
38714803 
46727968 
31344584 
14881478 
6333502 
16820073 
11968752 
24244581 
50456606 
23862489 
16217028 
67421595 
78789634 
18999061 
18999188 
19683238 
45378427 
22439328 
58544943 
4258851 
16666454 
24960841 
14970544 
30340726 
39348261 
17900666 
16055631 
15184616 
25101704 
30025095 
56240940 
43047693 
16061379 
15122803 
17645788 
14694209 
20211301 
15803707 
16986579 
817268 
21922175 
13455472 
16918872 
17426995 
14380001 
12337482 
18932935 
16370848 
20111575 
15299704 
19846667 
21552499 
20286125 
15726306 
21640866 
22853098 
20870919 
14402132 
16942548 
12128662 
18221479 
14680844 
17930729 
18589793 
863031 
16454538 
14392684 
17167164 
16483478 
17566614 
17378207 
15759007 
15389904 
10714622 
14776754 
5401282 
14215126 
10389902 
16074382 
16101049 
16243931 
15209796 
16337798 
16609341 
16458873 
16582621 
16512271 
16673258 
16679334 
14060869 
16621180 
14718153 
16325818 
16462179 
16184587 
16458977 
17051310 
14420726 
17214488 
17193302 
17387422 
17360977 
15482815 
7938832 
11164512 
17143198 
17649802 
9715872 
14529503 
17223981 
14237257 
16006948 
17239283 
15104597 
16889736 
18083748 
15328209 
18205758 
18196648 
11198222 
17068933 
11414442 
17595769 
15689530 
16781411 
16303282 
16364851 
10725872 
17862489 
15164953 
18372306 
17610848 
18491543 
18491360 
16897869 
16017999 
12146202 
6043952 
15520732 
8833642 
18302259 
18344597 
17974349 
14620975 
15010785 
18223105 
18851269 
18689946 
17290084 
15162193 
14592147 
148373 
817398 
15757104 
17262329 
15141266 
16134849 
19303880 
18565100 
18748146 
11846722 
19581641 
17068230 
17546164 
16523266 
14195146 
5944042 
12688392 
19784277 
15023848 
16696862 
15787908 
18910752 
19991949 
14645869 
19758452 
6609072 
1658251 
16958054 
14434561 
7004052 
20174209 
17877697 
12426422 
813987 
18359300 
19264790 
19196224 
14344870 
16732620 
19889364 
20859835 
20997712 
824219 
18756175 
20756439 
15565630 
18628173 
18190965 
5511332 
17908029 
18638669 
18645366 
17658082 
15054733 
15441074 
17086425 
18742647 
5376372 
18024062 
16830825 
17484175 
18503601 
18754686 
18184476 
827211 
18598974 
16240979 
17223177 
17991250 
14267944 
16826617 
15868524 
16002677 
18468714 
15140526 
17607324 
18079598 
18523942 
18118013 
16813034 
17447650 
19134123 
15246499 
18176826 
19322099 
15170603 
9576712 
15160949 
18929690 
17472189 
18065040 
17463660 
16175802 
19430555 
18561577 
15433138 
16167957 
15430448 
18031666 
20285006 
16664681 
20493403 
14662354 
20190772 
15741618 
20353281 
15224275 
19476396 
20652468 
17083396 
16140695 
19672382 
17612127 
17136685 
17516743 
14305100 
16442809 
18504939 
17978918 
20866214 
19772932 
739423 
1609131 
13161 
10690272 
15266918 
15494348 
14827488 
15435089 
16910947 
10323812 
15415420 
17091448 
16793366 
480403 
671543 
17718256 
14120575 
16218259 
9442082 
14391355 
18222968 
16642671 
7125442 
15824820 
17912364 
763087 
13026772 
18255268 
5945062 
17518197 
16267729 
17026807 
18723762 
17246345 
15966982 
17494348 
17612840 
19346108 
1840521 
17792135 
18397445 
14352556 
20278359 
20789902 
16406286 
12584422 
16430580 
14468894 
5819152 
15671567 
3452941 
17047210 
15040500 
8046362 
15601001 
14806403 
16986211 
1019661 
16334772 
14974701 
9207402 
8954642 
12657192 
17402414 
10109182 
14166473 
16302909 
791635 
6248212 
811873 
17222069 
17089852 
15759452 
16837055 
17594817 
76373 
10745 
17241531 
17975882 
809641 
886331 
16836503 
14089850 
14439302 
650223 
15986586 
18146966 
15130900 
14875165 
3107681 
17455670 
14130528 
14416535 
18394582 
16087572 
17668041 
18448645 
14643924 
6601842 
18950151 
13564922 
11069462 
3716921 
19066397 
19077252 
6446902 
18959851 
17094555 
18700794 
13551722 
10373322 
19397375 
17827508 
19176977 
14977120 
10203162 
12859672 
17199551 
18600542 
14570269 
6444242 
8921662 
19226287 
18833519 
18960912 
19746828 
15932984 
19524596 
19883395 
14637342 
153063 
19934921 
17238449 
19575904 
17875503 
20114707 
20152540 
11918442 
20297173 
18575039 
19746820 
16324201 
20265978 
19940701 
18952489 
20488132 
11444822 
18765900 
20632943 
16369424 
16505535 
14904435 
7799412 
20736158 
17902749 
14887344 
20798407 
20731810 
18934855 
20831506 
20811124 
18320396 
12926542 
15670529 
16638937 
16235387 
19570689 
14339170 
20854781 
8071902 
12429202 
7126672 
17074573 
20963066 
19349216 
16677464 
14720411 
15531367 
16159245 
6728712 
17039360 
5417132 
14828414 
36123 
8841422 
14998988 
9335592 
11489102 
16446052 
15498928 
14755273 
17117616 
17127471 
17070252 
16645396 
17139942 
9884292 
15490471 
17162469 
6323932 
16387676 
14228625 
14447142 
12034052 
3968171 
15974508 
17205874 
6559052 
17100288 
17184065 
15419707 
14668189 
16212145 
38323 
17092949 
8182392 
14333474 
15441947 
12939562 
14603515 
1117341 
817838 
15818081 
11742812 
15329188 
8248752 
16789220 
15921158 
17079233 
16743886 
17265678 
17380152 
781408 
14779649 
17390624 
14326765 
743763 
2136011 
14446704 
17129687 
17127648 
5796972 
14277755 
17304848 
6253982 
17429310 
7543392 
9543092 
17323979 
15637073 
15230663 
7868742 
16227248 
17041877 
15371474 
17210385 
16563352 
17353311 
15941221 
16073612 
14998161 
16023620 
16252100 
6596762 
14188559 
8876122 
16150054 
17266695 
17604978 
14317959 
15167134 
15142209 
14474435 
6732692 
15949848 
655613 
16591728 
13883352 
8912292 
15105269 
17407828 
16857532 
14739929 
16015621 
5835982 
14779520 
17848715 
817283 
15642470 
16374692 
8831412 
16551714 
12371632 
17357520 
14394532 
14389132 
6846842 
15485308 
17144487 
16744602 
16057383 
14703696 
14718028 
18060052 
17850085 
18119373 
17598489 
14892026 
16314416 
89903 
17659164 
14948334 
17376328 
16535302 
16748099 
14605012 
12653332 
18193396 
14334551 
18194857 
16535387 
16266391 
18188772 
18186404 
17994167 
14262105 
18148156 
9900762 
17950262 
14210181 
16741955 
16174915 
6367182 
18252258 
18268190 
18198861 
10210 
16817883 
12279 
1195831 
1957211 
15549696 
1547781 
18124702 
7565162 
428103 
14737472 
18291099 
15193328 
9695292 
15804503 
17723206 
16038748 
18226486 
14518301 
16845625 
18280908 
18344398 
16296116 
18318091 
15033696 
7323012 
14535508 
16364843 
15411411 
14537384 
13882422 
18169304 
14834340 
14511951 
18242084 
17313150 
17976669 
16339412 
15577078 
16089738 
820661 
16895713 
17919245 
14095052 
17051344 
17789291 
17872594 
18442325 
18050020 
3722591 
9507822 
15193748 
16933490 
15441965 
15756049 
17390796 
10355572 
15976584 
17914554 
14514764 
12144232 
16069787 
1552191 
14911136 
18257757 
17788979 
6339822 
18576036 
17769019 
18062553 
18596826 
18597913 
17767067 
16687079 
4077891 
5692542 
16696839 
17087374 
12568062 
4170491 
17957595 
14731900 
17575015 
14481475 
15791263 
18082641 
16174854 
15223209 
16407254 
14647570 
6480452 
14294853 
16862209 
17739927 
3739591 
17677806 
18695520 
17826187 
16440005 
18090086 
11242392 
14311992 
17900990 
14761692 
18796098 
810811 
18829478 
18852393 
15443821 
14981005 
18919275 
18808745 
18804480 
15871529 
16363972 
18874870 
18940200 
16193943 
17596014 
17749136 
18969732 
15937164 
15357991 
18091561 
11353432 
5916122 
19071056 
16367529 
19189179 
15438072 
9573382 
17033321 
18970984 
15671132 
17831464 
16828238 
16662054 
15965271 
18536672 
18958576 
14747854 
18273186 
16750919 
19559177 
19558328 
15521204 
19552281 
19520463 
17799918 
14378272 
17350399 
17903691 
19662589 
15977422 
14376012 
19685983 
19340220 
14745605 
13322212 
18488836 
898491 
16181186 
16916369 
14638010 
16795047 
9802572 
17881977 
18835108 
16857291 
19044634 
14708546 
15704986 
17466933 
14493552 
19810859 
18202230 
15283205 
19947212 
11624662 
5364532 
16043504 
18969174 
7475402 
14922622 
18685617 
14704715 
10058082 
20109967 
17154934 
14278144 
741283 
7017102 
16102421 
6499032 
18533743 
14462691 
19471268 
15988660 
19634143 
14452940 
6541842 
18323797 
19292940 
18316130 
19627184 
18696568 
19794980 
12046642 
15908105 
19302286 
16535534 
20540298 
16746689 
20564871 
17217247 
15295412 
20625934 
18193657 
20729377 
5780992 
20751695 
20734538 
16919340 
19740002 
15898181 
5490392 
16745147 
18235256 
18370367 
15828500 
21016181 
2555101 
20971126 
20888604 
20804572 
20210157 
9551102 
16529658 
18398991 
12762342 
16460227 
18225486 
15859039 
21017141 
14019992 
17171379 
6513952 
17598175 
18956073 
15034454 
17446887 
18853647 
7055862 
11381692 
30973 
16818109 
14347112 
14610645 
17446486 
17460739 
789569 
17399229 
12854372 
14818663 
17218682 
15722281 
16023050 
10111172 
10974802 
14205924 
15952509 
17473413 
16047895 
17293487 
16841881 
11446932 
698343 
16371668 
15935927 
8322152 
16593392 
11353762 
12216122 
1432001 
10311712 
17194296 
17701748 
16511126 
14421054 
14633147 
16549511 
3844341 
13170222 
17874767 
15862885 
17793705 
17087370 
14289937 
18021820 
16146161 
5405962 
1497341 
15754432 
16210831 
17473278 
16654030 
14562837 
3479311 
17216425 
16024433 
7273732 
16649743 
16899697 
17266249 
868101 
15948895 
17117626 
15464891 
16306595 
16515297 
15141310 
16227675 
8046402 
16348705 
15254955 
16728054 
17227205 
16358735 
14662837 
16580993 
14353773 
15786780 
2053491 
7365272 
5780652 
16178900 
819381 
14318303 
14336497 
17823107 
18192216 
17632297 
14256894 
14296053 
16891021 
10079222 
7598222 
15818393 
17328295 
17559709 
15751656 
14871593 
16892448 
14588261 
14213322 
16692336 
7470422 
974411 
18215641 
733383 
15605658 
18223811 
14401862 
12058452 
11730 
9100742 
18089126 
17842735 
5659512 
17883729 
14828516 
9453872 
16124082 
1470281 
17644479 
6429402 
14838820 
15794195 
8315692 
18185121 
15845915 
16178254 
17966642 
15905252 
18014212 
18378929 
17413174 
15941090 
18379672 
4132781 
17266754 
14980341 
16743203 
18486070 
14208767 
15618016 
10394242 
13703702 
15856270 
7189982 
15098496 
15081587 
16518494 
18620828 
8456162 
15137329 
16007274 
18487229 
14751273 
18072353 
16018141 
16832688 
17581955 
13759952 
18634336 
16954092 
14127332 
12234832 
17131012 
16674927 
15326135 
14903152 
18639671 
15235666 
14949470 
14799691 
14449703 
18784805 
17108121 
17948850 
1811941 
18975283 
18981863 
16653755 
15704639 
18755975 
14289660 
14197732 
18922887 
17644436 
18837987 
19118069 
15820646 
15679329 
730423 
9409732 
19370642 
19500545 
15828651 
11753292 
18517504 
18206244 
19128879 
19430999 
15848442 
14466779 
8124952 
4131861 
15753624 
11203112 
17658282 
18369338 
14752281 
16424411 
16263394 
15572516 
14359325 
19577660 
15489716 
12886922 
14237109 
14178003 
8613272 
17986229 
2878471 
16033288 
17970339 
15024293 
18154356 
14213226 
19054695 
15618780 
6654142 
14632470 
19841284 
14817271 
15712425 
18058609 
19658936 
18235069 
15525823 
15026968 
20119553 
16723838 
19826782 
19867471 
16547156 
18393753 
5775222 
15801680 
16015202 
20259438 
968341 
17454536 
12575462 
20086360 
19936994 
14869296 
18879108 
20348479 
17993496 
17397436 
14325188 
18689643 
17974748 
10718 
8334322 
18168623 
20663322 
15358040 
16635918 
18458302 
20567315 
16831627 
20549654 
16277331 
18584722 
20214432 
20945423 
16331414 
19089507 
20820911 
17609963 
4643251 
16987565 
20828852 
35213 
18280030 
19047201 
21116838 
17627869 
14636086 
13443292 
14049295 
19928374 
19922305 
14571343 
19631918 
1964791 
19788420 
19873341 
19829398 
14648779 
15015405 
16227090 
15757352 
14344297 
19852545 
6509522 
15473972 
19746639 
19756197 
16933767 
16557300 
16262591 
16943168 
18869308 
16164520 
16743245 
18920250 
18059401 
17649076 
7966202 
18959364 
3170301 
19406604 
18275588 
18712655 
15899325 
16863024 
15023153 
15905182 
18258453 
18419738 
10478762 
19093575 
16461518 
19308651 
18817876 
18916472 
19299416 
12117402 
17874567 
18927233 
14868107 
19125285 
17379264 
16645335 
16789203 
16956441 
18775042 
19218640 
19061090 
11738762 
17663659 
17296920 
15349191 
17341034 
16921524 
18149498 
17151660 
18847660 
18152775 
18810580 
8999412 
795193 
15114183 
5972282 
17763421 
18763527 
7792102 
15642728 
822331 
18525498 
16508593 
20735406 
19786525 
19897797 
19572921 
15200655 
19994116 
19040380 
18041530 
19947978 
12650182 
15727132 
5255121 
14782042 
16115979 
3567281 
16230239 
10475492 
1612021 
2737261 
20568961 
18734025 
14288122 
20588331 
9987462 
15367220 
15131310 
5741722 
807095 
783214 
17903735 
19012393 
15828949 
19001393 
813286 
5392522 
14124059 
17999081 
14719279 
17914502 
17004377 
15063268 
15444308 
17324121 
5570122 
