62979613 
602010286 
48888296 
92163200 
462257774 
2957290977 
2434121198 
1942186009 
2951803521 
3402790222 
1444310226 
4253952153 
750515526431023104 
3526650196 
574820918 
77101050 
300803547 
829885437028265984 
774343284 
555396947 
3253081458 
19110632 
17764791 
28657224 
412314779 
14124417 
550306231 
214071959 
86980309 
1069768524 
115218097 
101803546 
467923636 
510752482 
417998784 
902021832 
111693973 
305712192 
167207194 
413249229 
37654724 
2275165728 
26560182 
117196211 
18030626 
36240331 
15723551 
13695582 
158916937 
201226316 
365017572 
46444632 
134817913 
338562257 
1329348450 
1075144020 
33573444 
572079091 
129706193 
5988062 
24705126 
373416209 
3306792553 
19725644 
2415295910 
14345566 
303284209 
50745523 
207632907 
20776696 
54067035 
24376843 
14894708 
17099994 
544487051 
26523408 
38466098 
42041375 
92096980 
15827923 
281158191 
108327147 
37412873 
3616210637 
1129574192 
181984840 
95835083 
80039675 
27877874 
182441611 
69079104 
19877186 
2233154425 
4922918473 
3262953822 
289301958 
412765470 
121341102 
461521888 
287858728 
305275926 
226620834 
17967925 
17369005 
494414941 
522282462 
582257502 
62513246 
10443712 
23765021 
46244865 
17600533 
1325619745 
634898730 
13784642 
46696817 
15447034 
427475002 
18964696 
177446118 
60628575 
24886025 
845743333 
15898172 
135490789 
100572292 
16886511 
76509137 
19397785 
89447848 
103736682 
44513878 
66748683 
14677919 
14961052 
861632154 
125466863 
131656042 
415117357 
112540490 
3921411 
67631863 
54730258 
17515266 
135556290 
30023464 
71800265 
80877673 
154643261 
108707915 
499277808 
60091288 
17075581 
17000238 
579162428 
57379415 
34908698 
46684007 
287712766 
457697999 
1382084286 
28419789 
48022843 
18910795 
71392584 
29516133 
16185450 
44992488 
94654133 
36144714 
20644851 
19031819 
467920410 
25282328 
271596741 
15727642 
15725161 
18393773 
6218592 
14199378 
21901394 
29292666 
22938043 
87522861 
16528308 
13602482 
52782371 
776010745 
1194792216 
310256881 
179237799 
55015789 
94352013 
553366680 
105243655 
1078474885 
145261541 
512328041 
158514245 
160597239 
302702077 
178888490 
534346465 
533262272 
438666841 
44987124 
33276161 
249238107 
26276954 
21902103 
61535727 
11606922 
55338739 
192306349 
49987278 
24930984 
150034875 
54569860 
46303968 
30031547 
19639085 
14468453 
224291110 
138058551 
40271116 
44039298 
71597660 
83671419 
16517711 
36242119 
26530883 
20096801 
17372756 
16256307 
29858710 
49304503 
15633626 
22049097 
224292790 
207556557 
225056827 
257962497 
259316196 
256577695 
45608946 
21399726 
117457591 
171551939 
15647032 
70797155 
15549462 
47779310 
16300314 
80606078 
35859163 
103036462 
9279652 
22972227 
39411931 
180483911 
32469289 
212633492 
196690034 
171625554 
214934343 
202824438 
86124877 
101848813 
9273702 
18224553 
16622434 
26625950 
71867406 
91425113 
27720813 
124272317 
18451031 
31273373 
20789580 
177649586 
107230399 
18843505 
131204770 
13077992 
140162018 
100009937 
20710330 
48111128 
27901722 
17190078 
57133313 
26067651 
16221237 
104929400 
23137581 
118152467 
39506841 
9774702 
18199580 
36962964 
1755601 
64826699 
189945073 
116858270 
169656866 
117661627 
79894906 
96366398 
90968277 
91693249 
116798560 
145320475 
31515407 
31414477 
92339730 
28131891 
16582903 
45905874 
23066511 
37253494 
19802879 
191555922 
69419787 
133456403 
126086206 
15359126 
41593521 
38160029 
34554714 
87470115 
44105061 
18245045 
47980351 
36691271 
42354375 
16334857 
47741754 
12848872 
155960083 
136038915 
19816859 
65433609 
87459327 
20487758 
21744554 
50767234 
87815460 
167027557 
86976442 
66803101 
21665251 
16247494 
85362822 
92131889 
16954760 
134853206 
23031789 
129932398 
32167943 
36168191 
61823228 
25165225 
41921657 
15220054 
58702954 
21804086 
19579513 
16115407 
107750691 
65438637 
16318228 
23069298 
46326721 
97552828 
86331043 
29464374 
87195913 
19803638 
19601117 
45413899 
24740868 
16929419 
19211048 
44392051 
46593925 
16588111 
16275282 
20629465 
77258747 
107113055 
17057271 
80083850 
13306282 
53344613 
23819099 
17777344 
28841556 
8231742 
14114564 
18458348 
18065266 
15585350 
16712361 
5695032 
39585367 
18036441 
16810581 
157052929 
123470226 
35321990 
31357385 
97989575 
20235579 
22969958 
81440374 
20436609 
36884495 
14813320 
8220482 
41384286 
136370028 
128183218 
25534282 
17342703 
36954582 
28650599 
22330615 
26284290 
34403882 
35859879 
22833721 
21333572 
63268295 
40890878 
14502632 
77256087 
110564548 
22067186 
7696602 
6296992 
114307229 
16044065 
17541539 
148440737 
14209737 
18633493 
69164646 
14947962 
20693910 
84419098 
38157388 
23128654 
103008148 
59135405 
15837172 
16630817 
62527063 
16667462 
44984439 
45943457 
23967651 
15089174 
20102938 
41177169 
19606324 
65383780 
32509562 
20592280 
52078696 
41905308 
55330872 
22097835 
14531709 
14787969 
27868605 
20149232 
19094000 
26372683 
41164651 
23074915 
52838996 
71564153 
123671915 
52421606 
60978932 
34720331 
116586841 
21712711 
14934832 
72633501 
20095468 
21223663 
19667420 
135341750 
35066660 
34322946 
23479891 
16034531 
105226157 
17991241 
135815730 
21822804 
113673201 
26772762 
77002051 
123917149 
71659063 
17632346 
10020232 
108414006 
44452078 
17596162 
19660388 
98735732 
36303200 
19673075 
28412100 
73271188 
35761106 
19402238 
25502100 
1435461 
62926652 
34100189 
3533231 
80056556 
14123342 
26020993 
49716013 
41384722 
31228165 
29066027 
74789348 
16228699 
15347711 
78788049 
12366342 
20554910 
16286660 
47228999 
71614119 
74882825 
24393606 
72585833 
76780089 
18944156 
76370049 
43948557 
75079157 
74792668 
71855666 
68996943 
38711055 
67390120 
38045782 
36065075 
25391676 
10379542 
17292641 
7744592 
22148825 
19026396 
2830181 
29975003 
28850393 
19120850 
22044232 
52957777 
10126672 
36174760 
24234881 
47364898 
38673301 
41605237 
9675872 
16257781 
15530618 
53189084 
33581938 
39064497 
39854492 
36301156 
25421777 
43365782 
37447014 
40392782 
40393197 
40892618 
34948974 
22163860 
26588489 
20938490 
17625183 
56841153 
51398124 
52036668 
20030152 
20337834 
34373370 
28509772 
17596622 
38264800 
15493365 
22867899 
44786714 
49787198 
55052415 
25876106 
55290520 
34266230 
61512501 
61108907 
17485720 
58232533 
56797836 
54446531 
54604540 
27736804 
16845433 
15947300 
14172201 
42153873 
31838755 
39648251 
39655367 
1044591 
17918704 
26194528 
52724267 
48796917 
29735544 
42912136 
47659954 
55061306 
56440562 
54552512 
42502538 
45188909 
55053053 
42936368 
46177600 
31413402 
41389461 
41355177 
36374702 
41313796 
21886855 
50640222 
49022208 
32474117 
34367389 
54646977 
6051402 
46172942 
43935802 
23798598 
40075414 
55555373 
44466275 
48310233 
30039340 
30319319 
23981982 
52713958 
29571099 
47588127 
19339631 
24160730 
42620884 
41336407 
14666702 
40942443 
62860209 
61357231 
57547046 
30691135 
15527132 
17658729 
26612097 
44525289 
18055709 
57362620 
52833501 
41587124 
55250508 
41866306 
47501052 
17207024 
18028437 
20260430 
55605010 
57390939 
47373243 
16568227 
23459911 
20220676 
52118400 
18957805 
53439838 
20725159 
23925649 
41164457 
27896306 
27817203 
19913448 
55352092 
14180993 
43378368 
17176921 
17364916 
34000134 
54296912 
52403651 
36598702 
52435215 
45339735 
19608653 
17997214 
47469312 
49750429 
9880732 
51148470 
33776903 
24199279 
50731025 
49728119 
39669463 
50947287 
48548781 
23312308 
45906297 
46035167 
39437055 
19137343 
49394957 
25931153 
17029373 
49663646 
34981344 
30140594 
49543860 
16143516 
23103171 
15623301 
44744624 
31610008 
36699753 
15584429 
21359138 
27759725 
47659332 
33668099 
45911723 
22393714 
37107454 
40727861 
20600991 
23646876 
17197477 
18057165 
39615787 
42633150 
45979300 
20510114 
47546581 
28038158 
25482268 
46425352 
19544911 
46260582 
7765842 
14210978 
24880749 
43903041 
18139026 
43462357 
38679663 
45703913 
30272229 
16369049 
31109539 
46268181 
18734262 
44172548 
10668792 
42300167 
14245828 
14435136 
14562275 
36757962 
26747225 
19990754 
26293282 
16689716 
45518655 
42509055 
18941213 
43410902 
17907332 
42678391 
39419589 
23834147 
35387397 
36114729 
19663518 
30939509 
18341301 
19392214 
40421358 
31755087 
23800769 
34324583 
39348033 
25298309 
30877512 
21231523 
20694943 
22213675 
30100625 
29177951 
22470102 
21678535 
30227377 
30919650 
9998602 
29514312 
28040177 
20338198 
20775399 
20598281 
20506785 
34715154 
23096525 
20646678 
3175741 
21248549 
33972897 
22803482 
24875376 
23087903 
20233928 
20600676 
15866588 
8649232 
23803664 
30228390 
18596826 
44659500 
40946856 
36918909 
38874577 
23866472 
37678041 
15657064 
14526700 
16592473 
31051633 
22159787 
18950696 
42926413 
27055480 
44228534 
29276194 
38717351 
18360174 
41966436 
30911544 
30913492 
35010124 
36115762 
36113454 
19413329 
15661031 
14275261 
20712028 
19750344 
16686722 
21328726 
25309146 
22162576 
35958852 
17133214 
20039495 
14859204 
20593911 
17539739 
17787705 
14073364 
19614654 
17899109 
17922429 
14077786 
16915778 
21347530 
18676162 
17027766 
15108785 
35000403 
42905063 
38518644 
37993654 
38270145 
31243743 
27702412 
20149254 
13768932 
43178066 
28488253 
36393225 
22193646 
30622080 
22656178 
33175632 
15981549 
16738472 
21078954 
23241651 
33595050 
37731396 
43133675 
38879222 
42962572 
21667361 
14821347 
16485505 
6572712 
7790392 
41441002 
42681572 
27060914 
31290547 
42183662 
37307516 
36421941 
27640509 
18848208 
27881452 
22929838 
20421939 
18739596 
16483016 
16446860 
16906972 
19912362 
16391841 
5031151 
15412242 
15033836 
24201400 
20918760 
17134665 
18498684 
1317671 
17906684 
15519938 
13697722 
15794195 
15433693 
9296612 
15643524 
16419462 
19674485 
35017304 
17979453 
10286782 
22947870 
6794502 
23452522 
9893772 
17918542 
17658073 
15456329 
19939139 
10880202 
41522475 
15235543 
29239405 
41293334 
32818111 
40300240 
41807114 
27105213 
31148947 
19084908 
19357237 
33967735 
38599009 
34066807 
14702533 
21702689 
18560904 
25546158 
16321871 
24649115 
23804959 
36345430 
20012855 
33673859 
39276179 
35625086 
22763447 
14679046 
19638006 
19571800 
39517053 
40063090 
33642650 
28441373 
34616090 
25345833 
29288957 
23498642 
24972171 
19644747 
23826537 
22663130 
16047728 
25237405 
17448950 
15707328 
8940342 
15791186 
15727352 
19077044 
16280513 
21329300 
38602676 
27887889 
5791862 
21034570 
39312615 
16932182 
25638183 
8521542 
32309662 
15012486 
18665800 
15163466 
41266742 
37964089 
40943170 
39740893 
22703078 
41361826 
20603062 
19248937 
14293298 
20254889 
38269147 
15980539 
39653354 
28575527 
21487473 
27299232 
39780102 
10667882 
19066621 
18822990 
39998224 
33221567 
37999722 
34193035 
35550191 
21093867 
37729467 
19101887 
30531219 
20845409 
18295983 
39272418 
33710200 
37525889 
35983135 
20008519 
23381333 
34197012 
19702137 
26632351 
18648378 
19408644 
26014310 
18679234 
18728980 
25246168 
39525069 
20127411 
36229703 
23507761 
24239701 
23395468 
32175709 
15791159 
33741840 
19036725 
37273321 
26908306 
24701442 
19066690 
17375483 
35536783 
28289062 
612473 
791197 
19658936 
5917472 
17543387 
14615687 
14123751 
9321742 
40003029 
39776468 
27491646 
22029942 
24091377 
37567885 
39471878 
24537650 
16226848 
17787826 
32492092 
4969501 
17410910 
17148715 
15042887 
7629772 
37472079 
38830215 
15397140 
18807112 
17348088 
25378359 
37995661 
19610552 
35032623 
19508503 
35631558 
22984957 
21487477 
24942518 
17630958 
37775275 
34019783 
25069628 
21916630 
36009864 
20566515 
14848228 
15116084 
22239275 
10858802 
33945850 
32520240 
21303281 
21567449 
25499805 
22151311 
17560856 
19358959 
19353681 
33930990 
20335582 
15981664 
30895199 
30952967 
19976761 
24202602 
21654208 
20684809 
25261752 
21351013 
21709837 
25542044 
16930466 
29306910 
10504742 
27935464 
15244450 
24668309 
29088574 
23824100 
26768058 
30947417 
19347629 
21188259 
25008152 
20625054 
37457251 
16257640 
37646257 
31315082 
33556325 
38470492 
19344232 
6595682 
16892481 
29479847 
20092523 
33096042 
29849568 
21907266 
22534205 
34433261 
17137890 
19750645 
19420020 
29225509 
28409967 
18171520 
29534671 
22813359 
22836349 
15006388 
22339236 
19800923 
23974548 
20089896 
15780496 
20536641 
22080898 
22809630 
22192870 
19405425 
23456043 
30248212 
28127567 
33719215 
22141797 
18624131 
9525702 
18603652 
16248122 
10450152 
18193924 
21799699 
23641128 
37477057 
20322727 
31258723 
14191322 
36192402 
23311924 
33362779 
21943549 
21332359 
16682473 
37443975 
28987739 
19384782 
14341268 
34363328 
30848629 
20858217 
25495393 
36121253 
32416978 
32132991 
30069420 
19610660 
32236806 
29472298 
36677660 
36746582 
22000692 
37717665 
9908802 
27388467 
26110736 
30913844 
30217006 
35298249 
34001052 
15047178 
21785913 
21332596 
25336238 
18235817 
36384817 
21313357 
19346065 
20459404 
29347674 
22132568 
35702394 
6604072 
36001123 
35305192 
33427732 
35650234 
35319016 
16813324 
21303818 
20088983 
22552755 
20259884 
20783244 
18168745 
19600643 
25674676 
16649915 
16318652 
10878852 
16713771 
32532435 
30176311 
18506021 
20822797 
28471046 
34487327 
27074791 
35025426 
24689021 
10915142 
2728651 
17845539 
2444931 
34207097 
26069026 
18775070 
17291869 
17919913 
24971177 
26977795 
28107042 
15820371 
33850714 
26748889 
24700916 
14142588 
15114927 
20019567 
20751981 
28258216 
33521869 
22731153 
22934047 
16626603 
25157561 
14792079 
15089620 
14800270 
14441010 
14584879 
17211477 
18941075 
22182297 
15740610 
18777269 
14646682 
17237540 
15371292 
26278736 
24239110 
25110358 
3779381 
5898772 
5899432 
8254982 
5940892 
5940972 
28072542 
14172660 
18496373 
16425419 
19867432 
20646864 
16077326 
25884563 
33149621 
17026091 
15910704 
7524932 
16939919 
30559714 
14621972 
17800505 
15478557 
32575744 
19453673 
21837533 
14404053 
16298452 
25615193 
1268821 
8320432 
5940932 
5941002 
5899802 
5747502 
5899172 
8255122 
8295072 
14722371 
15265775 
21963179 
15318681 
31208184 
23538866 
17194257 
19291042 
19917508 
20699426 
19996137 
15571529 
24445264 
30641139 
13950452 
27101746 
22269057 
25217077 
25666192 
23852985 
20686023 
30065545 
17983854 
30034217 
21890613 
17964765 
16614602 
10867 
16294267 
15736836 
16243030 
13058772 
18981321 
14683278 
20343117 
29910313 
21189622 
29699457 
25681991 
11769882 
27797588 
22211236 
29734917 
16726035 
25095050 
18907371 
16244530 
29051754 
20592762 
14626738 
15676796 
14746921 
15496822 
15674867 
15664251 
15904269 
20287867 
24121396 
19559296 
23987053 
29705970 
20290473 
17967428 
17850279 
15496218 
28622801 
28417656 
16351242 
29376908 
18778337 
12604912 
3329101 
8981 
26390405 
21096922 
29074007 
20437535 
20414217 
20403360 
15631647 
29206023 
26022056 
19713660 
21226678 
17369110 
16586122 
16536844 
15946645 
19814678 
24831707 
14915031 
23954720 
23602600 
23444864 
14354091 
14125800 
17624344 
17579133 
16635859 
20868794 
5694822 
14884486 
14721716 
19259102 
62893 
2488541 
11178902 
16311797 
20440823 
15923118 
22842421 
19344703 
17296072 
19040451 
18359352 
15816918 
15088772 
16346529 
18995389 
23678982 
16950863 
18703385 
16828208 
24018139 
17134165 
22555330 
22955125 
25201886 
26070176 
20417412 
26777748 
27039511 
27159415 
25226477 
21787433 
24879158 
15459709 
26937936 
19033547 
8964802 
18985920 
17634151 
15640950 
16806352 
24226621 
20250347 
16101100 
16349861 
28310429 
18193800 
788524 
1412991 
15260666 
17867412 
26547574 
18709862 
19681410 
36283 
20799075 
27906925 
14304630 
22055125 
26146221 
28074656 
27854148 
21073520 
17539823 
19872642 
19196161 
20211231 
22332902 
20311000 
19909768 
18853278 
20023129 
20027456 
20955902 
15486369 
20796192 
18994460 
20287239 
15111215 
19845293 
23247030 
665783 
26627356 
20687708 
14575053 
22022142 
23590118 
16695903 
19687776 
27575408 
26447444 
27205588 
25348519 
26514719 
27260632 
22485040 
24443010 
14912815 
22235045 
24766725 
15891145 
27026157 
26476321 
25690886 
20313090 
16348274 
5817402 
1905751 
15341050 
23796602 
12789992 
1807451 
16425132 
16055066 
24076070 
21374716 
21657611 
23560655 
26722762 
22377009 
14327320 
20701384 
23805507 
19023101 
14379026 
18031870 
14079425 
20150502 
18726016 
755103 
25734008 
25791768 
25512264 
22859025 
19306330 
19269826 
673973 
9544462 
5653322 
22301731 
19341895 
13028712 
1763791 
14564603 
24050675 
25332204 
23681099 
15910128 
14564695 
25117576 
23015831 
10401902 
23583730 
24892152 
22089730 
20004419 
23340119 
23071153 
9340912 
19683006 
15168871 
21582796 
21625488 
24421768 
22336717 
23672231 
23574950 
19679945 
24530900 
20249689 
10697852 
19911954 
15342142 
17348724 
17442357 
17442033 
14713360 
12079312 
62603 
6449282 
17627132 
22412051 
22868368 
14380807 
15048339 
21397116 
15090317 
698733 
2367911 
18724720 
15147370 
20536103 
15603387 
15705437 
23818756 
21931173 
23542014 
20635387 
24014317 
24075207 
7138742 
17134985 
17554456 
18037907 
14456888 
21772084 
21021824 
23749329 
17576192 
14729646 
2518321 
20966753 
15786930 
3429851 
14961645 
10136262 
16630062 
22086450 
19364147 
17560630 
16335611 
17851248 
11962922 
15746009 
17826553 
20696806 
15393168 
19376958 
18473787 
15178841 
17575000 
23518491 
15519727 
19365083 
20856257 
18244809 
15830500 
21086432 
18113306 
3032881 
21754623 
12728672 
876681 
1481191 
1478151 
1044771 
1047961 
794808 
22077335 
20515090 
15935304 
23032597 
18054941 
12335 
15329425 
19606528 
21460803 
14247163 
15464661 
21760231 
7230172 
15328554 
1399611 
19776585 
16333183 
22144250 
21360280 
10191572 
22140760 
15769042 
15283008 
63043 
22797509 
17304367 
20643270 
7547842 
17430018 
19649789 
20657212 
14711172 
849 
22622701 
11106282 
21960740 
56623 
10268302 
22235553 
18753370 
17872744 
8273462 
21877057 
14224719 
14370639 
17997382 
22596969 
22150249 
22212487 
19467480 
22184013 
19584222 
17601576 
16815514 
21047743 
19402584 
16695797 
14422993 
22494398 
22281869 
18944705 
17248079 
17106175 
16429977 
3339171 
5120691 
16248739 
20571434 
22295815 
22213862 
12889912 
11148502 
21842550 
15725000 
13484972 
20950225 
11294522 
19107253 
18143374 
16851328 
8401272 
7879972 
15944096 
19116563 
19193052 
19476914 
14703025 
21407335 
22033234 
21830574 
20243083 
17545037 
18377093 
21206496 
7984372 
18642676 
17563655 
4898501 
5741722 
15137996 
15410701 
17194296 
21766686 
21136751 
21080122 
21710524 
21683930 
13494812 
19927627 
19488071 
21433827 
21464231 
17352423 
21657799 
18371803 
21600059 
20915660 
20159474 
16150075 
19313848 
14630174 
20128042 
14651412 
18730816 
898491 
18087450 
19835154 
20213457 
7695782 
14952156 
14522546 
18326837 
15938321 
16819278 
18312906 
18073211 
20852044 
15615814 
36243 
13142132 
10546442 
18855573 
804455 
14774895 
15393582 
12589972 
16423673 
16670993 
7593322 
1440641 
15274836 
10389902 
19603472 
21015067 
14647570 
15764136 
15905103 
18360370 
9667772 
6519522 
3759441 
5020391 
9411482 
769216 
10875592 
8833642 
7212562 
18647679 
14148317 
6395222 
75913 
18342200 
21283757 
18903971 
9027 
5692662 
14653298 
20572816 
17450848 
8973422 
649673 
20008832 
18086617 
17242874 
21094745 
7090212 
20461922 
15630097 
15250635 
20249437 
15089216 
21307517 
16579631 
14052179 
21317451 
19562578 
20830163 
965651 
14340848 
19676634 
16053846 
17174566 
20351895 
20915277 
18077728 
21142859 
19452093 
17843498 
18228975 
18774555 
17495638 
16363961 
14590451 
16911876 
18041350 
18021686 
17574318 
6319192 
19067917 
5348862 
15074876 
14421362 
14521006 
14116155 
9312452 
18020120 
20162219 
14353609 
17544803 
15233135 
15950543 
16611828 
18179645 
19253330 
16936674 
5029071 
18637014 
16825652 
19625490 
15291202 
14701750 
16794089 
14276707 
15678107 
17879538 
12910952 
14997283 
9964202 
7027562 
15663307 
14866770 
16796557 
5131231 
17062031 
6149912 
20576531 
772386 
18197457 
7411902 
717313 
4816 
13 
11041 
16381558 
19607400 
1289321 
16148688 
2571781 
15685837 
6090652 
5563902 
5944092 
6859982 
6647482 
6944422 
7087492 
19937653 
18313204 
20910087 
19926038 
12522 
10213 
10265 
17626001 
5862922 
15960985 
16788948 
15740502 
2367471 
14140509 
930061 
75783 
6576492 
2577 
1464881 
6003662 
6018982 
21031049 
14071624 
14389132 
18277078 
18467164 
16735660 
16727535 
885 
3416 
14780915 
19923144 
10750632 
16519133 
5688592 
19945350 
667563 
20062571 
5656402 
16319570 
18464291 
246 
767 
18090910 
19349216 
20882567 
20 
17917157 
874 
2557521 
20772592 
19352806 
18995166 
16984134 
19462877 
17901220 
18315304 
16203944 
15473767 
14834729 
18243212 
17929182 
5685012 
16462161 
13479 
14887344 
19109272 
8423432 
17903691 
18561415 
5556592 
13316052 
15471284 
20708057 
20818272 
5503912 
16264088 
17596014 
15433037 
17088246 
15704561 
14209307 
7872972 
18265550 
20565177 
11688712 
16916369 
15066744 
20179710 
19448989 
16076890 
17061754 
17483232 
14669398 
7345912 
1174271 
14936859 
9230252 
15113165 
16002140 
5479372 
14587495 
14474586 
13837612 
14178592 
14602091 
15597479 
10843752 
15756089 
14436938 
7737062 
19788905 
16132305 
14467906 
15389320 
14164855 
15600217 
18236461 
13547812 
16208309 
16487410 
18291413 
16970852 
14647853 
15991049 
734493 
6753582 
6483772 
16899075 
17135248 
17176391 
14654973 
19761299 
18450515 
20061621 
15506507 
20343111 
19953860 
20340056 
20361747 
20288759 
5417132 
20447966 
19278424 
19757866 
11965982 
11969522 
14413075 
1068831 
11107172 
14288386 
15818676 
6142972 
14860319 
15021918 
20568365 
3056391 
633273 
11628 
684223 
14235712 
813286 
8312862 
4043211 
13783982 
15507043 
14097038 
1269251 
1048661 
15169290 
15131310 
15695164 
10216392 
15370096 
14031022 
11650532 
5588242 
15011052 
785032 
6496432 
15565703 
14376012 
19549559 
5210841 
15836200 
428333 
3007041 
1049981 
62883 
8904682 
19790071 
18957266 
15497928 
15021099 
14063253 
20493403 
18794312 
3065101 
712703 
20309469 
18996477 
19277186 
17999296 
6795702 
8994242 
10282842 
5865752 
14165865 
9109712 
14964670 
14800669 
19312262 
1043241 
772368 
799569 
3949991 
3131091 
18824553 
14717999 
5661892 
18474336 
14550649 
14717911 
14142179 
14142173 
14142153 
14142165 
14142143 
14142160 
18597548 
19472585 
16012783 
18085835 
690843 
10445872 
14481320 
16689755 
18750855 
17666521 
685513 
20348656 
17784554 
14787980 
16348481 
16365305 
2884771 
18812000 
19014325 
16119207 
14735822 
14184652 
5533902 
14409892 
14513666 
18342503 
4254301 
15057943 
14107459 
6917742 
19672080 
19473188 
20313017 
12759 
18139657 
7321082 
16584443 
15687823 
784304 
14750983 
8215122 
9981062 
18354504 
15737610 
16428062 
7614292 
5225991 
20081176 
15815558 
621573 
12994322 
14325188 
18815368 
2396591 
10884212 
1652541 
15147042 
14830418 
9634602 
17045060 
18726942 
16245822 
17471979 
18244358 
3554721 
14293310 
5796972 
10397112 
1976611 
17428910 
17562571 
1476651 
1478441 
15442391 
14585200 
14420767 
14869152 
17830461 
16728666 
17087295 
14125882 
7348612 
10884502 
10884292 
17470444 
16582975 
19185333 
18372458 
849491 
15188895 
17973986 
1344951 
2475271 
18179580 
15456466 
19601444 
13613292 
611823 
758599 
7402662 
11348282 
16817883 
2425151 
713973 
15640533 
742143 
30973 
18392480 
16863814 
19152887 
19544921 
16664681 
2467791 
1434251 
15679641 
5843012 
19715741 
9830752 
783214 
784217 
17912982 
18739107 
19770676 
10076782 
20152102 
5692542 
16655152 
17199075 
14062180 
5392522 
15754281 
3108351 
14590386 
807095 
17467699 
7152572 
18955776 
19772946 
7960602 
18203204 
