3308448954 
2411793456 
936247069 
45063277 
1918546543 
11640472 
1560536622 
86844681 
27784905 
628079321 
434351089 
15876686 
56470841 
330410282 
222333061 
30752163 
1290824012 
407105667 
842501287 
1899052740 
1658765257 
2149601384 
2329796636 
108677993 
406666610 
240578571 
245984358 
39621524 
17901366 
286364589 
128074569 
217596041 
155719866 
263734042 
431905023 
6705302 
188971955 
1917731 
24881388 
996405428 
562585357 
1523983879 
1101913766 
1613648400 
17995040 
30056843 
372458839 
2857031384 
15046869 
87441659 
898983926 
2277961849 
2548201286 
3013942394 
778433441327046656 
781189585120268288 
785908824293056513 
603805849 
2921065140 
790710786603704320 
151940943 
120203957 
2280315672 
78400475 
400207122 
3230163175 
1565908723 
98576802 
36972997 
4843935136 
34122769 
101818391 
2588484198 
1917818402 
251908666 
123954416 
202626777 
127739478 
342583421 
326540224 
116420646 
2497521337 
4759551001 
705822600119898112 
2303670331 
2851559087 
1164414452 
459378423 
23977670 
1241698088 
69365437 
19188212 
14752312 
67641964 
16249481 
12568062 
21243049 
196427567 
36708793 
486166293 
19778458 
254362857 
1058597778 
1376252790 
55043152 
191988919 
11651202 
515822213 
18891902 
111721601 
150763476 
2953494478 
1960376359 
15383021 
594454673 
4037924412 
356880063 
15237501 
16785742 
377650983 
3257162537 
16119366 
44969806 
1584443731 
67745136 
16451457 
1553394956 
466899807 
1563503360 
407189764 
88336577 
21634600 
452521774 
6931262 
4260519614 
19530289 
206025027 
35364957 
236400612 
19028909 
486817078 
14935412 
21441575 
3235437439 
7994652 
15359205 
2575323062 
31288742 
2776914523 
2982673257 
2241491610 
41660586 
2358931471 
2773214971 
1666099686 
365438535 
2216144550 
242539525 
30540196 
3430093433 
250218754 
3401713067 
49986034 
363887554 
36171004 
143350695 
252786025 
404285633 
1965677712 
30409200 
26765003 
15776381 
18356461 
20751937 
2667441690 
48785160 
1025185082 
2844389758 
21004947 
233713461 
1365147818 
61190460 
148567358 
23328556 
201518147 
19723714 
191074329 
523671565 
50342064 
14850576 
18101258 
735108120 
20832730 
108326752 
16894592 
135923497 
510887847 
339724376 
146712087 
1358923406 
32855999 
3064329924 
82210161 
159586103 
1639238282 
15706128 
9549022 
46854930 
15676413 
316199589 
29006114 
94438457 
186671325 
25160944 
59514202 
113678423 
1337802738 
47758416 
31246255 
22368424 
343497683 
224367026 
24771221 
19424229 
103710407 
543883322 
15638615 
37062669 
369802480 
999293378 
2517988075 
132237523 
22847702 
37285789 
382748292 
17177482 
244276540 
115463768 
46822887 
15084418 
58812628 
340034849 
2773643058 
2463358249 
2188843284 
16714347 
2281865790 
20776190 
14659092 
39804874 
78449083 
19281751 
448476934 
7747372 
17077483 
1375729070 
20180089 
179980928 
15781813 
50439390 
17014927 
249217178 
27717786 
14381600 
14080346 
1550059938 
16222904 
15285364 
318586377 
39800314 
15537007 
29580450 
1676107182 
272593847 
1973136500 
23327564 
2836298228 
1587056396 
243970336 
1416375146 
193144020 
22315090 
36743910 
241562321 
216756408 
22707076 
1702861783 
14166096 
142720807 
18808527 
223605847 
403697814 
1485600931 
477295249 
21368118 
15234075 
49211786 
2746492014 
2522635628 
252160462 
24164203 
1730159762 
803388384 
163499703 
21094279 
18705448 
16931273 
2485871142 
22070993 
38013977 
37031517 
264382869 
16989203 
160123057 
60087571 
382272352 
383646336 
635978273 
197181270 
187718921 
14868280 
372760774 
2249989106 
16038785 
18351019 
18819380 
19048736 
21250847 
37298915 
38282454 
47349506 
84347917 
140951152 
200785223 
1390061154 
2307068066 
164690929 
57680299 
570243017 
21969930 
8564902 
29309901 
899974992 
18313855 
280354655 
818331493 
78729132 
23089629 
204946416 
15414470 
22630531 
19633569 
37053360 
39920112 
123401019 
360111233 
402775215 
2281292622 
235409684 
5548952 
12816062 
14779408 
15682352 
16224500 
17613261 
17614582 
18679459 
18679701 
21119658 
21942241 
24224268 
26570341 
28212989 
48457203 
51112072 
58819645 
61597915 
67174298 
98997127 
119837817 
169477894 
224078788 
247455917 
256183593 
292545757 
312762912 
340050610 
476328159 
539239392 
528949429 
621938168 
567563634 
919942340 
2153476609 
2508695102 
18918414 
19245426 
18683662 
1362600390 
5908232 
14714736 
14822252 
16143991 
33801277 
41182444 
46277727 
52328110 
222995559 
272991363 
298034812 
2450008915 
950398340 
617483605 
932495264 
337121236 
1092687019 
278359403 
8711912 
93695591 
2577076094 
184422092 
52886997 
607664292 
36120241 
14159369 
21068991 
16458033 
747678643 
193473814 
253356045 
256722290 
259529974 
262896054 
315361685 
356583817 
356614013 
409013239 
436026559 
498541453 
535807725 
563446423 
576436187 
588042664 
585250985 
739602678 
1072705148 
1291772160 
1452175435 
7967902 
36558448 
23365014 
15222743 
15911935 
42687380 
256277422 
600679694 
108370814 
73200912 
188389486 
188761522 
469444382 
23081003 
469627909 
1004473568 
16324483 
14420097 
274991683 
246682858 
14789492 
35629382 
18154704 
14365976 
16110819 
146123790 
130069883 
785808991 
930781598 
21720201 
22997361 
26953478 
86146072 
16669691 
218394793 
166518707 
21415998 
426756684 
54649030 
43142554 
117172071 
32878430 
28414093 
41651152 
20067737 
17922632 
98210147 
38720373 
33098495 
1510620464 
938566105 
185666045 
29780473 
2200451804 
534701258 
29628889 
130906331 
1069160624 
149392758 
83229888 
164089883 
290180065 
321029318 
384923143 
23556677 
17093768 
331247215 
19920464 
18896867 
353308055 
19599946 
15586341 
1345580348 
17251787 
48116802 
74418756 
274754192 
44136646 
64273669 
72631949 
14269152 
16869873 
135942925 
14315063 
154145174 
6974622 
1085971416 
2236640820 
2225536482 
16435797 
38259453 
279663381 
198606465 
15263852 
1365585096 
76482858 
20100312 
422069151 
16378093 
37501003 
1665095208 
618225452 
19255147 
14496034 
70269979 
26961422 
19382761 
119625403 
740895416 
17995951 
61293543 
44992488 
86158995 
166233427 
1020952663 
37005435 
28491592 
236590586 
613052417 
1317661 
1897480711 
1708117382 
105054975 
21438902 
126744886 
14172719 
261991370 
10232022 
282169972 
331824417 
827845603 
238033596 
731556360 
486249652 
416580464 
381677670 
75117670 
26254626 
18131748 
92694743 
1360157540 
15776891 
142905425 
1716581 
18587457 
14155907 
171171584 
336627476 
1732681153 
163906691 
114109088 
307527547 
137858180 
253152109 
16224705 
14059338 
856649808 
14302121 
834700314 
31128630 
15268492 
20153725 
159227053 
238257400 
60072110 
17695016 
393673502 
49672557 
14327050 
128738898 
143344335 
237893980 
14369232 
816094392 
384597895 
21084111 
501109949 
10915842 
25190928 
1090141 
14439168 
843614054 
115335396 
394790298 
74292666 
18228165 
17905715 
17808045 
309755530 
605569624 
194122373 
518184679 
240061941 
233765599 
16127205 
19593954 
79836272 
324914739 
33773592 
20755177 
33249457 
24261232 
328287799 
89788739 
46743752 
6073502 
1002332748 
19063117 
13766492 
22270118 
16990628 
15740362 
200434844 
43196650 
14458660 
121428475 
37705193 
15402623 
281138722 
124236245 
208008927 
13062172 
83512369 
20392133 
8412262 
14145296 
60709500 
387186414 
185906213 
224289114 
59496608 
25079164 
37385336 
335652018 
79903066 
383339362 
20389312 
384102938 
191026259 
437391458 
236635893 
778946 
233108173 
120617768 
18926099 
212376858 
166022406 
20007477 
82699527 
15599154 
17668502 
17295121 
373129771 
378643551 
303339927 
23138885 
516918932 
612417197 
25620643 
171260200 
148439696 
875203207 
17352760 
135387509 
20745130 
209262555 
91206387 
19984919 
16472748 
16364357 
227957668 
7793902 
306506766 
235436858 
1099485494 
48753815 
18918784 
19266899 
17478922 
373448838 
21441341 
17001646 
14325025 
154016912 
18393501 
196322210 
437588769 
84445191 
18269447 
388392482 
257893956 
14201924 
22440712 
14766317 
25024313 
33617636 
128425626 
42687561 
578650970 
15084855 
227468469 
20542737 
316832974 
107441051 
19889143 
11113 
212278229 
16132526 
23636306 
16623719 
824516119 
34278838 
18225633 
15458181 
37547775 
14188985 
14714760 
378259736 
814589791 
370638564 
2195241 
13368342 
16445207 
14141095 
62631989 
16663879 
241237143 
14186638 
263000667 
228858336 
70884410 
15180315 
73986189 
21917716 
166593728 
240523560 
121886287 
36450411 
37409669 
14863625 
36294717 
82186838 
611777565 
95226994 
16211356 
24200155 
27468198 
18751963 
228077059 
44090154 
33977598 
172419122 
15153467 
15866210 
767 
229509740 
65665638 
306252199 
21397054 
21408610 
814859 
21120847 
189618679 
28838219 
86956738 
252250951 
98772055 
299273962 
347170083 
40054423 
217900600 
82683644 
11131302 
21906582 
137848152 
55006025 
34018296 
9963832 
20748665 
202777395 
324651381 
355053826 
19062483 
740109097 
17427979 
17468481 
370302671 
393449345 
221607487 
18920498 
314922039 
859949695 
427397243 
850414476 
852071532 
844047523 
310673079 
472316647 
33972693 
16221812 
26099938 
14850190 
211004186 
204918880 
17839622 
281496963 
16869849 
20246015 
63157272 
18274904 
26257927 
24683525 
7494482 
212590401 
43166813 
80655195 
197271785 
400225405 
96021736 
214152483 
383466257 
18739693 
13893712 
19624836 
831328172 
283273730 
614046382 
38245723 
300735398 
11885742 
213917132 
454418461 
196458749 
157477738 
797194165 
787571041 
546947761 
60500886 
114970757 
353500514 
87215923 
22054220 
182839127 
352026528 
1769191 
276259528 
28047280 
6892312 
15949242 
16469647 
6995102 
292542306 
88973663 
380414259 
168790444 
382240338 
497649301 
18089292 
14109167 
159951505 
193483797 
52562459 
21786618 
294754068 
20849273 
16971997 
17371549 
130273820 
204416862 
121869155 
21218554 
222302211 
21995182 
10716152 
83424009 
17396170 
14187403 
101927567 
226376452 
14078090 
928481 
17174089 
8653962 
15694863 
17030680 
15828654 
16079276 
100266394 
600803781 
185716178 
17042078 
221580114 
15020933 
366665842 
37666263 
603367602 
145784826 
135905236 
11792792 
10454572 
16407870 
589535421 
16017472 
83237493 
9207632 
79997785 
18336512 
18227814 
26074603 
1536811 
17175139 
21238335 
79570653 
17159804 
16891507 
118975084 
21576334 
49164309 
372394183 
102115921 
21804115 
100376314 
377558229 
756475 
22931893 
29179882 
292036840 
284071322 
26858764 
156920978 
44438256 
6705042 
15865878 
14323791 
17905977 
83221061 
14327715 
188444522 
185345185 
358566293 
277071665 
255291612 
163879865 
227724228 
17400407 
56722075 
117932428 
60196700 
180889575 
238286255 
45516390 
45681700 
358260333 
87487545 
17672994 
14238165 
44427667 
87266217 
91375691 
71654283 
55247508 
21217790 
68848910 
36124348 
29093157 
50219804 
19596074 
1479731 
288581270 
83996344 
18178618 
17981537 
15473958 
16952572 
230542564 
17079375 
35534272 
17382568 
83210384 
20539747 
15120110 
38762773 
174740894 
211520261 
34119643 
14807898 
16434221 
16027100 
259401680 
29342640 
152049621 
22075295 
44562973 
15114855 
35304791 
14326640 
6304662 
305468597 
16356796 
66021490 
137471526 
122480588 
56179493 
83197636 
17047208 
20342875 
27247475 
14343392 
118096011 
67624868 
247336430 
17007351 
169273650 
13691782 
14406567 
18655567 
116821796 
174847568 
155748301 
72842277 
104070525 
15484063 
21809576 
20184945 
77907514 
117576644 
40385166 
18226927 
21611239 
17283244 
18955413 
18930170 
16063891 
37837824 
16843817 
380722931 
262806854 
381044159 
379625477 
15684633 
26246606 
380504386 
18224170 
16752898 
16227629 
278083839 
11317392 
344295386 
83277772 
17139777 
14043142 
13746792 
14834340 
48564118 
23760311 
11178672 
17221246 
105203181 
19808176 
211177035 
305878305 
25013423 
19178857 
31443503 
84082967 
57563568 
136406719 
5062341 
113480103 
14801264 
277219019 
233336165 
11107172 
50778320 
4620451 
44291359 
143571157 
128292609 
197607341 
44903491 
198020721 
196465635 
15859033 
19084034 
19767193 
14085070 
101100668 
30343204 
136697307 
45690522 
23538308 
21439405 
