132058710 
2917216554 
2914924790 
1027780038 
32626129 
33062423 
3140828747 
29458079 
277212136 
791701615476695040 
782973815496192000 
46681100 
28628850 
25101996 
52544275 
39344374 
27311044 
18646108 
23970102 
22703645 
56561449 
4700141486 
63335631 
783675803703865344 
812442230938013696 
743927657700593664 
467843933 
278802252 
3240797313 
2264145816 
4408921276 
3053375026 
3002902403 
4175864835 
2676074185 
741977597920313344 
758607823223660544 
991663724 
3062292845 
731658122943696896 
2307345246 
3294346990 
925039052 
554872018 
1623827190 
153492935 
820379341 
56353603 
77764733 
16713948 
823703354 
19426551 
2678072634 
818927131883356161 
15109516 
822215673812119553 
818910970567344128 
818876014390603776 
822215679726100480 
387948805 
351627732 
2892982538 
3772465463 
79655064 
104112634 
28616383 
173523502 
823141343560077313 
35214433 
90823243 
305729869 
1772451439 
1589120743 
732592409910104064 
2432497160 
773236410354720769 
1936360117 
606758368 
4272870988 
3199184091 
2810327237 
3059407719 
2266885775 
1104522234 
813788067848916992 
780510643480764416 
809760518852329473 
2850195106 
702571704212692992 
3982345443 
710290782058635264 
54922356 
325497645 
2348597478 
199594335 
2260956925 
540233480 
3057039456 
15492359 
309728693 
620571475 
753257973057744896 
752900258011774976 
179245596 
118845216 
38495835 
3270559782 
4900726765 
4871353966 
700712925661515776 
2670332665 
783345792786378752 
537796670 
2866387151 
198713831 
15860016 
86244951 
727448203180822528 
52144738 
3271587427 
438680642 
727592277346910208 
2598353443 
4839373167 
26606075 
2411348226 
2288833020 
3050418872 
713230808094363649 
1414256335 
315744567 
256227416 
56050543 
703093187330478080 
102476738 
3461537608 
2879931452 
1180379185 
81643077 
35039490 
468646961 
618300542 
801962070 
39349894 
729676086632656900 
762389795037294592 
47253057 
471672239 
3309041036 
22203756 
50769180 
98956941 
2250753440 
3197771592 
364345806 
740874799 
23711035 
5518042 
549331093 
20198055 
59279833 
9300262 
2731176286 
726094755717873665 
216881337 
514806103 
531892451 
88784440 
18916432 
3679033159 
88721633 
18891923 
237348797 
17800215 
64643056 
16589206 
20713061 
22509548 
184780576 
15745368 
750258060254334976 
145305040 
147621395 
4491555081 
736108056967274496 
37524969 
2285509723 
1205718840 
516493411 
1633631874 
3107486974 
740738533107851264 
19560636 
10168082 
16186995 
41634520 
3460109487 
14839147 
3817426227 
3353197300 
103142268 
61558281 
717773306661736449 
4446245656 
56338775 
15347875 
3382225270 
709779981556191233 
3004088440 
3586010475 
20733972 
831013670 
124308753 
738781000306728960 
2924307356 
1934055872 
2480085900 
233495425 
2178153264 
1564125781 
714832684174995456 
213426867 
109065990 
258447339 
96581388 
18321001 
14149467 
1253577228 
37899134 
198903734 
960747870 
275257774 
514483718 
735724148 
89963214 
3341268473 
111270333 
2401977510 
312255150 
574065163 
2317724748 
390917799 
38696056 
41942881 
3874911372 
317538553 
499735738 
3221774792 
141019437 
19347050 
2613235934 
4660525573 
4704692140 
808120016 
4726411645 
1727455976 
405141209 
2951681489 
4675150518 
19303425 
254493424 
703348399 
140471304 
214975484 
2221331701 
2432208854 
2221318495 
2221404476 
581100426 
4323585021 
16144101 
3404158181 
3146131166 
216518663 
2919013333 
746699528 
39924174 
65485978 
126068570 
43831635 
3433043399 
3317438301 
4561386927 
3384345635 
3088394619 
3143608672 
4405299737 
3302114935 
2903651663 
2546967049 
554867743 
2530120814 
2154631964 
3103740487 
1909894808 
4201726211 
333330711 
222093930 
164305857 
81790998 
4156778837 
173180055 
1567821758 
52863421 
88581667 
18208763 
190337035 
91353230 
29547412 
274132854 
242516956 
312320294 
1287251676 
594692263 
3846449182 
905088774 
2510919672 
14654777 
285261982 
52737862 
1670873444 
256182836 
34743251 
22938914 
13298072 
44196397 
15327565 
278691695 
36728196 
39275966 
586 
2612311915 
1143161018 
49085751 
3435590905 
268372589 
468800160 
1260044826 
317271203 
81028158 
168843003 
501980539 
705287821 
3207574132 
3064329179 
636459572 
801966338 
89487316 
3334767831 
1375455805 
2562012456 
3522196695 
3068598385 
221477534 
3004164292 
190402696 
22837709 
210631738 
290134553 
212771854 
267171658 
161372707 
16684965 
24028758 
27635249 
958227445 
410675485 
2426524902 
86855404 
1394539976 
3466985536 
610961115 
36454943 
1433696102 
43970862 
157054525 
18089442 
17451742 
65664531 
17626631 
54546430 
114786624 
1269723924 
14615871 
111381319 
344705901 
61853389 
26861254 
564385024 
1868338297 
74537529 
98423256 
81110888 
413083789 
153488664 
455040498 
113052624 
313986574 
868038007 
1043101428 
84696772 
2511376022 
133169627 
3168001556 
3193873153 
291801034 
3387716352 
2194491272 
3032577337 
3373539813 
180833774 
3111791555 
31134508 
469324230 
1432127796 
412362576 
19717430 
243801041 
380500399 
252877176 
194346014 
56121651 
632341632 
165757778 
112872946 
166711687 
255996385 
376347156 
1055551057 
1711239283 
1001726569 
1498350660 
2651596849 
396294440 
126416038 
107434862 
16838443 
1497732912 
2838356960 
156671800 
3317720275 
317148811 
14952112 
1568664696 
2861481028 
2838318774 
18249451 
2878784774 
351892351 
43499515 
2680076653 
376559783 
334618059 
3256186572 
2435422771 
3034366551 
2980809826 
2232350628 
3427619945 
3311834298 
372138381 
3401717236 
16404090 
19647006 
49425091 
2805555553 
43238802 
17673003 
2366101459 
393522650 
2407453374 
161938153 
66387843 
77533824 
588507814 
819584604 
3198488214 
3552801 
2260944566 
2260978466 
14635406 
19766160 
326625586 
48646822 
161014875 
20774461 
19646980 
55462265 
347315451 
49685383 
482090548 
59540047 
96716109 
121743449 
127894600 
930435480 
239805236 
128564900 
1615933364 
27977856 
243795079 
236528260 
343882866 
82702821 
500042487 
124335068 
2715115656 
133093395 
47285504 
329746058 
75974281 
47786101 
27042513 
285282053 
27457788 
1694040764 
3326849181 
487118986 
2561978612 
630826171 
2485043114 
52551600 
70468535 
83987145 
33360722 
2273295432 
204833926 
2829906580 
89276694 
1725637669 
2850231718 
193395677 
2407760318 
274161869 
473321533 
2788389948 
2788190167 
2872168748 
2923148218 
3000604963 
482538727 
120730781 
10069172 
20876350 
15977209 
112889546 
31099876 
185358059 
165503959 
29113916 
348772885 
168775611 
888903264 
59166197 
14653404 
185419122 
372270512 
21888718 
509379972 
26637792 
606627012 
2427329023 
2432217432 
2227355222 
1322339628 
448002010 
280261048 
113201620 
1377360972 
3030728885 
442170776 
3317119109 
538456752 
455024343 
23771696 
17240190 
17843236 
106440860 
3321259449 
14313922 
2561821674 
3309779152 
3342835858 
285109038 
3247892777 
192250437 
3344729440 
2615867353 
262887338 
2831315393 
143140614 
256793538 
253184910 
122774232 
122777822 
624832625 
2686339254 
2259317311 
3237272566 
37964434 
3219744007 
1120139930 
1630909579 
1354756286 
2882700993 
3318944369 
522169620 
1671030235 
2150122801 
33858941 
281709620 
118116598 
2208993986 
1920449065 
3099663480 
1598793469 
255138541 
78042055 
2842641145 
3192113728 
1083919765 
2841776049 
3319033612 
2499516104 
574524931 
282265933 
121684992 
1032855648 
42257678 
302156719 
102488708 
222188221 
3120175863 
494167805 
14356116 
2776091545 
2609768064 
487833518 
15308469 
2785551645 
2811763154 
32624460 
15813140 
761660682 
1089927992 
3193896710 
372981988 
18982903 
857844318 
1359532460 
1966550257 
24133245 
2712095413 
3220793527 
2813679326 
2965698015 
3032366304 
2475270091 
2409601543 
3215223767 
2961772349 
552372089 
927447372 
2644657702 
1632989294 
2918632215 
2788290494 
3140782853 
3131643670 
75182685 
3289807607 
3037431793 
3291488751 
3222530761 
3131576542 
33625769 
49725768 
111091041 
1217809316 
433880122 
64653568 
2962614819 
3180692304 
14421307 
3246600191 
2167786326 
2687583241 
1897478390 
279500794 
808154916 
961278918 
3192281468 
559398769 
440034335 
2248624602 
3245965433 
64452460 
3243853191 
3104691644 
1045928473 
884289162 
3147132658 
3160970102 
262699288 
216025203 
1227433142 
1858075140 
71586975 
435224136 
2900450878 
1327922318 
3199120878 
1280350904 
295351204 
2997152992 
3192676070 
71998807 
1378991880 
396055989 
89042569 
593012944 
1006954988 
54641489 
2458563254 
2458567464 
114375102 
260050104 
2150711899 
2463440287 
22290987 
297001684 
395760465 
3156515217 
2324055134 
153828453 
3059199254 
3186796923 
248062686 
3182552265 
2874609345 
45695262 
2752355256 
2841853654 
2895328036 
2901696273 
333652061 
389709615 
2684291 
10943682 
44732412 
785466864 
151821739 
281126297 
596639138 
2923583848 
3124557371 
540849476 
3125139352 
69598148 
3128381631 
1141602253 
1156938900 
2333740411 
2885790880 
3128791331 
402124003 
3098382649 
841185156 
2899279937 
3060083226 
1392989923 
435596331 
178081274 
1656524760 
88523138 
203523881 
54613836 
1951639010 
2274474993 
1841630118 
3128384108 
97757077 
144566697 
3064318097 
93814851 
133880286 
48410093 
178443597 
928242463 
1265295037 
27320089 
1149435174 
112508240 
2909310806 
281184267 
111723493 
256059447 
14335957 
83909115 
288500051 
1132876218 
259476152 
1117573164 
14738561 
48032694 
420991284 
117895281 
180563786 
329620275 
34519855 
267283568 
27525915 
2811224469 
16933716 
522383784 
442215576 
313899111 
76836325 
365661337 
185975698 
1220317806 
37074090 
919426356 
365613635 
1116869364 
2174618802 
160931206 
2469381126 
304751591 
2481255127 
48094452 
1131967525 
2579143771 
365659212 
2591378154 
351364190 
365662159 
1091547702 
518659048 
2590793377 
84311447 
29823937 
75351264 
479732054 
407952593 
273559844 
2481837206 
33994272 
2377563714 
14605265 
783528499 
1382054815 
87791167 
82667699 
47953929 
120961888 
1513753861 
20603396 
2227519598 
19041500 
15231287 
14792516 
20679454 
14878174 
2260604646 
1090504549 
33838201 
114485232 
41561657 
479447652 
30198750 
31936449 
52133120 
293116923 
46300208 
87461148 
63689362 
17488526 
130781810 
809273 
150093624 
321189782 
243588480 
1429466490 
47433937 
2372054479 
255470657 
1411663369 
820582 
543876839 
137836269 
48160604 
17471979 
1534382550 
1978747507 
583233410 
2479848740 
731431538 
272615873 
130912788 
244083563 
2384028506 
2482112629 
22016531 
2503983315 
2365920072 
1211649024 
2285378768 
394296505 
175363841 
19451530 
2462274504 
2471655264 
54223242 
274233761 
50393960 
171267220 
2463573176 
35306978 
14324284 
73774967 
1386968036 
8161232 
43344254 
586751692 
384447725 
190687745 
23961341 
278376505 
1443780102 
2506611734 
1688066017 
42703163 
335950885 
310237790 
1107192030 
553806984 
23101387 
459482914 
398129689 
1060997204 
9676152 
2230080049 
79997785 
33529589 
267324132 
7973282 
93655345 
1728408043 
1552637701 
1430840870 
1227295489 
183346738 
454893358 
1392829135 
29812651 
186040407 
9780512 
223423371 
19151125 
253281321 
136401228 
5455482 
356495526 
2485427068 
1262776610 
2437224949 
1969420141 
2363300970 
372716606 
1598572914 
587670105 
2319010581 
57142731 
46046512 
136002245 
236692102 
714734376 
123716764 
7144422 
39250316 
879161563 
1224964850 
4898091 
20152124 
2890961 
14372486 
546178145 
2349245360 
816653 
30261067 
23014502 
17419608 
22205740 
1137810302 
36455168 
57948087 
46122979 
96994334 
24914600 
109689119 
28138584 
18089164 
76023409 
22195223 
63202045 
20004102 
61013534 
158396052 
46213641 
14836524 
545427573 
62764329 
256659681 
815251651 
124571814 
1444792927 
14064120 
705362684 
76743356 
15983172 
155650832 
50408229 
17024285 
21704941 
82623477 
317417323 
50637724 
191131610 
88986371 
1570263433 
1707134610 
414465489 
871096656 
2415942685 
182066201 
609223971 
1354880575 
1068278064 
2418756354 
2200278761 
2322520008 
1873597082 
1671305460 
32477630 
126589463 
542124157 
1523650544 
2411965934 
1106511234 
1359090558 
1347587862 
499371740 
1580869141 
322907969 
2350107367 
1269759637 
2425460911 
453899301 
2389016204 
820633123 
2401650121 
1734353922 
2417512734 
373573712 
1373112260 
245380920 
2295448305 
105174495 
2339558096 
196141592 
2307382673 
1917278568 
275487832 
2291217048 
2359182066 
1357035420 
169025391 
865622395 
133504478 
190402191 
64453378 
20345379 
45580305 
448754128 
351897790 
2155852634 
369148801 
65712206 
228586748 
275690183 
71323069 
39351968 
85906238 
297719472 
37732219 
39694489 
20971256 
123582098 
34222024 
259780804 
269732005 
160534260 
207421760 
89774816 
214146874 
223891952 
180273692 
145689047 
62711637 
14885302 
37334808 
292459041 
270922424 
38489678 
2428325168 
288205903 
218839963 
2396151984 
19407053 
803694 
211583400 
2803191 
16134540 
8841372 
200634860 
20444825 
231807002 
58788614 
21922029 
32359921 
20562637 
135528262 
127910801 
47678782 
21898041 
67358777 
140638915 
28140646 
18949452 
137743822 
284270364 
15110357 
395031207 
34713362 
552333908 
1427646176 
2205514267 
2414843828 
110113208 
2371749212 
630622933 
1020107138 
1516688030 
2414808806 
15635577 
1273392986 
430702279 
1059315349 
177593399 
1424464910 
222320716 
17237716 
1416179185 
1209842467 
1959121273 
10222082 
112669547 
16223177 
18085771 
23122118 
95460562 
792235213 
79310480 
64801005 
122397315 
113440695 
181799662 
171153500 
321346435 
19515748 
33279328 
40778603 
80018787 
938394530 
115660647 
71210524 
85338992 
255195161 
274030199 
346740364 
320293216 
1394399438 
95396811 
547834727 
263819136 
343598276 
270938020 
71592061 
607272998 
215244619 
374095894 
197435213 
199397831 
297680821 
472340998 
788311514 
978443336 
1942349976 
1897673072 
14677919 
1098496836 
2315152933 
2313471042 
2270697818 
1442283306 
2336397410 
30217291 
41136573 
817476500 
221059141 
224893378 
405608099 
227367090 
390943698 
735482918 
868327146 
793984765 
1413471 
18800238 
356324811 
96531036 
1629941426 
77821715 
972870864 
11382292 
974908922 
10005212 
14501400 
182796624 
61875147 
346515319 
90875625 
65174274 
48327400 
28537113 
106681538 
37894585 
1010505727 
21590574 
14620190 
58541330 
126639927 
32704366 
1637135468 
800510233 
205400741 
62539653 
115039678 
29040062 
594609884 
52794730 
14846417 
58591071 
516786631 
227778014 
556570146 
14465139 
40156330 
20513456 
1396938882 
1734463916 
1363349406 
19308138 
21663232 
1580697787 
1099589114 
34322472 
1632915744 
23841368 
919265162 
52846066 
223560830 
8276112 
557808180 
339663200 
25592559 
283329159 
747748626 
563698814 
223916070 
15118311 
55586523 
15172980 
140962092 
175404215 
135532251 
23098595 
281648605 
55319780 
102754598 
437846491 
65595647 
349069905 
14072879 
14812700 
117064656 
284093185 
16115979 
17930077 
109611471 
43907062 
334849558 
1252961731 
34442404 
74286565 
14117843 
252546993 
152032110 
110939818 
15199974 
559906167 
2467791 
763231933 
87818409 
807095 
44777959 
51241574 
22278303 
31002593 
29260426 
16892009 
83912703 
57822006 
22611141 
972651 
117853883 
191575087 
17068373 
23794763 
38531995 
21190031 
544709640 
34211121 
239502826 
105177612 
200226529 
834417806 
21608270 
90885721 
31461371 
124237063 
10742132 
68761459 
74690215 
512464981 
44148901 
41357098 
14614615 
376402359 
40070682 
145350217 
34718083 
15282064 
26411616 
202983910 
76366904 
117318947 
128966591 
41044925 
20746400 
288998203 
1344951 
277430885 
18948541 
369164719 
237549964 
455819358 
342902930 
234893595 
475382130 
39849834 
6635012 
162887009 
335124974 
91640029 
261589212 
16860511 
244286175 
15749983 
16385645 
24702514 
123284564 
15811193 
20150145 
36664403 
55586971 
296723037 
155684369 
67403703 
436969570 
124264415 
22923646 
43348496 
48003038 
15808647 
19306563 
205824960 
98883580 
18477428 
727094240 
14267832 
44957814 
140427956 
30724493 
69356392 
164313731 
46240925 
44155214 
23236914 
18999585 
40244466 
52129679 
137796306 
112760411 
191965074 
55606259 
896221 
113375214 
259849638 
393032177 
291759028 
819138716 
57804024 
169203141 
102527566 
15458277 
171228004 
55237566 
499634824 
28153206 
464871521 
50355969 
1092624332 
94365736 
36066745 
454328687 
116716199 
103606189 
18021517 
4083781 
56653524 
53171414 
292876633 
272032609 
73668621 
58503428 
487664492 
22036027 
14441010 
29870631 
72025856 
442982534 
16004376 
256237842 
24537541 
20537050 
87485337 
160945556 
19982434 
42929730 
243228907 
632123849 
60584359 
125312492 
19594772 
22752559 
488979647 
223915622 
65589378 
16607950 
50765002 
517662735 
717935582 
22654404 
6017542 
46145761 
18935711 
360054369 
1940581 
56758053 
79349696 
16949344 
36317302 
26316986 
248808171 
65633697 
8814152 
22763701 
35961145 
1046661 
17002395 
56593116 
168706067 
459492295 
791635 
300383 
16896880 
183584164 
115002787 
21769063 
69421704 
32160273 
151551090 
129975687 
27037879 
95753389 
17988404 
15767411 
17546952 
276628401 
14384667 
9548232 
106526969 
40122267 
138590258 
45543166 
2384071 
32372834 
16629477 
28172188 
454857501 
17653260 
95497135 
171613336 
74228937 
110171914 
726591127 
1387211 
37775772 
150764215 
32060319 
594664752 
91478624 
23498831 
121852058 
19408917 
559011661 
598753184 
95265217 
11348282 
171131696 
146569971 
19642657 
14075928 
183033795 
106451186 
44783853 
46624164 
206128869 
63487091 
15235829 
17142019 
25065878 
111054964 
6450322 
260067255 
86626845 
30062649 
14617444 
97231828 
114897776 
34927577 
55561590 
166194338 
20764014 
260355053 
25726490 
21581503 
95732573 
38148704 
14800270 
26077026 
48110818 
27013292 
102503323 
84347917 
97529933 
176371365 
15660594 
47730394 
84623395 
1039675783 
461826263 
22611280 
1094066984 
198938913 
555437745 
1075397498 
555339015 
68791790 
20289445 
1061167692 
376932982 
531450992 
43123626 
932074837 
1096006928 
582295820 
432785557 
89519272 
556371305 
1096255435 
491129687 
267539774 
354205633 
995327124 
477016711 
87521380 
1102581625 
357435287 
180645289 
267014172 
267629987 
361820216 
181131799 
362939228 
356109878 
17455070 
269525384 
1093940490 
1109080039 
1001847150 
1009408812 
703017848 
1112569616 
22817634 
951707119 
703296097 
17049929 
1115718072 
1115489569 
540206545 
948218431 
532952294 
380955134 
1117217401 
1117248576 
547133579 
415382126 
1112462089 
193297903 
1119913376 
250642458 
1122117762 
283687745 
595247010 
446596376 
1124917164 
1125756277 
1113910890 
961850004 
265671972 
150180480 
900182018 
21665997 
260979419 
44418062 
16484374 
29954112 
113108699 
129842864 
17660579 
15563814 
17899109 
27632986 
56378468 
24043785 
92364116 
24236494 
282615966 
20052728 
413849446 
26755619 
991670202 
217477471 
1102928214 
20468289 
602495877 
39931366 
32271789 
42331897 
219017158 
104893583 
28160998 
208120290 
18644961 
25928253 
18774353 
21892013 
1036742010 
99177764 
356986434 
34328586 
63385244 
186847429 
61857711 
932326104 
325093604 
271512704 
171253665 
249026978 
42455722 
401402109 
975764311 
979102310 
203549951 
1008906896 
16128281 
52304814 
425751725 
390833879 
995793182 
997606272 
927358008 
1015637658 
77206976 
1016297240 
1019355282 
588968415 
491383486 
21770677 
166558126 
218673086 
16519380 
139789059 
31126587 
500704345 
493874328 
25073877 
374275768 
764450348 
113758100 
196168350 
396123296 
36240243 
829554948 
849911484 
726304448 
38435706 
63445938 
438645469 
249316580 
126271779 
784511287 
435100575 
389168767 
607746516 
546524657 
852559945 
445853452 
852732848 
852776815 
252789572 
853108020 
28408224 
164682232 
18253399 
152897181 
806917021 
312272469 
27796739 
70291924 
102422909 
31920521 
385566650 
131058495 
242110688 
367398149 
419866813 
602798710 
787069844 
6649362 
788020676 
778514792 
49783860 
386054471 
789502003 
790137638 
789299696 
614573685 
518048526 
263128530 
177770544 
375866625 
791666208 
793928197 
561320210 
790033711 
506453141 
33382435 
364337227 
800299610 
89441157 
507654263 
778064989 
24342398 
270328297 
611800772 
794092207 
277352432 
613690644 
392647517 
802801838 
791186611 
62261210 
556005020 
90679821 
755757290 
415083567 
120578352 
804840240 
31471429 
217195722 
725675394 
617430095 
802066315 
415407435 
166447069 
20601974 
143058320 
588192145 
616155925 
804394670 
337924267 
282805521 
431717944 
252694569 
242793569 
810838146 
267336561 
776432641 
395446557 
815347310 
815456821 
365005464 
815636384 
299398022 
14579415 
816425336 
307657409 
816739844 
540722199 
311368001 
85734225 
194699941 
387888872 
802128631 
818746945 
775181952 
601024537 
519883582 
819721218 
820024657 
248002852 
123673121 
571224706 
822073268 
767435785 
54294694 
250812421 
822923012 
823888512 
732828936 
823921566 
822961538 
16173287 
426553901 
825398420 
110960245 
817666322 
413704957 
539825738 
210910732 
566396378 
828758095 
185411442 
51444942 
804983004 
23840688 
60645117 
232578837 
290158392 
55583526 
16916799 
36814136 
20329696 
21709532 
2295061 
164792797 
30800678 
14207787 
132794260 
745273 
644863 
15517743 
24775410 
44771048 
60642052 
94682674 
11620792 
7855342 
244969675 
86129983 
26993786 
90424954 
41593114 
67488408 
61270903 
26476395 
48294548 
77266639 
101205875 
80148266 
14942357 
14215426 
3484751 
5566292 
209716736 
87664749 
98184335 
19313995 
439187155 
158452328 
296929177 
20395471 
33612317 
18041918 
27994823 
19494411 
19720395 
27814665 
197146019 
95431448 
823905 
34384059 
33547339 
79293791 
18772406 
238294449 
86979356 
24860713 
14442554 
23600452 
507847353 
25107345 
196412661 
20592981 
48384166 
6756572 
275247259 
20812005 
26478528 
14751359 
51856303 
524503681 
214423693 
219083567 
22799424 
24250009 
25365536 
17919972 
31223003 
17026178 
287413569 
302799874 
188809568 
477864155 
68144264 
24543276 
137093038 
19039108 
277660111 
363205052 
215875807 
495922896 
489524856 
420941251 
322516349 
22799473 
487900368 
19149006 
83459922 
95104763 
472270455 
84867968 
19909871 
44172752 
278652876 
67338245 
100020089 
145888967 
313574763 
126012620 
71006207 
89863948 
14214784 
63105337 
16407251 
27618758 
135144995 
135463271 
19006559 
28075053 
106444052 
34942319 
127565404 
132897310 
59739644 
43886423 
55574955 
52354784 
51717242 
32455644 
14661635 
155952113 
216618158 
425887152 
97064954 
287873495 
402355210 
281645918 
357492014 
459502727 
21516823 
158206738 
461351272 
223427443 
446784969 
193858264 
289388778 
431691762 
39481360 
264633081 
240640386 
334006834 
466625413 
335879714 
466873475 
420352724 
328908655 
432556456 
300260851 
15493608 
382830321 
56486495 
59249463 
432542710 
131749512 
65353100 
134626843 
394747413 
201050362 
318777746 
263983376 
436575405 
92947788 
199640036 
23836210 
314824940 
90129051 
18539631 
17063331 
275269065 
229246832 
97548794 
35789155 
106762706 
15287963 
8339212 
14924214 
335518784 
14883246 
15513600 
50758087 
22569181 
390461855 
29216764 
16032925 
14266637 
23176276 
191613738 
2893971 
26816731 
190934748 
240347531 
384344154 
21234460 
202415747 
19264394 
24283419 
351036661 
136013508 
130291839 
89558276 
72823843 
62862144 
136471776 
136468285 
134509040 
412993336 
338270198 
401654567 
60802019 
118977470 
368789778 
415816555 
18965087 
417255491 
368939660 
417772818 
373685917 
217125325 
418831292 
420627651 
350783818 
20759984 
381107318 
339553992 
37897828 
111083109 
241904572 
63136204 
185567498 
240690893 
194586164 
27646691 
20303805 
111425542 
15799594 
102808318 
25998862 
22139419 
43901312 
42963046 
15537973 
359836560 
410099400 
32450040 
43901066 
417659859 
23633576 
55904868 
38583932 
178815134 
224732397 
330646890 
199838108 
89253100 
41803268 
15383592 
138490852 
17316269 
14943818 
18989444 
7439302 
41632954 
37687088 
6208862 
14971572 
9942192 
15027780 
13649002 
805718 
22939103 
62892813 
20457806 
116748080 
172496840 
243851677 
46571874 
40671037 
175478379 
56879674 
417201361 
774096 
360210211 
388790321 
15154811 
28430140 
277591995 
117031158 
12849532 
125726482 
19941313 
374615997 
103490368 
379474192 
113219393 
386635737 
136137641 
93965500 
259858997 
353142132 
15088494 
61292961 
15826146 
44186673 
17531664 
125778381 
81043960 
30005585 
150152322 
105840824 
38257227 
20652557 
188152921 
132986545 
245833569 
70548606 
287820064 
205888667 
305196931 
19986772 
212384117 
46416296 
27899908 
18816628 
334609946 
215974370 
335752956 
352704737 
97339648 
372294624 
372815997 
374252801 
373489637 
325593375 
380572117 
289155418 
271111167 
100278141 
363302732 
107816965 
29781852 
60818120 
209155747 
70381322 
152889033 
299543042 
334094849 
380859065 
86455649 
26389578 
16901710 
408136880 
332623012 
414932154 
37499588 
66465876 
46511103 
104573125 
137319302 
5383942 
138845026 
47348249 
164787325 
22039659 
35846368 
62465691 
31512125 
86594757 
30262796 
19740891 
5263151 
41602160 
17653789 
58522560 
56688340 
74860277 
50325815 
33158528 
41866944 
16529278 
25325260 
18057077 
48026592 
22144753 
18244332 
70746099 
47726194 
21775098 
16145086 
7113672 
15471192 
90952039 
47999637 
123713942 
288375000 
110733634 
30044225 
150783722 
229413608 
20275129 
43921687 
174741417 
19714150 
188245041 
23808478 
20336075 
120143787 
14766864 
158525045 
22143241 
14433769 
119166791 
21795874 
64580319 
29427681 
21200171 
22708797 
17448943 
5625972 
109287646 
74130577 
32410378 
204752573 
64375648 
101535546 
50753411 
88582924 
205847300 
21793154 
194343133 
25950355 
32492934 
35820490 
25562183 
243215442 
24196664 
83221847 
21354462 
15862891 
159589430 
74474794 
256702481 
124271997 
25091999 
52084584 
44438256 
15232525 
41325755 
95502135 
15565076 
131969291 
1391041 
44952391 
300815596 
305077904 
298134752 
18760596 
300168515 
263159323 
294201756 
259223612 
110500309 
246894804 
282006200 
297601313 
300981492 
241026996 
197576512 
269800424 
256583339 
17572296 
15907720 
80168250 
25684578 
231206334 
132581895 
95264499 
111163704 
18194898 
161760542 
17750113 
16450071 
76637469 
213996288 
42906791 
5695632 
46247561 
51843875 
11274452 
14857525 
221379187 
18208219 
54637548 
31720614 
166089046 
31374618 
36916922 
108322041 
57045938 
121825214 
47812216 
59769395 
66367559 
40271841 
16300786 
25552666 
63726308 
68987936 
119486479 
38530021 
44314871 
71542880 
65749630 
16544437 
91291255 
95938895 
98161260 
16114551 
107464559 
71573736 
63767026 
63538464 
17542775 
109686680 
76032514 
89160876 
33509820 
39253837 
160451908 
75117670 
15675138 
53436897 
104849145 
29545536 
46237944 
41158784 
54308110 
21084500 
50299159 
23445459 
52864066 
76158560 
57621479 
57978598 
38285427 
34573310 
44117802 
34631836 
32159157 
45626076 
33175903 
54868573 
26487100 
30935195 
49832877 
15173603 
28073854 
77091628 
14442889 
77279546 
18754768 
58359838 
50749272 
36592239 
29982331 
73017147 
66996306 
71269168 
21086179 
57596332 
62565335 
27698325 
79201835 
80824244 
41420112 
65305516 
42906957 
22538164 
66654254 
53434109 
21645135 
35814702 
46548407 
20624816 
61555777 
18499709 
27940318 
48160641 
21799993 
38821707 
19033002 
61008852 
21310609 
75073960 
59217654 
60918963 
72796423 
26346312 
71490827 
60942188 
19766636 
16928770 
57744695 
74566615 
32523291 
41597281 
25070364 
37746748 
34009209 
39487337 
52400584 
44949902 
34588761 
23504159 
65072470 
44605780 
54220312 
19774555 
17975357 
26489112 
65087498 
45255621 
75094908 
21020093 
46072516 
50998548 
59572063 
42608185 
44409090 
19916193 
24701041 
23027319 
26244315 
27868761 
29253031 
29709085 
6227232 
24965771 
6794502 
19041200 
15177115 
17158780 
16828372 
15737968 
15530618 
16726509 
14411799 
36351169 
28774235 
19662097 
39802899 
18999612 
46707502 
50076223 
16895274 
17089636 
56040076 
40347700 
15912113 
19402238 
26748889 
26832834 
23575322 
37758688 
21237486 
23962312 
56685979 
34675456 
36452975 
32302688 
23876839 
23570911 
49663503 
42542492 
16616061 
29875348 
27058285 
44631705 
26250872 
34699787 
34541022 
27468597 
26881608 
21718070 
9624042 
25076074 
22457873 
18083983 
37768162 
19979844 
43199901 
31400913 
31215644 
40900293 
47397024 
29726578 
14242589 
7712452 
27081406 
45797754 
22813422 
47671454 
41356666 
27900939 
49689297 
22709929 
34010976 
14448599 
22969911 
26560959 
28175520 
20336268 
15987060 
46354403 
17509945 
35812001 
65053003 
37575172 
63138926 
62925047 
18490865 
57463391 
51889344 
15058309 
18835333 
56384845 
28173220 
49409296 
28432808 
38443225 
53261711 
52126690 
49947807 
17286690 
20131821 
17473006 
41320694 
26118231 
43076711 
36759379 
26521820 
38092692 
19384782 
39787453 
30036913 
36331488 
40326578 
37929345 
5118981 
17557155 
19689807 
34215863 
35870209 
25316676 
24054721 
50517444 
32509377 
21102627 
27705373 
20815041 
56488059 
20560645 
28436760 
16150688 
22623663 
36078825 
41380057 
33659010 
26780409 
41164651 
20186316 
18683406 
54156196 
29918476 
21135198 
18061489 
19077568 
27910956 
15411998 
20693661 
16406706 
23105172 
16548146 
22127792 
16406682 
35922272 
16905483 
19254210 
20067285 
53050264 
53039176 
45594918 
36454287 
45815095 
50014224 
57325192 
40210060 
43597794 
14662484 
36169570 
3990031 
39544813 
48347254 
24457744 
32355459 
14638581 
60757862 
60848208 
34916303 
61021340 
43070633 
61167831 
56368343 
59357711 
52740514 
55549479 
37703552 
58816851 
22883504 
39465006 
62984681 
63277732 
42655751 
11856422 
19739371 
3199201 
20272531 
20187065 
47585965 
41407820 
39624212 
17487733 
18956303 
19048225 
17630762 
20749763 
17154954 
22067218 
19551886 
7879202 
15282316 
20603062 
20821119 
15151711 
20799075 
18694163 
36992793 
20026466 
39284958 
14550448 
34941915 
31929718 
25510510 
41322543 
45069745 
43937824 
33528078 
28815461 
26108734 
19162036 
47780561 
31198434 
33637010 
44758465 
45522502 
27052850 
29881875 
39211040 
28353650 
54872912 
16567705 
25076451 
17516648 
22786326 
47703016 
47698850 
29209527 
38149143 
29176129 
39791632 
35741756 
40070564 
42893228 
15148530 
18026170 
26528586 
31164769 
34324846 
33046629 
21155592 
14461439 
16299373 
31484145 
19495715 
18818769 
20693816 
43051682 
34917727 
26355201 
42537486 
42754488 
29336401 
14055820 
36736751 
28870127 
30313451 
41746220 
42817002 
32615991 
18237848 
55043140 
48884462 
45766409 
56398419 
47314354 
38255111 
38986882 
56431200 
24040123 
50053240 
32699336 
46322223 
40084258 
14949454 
20972980 
20355172 
43248974 
46410783 
16425122 
52271966 
52397099 
52427000 
43357914 
53053332 
39513330 
53135066 
53142894 
53169039 
17943423 
29943167 
53020234 
16584730 
45537785 
39922872 
53935110 
53263057 
53029393 
50769325 
14487257 
52762604 
54860935 
52099398 
46546693 
46623598 
20646864 
48213 
22134978 
34287054 
26297505 
39520263 
18646095 
21921307 
22042918 
22141824 
4387921 
23111717 
20436059 
22511572 
19422141 
16421430 
30220615 
33924934 
17305943 
25925451 
41437574 
15211869 
51812225 
16298452 
33670130 
21371755 
18290974 
19565965 
21897861 
17045933 
29131141 
47225492 
25087590 
24645573 
42905120 
40086400 
44938621 
37982900 
18837670 
45479841 
41334600 
45583698 
40588789 
24017918 
45534494 
15734840 
27637614 
42943840 
25071742 
45890942 
41607039 
46050365 
40343566 
45920809 
46098191 
45662392 
45939369 
41244293 
46231538 
25123764 
46035463 
45507542 
38879398 
26217262 
28108443 
46207764 
41754047 
25284185 
28558087 
39716148 
34954043 
44813368 
44611270 
46476310 
36967128 
40032770 
22065720 
18396516 
16050032 
39678194 
46710537 
17877213 
20859563 
45199016 
16811195 
17309744 
33956857 
47259866 
47261545 
46129250 
18215165 
47278602 
37493116 
32470312 
17702356 
17365660 
47290830 
42048105 
39475559 
47325474 
28276997 
47321449 
46886879 
37459839 
16158962 
18651812 
24918760 
14140703 
44962385 
15227650 
17194296 
15726782 
21874267 
25755218 
17310101 
15340400 
15755223 
22070489 
39226252 
21894720 
36332206 
36129360 
35330869 
28069777 
30263120 
22079056 
38793346 
23790198 
26323151 
23642918 
22645164 
18090786 
33662052 
24742196 
28889083 
26766791 
19947587 
33983191 
24922141 
21422843 
22480529 
22050529 
22213666 
23639792 
24780053 
22187537 
23620441 
29230426 
26300497 
24219192 
20678286 
22835920 
21909134 
19462877 
18315304 
21410791 
22730865 
17901220 
15473767 
14834729 
18995166 
5685012 
16203944 
21095229 
31599958 
17929182 
34710170 
26221741 
17221627 
36047099 
27722962 
25561729 
17867582 
26759915 
34422009 
26368586 
14442905 
33756598 
17454015 
17083904 
17767621 
27605743 
14513471 
767396 
17266725 
18294197 
13171622 
25298329 
19083070 
14533635 
15012486 
1652541 
5392522 
5402612 
428333 
819800 
1367531 
14987728 
13982132 
21697048 
22659609 
20600826 
22032434 
17122817 
18810932 
19582597 
15363431 
18168650 
15931230 
20168258 
15460353 
17370441 
17772868 
18033662 
17072217 
17341065 
18355938 
18656665 
18310562 
18912855 
19009318 
14461298 
18929402 
20138728 
20544967 
20666493 
19549790 
14587327 
20434220 
14702529 
12325212 
15311321 
14910135 
12819112 
20158137 
14186094 
19979631 
15432704 
18073350 
16797039 
21101201 
18009925 
17430200 
17082527 
6519522 
14337297 
21768071 
21733258 
18592956 
19628348 
16925928 
14664597 
18944942 
14503900 
21810217 
17819179 
20786352 
18647254 
22126060 
19751597 
21496050 
17155650 
22696681 
15595028 
22753616 
18843227 
22849848 
15494297 
22031615 
22912453 
20638487 
19377363 
19655985 
21188559 
22603283 
11637332 
21532679 
18228396 
22095432 
21385449 
18046592 
23345682 
23581063 
17377465 
18473787 
18082631 
23124549 
22364046 
20469752 
14435376 
12466252 
23666998 
19551078 
16026795 
14885252 
16719995 
23374947 
10039362 
22151018 
16633016 
22919923 
21674530 
20083313 
20827493 
22504171 
17235918 
20865389 
20408085 
24139248 
24480232 
22019881 
22947870 
15739702 
19658826 
23843084 
16329689 
24861878 
20062834 
20161577 
18294275 
15669599 
17593937 
20445732 
24798874 
24658401 
17984760 
20741857 
14855353 
24703398 
16403619 
15057409 
23195276 
17053535 
16632949 
14442567 
17493380 
19300816 
17833985 
20628806 
18896703 
18091025 
23941720 
18737307 
21470364 
7992932 
17754180 
20359366 
21220249 
20693348 
16817997 
21495644 
17403461 
16439288 
15907076 
21664613 
22010993 
20713691 
18802665 
22734287 
16683580 
17895450 
18665094 
14296366 
16302254 
19596228 
20622130 
20979053 
21080471 
19760063 
16560487 
18102023 
24199315 
20384775 
16274109 
20680903 
20410279 
74673 
23762043 
712423 
19554706 
19269112 
17451088 
16849677 
15415885 
15480686 
5490392 
17051344 
16649758 
18169240 
17432932 
17343006 
17324570 
21079030 
15905198 
14499829 
18697491 
5988062 
3108351 
14847903 
15532983 
15893046 
14837383 
18537317 
18406292 
20175019 
17545687 
17918663 
20613514 
21237942 
17850535 
20695614 
20703914 
14126111 
4898501 
20757926 
14461335 
16609630 
18249897 
21892272 
17442457 
15723971 
18192818 
16244789 
17779259 
17074440 
15587500 
19658936 
1769551 
20517526 
22109679 
21880565 
18198832 
17783546 
12190892 
8963722 
16245822 
17226612 
16448814 
18179696 
19614296 
18693333 
20651502 
18217470 
16666748 
14985126 
14750177 
15067280 
15134240 
18050517 
14742431 
19766789 
17278322 
21213649 
19753290 
17437735 
20975313 
20234549 
16511033 
14259355 
18485323 
14433444 
17897474 
14116807 
20147730 
17960461 
8724862 
15974185 
18953784 
11141732 
15191551 
18693989 
17642448 
20317677 
20751107 
649673 
10791192 
19994091 
20531154 
14282672 
14592723 
7908592 
1435461 
14323863 
14647570 
8984292 
18723114 
20278673 
17779216 
14442585 
621543 
19668915 
17526497 
15110431 
18058609 
18556652 
19019298 
2527401 
15689167 
20 
