13058232 
12925072 
48364045 
213637476 
412708860 
1475751098 
27537902 
59310509 
107212849 
57842075 
20464233 
183258795 
18086207 
620597546 
18842347 
78539249 
562322060 
1149428876 
48219892 
208308324 
33111671 
34780745 
15025036 
123297320 
555707443 
73273862 
596037905 
1411274071 
32366698 
35617989 
198287916 
15931540 
942720637 
127067898 
38848724 
15945830 
39532399 
29283654 
260582531 
127878777 
35874969 
1129676491 
17093617 
24807616 
259379883 
21741551 
16675438 
31003985 
44559386 
275754574 
275670660 
28422142 
502281810 
152801977 
228794007 
166739404 
183310940 
389229444 
443215941 
128393253 
42977712 
104969057 
90021519 
372483103 
475212144 
19781226 
472623389 
580097412 
17526930 
73273614 
393852070 
76997832 
177011467 
28644174 
18156146 
23544596 
43796070 
15687399 
469569383 
21193261 
24156740 
165964253 
14120151 
357683633 
25394970 
23603092 
229219088 
19731770 
115093438 
74755679 
23690344 
138600717 
28857253 
33936387 
207588053 
248917209 
16331762 
22749632 
58528137 
22080646 
574168493 
571083342 
28382675 
15416955 
70246837 
44215023 
41229669 
32985158 
20630639 
47285504 
17468528 
14202028 
43283406 
18961305 
131351549 
18827700 
137702106 
26125943 
25527618 
94639723 
20551782 
19362341 
338758482 
78767466 
23779324 
18742360 
27685955 
20019468 
449349346 
16412758 
20344826 
14248315 
25071402 
46233559 
16664681 
390377012 
16012783 
35206553 
13190642 
9166602 
273542042 
23504870 
413487212 
16331010 
7001272 
227347152 
651583 
32215781 
36098990 
37344334 
15387839 
48100887 
58233603 
25209206 
23849131 
59524045 
15633539 
21324258 
18512102 
25203361 
544517731 
15885170 
85603854 
27778893 
9956892 
14091143 
20406050 
147769291 
33926395 
15823855 
16848539 
123071061 
38252077 
179661493 
15856174 
228866701 
33927282 
25639035 
15767189 
62533012 
42052422 
39378322 
29564956 
15696448 
539364074 
44312605 
36528126 
21132877 
21414413 
21313855 
30614676 
14305444 
27825390 
62320740 
11985232 
34676063 
38536306 
21060763 
21148293 
18812301 
38270929 
121626258 
203162990 
40511475 
14293310 
17298365 
8936082 
30345764 
24724698 
27260086 
21617761 
14022672 
14765280 
15913 
48027925 
44928343 
10111462 
13215132 
26349687 
102134994 
13820672 
42594170 
16118939 
165511377 
22685200 
91390383 
50515656 
148807607 
14353891 
19338527 
14630688 
285398918 
121258930 
14922225 
5162861 
17092592 
29758446 
24742040 
41008598 
128956175 
249976755 
500042487 
21447363 
36262503 
238319766 
130894721 
274649460 
195814782 
75974281 
183625696 
17684325 
16130619 
16859667 
15288029 
251333707 
51119048 
111025315 
376601720 
348482094 
372417097 
43035768 
246052180 
399724836 
49691215 
24640700 
107493655 
261413944 
80415585 
331283799 
150762109 
93339186 
16089986 
58545637 
254333914 
17134268 
97739866 
36751886 
20978103 
15012873 
28916526 
183008895 
17534598 
21258337 
40076725 
18173624 
17783278 
31196202 
125480328 
64411954 
88749392 
103484480 
27942809 
200163448 
41533440 
143812589 
86827159 
46195370 
19655729 
9866582 
19979590 
81111260 
15918501 
12133382 
34707884 
90420314 
784304 
31219593 
20003000 
20928137 
33041426 
16000318 
29773795 
24613394 
28223477 
47358610 
15279429 
202668848 
14824849 
14345368 
20798630 
81236738 
15766405 
20012204 
40361513 
50374439 
3940871 
30500349 
17388955 
36783641 
17837463 
25341996 
135263006 
188843590 
36756075 
14515799 
53297035 
122155718 
91186237 
18341301 
36381677 
199686715 
24980246 
12616 
288452305 
4077891 
110827653 
17054396 
26585095 
16027904 
59949396 
19163090 
22898904 
10926202 
158414847 
89503894 
46475424 
663673 
71876190 
17771425 
407977463 
16786977 
133880286 
61061751 
62589395 
54682125 
57097104 
20656366 
87595338 
16829374 
14651308 
19515165 
5490392 
25240122 
137839368 
13986352 
615513 
19758791 
92367751 
14984917 
16941646 
30104231 
2367911 
263292498 
19697415 
19678610 
12044602 
86422542 
18957524 
10228272 
15575251 
243284052 
78670429 
15358891 
17202240 
20015311 
8652102 
125481462 
14234532 
8262112 
22083910 
27831902 
252882791 
25157357 
15071625 
14437969 
1431301 
15936527 
19025270 
117814006 
285282053 
13171062 
3258491 
16586811 
138416662 
82939583 
19771382 
23697509 
15977633 
16426683 
1173831 
21995408 
18800265 
49793447 
144003355 
16232442 
6970282 
24216951 
18101713 
32613163 
17698336 
19981142 
14439020 
20632528 
70211814 
15224059 
23409719 
9864192 
3952791 
26248093 
17073425 
19440152 
7081402 
14840869 
14973377 
15760355 
15917657 
37759594 
19568680 
18655633 
16370255 
36444947 
9318232 
15888142 
147646942 
247637481 
146930781 
43174323 
15838599 
15128933 
15238333 
12579892 
15818498 
19705025 
48407794 
81328323 
232123357 
23085096 
66624873 
17892280 
86399693 
21411356 
48190593 
149621479 
36114743 
20508219 
196213620 
20301305 
98865983 
100234755 
14455829 
33754971 
17613049 
39028894 
53221356 
64924049 
19661020 
35947348 
36299399 
64995168 
56902443 
8487792 
21036507 
14075026 
22619648 
17301647 
15590176 
9952802 
15996830 
1387751 
17242962 
44364694 
40529811 
57170795 
36158328 
16421962 
21630311 
23804345 
20632700 
34036028 
341929103 
7539892 
17980185 
27406401 
38531995 
18840445 
14515734 
147685129 
22384864 
17989007 
17628218 
23827692 
22546772 
14996251 
9730472 
19385718 
19543936 
16622151 
8283082 
15635604 
6154322 
16824090 
1372501 
20546297 
57393165 
1045141 
18244358 
16537989 
56367543 
15676578 
25092574 
15234657 
9506392 
24531730 
36072264 
14691200 
49717874 
16560657 
22179997 
31208620 
68513566 
84622050 
17114511 
16296095 
16274641 
178864597 
25589776 
25146580 
52945686 
37019708 
82978967 
15403842 
18222378 
19397785 
17919972 
15846407 
25365536 
16409683 
14230524 
6427882 
250831586 
6480682 
34192959 
17736137 
16206688 
17368405 
24579796 
24776235 
18583722 
41259253 
26565946 
37744442 
19658506 
38217934 
33045314 
29816798 
15111389 
18321436 
15770846 
18861666 
6604072 
13039372 
14290222 
13683952 
18476403 
20115499 
16597806 
7581972 
17483878 
15962096 
16537700 
278757223 
408441655 
15458833 
297655352 
352439854 
218693729 
10010852 
280915031 
14983499 
89578641 
48410093 
234014731 
226419556 
15033883 
11350892 
374688790 
40245758 
12285702 
17644563 
181590634 
68520678 
14939909 
18382055 
14968717 
14912126 
20790079 
20661527 
7885972 
21336878 
73987740 
52478161 
95698213 
104024580 
60243560 
36732619 
15233942 
789401 
15225127 
709853 
8152512 
17882432 
16932171 
14447976 
14305399 
8516122 
38241041 
273558323 
15891352 
15097176 
15285871 
13317092 
14425032 
29695131 
2015141 
16869309 
14803953 
56606966 
16400360 
52175920 
15977719 
22821175 
18843940 
24254832 
12219272 
15509573 
14221752 
31943671 
26265033 
50435228 
21905345 
796742 
16714782 
18262639 
19078594 
14892220 
62454048 
24795163 
6487292 
16430887 
87491355 
22986761 
17497090 
30309257 
17876645 
24019308 
18122488 
10222202 
20734411 
21217034 
15224719 
20139902 
17718497 
14780915 
80698853 
81164242 
23081176 
82652901 
7624112 
16313225 
18279333 
38025554 
20108560 
98199049 
69969426 
16027638 
26411479 
30150653 
26357267 
9473532 
36947388 
24670677 
15372377 
3646911 
17852343 
21904217 
65289126 
20727819 
15687962 
52551600 
355919169 
16433813 
50043 
150647149 
759690 
16273846 
20396481 
2027601 
108409583 
241228041 
22604980 
153153637 
16470191 
333821251 
192343764 
137948581 
8349892 
81512823 
251162209 
19470985 
15052841 
12220602 
207630647 
7931412 
179540496 
297730883 
14363211 
14709795 
39784232 
123963034 
14800619 
200324366 
42036481 
46787681 
14678743 
14888230 
9306542 
18280042 
36541636 
18441099 
12742212 
21921231 
16696384 
23480093 
103919118 
190515444 
165411479 
156606021 
23154642 
69960885 
17530721 
808627 
11009852 
15645093 
14538587 
3337171 
4107581 
817268 
2529971 
17176391 
15276401 
43905579 
25856905 
14347282 
18367081 
15372376 
16246688 
20065936 
52849192 
336116660 
23342802 
153534361 
31641658 
30043351 
82444431 
255516715 
24523660 
16190898 
1715051 
26053643 
56405314 
50835878 
3291841 
34747631 
6539592 
52613032 
15291335 
19554706 
28744383 
31312972 
43192807 
275197798 
66561957 
256573865 
146290693 
44039298 
22461427 
26642006 
78073 
22487976 
10545772 
17170147 
27891479 
24057289 
33606638 
28232724 
27050559 
31260962 
16506727 
70063454 
115444188 
18429443 
30000635 
15039781 
15420492 
188962593 
27678749 
22693053 
17446621 
22440364 
12369372 
175875194 
77483 
23161445 
23015326 
209686185 
38062562 
25333135 
18667907 
20690398 
18655891 
65184105 
15421741 
15076118 
180995490 
14117843 
18970145 
15217097 
111549824 
7076552 
151138071 
14111372 
75043406 
13035612 
6633372 
114054143 
41158016 
34442404 
2883841 
17525171 
30026729 
17338082 
16446276 
36686415 
20255162 
13236602 
22533473 
20221159 
31676365 
29344169 
33342154 
27042513 
22321602 
20196258 
16150457 
32309662 
48502553 
62290422 
14521222 
76266713 
19326233 
54999066 
20707299 
14353392 
15564653 
18950402 
9238452 
19433316 
25174251 
27824682 
20573669 
24932988 
79797834 
18381139 
53068702 
15179081 
34356968 
282553 
26149716 
77926504 
62591681 
20116946 
80700514 
43475964 
57371662 
7861622 
60794948 
18671559 
74307395 
18713254 
16303106 
9275742 
28400451 
39879004 
14428916 
21264679 
71297259 
55719542 
28685404 
20405098 
59525600 
33599142 
17453527 
16312576 
16400030 
780457 
19637934 
15287423 
15981505 
19777078 
21442298 
14506253 
15666380 
14348594 
26813101 
41692369 
18927441 
22679419 
31634255 
57487222 
17842366 
23043653 
14388587 
18732790 
14497313 
23560015 
10671602 
28204375 
15175368 
15858135 
39837333 
38786575 
7846 
28068199 
41207714 
5506532 
48800550 
56825321 
14372486 
19224544 
51672093 
45371222 
17992258 
27457788 
55440347 
19034776 
18125186 
7861312 
19835771 
23680913 
22657153 
23544268 
19562228 
13320862 
17140760 
20212018 
22207520 
17017636 
25527966 
14546042 
6480732 
19408989 
13639852 
22835186 
14304515 
25839588 
31353077 
40648064 
34318117 
14877431 
8572212 
34366898 
34977223 
18393773 
2212221 
17929653 
18993355 
17138742 
15029644 
30364057 
19058681 
14214838 
15762515 
16456876 
14136766 
24719325 
25045638 
17171896 
23655718 
18087780 
15700258 
18318955 
16905061 
14117433 
16427685 
17402877 
15992341 
20984650 
19498594 
16692112 
14079787 
14760706 
20271410 
14208610 
17670328 
18396236 
20816218 
17661877 
21083152 
1238111 
23645182 
18523703 
16609080 
24869669 
21556083 
18665094 
23238329 
24699303 
17453742 
16864008 
15695733 
24491296 
18346687 
23890463 
23376921 
14437816 
4480 
14209496 
23628693 
16378987 
15508743 
20882470 
19885915 
15692179 
9993752 
18315506 
14823469 
821193 
24753308 
17979024 
16260135 
9060672 
21230911 
21537374 
17699715 
15654782 
897351 
18098327 
20803834 
17024253 
21739136 
16965785 
17149131 
13258512 
20 
15227791 
21131816 
17853760 
14681605 
10810102 
22677790 
18598785 
15017434 
17653172 
22314658 
15693493 
1048661 
19029137 
18055362 
19793752 
19768193 
18396070 
21035409 
815994 
19846544 
657863 
17610774 
17890601 
19579845 
19683555 
17922668 
14288822 
7212562 
15485441 
21168952 
17113950 
21201598 
18298854 
1344951 
1183041 
14407302 
17602896 
15394604 
15169907 
2425151 
15439395 
17241245 
15568127 
16795855 
14363353 
18952294 
18005769 
18267714 
7516842 
20723757 
14700675 
20775452 
14480490 
17923863 
12307292 
14717607 
14067404 
15170613 
20652881 
16172061 
879551 
7040692 
20737323 
17218077 
19720684 
3482531 
20662327 
16165092 
20385380 
15458968 
18494332 
15148569 
19583940 
19650820 
16134181 
16247343 
20559240 
20563396 
18584166 
17568070 
18238509 
20590893 
15617420 
16414067 
20527006 
13952092 
20552541 
19612270 
19375513 
20111169 
20524998 
14693623 
11895972 
19395031 
16155063 
783214 
18583749 
15532694 
16537807 
14688902 
6802232 
14913755 
20432083 
19982340 
18791451 
15443868 
15902782 
19400816 
4119631 
15871859 
14503073 
14474752 
19964791 
14115093 
14925463 
7376382 
18160942 
20523073 
8691182 
19409047 
19298063 
19041528 
20176143 
14589988 
756092 
