14749606 
18853485 
25246760 
24744756 
11385192 
4042871 
905091 
21661062 
15838202 
19629666 
15292276 
14998180 
18133955 
18985536 
15351401 
8560842 
19229669 
20423025 
20415781 
14081153 
14685595 
14157618 
15901190 
749863 
1430191 
16035852 
927551 
12891012 
8867692 
22121393 
21098395 
19598536 
22502874 
17068576 
15161390 
15789733 
20562548 
21592216 
17042946 
8972382 
15627226 
43313 
17963800 
471543 
16814671 
7592732 
13255592 
14363484 
15602896 
14632661 
16148520 
16382367 
9840472 
16180597 
15371220 
5374 
14218593 
1436461 
14092265 
16838515 
4404141 
15666261 
7880442 
6902732 
14345587 
14241394 
14438198 
14523404 
14349013 
7300882 
14574709 
12602682 
10030272 
6106522 
15536681 
16317798 
6699552 
18230331 
17392943 
6504042 
21713472 
19692278 
22491243 
14935037 
16691049 
18403856 
21185021 
5438612 
7400342 
22744598 
16904438 
783705 
21397043 
17352423 
14996326 
22103036 
16598188 
21449894 
16423655 
20033253 
21969864 
6751632 
14974543 
14562265 
14351270 
21549056 
14693864 
14724142 
10358392 
22215577 
17125470 
15109716 
10290582 
12731512 
14058316 
798453 
14341719 
21979538 
8453632 
15350044 
16009795 
9825532 
17291393 
10644562 
1965381 
19353454 
7036582 
7507732 
16370447 
17883186 
5658792 
20013387 
21414436 
15947185 
1917731 
21561726 
16157855 
18955413 
8963722 
14647570 
13479052 
14711172 
21080947 
17323099 
16404812 
15795845 
18590602 
16133208 
20066204 
22003086 
9866992 
7199762 
17958485 
14199925 
15322590 
3311361 
15615663 
15085008 
16319570 
20731810 
14588331 
11785452 
7311762 
1469 
12080092 
15933502 
14233294 
2118301 
21831261 
14447884 
12546912 
14222875 
14335160 
10023552 
18485981 
15218891 
15186630 
15747454 
9405432 
1097851 
22330376 
15988554 
5767722 
18597548 
21181472 
22286188 
14048944 
21260034 
17374296 
8115852 
14059392 
15584776 
20746089 
15326628 
15447944 
16194975 
7740622 
7911242 
12507512 
6525 
12935572 
14155241 
12731552 
14244975 
14122787 
14294575 
14703036 
12212832 
5558952 
15625493 
15382432 
14813320 
14721400 
14348594 
61133 
14143119 
641433 
4424711 
14102561 
809760 
626183 
2426 
10322152 
7767772 
789747 
16426947 
6688272 
12217652 
6790312 
15145700 
14601769 
5072311 
12534 
16985924 
1688741 
5815592 
1427171 
15926078 
3163591 
46363 
15665583 
14739915 
328073 
15812066 
17431654 
13335562 
3670161 
1493121 
14936470 
18084512 
15413101 
16028268 
30863 
9127902 
15907253 
14608587 
8696182 
19637934 
6034492 
15928241 
16335488 
7404012 
54573 
20001282 
22080809 
21012600 
18135999 
17599631 
20536157 
15725796 
20419946 
14486614 
5485192 
17952068 
14983455 
17952091 
16956761 
16522656 
728213 
11689382 
16166443 
15189391 
17849532 
16910591 
10816552 
14834227 
12775622 
6064492 
10752512 
8088412 
6813852 
7214972 
15689635 
16988465 
14221439 
18852382 
3922181 
18406158 
8923412 
15518563 
18608714 
15816414 
16636329 
14132798 
5203191 
9200012 
17122947 
16102829 
14351448 
11998602 
9930742 
14247004 
789913 
14908931 
360493 
15255175 
8654602 
18203658 
107 
16880685 
11340982 
15463204 
21280851 
18795488 
19565929 
1547 
8336642 
17982724 
20572298 
16151704 
14071770 
11633532 
20968380 
2662651 
21803471 
21803852 
7861312 
7846 
4396241 
15693493 
17527466 
18932935 
17578429 
18997933 
13162262 
7945472 
7669182 
6090212 
6124952 
1838301 
14268020 
811572 
16363089 
7100402 
5761942 
13051832 
16293715 
14111056 
5770942 
9538622 
8954702 
14218598 
14381110 
14257425 
8694822 
12997352 
16681176 
18443480 
14344580 
6776612 
2911221 
20926618 
19394186 
1090331 
19454361 
14290475 
12144232 
9274492 
21692549 
17801505 
14389132 
14720411 
17850012 
14842523 
19983306 
17095170 
18778295 
16924832 
898491 
15843791 
16398216 
616173 
5656402 
14820608 
16038571 
15840471 
11821042 
7799412 
19432757 
18312906 
18751073 
14467906 
14422993 
15105269 
15819292 
18630181 
17685196 
14660636 
12505022 
17203389 
17880018 
21381275 
14590903 
5768872 
10202 
19109272 
14968142 
18726882 
16150075 
17280361 
13547812 
17545037 
15021099 
9091052 
18687562 
18280708 
16429977 
15433037 
21177678 
12589972 
12926542 
16849440 
12776042 
14376012 
21334185 
9508922 
15991049 
13976432 
16899075 
16539573 
14429823 
17903691 
13908522 
18052391 
15807682 
15384888 
11405952 
14260065 
15740645 
807487 
10744482 
15960627 
5036571 
15679149 
5568592 
18047517 
14990751 
17864230 
14200263 
8085502 
18931496 
4420421 
17237731 
888621 
12340562 
11771512 
11640472 
6225582 
9358742 
9670662 
6114492 
5984072 
4999 
4235091 
6293442 
9623412 
59433 
5775562 
6539592 
41713 
2100521 
3551171 
926981 
12332192 
5810752 
33423 
30923 
930061 
8584 
6613122 
2735631 
14223829 
5391882 
1084 
7380872 
14182187 
12615 
5796352 
145313 
4578051 
12735 
10519 
2391 
2224331 
639643 
14693823 
14127387 
8003822 
76093 
5248441 
5520382 
6127252 
37443 
14493737 
1135051 
8195912 
14985228 
14625755 
12193342 
4607 
12761542 
12669342 
7344012 
607433 
15227736 
1584901 
38073 
1471021 
2384071 
15164565 
10810102 
10113442 
15829440 
16129920 
8866342 
12860612 
14270650 
14173542 
15440179 
14529929 
11384102 
7478612 
16108728 
7243332 
5842822 
14336349 
14522546 
4417201 
16145890 
16123235 
14480251 
16350380 
17815912 
633 
769594 
13213782 
16855888 
18678924 
18767921 
17993620 
7429102 
16906137 
16721061 
15751083 
14904437 
14227938 
15234546 
16414848 
15060582 
20608910 
16160352 
20776497 
18598492 
18295700 
18473295 
698663 
1202371 
14099695 
813286 
20 
15131310 
657863 
783214 
4119741 
17985338 
14750451 
