592638076 
14679080 
189473769 
87959924 
241382835 
128784447 
325265073 
89820928 
15485441 
158426909 
50325797 
15846407 
4207961 
15224867 
16129920 
813286 
759251 
1330457336 
1339835893 
2303751216 
16017475 
44134773 
2836421 
18622869 
1286312880 
205864193 
18587457 
182503471 
48802204 
49698134 
91180720 
48100887 
19956399 
38481615 
15689590 
81979135 
829869687571746817 
32169745 
755495378586247168 
17336784 
29470302 
166396410 
223212821 
433009841 
54630705 
299074732 
14268564 
17836882 
21094888 
191056056 
22412929 
160326320 
23358340 
17450452 
136405068 
73074222 
197608624 
217995172 
248413968 
269035181 
187898937 
777872256420704256 
2201794429 
2376010556 
51012297 
43522180 
891794228 
425938818 
2557037323 
2570140007 
543512802 
1941387158 
586671909 
349378585 
1873197667 
87383875 
17021209 
431581075 
19200549 
324479206 
787086385 
59833843 
77315885 
861408991 
1439547284 
125346020 
5988062 
3108351 
35773039 
807095 
15164565 
14677919 
14511951 
16012783 
85460092 
91139567 
15891841 
20284860 
76466547 
504144262 
49171042 
308929255 
1725245468 
289118612 
235793183 
287507644 
165836121 
948471642 
71695558 
1682395932 
1355218452 
360285166 
172867574 
74035510 
1972794984 
378682562 
159169355 
295810005 
1434421279 
53644053 
168225565 
947049289 
1314617598 
1202005458 
43710296 
41145089 
27830610 
178733069 
161801527 
26657119 
14377605 
87812562 
408133780 
23840369 
1920564764 
15764644 
90996160 
184321146 
1288492448 
355906128 
359373456 
13393052 
18094552 
4209511 
411968769 
521319944 
49344309 
44917949 
924271886 
41636351 
16210522 
7824172 
47774452 
101555042 
57917441 
18245071 
16434589 
1467860528 
17011177 
50842292 
343807060 
74256759 
480751451 
804422437 
585292406 
722003893 
165162804 
16244359 
853741303 
1229174520 
221607240 
397808398 
1593878304 
38220553 
322981441 
1615740906 
923342250 
106587594 
1685963719 
42903387 
82593325 
361611442 
222737371 
236898676 
14749606 
548808809 
156169171 
163900040 
259915212 
33040475 
53459104 
126452674 
304661350 
15558351 
42208257 
17983854 
29309901 
1274203730 
366102013 
22957295 
215755652 
52934970 
1512735632 
15439395 
348585170 
312103210 
14955490 
14078485 
21229292 
168759825 
136337303 
296612433 
20805914 
5741722 
349794961 
256847798 
441519711 
825028537 
1368439308 
768389330 
15120121 
1351947746 
19185333 
224257403 
16589206 
279390084 
95431448 
214980875 
25702664 
1227950179 
348489362 
194398917 
18948541 
15786845 
719483526 
27949405 
1121098190 
871193965 
578878901 
620477783 
924387380 
810714800 
234931478 
258711864 
106197499 
940160473 
16294014 
620547972 
19539314 
94492750 
101019526 
21463418 
348174495 
870726494 
1045751216 
516421587 
257841993 
19327368 
921923370 
227525953 
8963722 
49459986 
132449731 
586421939 
24276078 
27866537 
465066321 
16790797 
270945889 
355970209 
484397443 
1028596032 
989020656 
308823735 
316923168 
822576654 
41350045 
355440287 
944787331 
597428680 
384507734 
440362326 
14619600 
524396430 
15492359 
272659909 
197426356 
23742414 
974954358 
590339549 
426131191 
9965842 
910706220 
100583162 
382128416 
524611204 
614101329 
142629201 
262345752 
857001836 
178639284 
520249032 
335120647 
18138737 
215105935 
618384601 
67028005 
32786430 
256048813 
14920785 
804844116 
231590998 
598527947 
17612361 
141189815 
620545251 
117499451 
597112352 
43785719 
39041254 
323389522 
19881561 
125127994 
65686302 
82558021 
870511970 
374199331 
28512557 
148301773 
430826222 
382759712 
38693801 
870671706 
400524509 
551643849 
495904049 
739217438 
231796277 
28574907 
192118878 
228554424 
173692694 
16711026 
110616935 
270498684 
30551330 
23255247 
620016486 
593325092 
557924100 
823620397 
22854172 
152844169 
820083002 
298199568 
8628792 
263326912 
33033233 
101353906 
551476899 
330789032 
438668605 
278078108 
598705895 
30122109 
536747700 
22814964 
601278275 
196128867 
59613021 
350924900 
314294183 
288381629 
802996616 
615727648 
54048122 
553753344 
86270711 
275912281 
479611462 
449440731 
433735182 
432150202 
43574371 
19402238 
592342449 
29499561 
21866842 
413348334 
28886311 
350341057 
35515235 
14949834 
396491213 
19515424 
593421240 
65305830 
413634412 
419591270 
24408575 
305056580 
22300902 
457287465 
17686959 
247440012 
303105074 
125669408 
804105732 
19547170 
788235926 
297453408 
159146973 
43588673 
126877647 
54184024 
312420194 
9033762 
92570063 
204832963 
34285278 
20950239 
18000919 
18725061 
75668156 
101297831 
117189136 
37710752 
19966557 
62714992 
59379757 
14749383 
34136154 
547882470 
43708437 
617204205 
9300262 
596581886 
29840535 
25858054 
497162873 
16535205 
751954525 
20833628 
395238004 
13075932 
237388117 
799191420 
508797073 
794950188 
15892547 
419880541 
601041810 
128681096 
436643475 
580329924 
343523071 
573325862 
37208927 
577113395 
572041255 
512029381 
14882900 
27922157 
14499829 
39250316 
14496573 
16303106 
1435461 
19658826 
15234407 
14199378 
23962323 
621573 
48799978 
17017636 
14188985 
16956955 
135676296 
569407018 
14266637 
316327930 
25375092 
15226612 
66162716 
23586077 
14985228 
116994659 
312579379 
16339870 
184745577 
50016578 
15884394 
4620451 
281206678 
21479907 
221935098 
552121630 
237670274 
30297866 
90202078 
15091682 
8512952 
14293310 
21163925 
17264940 
10876852 
67055751 
250317793 
541219292 
46848957 
988491 
601433988 
545389409 
378125006 
102637416 
250772133 
26228789 
57652284 
188026539 
81671608 
157327499 
235191414 
421109756 
226759450 
124942059 
23965704 
115398087 
583937601 
390546716 
100974966 
715418064 
300333525 
23380149 
106837463 
15518810 
24431892 
20818801 
25341604 
495728575 
14439472 
189596047 
232946064 
242458634 
770524382 
42454163 
150100606 
15973356 
17386718 
248446587 
526783358 
771548880 
772816736 
513872434 
586250633 
240352786 
22811188 
438667509 
211558540 
325601420 
564415298 
535538419 
19181549 
47683059 
758360797 
233778291 
133570135 
408549775 
26015194 
473076936 
556172378 
464493596 
220875619 
326513397 
384346094 
365130939 
115820554 
56275420 
41852841 
463312954 
117928875 
281390508 
622698102 
131066395 
496213229 
125849704 
617825073 
397322609 
249705859 
622427154 
33030507 
205195655 
454581448 
27576099 
19623009 
259089382 
35307407 
25570737 
394227394 
22210329 
308612845 
16955991 
216086840 
130523499 
32036020 
16348549 
36743910 
162269168 
177599993 
156752362 
136758693 
264819316 
77036624 
230301385 
627726577 
25178951 
552733888 
48790579 
101484149 
254251611 
406747602 
269873463 
287485710 
20009469 
129235853 
700785800 
193513132 
378862808 
35111933 
398710244 
379869831 
119617607 
235158809 
15589593 
573959549 
427799256 
549828863 
155796452 
294206115 
18151650 
14701161 
241635260 
19353949 
340667077 
36806885 
153676400 
302454557 
298639001 
327265017 
91295208 
247674168 
18616259 
242279351 
28472477 
216491548 
553743833 
22282662 
41500244 
73849045 
453633684 
266244780 
316155035 
196538976 
123148608 
596555664 
19697415 
558293436 
375405313 
119456029 
402718437 
29900880 
11866582 
337119411 
48415266 
20564057 
633333017 
14177942 
56788628 
14764240 
44485555 
16959340 
21293089 
50310311 
45934467 
56694282 
115256012 
630722427 
43532023 
87089097 
147739238 
575397115 
53490868 
625240605 
266617309 
302164111 
383950421 
276152153 
68253996 
8005492 
17927498 
112479899 
424651161 
558191594 
486176942 
475901042 
15295503 
14142575 
444047001 
443018300 
22162854 
561264121 
77254498 
72552866 
61387185 
135125151 
284635544 
309885257 
489636262 
1183041 
23685059 
16158738 
267454085 
342865400 
359043262 
29503208 
188869825 
823905 
16364699 
538251156 
286213939 
511184739 
16178009 
459784347 
354036660 
58480765 
309808124 
283687745 
83281527 
97750537 
17899109 
75643577 
601074162 
17690286 
36190700 
552864465 
54584188 
100906237 
14482971 
16215846 
17376471 
520716279 
423825272 
15953047 
602159998 
216109954 
594781079 
22801448 
606923986 
34824802 
199055769 
146341284 
393808557 
87544232 
592016610 
36021984 
105965228 
489951708 
392537643 
84015988 
19510796 
598756141 
173960361 
371590631 
231129630 
47920182 
15612663 
471211848 
314552041 
374156724 
266345109 
583525892 
296816692 
113975901 
187357122 
455977584 
442794269 
605451010 
21195279 
379314769 
4519121 
588393471 
16571124 
406825358 
224104024 
67952444 
232810085 
110840911 
94248202 
361038316 
418993372 
30008611 
19238211 
303008245 
423981494 
84355016 
197910360 
377392057 
31510951 
525595860 
113472344 
345660946 
14341268 
330533501 
142578788 
50019788 
154647635 
375614429 
101349976 
83969342 
599521144 
27427741 
22358550 
15195679 
20923669 
603044094 
44478853 
117174877 
96133674 
57724061 
505888450 
4532321 
23603440 
187814909 
25709512 
599019243 
20609518 
23870896 
574022008 
105911241 
606874076 
27485292 
16439471 
369217848 
36522654 
21964548 
232863368 
217574712 
441273918 
181712220 
14362758 
255833420 
575438355 
554697270 
107208463 
556607648 
21829591 
121933378 
487020408 
564019710 
209253287 
456257015 
599706960 
3393361 
106814808 
474374687 
42419247 
15347970 
115160953 
117371767 
17474206 
19799229 
120606664 
531721019 
19904900 
14596530 
252890019 
183306644 
17840058 
506423300 
54387320 
411911850 
17285084 
335293686 
596110371 
15163663 
14652833 
355504151 
18459548 
35862271 
481174314 
233711297 
522538952 
9362512 
23918769 
325250377 
5645502 
542190714 
401568922 
15024317 
18587165 
429843808 
580631651 
96922874 
48269483 
28912292 
174285518 
442178908 
415196079 
7885972 
586603947 
233295722 
40798222 
261323176 
278571110 
18783373 
396247837 
494308818 
240848886 
382988485 
71943 
55031341 
577200939 
74835771 
401376264 
16941726 
537487691 
16584912 
402957663 
449446771 
246145932 
24224436 
211232473 
30141068 
400188508 
569462105 
313051848 
142608366 
456998856 
38186171 
269441846 
30832722 
243019601 
82511333 
125981547 
58550784 
441522685 
566871721 
309312797 
38894925 
547665779 
397433605 
757417 
480877857 
236268614 
61035388 
19996935 
539403803 
72627338 
450321508 
16474992 
259210197 
303059063 
312083303 
21857073 
349660063 
398885299 
390971140 
222987791 
274253450 
313489340 
46725415 
225281928 
214577296 
426287347 
127601321 
156301756 
18472086 
590518474 
18517383 
43237813 
537692041 
53573559 
280936483 
266221255 
106442779 
72884238 
17789578 
119458412 
428538212 
588337085 
51021108 
133858640 
241360518 
282232881 
581197294 
496219354 
396745864 
322559057 
50482949 
23122848 
454107386 
215798222 
276014492 
156662051 
501817486 
512318212 
476520440 
431626659 
65258793 
249080124 
115248759 
354339537 
71283086 
582200971 
56194512 
19721548 
198967695 
62819585 
565589984 
222838978 
347797866 
17352834 
563927645 
17209415 
274162096 
30757110 
498934945 
17268547 
172871431 
283025472 
266780602 
17144321 
118226267 
177954571 
122146853 
345026344 
15626123 
22720607 
152034528 
24155973 
148001962 
269843075 
274747255 
35501540 
22737278 
575644359 
306883304 
123978639 
24409379 
353063439 
14079460 
563227669 
12587862 
114286767 
35633645 
26419461 
15076582 
553763857 
48935222 
185524525 
87332851 
434635642 
261787241 
402209871 
522871021 
472658710 
553234669 
2393871 
169117876 
16906827 
268666494 
84941973 
461505624 
444404663 
565975104 
118306132 
50453988 
209944791 
83487731 
20598707 
24923433 
66720925 
83142423 
15471002 
132253489 
232344053 
20766141 
269491046 
14116807 
73521769 
19878326 
550304910 
234434922 
18325278 
96879156 
350899008 
238443625 
390566508 
392034796 
539371957 
539093238 
43968642 
217046870 
401678914 
69984210 
46804571 
355649746 
346631587 
56100683 
39821920 
178811927 
499938226 
208331906 
13624022 
107837065 
81639781 
309980758 
249995028 
438490210 
275102574 
287996824 
142231607 
34360332 
562277958 
344408759 
294145954 
39385649 
529389959 
14873673 
23997682 
171810561 
343037169 
163813257 
53860355 
14374797 
26947798 
556344248 
229909022 
302803308 
15170429 
269926384 
14253177 
309333272 
214541889 
296129356 
15110400 
156776545 
444233299 
265007259 
104996549 
503523237 
87013746 
89206968 
50919209 
77270151 
247295765 
18851248 
517164012 
179732982 
541201580 
1393551 
283686786 
40585382 
555610716 
346852354 
16850589 
281383605 
306349709 
496840069 
126794204 
448232260 
509163749 
154336229 
488124820 
254733131 
499472906 
26052735 
488785712 
14547232 
355327856 
88660201 
18252636 
191201200 
226590715 
513840286 
15889339 
176845219 
528446358 
116416014 
524535893 
495202171 
73112697 
365784530 
220701283 
338935955 
20897273 
534908325 
18075983 
144615894 
454325637 
465051974 
499943541 
433528284 
495326906 
40547279 
223181633 
116276049 
489593382 
12174202 
63267920 
551513058 
489592609 
240222393 
461299374 
19615494 
15734898 
45254966 
301566610 
16190307 
432822840 
426938392 
24722423 
18964134 
76714507 
314151079 
50393960 
14372426 
91925494 
12007192 
18975067 
180856198 
178366499 
118111103 
408524133 
407603445 
25728193 
15097615 
246528765 
58972245 
295832127 
199921985 
539520569 
90082923 
500956573 
104348223 
25915206 
215771392 
29272019 
370419168 
21667822 
16794670 
269503597 
86000879 
415251146 
20328115 
536838888 
253629620 
220619036 
315495725 
82237859 
258733786 
282635822 
377540405 
248833974 
16988154 
146450598 
216348190 
426061312 
356355774 
211346427 
387315189 
15841548 
348058839 
297042464 
226507762 
78928914 
31203549 
289204052 
526950449 
231382372 
537074817 
543033857 
483170999 
322344869 
195968892 
58528137 
290920786 
33519755 
58606715 
266219574 
37122623 
21144818 
173237137 
17515673 
32501058 
341678333 
25916739 
476395080 
537388659 
531021889 
93516167 
16487194 
307042674 
155221226 
15458181 
15220768 
928481 
387368241 
34825939 
517844054 
188493140 
238167563 
499334627 
115808994 
52494513 
511397343 
377493356 
281336611 
5068241 
103968051 
51442370 
326778593 
220431587 
290840294 
221094833 
474535964 
536653537 
172741465 
124907750 
360683639 
71651549 
450188018 
379386358 
40069846 
193365375 
54096130 
155960966 
398516736 
11888212 
8620452 
7112242 
168507487 
11274452 
387256523 
229795715 
35043984 
158749231 
223481744 
157050864 
43930859 
469896286 
494383730 
16220555 
39766020 
506609271 
165995266 
47709608 
364510729 
9116332 
247616576 
506505623 
233956511 
15122553 
247455247 
501344424 
26352872 
277967605 
273084336 
330502336 
476360880 
347038824 
478439921 
244678030 
433836737 
463090273 
275714700 
14246105 
458621197 
487155089 
478216296 
383065004 
106285629 
226207535 
28422158 
22346527 
373493472 
225184667 
452033255 
71704654 
177559668 
436058303 
475865106 
459966939 
32673296 
174805704 
384088711 
335438602 
55604491 
415261991 
18500081 
441322540 
17987451 
258861514 
79459471 
17045178 
448613650 
467972578 
502313938 
15522566 
66944485 
255655920 
57755615 
28878835 
457316665 
475329713 
114963719 
228884014 
90809882 
24802603 
108987695 
418173252 
106018729 
195991171 
20280065 
427722296 
15724860 
261650761 
19081001 
456138450 
134249298 
30075393 
155270132 
400930085 
394458343 
472049970 
93921210 
29284541 
23966894 
19662280 
268439864 
22960680 
377732958 
274582904 
15634994 
230409815 
398439192 
394431797 
396278627 
391963325 
105565485 
419029835 
389847808 
5402612 
428333 
788524 
2172 
742143 
472288990 
418899331 
264701812 
465402607 
373416209 
7212562 
369839024 
217286126 
347456909 
296516579 
55355654 
18125335 
450932665 
322703763 
28025701 
355060319 
277475848 
39627160 
166006770 
34684104 
210708762 
18259237 
466744304 
433006255 
197298478 
18748319 
17874964 
51775918 
15648418 
365254170 
324090764 
302275288 
142405256 
43851680 
21113105 
2332761 
299230301 
431205141 
16815482 
21633448 
456353171 
17350250 
64471032 
416801141 
203909742 
291427437 
439152766 
267325829 
116498184 
444894662 
237013373 
346266299 
425068218 
15550107 
165334385 
166157017 
414277853 
23430138 
194758672 
235033764 
458464133 
90203884 
245152500 
415058733 
237935509 
336625381 
292571444 
18797011 
176916267 
17403395 
456636692 
16954824 
96038741 
177145633 
277280298 
302781390 
425194175 
445815038 
14554753 
193915986 
413380930 
16967845 
38692888 
14095549 
16170115 
18744815 
22001132 
332503414 
39204895 
198954514 
288856282 
250955377 
28345918 
25086163 
354526290 
318877787 
30000912 
39520275 
304210317 
399085190 
293214011 
16215278 
174303316 
404349157 
203811305 
327417166 
58241549 
201431781 
51108360 
60431096 
32905465 
446845139 
342835839 
419212302 
331681951 
63262233 
403955964 
329073112 
82121379 
89247650 
264357851 
345789404 
303482395 
138737516 
195338696 
18723666 
27042953 
28550357 
91136745 
14166714 
156146458 
23034970 
442249363 
404617586 
36119208 
110874872 
20962510 
18510860 
45849604 
163998870 
415156476 
152179574 
183856358 
130696765 
38857905 
305138837 
24381999 
35442838 
298292901 
22314378 
22935909 
327609595 
22692199 
321847690 
304164380 
18203854 
222981042 
346114876 
329228070 
232684558 
198770183 
103167711 
361679756 
19752078 
43782074 
21128411 
308261750 
18808656 
131952607 
372132353 
87983815 
112254079 
42640468 
72351863 
285834374 
245409309 
13755872 
20484934 
260587674 
101589401 
40345462 
24810315 
260959284 
14300586 
65404941 
65044189 
16070477 
19193740 
16653794 
420196779 
265604463 
383368981 
388593247 
30626229 
122122818 
27268080 
443592185 
149747560 
39271861 
20766398 
286553425 
345026816 
17169844 
21968677 
218232928 
20015311 
16056554 
17400752 
5695632 
23004495 
66771958 
409570388 
119247614 
248841973 
334972002 
253283044 
194005453 
32372834 
146585133 
23881926 
370502845 
29445234 
265604033 
19711888 
378204184 
28148209 
103045806 
69261637 
14754425 
168667074 
8813602 
74317599 
223266218 
231964383 
18436576 
25660011 
14370819 
24584713 
396694301 
15478982 
42455104 
20802451 
114974578 
239212535 
15989623 
23208184 
57792214 
17944671 
15689319 
46861768 
240368194 
286974962 
27446437 
27473891 
427992917 
398511655 
35062566 
16809012 
172869874 
387311789 
269796453 
210817759 
352772077 
18686380 
81434158 
392709763 
15707204 
140893014 
18376460 
359623398 
37808691 
25382170 
17237127 
27765215 
261140872 
298990732 
274793767 
260729164 
172626911 
278027683 
321598207 
25508307 
279661212 
255755006 
16378751 
294118636 
9415922 
259410631 
335740776 
340965023 
3342161 
279183180 
81416239 
182667498 
43119158 
229877290 
7082702 
246504036 
20216193 
259823667 
48189866 
16483724 
21606492 
107821870 
229534255 
223326605 
312087792 
276483279 
43613789 
170433285 
37046876 
303652700 
312357746 
17551433 
326377984 
190194754 
321568621 
305741240 
35563232 
237842952 
329381549 
28619103 
21127727 
285979069 
178356185 
323526785 
133071743 
307041105 
305574265 
144042311 
177520547 
234540838 
63579865 
22179997 
17629705 
22176976 
145945207 
14839722 
20569856 
182683401 
275834051 
296888848 
276497424 
293849716 
10683342 
300474239 
212011862 
141633215 
35561760 
71715641 
270091958 
82992777 
2883841 
263613733 
34713044 
14936004 
192293321 
14090873 
143258422 
260004196 
28182083 
114936966 
142741107 
235716638 
63551443 
250359625 
16801185 
272567359 
261478477 
44027345 
741283 
18463403 
147748186 
45190267 
21518336 
274212110 
20936406 
154541752 
101894681 
180589985 
34221188 
82353462 
286520409 
274195222 
161278059 
143277057 
18312947 
264965924 
90747212 
274719722 
172046232 
290536165 
122791625 
224154777 
285878602 
176950935 
287469820 
174526996 
46787644 
82967361 
195264853 
84103800 
14136278 
146712559 
71934552 
39988086 
75367365 
247122579 
188926041 
126492276 
282786470 
206893074 
30999226 
269487835 
13374242 
213912340 
49914770 
17326756 
226736114 
62885478 
126105959 
67036012 
111044693 
62007175 
11576632 
263445364 
257201788 
272547036 
92319048 
9196392 
269343259 
80648350 
253414817 
27113553 
192934772 
47568448 
173555328 
17225620 
232528349 
257954079 
19210640 
265652034 
135329660 
21959691 
38931262 
226440526 
263225647 
246550217 
227847019 
184590758 
41749124 
139115777 
14471465 
208448943 
49227919 
198385582 
225561858 
19691332 
15049826 
242202891 
29524417 
21611991 
269552103 
257607352 
246587986 
19514441 
23280912 
17006036 
89560236 
32586219 
54780450 
214679389 
222881607 
16700601 
27740645 
155405625 
230899742 
19233317 
180206137 
48842533 
245152870 
208633258 
11155742 
40641341 
46535499 
244746802 
21631487 
19698094 
121437473 
262344357 
60504439 
51783 
16072030 
256016779 
65711092 
185462609 
80048581 
84714448 
21189562 
39211358 
53250303 
209220824 
16087360 
245094007 
36689469 
205399718 
239769346 
17912605 
226245801 
26353466 
236284263 
14621112 
43453926 
6796502 
60735918 
4955811 
262225167 
263521294 
15310604 
171447478 
49224286 
134226059 
28099804 
29652976 
56793769 
241328581 
82465101 
248398473 
227411672 
18760460 
147983506 
74488589 
147875293 
18210784 
19308529 
106589176 
121526589 
91259201 
246748873 
35671466 
252927427 
123674947 
77540069 
33746566 
256973316 
255351645 
81998705 
39006262 
180032795 
75260462 
164650525 
215476040 
89162856 
19408199 
15071994 
20415276 
100882501 
20613843 
47581324 
20338242 
208516923 
165508681 
258818409 
16083327 
20164938 
101117169 
255292722 
182884032 
35072871 
15301252 
16082935 
235430546 
137368860 
73255170 
17288893 
23476134 
251198094 
21884339 
50666280 
149497659 
250357390 
236387339 
208112747 
137627005 
78736760 
248278483 
186581656 
251265656 
18703025 
15643370 
45819332 
6598362 
57820449 
120421348 
111697104 
217312054 
180352097 
53019309 
184166044 
9109242 
25042500 
159743606 
23280287 
31019855 
16077024 
49784732 
31303483 
34400417 
69659914 
58205558 
239621529 
98019343 
90450702 
120631088 
16181537 
33934674 
41185952 
227159879 
42980449 
44213844 
138524904 
115594704 
146145607 
128035939 
216707460 
10078042 
242669180 
5404682 
20087087 
25221139 
158051044 
240504987 
204251071 
72426413 
96172459 
18226814 
104563459 
202283198 
23960048 
9117482 
15378501 
190618477 
62675268 
106754851 
14673994 
16846554 
21348792 
20016044 
192399051 
21423016 
19387828 
170766006 
791911 
38167605 
224359791 
16798764 
15836440 
25169129 
213527415 
91656434 
39171815 
19885638 
11332 
210919865 
11314672 
18571051 
227092368 
192250307 
135308591 
224368932 
237065171 
177339679 
224399824 
109783538 
50412338 
103550181 
48865906 
43384002 
21728718 
213329303 
18159761 
14390988 
115159015 
175167537 
120421793 
36541636 
23326475 
15190882 
34040791 
71042225 
175210423 
86893063 
18770422 
120188287 
90485775 
12332052 
47385684 
18715400 
36884303 
14074623 
26101957 
194306325 
80472433 
37321811 
30924802 
24840112 
60692088 
212573124 
38683098 
14774997 
196324851 
25429682 
21489168 
191944475 
220278851 
21659345 
181420710 
193862929 
185076980 
15800843 
14967494 
21791978 
42038896 
20969281 
113180383 
120797863 
16860378 
215199945 
3365271 
17200861 
183048286 
14300436 
15040449 
197262168 
208068762 
36455389 
23192594 
185039684 
99537940 
64997180 
193523460 
187895037 
114323099 
223634936 
48893314 
53975068 
23121669 
89573533 
64072945 
215427056 
23255132 
123385308 
12611642 
156503598 
41039764 
65064406 
175489952 
171239161 
25522168 
23905821 
219069556 
206464050 
14232408 
15832861 
16512218 
14119017 
129443311 
14321748 
16445787 
22379003 
152513147 
195189632 
15469536 
151971904 
142750525 
111994549 
39597691 
57659530 
20339406 
35791250 
67940616 
68797614 
26585906 
103101931 
209247711 
43560929 
209631310 
204171581 
120920715 
133305654 
135987808 
205961508 
207651984 
20105071 
24625627 
15683167 
68741549 
26959281 
42383597 
14228346 
67653749 
114349909 
24798779 
43501658 
10965012 
183687342 
184221744 
58754037 
193888353 
98775460 
134812481 
21371432 
201411171 
122835091 
7019252 
11446092 
32293641 
120471559 
83837111 
25726829 
13380412 
133908278 
40203823 
108696783 
18458916 
89151686 
54350891 
71289633 
185528733 
17159988 
204704944 
44777775 
193337142 
31583882 
80364360 
202245509 
17241517 
6627752 
15971968 
185157128 
18774686 
87863771 
162182530 
14416611 
126971230 
25324452 
20094293 
83761552 
26274918 
18536043 
29145045 
23436444 
36349723 
93747129 
34795862 
17694248 
35063180 
78789634 
87340394 
107114929 
91506915 
46026799 
187238776 
17164436 
202243516 
5950382 
28663359 
14209354 
170336539 
201212859 
18598365 
71727762 
201192155 
29082633 
18981504 
86780283 
178088213 
16585234 
178348420 
61392265 
180591603 
13116352 
145724480 
17869057 
196679435 
57528569 
190225248 
18819493 
156896593 
121787086 
176932692 
90692840 
29382773 
159971051 
124820164 
92281967 
108120971 
35329667 
108846493 
157519705 
28143814 
56728832 
35798323 
187307858 
123111060 
135862550 
155311735 
52240132 
45033326 
43851589 
19375693 
189668651 
32299757 
26993825 
126786399 
117424570 
107304436 
96243124 
31308235 
16208245 
52640755 
20133748 
124742769 
14726762 
132340954 
91801849 
21736828 
17362917 
74494350 
34888870 
2608911 
156195463 
36447741 
74529629 
53687808 
14049337 
17630756 
26128206 
16372551 
133304958 
126401865 
14118173 
178904428 
84133424 
88357443 
117901400 
125095472 
95281747 
27961877 
32567813 
16869309 
17592150 
85430198 
19995995 
34118997 
121517711 
46526373 
78915072 
25496436 
20594413 
59815021 
94853599 
41437506 
193631662 
111220716 
15659248 
122513092 
16571541 
179610866 
83608202 
159660817 
53421412 
173111183 
161133684 
24316830 
16597741 
20731652 
65648662 
30864768 
17648512 
87495080 
50072175 
23113622 
37352665 
146495938 
70836894 
21897248 
58747084 
180559855 
14087338 
71309250 
176808063 
186246057 
18309129 
98191561 
106362696 
107219606 
188152630 
14090634 
22447311 
63131457 
191210485 
163937295 
191856163 
114819306 
16587029 
113812954 
165959456 
173820836 
16929679 
159312745 
60676379 
69604424 
61959361 
48098530 
17584594 
56128386 
15918277 
15917471 
141053225 
181948798 
32408890 
15897364 
170258147 
34554134 
36639580 
14396061 
26127066 
113411770 
17021120 
784492 
32017410 
17917325 
15225052 
125248670 
125548686 
35895862 
101898110 
99876733 
121402472 
125379843 
58077361 
22046942 
60198960 
46280999 
22151817 
13074262 
17926886 
124616371 
16485470 
132186306 
72187651 
126813615 
47411569 
132649433 
133276595 
112850247 
116330815 
49449273 
134215134 
79208338 
136752542 
18318970 
92918188 
138419154 
132225585 
14678743 
147602648 
149175756 
19552580 
15635800 
124034699 
42704824 
77351633 
155578198 
142358252 
20655304 
29821740 
60480296 
35242228 
18421171 
45478814 
23449692 
139872518 
162638636 
163060741 
115586115 
141436048 
22309065 
134602166 
165415377 
16387521 
155919841 
162143672 
153863065 
14357626 
161340479 
1315431 
6801772 
17350496 
174111924 
177163047 
172752813 
143223309 
154175785 
64507817 
164536503 
136401087 
19334010 
30205593 
119933418 
18929398 
52455149 
23321692 
16207826 
24835324 
6490952 
61788780 
8013282 
25587474 
112385503 
95726463 
71472806 
19710333 
17750056 
22912734 
78863334 
107193227 
64706729 
10875302 
33740013 
67069699 
89819474 
14178795 
16514555 
119045352 
93937046 
126208137 
78832728 
56081354 
11041822 
28263009 
14318382 
28266226 
112768544 
61671069 
103348972 
46508581 
48268624 
49313161 
16971295 
27725589 
23346215 
32649861 
30339561 
18277967 
41458920 
13830032 
36806342 
128103868 
17517497 
19060020 
109701439 
40692714 
76668619 
40885516 
20107638 
97211652 
15450996 
20658039 
15867069 
119959775 
16442550 
111694309 
41627091 
46719826 
49437936 
57331403 
80690325 
26097892 
16050029 
76588034 
62947501 
23522443 
16475304 
68821973 
18940325 
123398133 
92210889 
118803704 
14539341 
123276758 
98276035 
22670890 
121945640 
19970336 
23323505 
30634849 
2467791 
4170491 
27687228 
15882965 
11645232 
41041409 
23341160 
42325925 
15647423 
65168630 
40103016 
21679268 
19423917 
49448863 
94018485 
64226551 
18890200 
761029 
33112246 
17300150 
19252006 
44197065 
62867227 
90906912 
16765853 
104381166 
14652780 
110666403 
41404738 
92921193 
114563564 
47016509 
67197846 
91217113 
39152296 
63586621 
117479267 
27759473 
53700938 
116137307 
17804190 
14635860 
27271694 
115485051 
116811494 
37714344 
34676616 
30855130 
18575345 
114010291 
70735999 
67929918 
111162630 
34872935 
19366770 
24933240 
16227893 
40237628 
70428272 
72665444 
890831 
20423127 
5053141 
33056322 
41398364 
112500908 
102284131 
18381457 
7784732 
104662028 
87258609 
55117865 
15195224 
15147155 
18128876 
16692771 
23487618 
24147136 
21139661 
23924786 
25106723 
20865489 
17024253 
19955829 
16939296 
15598519 
17757005 
23125476 
21523697 
14344731 
25044331 
24852230 
17188874 
17330974 
28276469 
19797772 
21036816 
19037238 
22561283 
21051306 
14343293 
21321682 
24936528 
16679215 
20506581 
22171026 
20798180 
10667662 
34306919 
23634192 
28685688 
30598714 
18561629 
4132991 
14568070 
3023131 
17749622 
17001133 
21078349 
16316075 
16264982 
23642213 
17511077 
36246218 
14123619 
17487658 
12582472 
23026589 
20935386 
39339761 
13832882 
19368920 
22750633 
6286802 
21624168 
37412861 
25378763 
9014362 
23637353 
19197591 
38453582 
29584783 
15442156 
16230767 
18466938 
15163666 
41206451 
25332489 
40189508 
26858280 
30913844 
33650796 
22117372 
18484098 
18677764 
36142789 
40573731 
14309171 
18806239 
23094648 
16728976 
43157297 
42778312 
17394240 
33530734 
33722387 
41922184 
14463494 
24865376 
43683363 
44699332 
23715032 
18122925 
14254408 
15285278 
18489737 
27673980 
16020228 
51696640 
16454568 
48574061 
16380618 
21553365 
44096394 
28726517 
46967971 
19257462 
42586219 
47007515 
47002605 
40305589 
37251615 
150433 
41156259 
24804196 
14164855 
12917932 
17609415 
19964397 
59469773 
16456998 
59100880 
19022052 
7157292 
49573295 
18742038 
55187602 
44070080 
51936618 
23243149 
52745342 
45571221 
35763981 
16552787 
51857430 
34691067 
65229898 
52883240 
74142848 
62505877 
57679909 
39611676 
17417177 
62134643 
44674177 
66524033 
52688284 
65017064 
43537170 
48164887 
59748073 
13329572 
32770622 
16108321 
50927830 
51546380 
18569484 
97448238 
15452859 
108022986 
24323218 
17723422 
16150255 
52929564 
74687897 
101167207 
103450061 
43045391 
86537923 
15334467 
30798049 
57682302 
15721082 
104086875 
32084985 
17795809 
24447643 
6487502 
21107025 
14542767 
11349592 
59194877 
13963112 
20869294 
5869372 
83860499 
20271410 
93040985 
37588212 
33519870 
52973326 
24780061 
98580450 
71233723 
24553508 
1734381 
30050276 
71399948 
45458704 
17590261 
37887172 
46756867 
18548184 
14690617 
14803701 
18426440 
16621085 
58415867 
19709897 
32335569 
26824146 
32323729 
18545160 
37165437 
15992923 
15894092 
66902219 
33406310 
77398204 
88532072 
19750825 
30588333 
35668850 
15328152 
17233499 
25310846 
16722404 
21770389 
30422275 
15858496 
30393629 
15680614 
34754223 
22245991 
2046991 
22490623 
14343387 
15655441 
24987643 
20215793 
17076542 
14365664 
23031062 
17917527 
18521149 
17666309 
14626270 
18066875 
22127011 
14532794 
9814742 
15151747 
15911726 
14047162 
1757901 
17013393 
17901848 
17747001 
17050187 
24696429 
13263652 
21431249 
20684616 
18466888 
20962590 
24965563 
17210585 
17134431 
19402745 
19319890 
22778306 
19284888 
21380040 
22647533 
15289903 
22894526 
15487785 
11823592 
21539874 
24878550 
15165751 
12960302 
23757507 
22044187 
24946102 
19023804 
15130704 
17257624 
24416904 
17147872 
18788263 
27413903 
21243648 
16657871 
24461721 
19120254 
15315804 
20948233 
20691654 
15816264 
23841181 
15772402 
21456514 
15466692 
18044917 
18932164 
697593 
19487056 
17453742 
17655762 
8776962 
14975363 
18267091 
19598536 
3746171 
19418532 
17352423 
14276367 
17086097 
31576668 
35548782 
27972770 
25913171 
11101852 
16150075 
15021099 
16691306 
14669398 
8785632 
804455 
14377875 
19157161 
16248319 
12504732 
17401289 
36047517 
9274492 
15796986 
40003579 
23772006 
22682896 
25629083 
8071902 
18340973 
19415165 
23061134 
19695076 
18902125 
15111574 
24371854 
17790667 
29525603 
19146776 
18343795 
26887955 
25011168 
17243913 
10101462 
27363444 
20557588 
27735920 
16368923 
16253598 
20964157 
15304647 
15194848 
14401544 
18648526 
14360832 
24650189 
10678582 
19340360 
22941129 
15687747 
26823823 
21948414 
18514346 
4530661 
19537958 
19161156 
22827561 
17006642 
14085434 
17210123 
18446555 
19262652 
14600095 
14934528 
19941461 
14776638 
19306330 
17822583 
26929355 
27577525 
15949522 
17411629 
16455129 
18927089 
16786696 
6663832 
19867432 
21441407 
15071821 
14562064 
15891802 
17080475 
15790297 
23438664 
18070094 
21706001 
14379407 
23417806 
24918605 
755103 
22702687 
20622724 
17609644 
14137119 
21654317 
34690379 
5570592 
15508743 
23699036 
14749329 
15721551 
24877944 
34832334 
25523459 
11961422 
11242912 
22988844 
27967307 
20374955 
29480445 
14426942 
21805518 
12366812 
24222132 
22428611 
18623979 
14694288 
17132118 
617053 
8903612 
19913478 
21586095 
16832251 
24646103 
22002226 
15215058 
19797964 
14218534 
34298226 
15850586 
18221823 
16470215 
21978662 
22073621 
33831720 
4947261 
14718729 
18536322 
9254162 
14972908 
24915575 
14055088 
21002407 
21658285 
9276282 
20603062 
33974939 
9160832 
8318222 
17024352 
25049218 
15181677 
18553963 
15016665 
18407893 
14089573 
17463941 
16311141 
3644831 
14301756 
15082765 
17773887 
25049007 
19955577 
15293113 
17465871 
24107197 
20451694 
18557981 
20627174 
21866651 
9838062 
17482007 
16825635 
11058332 
14939375 
809593 
18664770 
24827584 
18457049 
17059857 
16436098 
4733651 
20829791 
18270956 
17983766 
14453988 
19102093 
18457416 
20661527 
15811031 
22166850 
19134602 
23681578 
24378174 
24170829 
15489652 
21607744 
20649501 
25465577 
16857617 
12808382 
16896476 
8771022 
15143707 
18585528 
19150744 
18937208 
15834295 
17092999 
14116472 
18934825 
12090042 
20279665 
23370064 
23156763 
10272552 
18023383 
16988214 
12840052 
20455071 
7854772 
19835581 
15808708 
19211603 
24032736 
19299300 
9547222 
24738334 
22802619 
7942402 
21426547 
19477183 
16407633 
16476885 
23599296 
28575176 
9283282 
15799817 
24705320 
17042774 
4108441 
23069773 
17807345 
19792412 
23592924 
21309581 
15436493 
20937965 
14065526 
14111171 
23183427 
18114285 
6954 
24267727 
14454302 
20728940 
19296674 
16557145 
14463388 
24713549 
22104928 
21707911 
24360445 
15822769 
15257722 
14379896 
21556083 
18215560 
15339201 
16619016 
15573322 
15768995 
15868542 
7272902 
17291760 
16938713 
14403797 
14433841 
18722822 
18365314 
24879160 
22889650 
813039 
18838118 
16529946 
18088133 
18773339 
644963 
23929186 
14137994 
18363783 
19503807 
15596259 
5758932 
13282392 
16993155 
17539911 
16553955 
25266577 
20739598 
9060672 
14905049 
18510539 
14913928 
16630266 
10053832 
15785426 
8715202 
18968138 
20527963 
17433993 
16217685 
21883088 
12638892 
23056903 
24264716 
14064273 
14857041 
14936286 
14193338 
15032462 
23785615 
22951944 
14717703 
18215165 
21722367 
15654782 
25157357 
11737042 
24247474 
18504709 
28286083 
9377472 
18791776 
16566874 
24158859 
14244931 
14209639 
16640524 
21670055 
16905740 
15616612 
15762687 
8037402 
25127110 
14214838 
18105731 
15251704 
16676455 
15079300 
23378408 
10370632 
18098327 
21273566 
5571322 
21460388 
7121392 
23077642 
7691052 
19992921 
12084362 
18661641 
19005209 
22402032 
10035342 
14968194 
25043851 
16704080 
16402216 
18244345 
17455208 
24739162 
18322706 
17171896 
23062614 
19609919 
18559445 
18399243 
22577698 
6014122 
14823469 
17480824 
14436763 
18855166 
2372621 
17446887 
15158464 
17044187 
16960171 
13027822 
8159112 
14236578 
18315506 
17478443 
27080332 
17913181 
18898484 
9295212 
16724548 
24749670 
15474494 
18231536 
18033084 
17134985 
23909875 
31012764 
15966732 
17902736 
16484687 
14325316 
17098873 
7042512 
22448869 
14444481 
22779656 
17357668 
8246902 
19678527 
12445892 
19498594 
24842930 
18104830 
21077534 
822697 
19834772 
15193581 
16410461 
24869669 
21729493 
14154581 
14430060 
7976712 
18006669 
6119872 
13082862 
14106227 
8724222 
20930543 
20451319 
20831583 
17349603 
29708701 
21280851 
14617110 
14508753 
19605084 
23642664 
11056752 
16494321 
18157687 
18523703 
21579751 
9745242 
26939921 
2885851 
25048206 
15579490 
23136101 
15445311 
17499747 
19124916 
16900101 
8024112 
23645182 
19447615 
16679786 
11861462 
18690991 
23172038 
15274836 
16158056 
18449663 
17354164 
16670721 
5653432 
22206565 
15762515 
19082879 
18063057 
16199226 
14078808 
22421558 
6603672 
15406238 
18565957 
20647593 
6030962 
16148335 
19560364 
15820875 
14426082 
28164978 
17924186 
14970326 
15306134 
14127864 
19729501 
17198115 
9445592 
14062090 
14078999 
18436744 
14389132 
11591892 
15445240 
21477333 
12144232 
19660957 
14737677 
6996832 
16402471 
10493972 
18937341 
1069561 
20000549 
8378972 
18931466 
19488996 
15153230 
14079425 
27585991 
3439991 
17218884 
14145256 
19559709 
14599105 
23245220 
14142750 
12177312 
15871045 
16609080 
16258256 
14367725 
17314841 
18041870 
25979851 
15285352 
16966928 
15319195 
23263396 
15545849 
15224038 
14162400 
17562466 
22460361 
21575628 
21001377 
14235311 
17697300 
14070572 
17107595 
23895453 
16570335 
15214805 
23675481 
1295571 
616173 
23236478 
13361922 
12926542 
17527642 
21767157 
15991355 
15630097 
15600217 
22386011 
16022682 
22797509 
20963066 
14998161 
7864952 
16070143 
14728782 
17718804 
18073211 
19511386 
14990608 
16254285 
22636332 
16045527 
11417502 
18850024 
21196865 
15372377 
20717939 
17376797 
17934423 
19455262 
17050431 
7093352 
21664633 
7799412 
17176391 
21012600 
5796972 
19355865 
14647570 
14211765 
18918939 
16568227 
13671782 
21082202 
17626966 
16958993 
19683304 
1097731 
20460371 
14721521 
