846477399495716865 
2820491389 
2609053806 
21951033 
773505966461550594 
3040373315 
2515983090 
2435789185 
2717224328 
954537362 
432596689 
3259751782 
2215842863 
4220573058 
17146018 
727968082908483584 
143115038 
17174089 
412394810 
19299360 
117662694 
830182375652864000 
18018355 
852392022 
714629671321600002 
18130888 
218770566 
286303032 
14515799 
11621822 
3163312514 
69080427 
707721491685609472 
2690849306 
57357772 
2352129288 
907382738 
171279007 
921878857 
748637163357499392 
180000404 
870710052 
3171008707 
3133647120 
1144882621 
280354655 
164908959 
8005492 
4620451 
7093352 
3186124933 
250188760 
29201047 
304392714 
404285633 
257893956 
197607341 
50035981 
256722290 
381677670 
274754192 
2437806571 
1468050127 
80203745 
2438938190 
16027927 
16598767 
3075250122 
269888276 
805242419822272517 
3928395742 
2451576140 
17220348 
2451543576 
2416211286 
738538436 
962148625 
243385587 
20286844 
80595226 
245988630 
17145979 
14169740 
3274973376 
40258412 
410101003 
2967402199 
158445476 
2347049341 
487736815 
843112550 
1438162062 
487833518 
1342861723 
216882389 
1774391 
18244358 
36184220 
316742293 
478853119 
234659757 
95255462 
85972500 
769348954970480640 
2283370375 
5446602 
610219779 
65438112 
2918898036 
729805591 
86440058 
1627514622 
2828457787 
459483899 
3314963469 
21416856 
357023359 
1477312464 
2800121770 
2458781599 
516061890 
1670920140 
96414030 
2400155430 
4577480485 
334090045 
385706410 
709494618652422146 
590099081 
4801730719 
2674045985 
3150595932 
620166809 
305137446 
1130326134 
14603515 
1058246118 
243212564 
11688592 
29821677 
487739706 
1013399942 
373172748 
17296551 
805215438 
87780277 
182648142 
995487350 
47995202 
3086171869 
2195433152 
19056533 
23117033 
420572274 
15267620 
61852404 
2434397022 
14116807 
35112869 
38748615 
88569941 
480089849 
44824325 
41744299 
714628417275043841 
49986034 
16157640 
267404435 
260605539 
1400741599 
39800314 
388392482 
1598028168 
409561211 
22059706 
6118322 
1872646711 
2842237277 
796107 
707797060481916929 
704552510803972098 
705447031226019840 
160076643 
560465444 
708351406663569408 
33964657 
4888956536 
1061623501 
1961268042 
4751721853 
3688907775 
4757763096 
538489875 
911750256 
112551437 
4753995678 
1343631757 
110396781 
2983111675 
28037616 
79001416 
18250813 
1443243097 
14564868 
243396899 
261412629 
870293190 
915223207 
2375651742 
29647779 
14336662 
187774149 
22239147 
5780882 
21428058 
2828369140 
16224705 
272069006 
4879050221 
17955436 
90558439 
13784642 
587001586 
14239702 
2705787878 
93574946 
190152326 
4253070146 
586671909 
22160201 
2165673672 
2302738495 
2639853499 
151205768 
337866163 
18050102 
65728106 
3245425120 
550409864 
1706307726 
64764788 
3192615217 
15065104 
37723353 
191714193 
176580799 
18662468 
35773034 
20480516 
612932090 
171656520 
37161020 
56436152 
3750038292 
253394342 
42971403 
97610758 
745342555 
289798423 
3096514538 
172028267 
348863665 
26254990 
18679701 
20832730 
37848472 
15847185 
46509316 
20659086 
37155696 
34602092 
89528870 
270996042 
72130964 
30025490 
238279438 
276675216 
241606752 
183254687 
1873108596 
543830597 
10621932 
16597389 
176569533 
6477852 
11681482 
92625036 
1024965685 
53454719 
717055255 
801528894 
15161984 
340380997 
299674713 
14677919 
14504681 
284944250 
2986279328 
133448051 
196321195 
286758924 
249758564 
40912473 
54628509 
1344551076 
279248105 
24511803 
2837251033 
958435057 
1227885960 
14149194 
15667291 
21187644 
543785010 
114717033 
38263557 
788510293 
2444931 
5911972 
55332656 
103909586 
2994755695 
255746206 
262275490 
36141163 
19009408 
551445623 
255089295 
130349896 
962472494 
22795945 
112796409 
997599536 
44796045 
20399004 
2588689812 
18360185 
56701522 
36247352 
27133447 
81656770 
226680985 
2182641 
466035996 
709791264 
139276865 
545807028 
619702161 
12786782 
82347100 
16290587 
484477397 
90859217 
6799652 
2832221780 
50342064 
3092330726 
17469171 
14421789 
260368225 
263869521 
267788953 
15753057 
198686176 
19923887 
515868922 
17194465 
2312217679 
38213241 
25555553 
16459243 
8394792 
16404687 
16555634 
27726076 
26074603 
14238165 
18739693 
15162136 
3023272478 
844766941 
259777575 
33118191 
110025347 
1444424754 
2433704864 
62862908 
30138588 
2242817046 
134493470 
74672222 
47417589 
708095882 
16321255 
40321275 
19563103 
282219567 
249770854 
113419194 
1673773568 
23845798 
15525528 
2207764304 
2902368230 
41502303 
19081093 
353533226 
18319313 
258130930 
902580032 
805587787 
20642645 
309207293 
9392622 
3001043714 
619242485 
2999878932 
562585357 
119073765 
39803436 
23451598 
248742334 
39530187 
18335940 
90412433 
18953824 
67638763 
16034002 
2271972722 
210299185 
1141246951 
2565645290 
840450648 
2918981880 
14708533 
2842846708 
250291669 
334957357 
1115643691 
2412543222 
962592354 
247644827 
251780763 
84117740 
25718750 
15363133 
605553864 
2316433230 
18487694 
31078404 
415228839 
48408026 
26879270 
19368361 
37733716 
36000615 
45773016 
2545078146 
1563503360 
23556677 
20748665 
365438535 
27932116 
930268206 
111961711 
46702464 
13745872 
6304662 
7304482 
184327613 
77616244 
18142371 
18251414 
601076677 
232574324 
17397339 
38921521 
49773730 
554878940 
1247425225 
23075284 
34687493 
14661920 
502221493 
16708911 
58718806 
20418308 
43291538 
40200549 
524671305 
2883329903 
90034304 
2315850294 
2802542557 
8071902 
119625403 
461269289 
910907611 
297679465 
144972081 
19300415 
1108336962 
57720206 
27922543 
525928996 
19638248 
20651640 
21505125 
22939015 
39745601 
155693454 
21072250 
332546697 
100408675 
95522413 
606776750 
226018201 
166022406 
233278341 
321634611 
14174897 
172532584 
159951505 
18616341 
29810146 
1371407737 
2188924844 
1250225461 
16843817 
623854000 
20342875 
238311692 
14087255 
2786979194 
1020399050 
100851568 
14342564 
14875165 
16027546 
1961389664 
248820522 
18124275 
21802889 
573764891 
140669113 
18529028 
21287515 
571925703 
2387206562 
16469809 
41499730 
87057908 
23353650 
17902245 
153629556 
558105893 
382275353 
1444322420 
2787026862 
2420962376 
2481081787 
21915360 
1095760334 
376916031 
584126658 
438776203 
548737525 
14606817 
953292674 
37373818 
262808373 
282223164 
2516244938 
31575504 
16527264 
127884040 
243256535 
630880279 
212643684 
29227806 
16553124 
520705899 
15319501 
456061450 
16458033 
1145616470 
109771925 
224674878 
49796081 
20682514 
1641265934 
18743016 
26534110 
57759373 
18594972 
253152109 
2598668832 
38223682 
59865670 
14170791 
124804301 
1511169895 
2836254685 
19998899 
113062467 
18030695 
515511443 
1513940461 
1317162072 
388404480 
1342242703 
26808497 
263975945 
13395932 
6183492 
15180852 
14570738 
402957288 
423255809 
15652377 
15533823 
220238525 
2361860238 
11109062 
1070721752 
52490295 
69605340 
361596728 
14994366 
611400306 
16367617 
82167518 
7848802 
84730130 
44960116 
14091029 
122488668 
8865742 
166267705 
2720189334 
330663942 
37775162 
90614279 
232177822 
394154071 
32010840 
20635601 
82461601 
328700917 
325312551 
18827892 
128369614 
288352566 
865298114 
2468092662 
91731791 
79889618 
2712452137 
25785889 
14222536 
17272464 
10643582 
534679305 
17725850 
1426826424 
25132244 
209232713 
110548604 
1045542522 
27093837 
1270721138 
260814396 
14596583 
15024368 
766387657 
2370877586 
35076378 
72955376 
766136863 
104590641 
15035323 
80870744 
299414453 
37972881 
16483747 
872257033 
138372303 
605134212 
2383630351 
2468676248 
185346392 
11257532 
14263366 
222637332 
250850126 
98387208 
581406389 
93508840 
348162682 
17951583 
53255308 
18635982 
1396151678 
16869873 
221247649 
203459710 
2214516462 
17977954 
17810254 
14478039 
17375800 
151191720 
2395738489 
2204157529 
289623220 
2477506759 
292585141 
1074654446 
382876351 
63202181 
545452448 
1263428935 
15081378 
883617006 
2297321684 
221830510 
298093173 
231929934 
17479299 
262878407 
589647681 
23387006 
574420622 
52165614 
801594560 
2429558952 
38746616 
793143739 
409623511 
551349726 
63191474 
1098915294 
95750437 
818038364 
304138139 
18030823 
1886882108 
65114379 
11578732 
18359053 
71263350 
57460087 
2320265329 
88458231 
469080065 
471525787 
1566794214 
294161834 
213320496 
31260535 
56722075 
140198737 
917548740 
14609400 
1888313359 
47488414 
18019555 
485011119 
151538726 
803248776 
54186878 
2179021573 
1849590842 
219029005 
128624379 
89263978 
34424156 
593917979 
206767631 
285275442 
433829842 
59826961 
2373201168 
759458538 
296985107 
82922462 
26870190 
68754704 
120958768 
2147628529 
204832963 
29253900 
37153105 
211728861 
135649087 
88963078 
87349442 
23899556 
20184945 
183962178 
74122261 
49068368 
188444270 
1096262468 
64690480 
36895320 
18173149 
40351852 
272715137 
767011940 
19876216 
38496488 
329454079 
35225577 
137921241 
28066607 
262300374 
248383913 
447683342 
24138453 
348335637 
14739910 
44475708 
1410877470 
2254178732 
1554211482 
2282492892 
531497078 
377368679 
1628820060 
33949291 
181268935 
464287421 
537540031 
194372906 
534560891 
35293 
488759090 
1428325280 
2358022160 
2230655948 
127047242 
174847568 
1223019744 
475266917 
2307299995 
454985814 
2339872657 
459046523 
944257524 
269584194 
445148857 
14133259 
17482476 
14806708 
1152279248 
1767365696 
159194002 
1267343120 
10007212 
87359651 
18494510 
21952872 
130906895 
1635728886 
544365325 
210505665 
39618963 
150687497 
16886840 
83669713 
48807974 
88066441 
2316055021 
18764220 
15577092 
18037806 
213766217 
18197179 
37304213 
42763894 
17352838 
146049342 
35073230 
48075643 
292109513 
1925089430 
142896252 
963518610 
84169379 
486252818 
15129727 
260974901 
69427169 
247845922 
60754735 
35911700 
217587852 
23506193 
19394708 
165204211 
39279393 
18570258 
16042396 
111198890 
86102349 
2340733968 
72640049 
44309996 
2305371079 
2215067640 
22376014 
365076325 
161773704 
186611223 
129295928 
20419517 
9237072 
130635990 
5371532 
2329490336 
226328183 
119496702 
355026341 
25382012 
172593130 
186671325 
72192774 
3430951 
1173162960 
20078891 
18020652 
62647751 
14410756 
20322274 
15180898 
18633858 
19657120 
32372834 
54278489 
7313012 
39522692 
234270825 
293303534 
211922298 
74822221 
208055563 
18787053 
95984800 
17028600 
16001827 
53122252 
626103 
136879217 
198577938 
256307524 
20155760 
18564606 
14977302 
17293337 
89545649 
24939473 
1931266802 
54994614 
1419192655 
305076454 
246593291 
30952156 
94391895 
256648853 
238766328 
22271644 
21106227 
15898181 
37795851 
50967869 
14863454 
41823188 
24483162 
28604215 
535728200 
32907400 
210958490 
1950063206 
101594119 
36758866 
239445937 
26003065 
211874161 
90728139 
267038232 
444036980 
474076544 
72694504 
558940224 
39633235 
471262906 
13746792 
312141556 
19649896 
198020721 
613981407 
214596972 
487111827 
211154075 
19610099 
24127413 
15326723 
117164644 
23087272 
369037384 
39761880 
578650970 
18178618 
26883962 
634041178 
39843600 
27642713 
47387027 
54611257 
484237843 
18222867 
554944584 
125719207 
411403430 
21774410 
106520747 
283742570 
1041058519 
33312915 
403121240 
248718465 
19617370 
103948982 
224180296 
25119273 
14926825 
17349135 
88246092 
41360955 
17352832 
162048231 
18784376 
805045772 
101113596 
6821812 
17393790 
72957895 
102424662 
15817979 
87374085 
14415381 
72954635 
23731095 
14517538 
19507483 
170318472 
57114454 
209745713 
35013184 
353253058 
479816451 
24844586 
1454616188 
1880021456 
1564013720 
333383443 
357172827 
25501394 
40085493 
1318210302 
26318581 
17366158 
45577446 
17953904 
14870687 
1018111680 
336124836 
56964364 
18243284 
29255464 
9973182 
18998606 
19768118 
48785160 
23124458 
57131180 
239600819 
18914407 
168730037 
626069092 
58088947 
946849824 
196715448 
11757212 
46240807 
2189388353 
206932284 
60087571 
384047377 
128302099 
889830846 
35336963 
17145957 
35967829 
28074295 
104625302 
16869849 
22838758 
110004599 
103916858 
606714565 
89328107 
113844999 
45516390 
20636383 
124333660 
103203454 
57144659 
18179517 
65129510 
50538415 
90290461 
82984229 
48860280 
45706008 
121417367 
313011401 
336615953 
455940584 
1437145554 
64515574 
15066760 
16618332 
38477663 
459317124 
34966046 
262753143 
296777091 
107472781 
405186122 
561664965 
60580533 
14860559 
57704214 
258634722 
16130275 
89553884 
1411320810 
510785383 
5774722 
272827043 
92038264 
1616522588 
25340440 
120323852 
29746303 
815037271 
62637373 
402799397 
18485315 
1133083554 
229941546 
1571648342 
630736373 
18888456 
119083557 
1909442346 
21555842 
274147285 
32633517 
398858217 
414424824 
6627892 
423667118 
7892532 
11616772 
18623139 
161705350 
213528909 
111423859 
2234881 
12609882 
83047883 
121788201 
236026761 
335043273 
326732414 
6859412 
95263307 
321616109 
498298079 
213407036 
14104847 
30724162 
125447058 
16551172 
321626571 
574081133 
387429778 
92437145 
16186743 
281643599 
25620643 
91028731 
506017328 
35838102 
45663323 
115180072 
3935601 
20728526 
19799261 
17379755 
79878095 
85835818 
229314671 
423973292 
202270507 
466750362 
23636580 
256858699 
20485224 
270704385 
55630632 
135295668 
12575462 
24457744 
449872176 
37441818 
255797769 
39621524 
21364252 
221269569 
193766783 
21578875 
754251967 
13318492 
1255144328 
15313125 
280793837 
18556218 
321546663 
563838268 
71679872 
95573246 
25465628 
238308743 
82270704 
20471478 
48071844 
15638615 
427059614 
98543618 
38740332 
19727255 
1117836660 
37999041 
282717986 
20245775 
15483390 
13783772 
61285110 
31448660 
197346819 
143947826 
31261551 
54989959 
540398031 
1599104791 
10373972 
17973935 
89250664 
121872852 
489689814 
12046252 
17176542 
157107021 
46017156 
20116728 
139258270 
22896339 
283286771 
57035608 
850414476 
14496034 
418431662 
15948572 
25165703 
314922039 
78136411 
400225405 
50799425 
174517450 
107221359 
619501923 
427397243 
262433062 
73195756 
26109459 
49677558 
1400213802 
1378210771 
35356736 
1631996948 
18775592 
56380971 
26664635 
28878624 
37599351 
123426822 
15339568 
80375074 
469737625 
30332995 
85748988 
69684767 
1385211 
28370608 
14753699 
185716178 
17981537 
33972693 
627406713 
29179882 
845875771 
1015836109 
15859033 
856861488 
36684459 
142948963 
633474897 
621360410 
31443503 
17385903 
25495080 
6604372 
52846058 
41480390 
300428054 
78509074 
14043142 
22082983 
15537064 
72842277 
22990924 
741803 
39389232 
15102242 
17139971 
38126491 
972525522 
16480737 
327577091 
146502086 
15949242 
44903491 
15446531 
46425018 
133947893 
75207722 
211177035 
205065253 
151588192 
146341446 
384374298 
333723173 
308369887 
249348169 
46307388 
17447972 
19088118 
938113849 
16793047 
90811510 
16119366 
17905977 
18089292 
18227814 
18593675 
18787613 
18806838 
18948077 
19624836 
19689263 
20122754 
20193452 
20382472 
20386697 
20608711 
20806880 
21166728 
22151099 
24876649 
24948536 
34781412 
36203015 
36982153 
38245723 
38259453 
43854364 
48116802 
50382497 
50816720 
51508360 
55247508 
58489734 
62631989 
79570653 
94667476 
99177764 
103041418 
104070525 
105382067 
109944769 
117576644 
118747545 
118975084 
119123465 
122995301 
124274848 
125423182 
127727270 
135923497 
138151145 
143571157 
169534465 
171221404 
181550972 
182839127 
196465635 
213917132 
214245942 
244276540 
297422541 
316538228 
358566293 
589535421 
609431304 
814589791 
117489658 
15639774 
10232022 
21737793 
14790735 
18235256 
19421806 
16104886 
101336261 
289913444 
119047746 
196264627 
15451219 
21992757 
188045648 
23119103 
510887847 
136361959 
257384778 
19116024 
26405276 
214219174 
19137745 
132191101 
133371196 
39806647 
44173139 
1915291891 
89082887 
142771553 
14436578 
55473790 
239709508 
944491718 
119305469 
211001734 
48853430 
250510321 
16396275 
213711870 
582184905 
1170780038 
131517822 
1375292316 
15965292 
65648360 
967326276 
10648962 
550553109 
297068867 
17296792 
90982474 
92817676 
151974449 
460476368 
197183024 
18173549 
14311208 
18488559 
179829559 
18036279 
36132642 
123248311 
31618599 
14616690 
19000108 
41438392 
47391182 
14639051 
19682623 
280124434 
22851159 
136406719 
1284306812 
35588171 
21539018 
15165545 
1202385326 
36423455 
366665842 
50918646 
259990583 
30314992 
73452506 
69733861 
37364014 
252250951 
55144384 
119542932 
19325156 
18060430 
19752105 
327040510 
22455774 
220882312 
170354845 
441428606 
521469273 
360347674 
47223899 
19686171 
745708832 
635887407 
37208326 
19600765 
29240040 
66385692 
14552720 
8069562 
278538381 
1281933482 
2911101 
97304350 
18245767 
3452941 
823347012 
15470212 
121792016 
575851980 
31005917 
27911608 
228890112 
17292623 
19505749 
19041892 
36732155 
65424172 
23630387 
19596074 
161414795 
210180612 
17487795 
69123273 
15689503 
18642669 
38219955 
36765448 
56817260 
339722887 
15484063 
48753815 
14729597 
17121883 
16079276 
271603685 
125931208 
56411848 
16866617 
185910976 
21801569 
15023533 
61005910 
414472162 
239931583 
211654100 
27978407 
16798486 
18594598 
244376426 
26858764 
50779669 
988491 
300531865 
50220584 
476549059 
34033208 
993022098 
277055099 
33051111 
149180925 
10003742 
162138699 
16351993 
59335961 
270962741 
98098550 
19767193 
17157230 
19002177 
28180320 
17135996 
255797635 
192685112 
49164309 
47352570 
243902785 
59591443 
71858058 
73693052 
22054220 
13787402 
22762161 
14178309 
10419 
59908549 
41951394 
15406144 
33610571 
14765280 
117882437 
235824337 
23855099 
22737021 
286364589 
32140995 
91236501 
11180212 
605116244 
62547887 
308623046 
101598161 
37710752 
14085070 
234253569 
21004947 
200402856 
37777451 
385736480 
34739408 
18931823 
37727287 
15868821 
155643375 
224777045 
372908891 
30948908 
62873046 
16312035 
22656534 
222544187 
18326207 
962788082 
260685403 
254341796 
330297894 
201976930 
14806423 
265580681 
208769752 
494336771 
57761957 
376472233 
398871576 
47553440 
99501583 
250221906 
62032351 
202313340 
123932455 
22205944 
21501330 
18650653 
74861014 
56847039 
10915142 
15428397 
13693032 
372650333 
345534840 
40559414 
197434032 
259444779 
10322882 
24463541 
19581826 
138909804 
119345255 
214695184 
337203819 
46173011 
12798822 
17918545 
115710058 
83308711 
80483501 
15471824 
237043816 
22547330 
227454727 
97701898 
234525371 
18569484 
40264104 
399624077 
174716364 
34305774 
16227904 
20887502 
148412865 
14892136 
22804909 
95146739 
325747620 
156342363 
39582797 
18101258 
212257627 
260797283 
57531803 
318087461 
282688261 
190322441 
78977078 
57411021 
37837824 
19079891 
16745147 
12137172 
14904201 
65176836 
58994186 
15079397 
112791184 
207192783 
258973787 
30080131 
5916862 
97574091 
285749261 
29508617 
129894560 
271130015 
15679942 
39370959 
16369150 
46508924 
15989494 
18547464 
275334409 
180147957 
14073364 
3943871 
107226900 
18151343 
94618325 
84168399 
82611327 
33532219 
97260588 
69970248 
109337728 
29328707 
22867618 
7412652 
34399011 
107146095 
121503030 
18816480 
40131571 
16752898 
44430149 
15344867 
22556296 
17169068 
267988145 
253166428 
190957268 
115271631 
216800110 
10440192 
972651 
183191973 
43263488 
50419217 
55344423 
18815447 
21664633 
5798782 
76448221 
24712664 
28583197 
36124348 
239203144 
14852637 
35845099 
13102262 
238451857 
9323952 
236279216 
222516924 
92583880 
146548246 
51247528 
31178517 
8540312 
19716469 
17423992 
60187947 
14853391 
22998396 
17132231 
127912925 
61230704 
21235747 
61301221 
19422906 
22695157 
82976044 
29851728 
156427983 
65439410 
15868164 
18926099 
47702296 
56179493 
41691265 
18011906 
17396170 
16016427 
187320874 
154375795 
22642788 
20574361 
72983814 
81725200 
23760311 
97509968 
18178603 
5479282 
67174954 
57625403 
95688842 
110760482 
30979380 
26166793 
87985449 
75289056 
24089555 
29913149 
15737554 
21125002 
85613206 
80924527 
16878156 
20867568 
14437914 
19677167 
18696996 
38146999 
10286782 
30071988 
174170923 
47658157 
126750134 
34317032 
17471979 
19725644 
1046661 
16817883 
15110431 
14199378 
621573 
15862891 
8220482 
21581503 
14505838 
23962323 
15492359 
19402238 
17875000 
19658826 
14075928 
16491683 
1435461 
807095 
26403606 
19782176 
14185814 
103091159 
27043383 
135316691 
130954568 
94606214 
83991158 
103958652 
36708536 
87105499 
52936061 
111374859 
109477140 
43372040 
19568415 
156387265 
76348185 
27529632 
132655244 
97691707 
57257155 
116870598 
18408628 
31568472 
34565904 
20354413 
57282368 
150776107 
124196924 
14943743 
17884028 
15032300 
35885705 
22838286 
18637420 
14309006 
14786217 
14109075 
4380921 
25877514 
71439445 
71014537 
21104257 
19639044 
15489700 
31405211 
16888712 
30663146 
21119658 
21325553 
44153483 
73300855 
49467041 
54758487 
17086094 
91418428 
82115744 
93067778 
18992348 
64760513 
45638867 
19000697 
16017472 
16176691 
23703611 
22508389 
83237493 
128600757 
61013812 
96702045 
26817106 
93666150 
135532059 
107571205 
16724361 
90731105 
94365433 
152458611 
98008141 
11175742 
17793878 
64567972 
138599319 
122124607 
26559991 
128074808 
67976245 
15173291 
14630696 
149184988 
15935412 
43856663 
23166597 
104589454 
25468736 
17248121 
8963722 
114578487 
114542345 
14047098 
127224530 
14438590 
34390758 
19060446 
17146112 
17342625 
42718177 
22849028 
22853715 
20657565 
12654832 
29832457 
45264807 
31546650 
88780457 
88884478 
133810222 
20934457 
46538051 
132712850 
128781022 
43436821 
116554396 
78190552 
109639362 
113678423 
102185577 
50839075 
18644906 
14844076 
17225924 
14323791 
24771318 
14446171 
20278682 
14752312 
14779408 
2992751 
25873356 
81440146 
83883736 
21342515 
23611132 
74920854 
26287962 
41277584 
30475056 
18249310 
15458181 
17033321 
19722699 
14606079 
30008429 
8383592 
15087011 
59514202 
14752085 
41548605 
92283370 
25684408 
50726532 
49839008 
92398015 
22589282 
76992081 
28268186 
72201159 
28471132 
2132641 
23916513 
87632331 
14782635 
18414611 
71021959 
21250847 
15602020 
85097519 
31547129 
13479052 
9867582 
65105162 
11134102 
28207700 
81897589 
14470284 
15247902 
16781168 
76227295 
89790332 
1585201 
62606380 
14920914 
59878353 
47512566 
16351028 
87263434 
15774830 
24627550 
43055120 
59540932 
43940052 
17269999 
41673876 
21038155 
88328555 
18202872 
69459319 
16458045 
16105705 
44294876 
15042574 
14957616 
80149181 
17126695 
14276094 
18070994 
18321588 
47665691 
44045064 
18818789 
81958921 
79311763 
78363706 
3971941 
41100077 
74215781 
15602806 
14093414 
49842077 
49723037 
44573367 
16913258 
43049724 
47525668 
17374666 
24785992 
18654273 
35860031 
45263772 
43451164 
17301055 
15635013 
14871013 
14925397 
26596693 
14641878 
16159747 
25965585 
43135329 
17297692 
18363508 
18822677 
15421571 
14436763 
39932155 
36095426 
19364820 
23994309 
15347678 
18232520 
40922331 
18848132 
24276707 
29915418 
19752221 
20074752 
26345406 
36902120 
14634720 
15048198 
12309692 
18064146 
21378961 
15101133 
24746027 
37781811 
25584213 
17644000 
16625799 
24662898 
33098230 
17881345 
34880365 
29343801 
18072499 
31151656 
37506911 
19729307 
39805087 
34109917 
15009040 
37601816 
18479406 
23720063 
22984215 
34078015 
30676016 
18641322 
33967735 
18649281 
36540817 
26128478 
14649205 
38490865 
37728183 
24840549 
19336464 
28486302 
5748732 
14325358 
35313015 
22025685 
18873488 
34855505 
35669832 
27129038 
29867586 
29516220 
8430612 
17527292 
14633947 
19614958 
21914291 
24496399 
17351256 
20473849 
16907473 
16700851 
21104681 
16245822 
15923668 
10673922 
14603026 
26037375 
22164556 
16874917 
21130514 
30189134 
13064222 
19929696 
14817383 
17465693 
15211870 
24248284 
19922938 
19362718 
17135038 
23400258 
23507349 
19984879 
25715220 
14862943 
26214070 
23015831 
15309072 
15447306 
15667212 
9973512 
22024951 
17593537 
26542017 
21318214 
22866687 
16684773 
20730951 
6332282 
27340576 
25385615 
5870182 
15230663 
24023771 
27660966 
150433 
25109667 
18024649 
21512383 
22452103 
20068053 
15370491 
5740502 
14563168 
26022090 
25584618 
25475207 
17862883 
10421232 
14817150 
21714369 
23154522 
16438248 
20603152 
23461131 
15457002 
808608 
9724232 
24326202 
5392522 
22044715 
14444073 
24800489 
17149934 
16407870 
14335266 
17134433 
22080515 
16615952 
17879995 
22276874 
19941799 
19365361 
11222532 
22842589 
19624156 
14413501 
15923542 
16798764 
17918561 
13745652 
20068130 
17746082 
14565384 
23008126 
16329605 
18178876 
16499655 
22870177 
21841119 
19288656 
18095878 
18885265 
22838629 
19078803 
22803535 
22803859 
18167623 
18624596 
16546913 
18155977 
18180482 
10207132 
7799412 
4278201 
18165625 
5990692 
17632624 
17540715 
14416459 
16683301 
18731529 
18024924 
18379076 
19681873 
14026452 
9415782 
14928287 
6612402 
14689398 
20194684 
22047405 
2252491 
18020120 
5907272 
20824283 
17345801 
15041207 
19618541 
15378358 
17446436 
17064553 
18932935 
7698772 
18479032 
22045438 
16826788 
17057873 
18675263 
17569769 
19224971 
19917160 
15990229 
9698142 
21797539 
15730936 
15111233 
2797681 
18091068 
17831464 
20695333 
14287573 
10232392 
16540993 
21042826 
15041203 
5507362 
16404954 
13977712 
15576211 
18713834 
9366912 
20693348 
14881478 
17889713 
21383676 
6977642 
14326736 
21132470 
17596622 
10803212 
17587491 
12133382 
7321082 
17266161 
20802058 
1340521 
15208768 
17994536 
14529149 
14714673 
17632368 
11615462 
14307061 
4959481 
18569056 
15921060 
17480538 
14984450 
16245219 
15657261 
15865878 
14647570 
8073492 
15224275 
20264700 
9720292 
5741722 
18907438 
1344951 
6149912 
