313916789 
267921808 
2279522718 
3282859598 
166186269 
34053569 
19733982 
3015271772 
2581508850 
146994810 
46403004 
36980342 
302088372 
1136414155 
55117855 
1339835893 
182107650 
373471064 
14463178 
148431215 
19212009 
1775731 
2402116394 
2319335240 
77307153 
41895801 
26329195 
2238631885 
58816328 
17525171 
500704345 
23228792 
75181600 
1429541154 
17471979 
1371003151 
26053643 
438709099 
22156181 
68802031 
36753802 
95023423 
15438913 
1590570397 
43283406 
21148293 
51199523 
25456478 
1096791846 
17291393 
35664799 
24216951 
22872643 
252763592 
45564482 
19218568 
185273251 
103130238 
31239408 
989814121 
360188837 
95282336 
14592536 
241844284 
59598458 
20005394 
463204825 
22650211 
607289206 
15451591 
141598384 
378698754 
336179304 
537555179 
25087685 
156319005 
283673953 
23798922 
19074134 
14511951 
558317377 
31080039 
18420140 
475713191 
321989777 
537461829 
25203361 
204362869 
537404384 
531675313 
60395840 
138625631 
158521926 
27375050 
14934818 
200403866 
20641995 
105018139 
103397998 
16190278 
15485441 
68471807 
277546050 
35787166 
29555251 
75069067 
32959253 
28706024 
368037308 
325111173 
41716273 
91386979 
332307216 
25621296 
185314895 
21869440 
3013511 
52070270 
92973919 
196725878 
277165873 
79293791 
428333 
20109973 
19519252 
21414413 
24891639 
293850289 
279556026 
85603854 
32128783 
266763327 
42705545 
165585348 
23710418 
18812301 
148496087 
62934698 
32171318 
23552214 
20808817 
16265550 
21915666 
19397785 
25589776 
15224867 
25365536 
27091468 
14230524 
19877186 
24604596 
26696060 
21324258 
19058681 
14880616 
29548378 
20710809 
22557159 
18676177 
16190898 
11695602 
18228898 
16379018 
16510540 
7744592 
16727535 
