17858281 
36106011 
39487842 
107246587 
48075643 
305005427 
15211037 
21056978 
41165337 
272279631 
56838529 
18018355 
773918934680625153 
19107878 
598818721 
39574433 
25096930 
44969806 
2937945394 
18343578 
19570075 
93069110 
79743108 
48120914 
61734492 
375662595 
182545611 
16441088 
120233868 
267328866 
16955870 
52037007 
168295477 
398490298 
374277869 
122480588 
110727296 
25924156 
26006398 
14135350 
11179192 
17152685 
15237501 
50387337 
36957315 
250884927 
20178419 
1643665106 
31122582 
14515799 
970207298 
299343530 
9692022 
14381600 
710785648890929152 
359341918 
306116656 
27468198 
560523300 
357606935 
12101862 
215207998 
4196983835 
39000115 
956163518 
305468597 
480039358 
470708968 
17264476 
296005306 
4843935136 
31030273 
15162136 
102969620 
20607007 
18922477 
14226495 
2485871142 
253152109 
475306547 
47526275 
20926233 
28912478 
433439383 
50659173 
16017472 
290890104 
787736353 
84619537 
15649438 
2358931471 
182839127 
5943622 
238782335 
17610715 
170275369 
238033596 
80655195 
14173930 
18926099 
360493 
3031684955 
165751336 
196458749 
15067652 
4832871 
42097354 
13053492 
24881388 
364751266 
2819349283 
91451269 
102046114 
14369232 
17007351 
4885467372 
544274293 
56901370 
14620422 
586841695 
716726838 
1638030174 
16002085 
3372348975 
44939979 
23544771 
523339137 
36346391 
550511973 
75055280 
2517988075 
55525953 
603367602 
3406591816 
2305549310 
203479775 
409013239 
48428463 
44136646 
15537007 
18886228 
105881278 
393927221 
68762038 
70721096 
443196633 
15642209 
27869564 
141257151 
362029905 
47475039 
18089292 
206813263 
529140270 
2192510670 
18952476 
95267658 
2828854611 
15564815 
385037784 
1891806212 
18780213 
2787972327 
379625477 
119625403 
29100243 
202098194 
214622133 
900318463 
16076032 
370145142 
15949242 
961231092 
63126241 
1197402426 
142356057 
1666038950 
3107812201 
115210837 
44196397 
2612261960 
388392482 
265705352 
34325728 
377558229 
543883322 
42282305 
7096232 
17905977 
279663381 
932495264 
247336430 
380414259 
16356796 
631612287 
844132603 
14849562 
351153154 
38245723 
124232273 
277911352 
2279619193 
48838480 
7745472 
814589791 
92694743 
16931273 
36823 
477295249 
6974622 
204816809 
20019276 
72851387 
62631989 
56768257 
1864044392 
11885742 
355681958 
2605027879 
2268076370 
497649301 
16906137 
13096242 
6424562 
137471526 
17544356 
274754192 
19864877 
1455630961 
425284888 
16725824 
547340539 
24981853 
11271382 
29272446 
388628818 
11621822 
22387220 
18739693 
785808991 
21438902 
26074603 
15020933 
1340984659 
24683525 
16079276 
5763262 
63157272 
1732829419 
26257927 
20246015 
16984777 
24438551 
18274904 
370638564 
21611239 
261557568 
29580450 
520766752 
55895815 
16210883 
83424009 
38294564 
33290906 
852071532 
110025208 
789339462 
239041864 
16435797 
1341098077 
437108586 
14499582 
17177001 
241201569 
27247475 
77907514 
12096202 
785388690 
181395652 
20861943 
11757522 
17093768 
7848802 
174847568 
22931893 
38762773 
1205884376 
532570898 
17042078 
26254990 
23314335 
454244871 
53429839 
627213 
153582103 
185716178 
229580248 
455940584 
16843817 
399009974 
16296057 
289004600 
132185465 
15999465 
35982657 
1280722560 
18283526 
15483320 
166022406 
82670189 
20832730 
194122373 
27638002 
104567262 
26765003 
124236245 
204832963 
20184945 
60870337 
8287602 
600803781 
200951494 
329203696 
17281021 
14848797 
19040598 
54278489 
21786618 
31035336 
169739033 
43078028 
107225267 
20457323 
22278303 
211310812 
15858751 
14195880 
18225633 
13693032 
501109949 
14457445 
2195241 
48753815 
157883050 
309755530 
18131748 
570243017 
211520261 
14801264 
15342760 
20487008 
18754532 
20295191 
70784623 
16536624 
15374401 
771619 
15489945 
16396118 
250137376 
556529151 
65426385 
11404752 
541669033 
1769191 
519110470 
15120110 
15666380 
12957472 
511166794 
514564994 
47231417 
19403796 
29179882 
21424637 
16288392 
26871300 
15120464 
17293897 
22084427 
213350034 
15062727 
45607170 
35206553 
808627 
14100003 
1833561 
15226433 
90657585 
228077059 
7494482 
756475 
282796801 
498040545 
38764853 
39516266 
20444825 
20193452 
124237063 
17779259 
16629477 
18920498 
127739478 
52488565 
12609882 
5908232 
6160742 
3686561 
14541402 
586 
24743408 
20654380 
209262555 
10922752 
16275037 
8265732 
208635535 
15654430 
3382 
1081 
84489228 
137111921 
461927352 
13826102 
174958347 
17371549 
204555598 
17711311 
20352663 
456930921 
14620209 
59514202 
26131848 
26254626 
22656534 
122973878 
18679701 
22723307 
93434344 
81153558 
18938727 
370302671 
76760821 
384597895 
13062172 
393449345 
382240338 
135905236 
370691413 
393673502 
16672130 
14118608 
16582425 
19375854 
17971832 
12089102 
149689194 
138805593 
19260101 
18955413 
21642935 
17595439 
22363802 
18655567 
19269120 
661403 
14505838 
19802879 
40073920 
24814398 
15571577 
94667476 
46959037 
116360467 
33916560 
11113 
30540196 
15398071 
811377 
56722075 
39530187 
15224867 
12844732 
99160458 
221826922 
281138722 
8862132 
36083751 
20570290 
111644108 
21866842 
18001717 
104201057 
5698342 
24771318 
88968767 
125477492 
15154811 
14448779 
34375012 
355625088 
14238165 
18198832 
19624836 
14154684 
26832834 
21221630 
24930840 
17385903 
17156053 
19984919 
18414364 
19808176 
14729597 
136406719 
15757880 
159322143 
166845078 
67347016 
50622198 
19780393 
30946003 
4791 
26552083 
813286 
15165493 
16300786 
44438256 
15586341 
21218554 
20342875 
8005492 
19178857 
14629262 
49164309 
16063891 
18227814 
118975084 
309929629 
19671465 
145613468 
22439896 
185345185 
19869940 
204416862 
34731203 
185528894 
277846362 
12986592 
20219287 
30080131 
19918988 
124246212 
16372635 
174697966 
18867883 
16896880 
17030680 
13746792 
214099847 
76348185 
53416347 
35534272 
19278408 
244276540 
11973662 
241278137 
27320089 
19084034 
15448732 
277219019 
15472368 
44827877 
183300976 
32177742 
178212355 
29775575 
14807898 
29430583 
20806880 
21576334 
15458181 
15220768 
18510860 
20576735 
30452129 
16630098 
17596622 
3554721 
34113439 
116337347 
40331622 
18569484 
25140707 
18170896 
15132914 
20060293 
14445542 
7093352 
18985501 
31443503 
38892114 
15484063 
20707999 
20542737 
18700629 
26810542 
15731856 
14439168 
233336165 
78173122 
14554495 
14372486 
62587669 
28603105 
143912910 
27737473 
43089674 
16582975 
87990786 
155193368 
6141832 
14834340 
87818409 
137858180 
188632613 
16830419 
22189887 
30000912 
15723971 
128292609 
15888673 
77244813 
4620451 
11107172 
15143478 
33998183 
15234407 
16580226 
19725644 
16434221 
26858764 
17159804 
21495286 
79570653 
16869849 
21119658 
16811614 
47753705 
14313380 
22412376 
15259106 
5392522 
3108351 
742143 
51241574 
12133382 
5988062 
16303106 
62581962 
37710752 
176065649 
196465635 
17091847 
255679688 
5971922 
13787402 
147577697 
146469194 
123887076 
15428397 
110938362 
26757325 
16445207 
18056850 
19767193 
6705042 
70757632 
19722699 
174740894 
21835448 
143225169 
1435461 
14638232 
29328707 
23328556 
8653962 
15684633 
18689000 
79836272 
81605662 
16663879 
15587500 
9279652 
188364589 
178363987 
48799978 
15164565 
171221404 
14186094 
17251787 
83277772 
14442905 
211177035 
14255481 
51204600 
187718921 
55247508 
14677919 
83996344 
211029903 
34719469 
180889575 
16399045 
75117670 
66021490 
44903491 
16324483 
206332060 
204918880 
211129621 
211004186 
211001085 
14199378 
14323791 
29342640 
14615871 
15859033 
23153051 
45516390 
14043142 
72842277 
1344951 
19658936 
11317392 
48564118 
18058609 
11348282 
11178672 
18843227 
16623719 
22054220 
16188864 
807095 
16955991 
22019881 
25521487 
14075928 
115485051 
16245822 
21439405 
53039176 
15110431 
19402238 
21581503 
19658826 
15862891 
16817883 
621573 
14085070 
23962323 
8963722 
14647570 
17842366 
17471979 
