3554721 
22164556 
17376420 
94099980 
39771997 
12044602 
68139427 
29726578 
27819195 
20622594 
12994322 
31268972 
33581332 
20603062 
47453425 
63958438 
50258541 
16314021 
9724472 
16523623 
27614053 
851851 
21658764 
25338245 
14803372 
17366486 
15738990 
17057271 
8487622 
14199378 
16568227 
7614292 
15428397 
21952470 
16887774 
14764724 
23992315 
25311070 
23056885 
23344148 
39522692 
20769532 
20081176 
39669463 
17089636 
21293799 
19060857 
23841368 
15987295 
16895274 
8963722 
1046661 
16817883 
22685200 
14293310 
15588657 
14143921 
7494482 
14076943 
621563 
13479052 
621583 
7400702 
44862791 
19504631 
39438729 
44122457 
16741170 
28696999 
5299452 
30887826 
18050674 
36086063 
35432497 
38146044 
53516169 
14985228 
15865878 
20928893 
15143478 
1435461 
1051171 
12615382 
8005492 
12599562 
33663809 
15393840 
16630585 
152143 
17731457 
14152789 
11317392 
3199201 
15484063 
21917716 
15110431 
5775622 
20189748 
26858764 
16012783 
1285451 
1317661 
15439395 
21581503 
17156053 
14181097 
794808 
11447852 
15492359 
15125585 
5388852 
14126996 
15808647 
16017753 
16438248 
28407101 
42455889 
16352632 
14896697 
16304195 
15641853 
14124624 
14104401 
7369882 
18498684 
23129758 
19522231 
30331417 
17385903 
14761795 
20214495 
22602800 
621573 
621543 
18243284 
2861361 
17374092 
19731312 
17596014 
1905751 
19658826 
14075928 
17842366 
20032100 
26715329 
38809019 
23010577 
16284609 
17199679 
9964362 
17194296 
14647570 
