2850398477 
2835655946 
15846407 
79293791 
27260086 
17174309 
22667054 
3335830996 
8824902 
17082078 
45709328 
822215679726100480 
1536791610 
757303975 
348474838 
45266183 
204149161 
18625669 
79923701 
439125710 
18494593 
3327720838 
56518880 
130997057 
3027099389 
742827754584825856 
18236230 
98040670 
618300542 
14369314 
41582924 
2559486914 
315089698 
6761682 
421481932 
55307193 
4206358636 
23779324 
14532539 
41265813 
268941928 
891794228 
2382297056 
413274241 
500651859 
18978610 
100220864 
3316203330 
374129770 
815537202 
56869426 
19602869 
46597488 
46296304 
16579345 
274119641 
88976515 
19429906 
75641903 
15945351 
17560096 
2913116672 
159225370 
21228708 
145499533 
151739057 
55117855 
19723258 
17399269 
1532684359 
20054788 
2214472333 
401346005 
16630362 
1490579754 
14939981 
34892616 
119748851 
80700514 
14467688 
379408088 
818876014390603776 
1093090866 
1339835893 
1330457336 
409486555 
41995398 
15279429 
18043873 
233266490 
274810287 
344779704 
19671932 
204688509 
23922282 
509531549 
355307031 
2203677290 
29940335 
369583954 
23997019 
1319921 
14790817 
9695312 
27951956 
17071370 
458645651 
15147344 
213773366 
23783028 
275754574 
26835549 
14515734 
21345455 
20572029 
46576295 
26090319 
17525171 
31927467 
37344334 
58466292 
26685570 
14230524 
268439864 
157140968 
2319108198 
18382902 
386194881 
1564844652 
369331659 
40981798 
278778939 
37571261 
2933780209 
517849490 
2755951110 
457554412 
254830969 
17565514 
2830872505 
1681867315 
502017570 
499336680 
429298552 
362786454 
258061950 
44312605 
14222536 
36008570 
398458864 
104288093 
2779332829 
341714145 
27475183 
833861654 
519938598 
43289545 
85603854 
2767300211 
283570459 
29264872 
18382034 
36167436 
1975931664 
135097147 
2327860633 
71359759 
166739404 
40519628 
205302299 
1337194476 
23021207 
2538115178 
153694176 
19058681 
22745133 
432005415 
2540538534 
128023009 
95465386 
200913899 
94120287 
41715272 
498961017 
91192969 
487807455 
93425601 
27778893 
38957399 
21586418 
128305738 
280604786 
21705931 
17826801 
78693749 
314291438 
136135705 
547158925 
348785149 
436131988 
48249216 
2512726488 
570290656 
46452468 
506793945 
493249666 
126370504 
30974408 
495074577 
618336955 
2442823357 
73992972 
19697415 
134954857 
2182224297 
831584965 
20019468 
1222989332 
616507613 
269852626 
25004528 
18476633 
36207305 
21323030 
555562735 
393488321 
438802316 
116362700 
23584642 
31507102 
181561712 
40889695 
119330459 
62712584 
443215941 
310463188 
364390915 
37788181 
88529347 
1059579140 
176981698 
211282868 
374291691 
53717630 
25152239 
31080039 
36158567 
33693118 
93091480 
246225682 
26565946 
6446742 
21702363 
913135650 
85936233 
23950172 
23916140 
208711264 
114354410 
602323195 
29073041 
872374136 
380399508 
17243213 
1655991614 
125122481 
41229669 
41543790 
492399548 
1855457834 
813286 
1442604973 
31331740 
21075722 
23388938 
17915334 
75206471 
455502032 
34144956 
1380032666 
51469653 
39009252 
23022141 
11928872 
815368964 
35787166 
46116615 
19046392 
21808822 
19955482 
48177728 
50515656 
393820425 
1413190544 
16212952 
18157057 
104366475 
196955859 
85452649 
454287398 
21753847 
23605048 
30782495 
310621792 
464659169 
20641995 
739784130 
27776098 
259435698 
209003577 
363972381 
84041774 
209994211 
321970500 
1059194370 
34507480 
285282053 
154280902 
22057968 
1096101684 
582221316 
124003770 
17026571 
1053956635 
27526457 
935049980 
382510921 
31329754 
90021519 
372274189 
234540585 
813806850 
417437501 
18139619 
373101137 
105119490 
378839301 
219780418 
169740780 
80389208 
19355813 
408774041 
30614876 
284759093 
16409683 
3013511 
181850183 
25594645 
27678749 
186660990 
69059323 
85503736 
34690781 
35030520 
417627384 
23497233 
206783083 
29860364 
361564025 
62432717 
30503160 
73273614 
23737582 
236699098 
19749994 
64547086 
242054573 
114052770 
21697226 
169572927 
26589987 
68838777 
71174380 
133002510 
5513002 
295803792 
19051166 
16190898 
24859104 
62389836 
29756339 
89073170 
15435136 
15485441 
38001218 
70194155 
58953169 
22222549 
305993254 
56783491 
104249727 
100398313 
279148521 
315318300 
39653091 
23184570 
99651997 
31049965 
52619975 
17087270 
26303290 
16824090 
207923746 
267921808 
19871339 
34969708 
32959253 
15460081 
24929621 
101062636 
24263801 
69671984 
23380940 
110827653 
24966423 
19555067 
80483595 
60119583 
22097952 
19682722 
21447363 
27127710 
15651878 
56481539 
108538006 
23690344 
19899273 
92579153 
25365536 
111083690 
22293700 
82939583 
18734884 
74930757 
16323833 
22198977 
18378446 
24931638 
24639382 
33007871 
80385520 
24340249 
28241077 
6581292 
35136144 
30431409 
18091904 
26060341 
25884760 
17316367 
15755969 
25181366 
28838048 
26108657 
16264006 
27964284 
30109269 
23360024 
17166447 
21170010 
14389658 
16092411 
23570857 
23404306 
17919972 
