2553151 
22728255 
59220775 
192808204 
18460475 
36051658 
198733333 
48390635 
146061855 
140048972 
92097861 
41627091 
39196841 
69601972 
119954018 
76385501 
76965765 
54426112 
38865415 
49813096 
29912873 
84717566 
34785959 
16953808 
18921944 
82453323 
82119937 
46794222 
46089899 
73737478 
25306184 
76099486 
35993739 
14093165 
10729532 
21040285 
16538850 
41825429 
2977171 
14261168 
52871470 
38531096 
15117459 
69250282 
10252962 
64220324 
52066462 
16415799 
46675632 
61042235 
35922174 
55005387 
18461620 
25190090 
64328416 
41441873 
57316908 
20002509 
62105261 
57344940 
23503181 
38502777 
56668978 
21611239 
15154811 
14085070 
52758395 
18554730 
7246922 
14803701 
17842366 
2425151 
37014972 
25843787 
49116178 
13462442 
16927254 
38222521 
5490392 
19274901 
30725017 
28123862 
40378778 
30313925 
822215673812119553 
20536157 
35907191 
18170896 
20934613 
14600124 
15653840 
28187474 
27290145 
12925072 
13278352 
24860918 
804204 
813286 
14854396 
14603515 
18891368 
25391676 
15329899 
17781165 
14135853 
17685196 
7400702 
17220934 
783214 
5747502 
14647570 
