1184038201 
4777707917 
4755990683 
2608608055 
21957432 
921141572 
26618160 
26642006 
2281381360 
19346439 
97994396 
801014456 
228178281 
564111558 
135897307 
49105997 
242907470 
16172747 
61817626 
341118458 
168684891 
23979328 
339332911 
17436250 
109134468 
182545611 
31053563 
120185048 
255347566 
14480378 
218276360 
269448653 
2316383071 
635608354 
15976705 
14247236 
2176108677 
22768264 
800707492346925056 
21765161 
241201438 
21728303 
3817401 
39279821 
137543147 
4252398563 
1933042237 
810619093749559296 
37291805 
633980404 
124003770 
25203361 
2461761384 
292346558 
191298624 
802145597604106240 
817939964424028160 
802000177544515584 
823729085318885376 
829789810654982144 
18909534 
17325090 
25333609 
49620730 
17033353 
18159985 
24464743 
18996618 
163995093 
119048111 
14007532 
22129280 
111060879 
22190185 
111045930 
209640562 
44397881 
140863851 
91386979 
824494641890394114 
824467746436120576 
825153022653128704 
397507908 
610922415 
874916178 
373564351 
778933753150251008 
270068926 
373157754 
2856030754 
16912124 
834081571493785600 
154985728 
38936142 
75600769 
70511174 
309282144 
230450027 
140286364 
217550862 
46557945 
82151660 
42692687 
167024520 
407013776 
115564212 
4925188717 
54139139 
591264175 
486731383 
756279975586607104 
825749947756605440 
425580285 
259481736 
489982279 
398088661 
55896443 
812003289676021760 
824446314473598977 
796899792127401984 
818331608126197760 
246486028 
15978412 
21534951 
950531 
23332846 
604940737 
169586280 
17759597 
118747545 
102789488 
23621827 
108710418 
24933645 
17270262 
14677751 
292549803 
16893929 
824450140131975168 
3240143771 
824315778866417664 
825043982006759428 
4828013916 
4797361833 
47004667 
755835576 
2806253912 
29243917 
1216789842 
267915933 
163194830 
565112799 
2736359780 
350633389 
139909832 
408816873 
830477107830587392 
115213091 
16513335 
28568533 
796261392 
3010489682 
25249798 
11866582 
19800452 
277261996 
259088872 
16592565 
705522154285064194 
29277366 
15115280 
750454218494873601 
750470830774190080 
748946826972332034 
36711022 
997684836 
750505052226220033 
771741422034817024 
16582131 
309354920 
3233915400 
15816595 
14046504 
74508260 
133938408 
18025377 
15741036 
250492272 
153181367 
17881467 
35221731 
14066024 
71584155 
24196684 
16170253 
27055034 
21461944 
82167518 
15837659 
15359578 
797080559839309824 
797413508157767680 
270717589 
17159787 
3087391632 
3390254459 
24967656 
335155074 
2944351564 
809613876442472449 
797350843918020608 
752621952322318337 
799921776905990144 
20550490 
713839291210792960 
17578198 
704967105402114048 
797689217107247104 
804123357662814209 
34552326 
801115372091015168 
30815935 
21059255 
4799648924 
420148179 
3285503460 
721499641473298432 
55638244 
802865699077165056 
804912427141722112 
382359865 
47379354 
71569841 
2332617303 
21867341 
42995067 
18464266 
3167508269 
2316355164 
764557304 
2922376647 
26550379 
317322476 
21444680 
26165922 
16490790 
22891564 
323599188 
26327699 
710810649060741120 
820137130580180992 
22274126 
25790676 
28091980 
777890548132687872 
813032126044053505 
815574858566344704 
796362384084439040 
3310222104 
522026970 
31888591 
782360091303505921 
169980486 
741286249550356482 
2412931580 
22424013 
67899097 
30231573 
168838692 
22064255 
763617126737448961 
221135570 
3333055535 
15741049 
4756061845 
1909087813 
19052834 
4870478255 
4476084275 
21495530 
181638022 
19607639 
1328206963 
714720425801084930 
718283360540442624 
3344266661 
3949525095 
801471052429803520 
792821519365840896 
796619447209365504 
801894086487801857 
826458872919556096 
1051396218 
19898168 
26574283 
16326882 
18164272 
17291452 
44688778 
17907987 
2517988075 
118245138 
14849562 
24881388 
21212087 
47475039 
69004966 
71048726 
34036358 
16396588 
14437161 
16753660 
860687102 
587875070 
824139632354988033 
824270573203292160 
1624047055 
784263169996836865 
824190260338954240 
824473943931293697 
23232204 
37590426 
75797367 
299802277 
820378690920058880 
240664803 
66409312 
34010240 
1488423090 
771388593130483712 
297100174 
20281013 
15893354 
22313347 
126722715 
15765991 
9862752 
167411876 
218325695 
19914257 
17389023 
19570075 
18772897 
77032777 
21252618 
16125224 
64916983 
15908429 
90077282 
31037199 
54311364 
151106990 
44706837 
60783724 
1428659995 
491304400 
18089654 
14021902 
163598915 
33919343 
119491006 
93069110 
227837742 
437561031 
1176994477 
454099919 
2223157392 
282545479 
375662595 
1965420800 
2573480784 
4091551984 
3983511 
607289206 
25300308 
3292127254 
3579786256 
93736499 
33972882 
295899118 
239892125 
7855062 
16303106 
16170860 
40713876 
61183568 
1002351 
14146966 
32871086 
380285402 
21253935 
20144167 
965255749 
4248211 
15464697 
48120914 
19660388 
2293315159 
407396556 
12670512 
15463486 
28181835 
36890646 
45399148 
58869089 
115745371 
89220865 
168674628 
123327472 
32521584 
730087702440386561 
703522862 
379050702 
266152432 
723251650174017536 
89509937 
870556525 
544517731 
1115348904 
818282957618216960 
298187081 
738080573365702657 
721090011869917186 
84614572 
373689086 
54322823 
24165761 
21457205 
27391793 
21429834 
790942686018543616 
45565185 
25525507 
139823781 
27384718 
75641903 
15650816 
546135718 
16887628 
218975278 
19084896 
21348880 
155784594 
174110843 
130496027 
2922928743 
19568591 
288363743 
450941680 
126629610 
205392468 
49204865 
322603418 
361342191 
34310801 
547860279 
44196397 
2762340845 
80617430 
32780218 
15862440 
731132367058968576 
4513132093 
11395432 
33014441 
794980547848261632 
719862196692500482 
92645190 
79039503 
16256826 
15635264 
20800328 
16378093 
17634365 
14215322 
928481 
15937952 
17075602 
524474062 
40567986 
14364006 
382275399 
15108530 
335455570 
1553310020 
16028750 
25429682 
198584761 
2400901568 
150078976 
1068481578 
278124059 
423631401 
130617778 
237845487 
297532865 
33537967 
39000115 
61734492 
586853452 
463765807 
1071777608 
215207998 
939922981 
18382184 
143104075 
2289770467 
18071942 
3349433536 
4729801216 
432771620 
49697450 
15108702 
2561597334 
21043723 
4917092018 
435316184 
1260683552 
16312576 
22208192 
3085169824 
3058865345 
3047938510 
702147673651027968 
213713264 
328679423 
3065966919 
3056142064 
3065900255 
3071251042 
3065753301 
3149579266 
3394741149 
3309654696 
3269091415 
2303751216 
3907341980 
4187444843 
4877191041 
4794182534 
4894095909 
69513348 
2282345976 
402957663 
4149690013 
1536600704 
16356190 
2541779029 
357606935 
6390362 
17091238 
21326352 
78047370 
14185317 
21827185 
31428685 
15824288 
14125897 
142419647 
50715793 
465123413 
1603787905 
369238541 
1873091689 
2811838608 
403415466 
3192080325 
3290070855 
4486093643 
372575989 
2225343500 
59017872 
19982260 
444378105 
15843059 
12524522 
22273677 
166374616 
2790401035 
493714995 
165832868 
21128914 
15828760 
23802012 
56799476 
188000721 
60189624 
589214730 
17141268 
474464413 
2863006655 
18829123 
3071942610 
2970279814 
607558430 
878284831 
2616706220 
23375172 
68219213 
414488432 
20959509 
1536791610 
55334133 
28387056 
13557972 
16126957 
24569636 
10886522 
44988185 
227894751 
403932208 
92128345 
47801895 
312248392 
43261344 
78419512 
323440720 
19682187 
22873947 
76392970 
231510077 
386742828 
1394399438 
262223982 
188478027 
991745802 
36491229 
454294374 
59486068 
18554720 
17686959 
849169945 
868856461 
959596692 
18663704 
85334765 
21705181 
1058520120 
145343433 
792670236 
101534630 
1202961296 
1917731 
42980426 
14133964 
41373879 
61324730 
127323988 
212418978 
231505456 
17681513 
106528075 
148565166 
19938085 
36843988 
350538755 
2207612389 
1344903997 
17293897 
97739866 
26585095 
1707321486 
1051127714 
45564482 
1615463502 
1074129612 
404523392 
19036037 
59880071 
1037321378 
18247062 
404517784 
17967675 
1074572006 
48111419 
15549482 
297053549 
66455196 
350389927 
16579911 
31139552 
39286720 
16232843 
250386727 
970207298 
50482949 
19734832 
2347049341 
121489431 
17027378 
17643749 
19077091 
500704345 
256845587 
93874858 
98912331 
33920667 
40057701 
743585142 
16244449 
300552750 
245572815 
65163785 
19847765 
28145061 
494583213 
48269483 
52115159 
119829799 
42958829 
17134268 
26548315 
787373558 
19028248 
462104132 
16439471 
57917441 
14062180 
1140648348 
19186003 
15935383 
297067961 
86129724 
14177942 
56768257 
30000912 
17789578 
17011177 
17006036 
95981083 
22162854 
461720085 
96184413 
1055907624 
20780572 
16250929 
1286312880 
93761782 
278776049 
818909579400638467 
369505837 
70771229 
238259855 
1258172900 
20707070 
456806128 
227682918 
312677640 
372300596 
29628889 
43412697 
218542998 
479813224 
355906128 
1339835893 
28140646 
1281405877 
1111940934 
75069067 
1093090866 
1330457336 
476256944 
757303975 
132278386 
293131808 
14620003 
242836537 
222953824 
69393590 
25053299 
205864193 
27073265 
743102318 
16952739 
195826487 
409456907 
15134240 
332791826 
2195241 
40302336 
252531143 
312134473 
595515713 
46764631 
407039290 
26946495 
475286355 
351645637 
35773039 
259395895 
49698134 
453319164 
44134773 
23600262 
30216513 
45671898 
44873497 
38254095 
21862217 
43409523 
381152398 
29201047 
332780136 
14192558 
12055942 
413466731 
14140370 
15554922 
23827692 
579959112 
224372609 
21114659 
614441689 
61292961 
388250702 
19086456 
19534873 
33276161 
42487860 
13397202 
120180668 
45203497 
312139726 
67378554 
387357932 
232268199 
364423298 
38477209 
298158534 
296701896 
21240602 
330592913 
15441965 
112099557 
102581666 
15458181 
87798068 
619731508 
254117355 
308233424 
270013816 
52521572 
16686673 
67358777 
326255267 
184136149 
20402945 
76389527 
76376525 
65686302 
788118876 
114547989 
282802075 
24220644 
231796277 
50452197 
29465136 
21251668 
140519774 
3199021 
17797249 
14304462 
214112621 
203296606 
159462573 
95668275 
718878338 
286992566 
595962003 
15723933 
25627245 
74035510 
17841740 
34732573 
140467000 
192118878 
312813731 
23001277 
325470524 
20074696 
449926696 
581224211 
190063904 
20562637 
15931637 
18472960 
401625957 
39566375 
69193833 
77231473 
222380308 
26538229 
14634720 
12925072 
467669412 
40533912 
95431448 
14602259 
19034656 
161335306 
210097701 
524396430 
340333435 
24606315 
47991586 
62290422 
132047220 
15097615 
20389644 
241056520 
331816614 
331817345 
314261554 
258885469 
79366215 
49519258 
27511061 
9130702 
36342241 
121655830 
225634187 
212657985 
192318065 
409486555 
16746076 
18997445 
130104942 
386782622 
369089298 
40260612 
377220892 
148900525 
14139600 
335972576 
335369838 
20708761 
101848693 
111650915 
43996908 
242374336 
20039889 
27298118 
48802204 
294728278 
14348157 
18276341 
65448361 
54208274 
80911528 
284730971 
32359921 
17622474 
18949452 
11856142 
34713362 
269454727 
15764136 
18004976 
33802598 
15210284 
21443773 
19817778 
119459759 
76133715 
246758084 
37917164 
29293808 
292990703 
141430822 
27564275 
24439201 
19107878 
114497182 
111141045 
131144091 
325830217 
59771400 
245516606 
24797315 
242555999 
27090222 
242892689 
227341953 
239905257 
249410485 
258900199 
168295477 
86141342 
19863977 
162113704 
43122903 
22149280 
31464562 
30241898 
23484510 
20466215 
20245775 
19553409 
44335525 
62442994 
243291022 
15724082 
104237736 
16950628 
30929600 
18137749 
240812994 
18978610 
82689705 
75052666 
163570705 
244655353 
111635980 
246357149 
189376144 
234826866 
156333623 
248735463 
57111966 
91180720 
19716781 
30912937 
168673083 
267854863 
249348006 
263815367 
247486443 
28602948 
233783568 
131497030 
235373000 
236878017 
72112616 
15195679 
102803873 
193732179 
246088673 
17060020 
48086014 
36743910 
48629134 
18979288 
242426145 
22812434 
168502762 
188443744 
111799309 
188014427 
23605505 
239949176 
148529707 
18082945 
29205600 
37978965 
17944931 
23588075 
20705199 
14792049 
14135426 
76945884 
162069635 
224320485 
23188724 
32037432 
228853694 
54679731 
14885620 
16076272 
69052147 
52419540 
18767649 
30392338 
20635372 
225313528 
21332200 
29979814 
180237223 
137823987 
18170310 
127776968 
26734716 
80111837 
136403245 
92546663 
115979444 
46744791 
14406700 
5108161 
6392972 
17494010 
20310445 
14296273 
14294848 
115733549 
92186819 
22669526 
15361570 
33530012 
115724271 
197851934 
48706233 
24913074 
18216752 
59676104 
17491498 
20609518 
128956175 
181199293 
79743108 
87063281 
14251225 
186920662 
37044152 
15428227 
147649517 
140548578 
16898332 
153660009 
128301312 
97503010 
15324851 
23170910 
34022952 
59525321 
80638910 
97474887 
48144950 
136300373 
19416225 
31122582 
61206798 
74294786 
21684013 
21406834 
22812754 
31801993 
36686040 
20002401 
22192142 
15861717 
116505994 
70526457 
150724371 
82649553 
29450962 
151963505 
49639096 
44177383 
150688795 
137794015 
33563161 
56864092 
161411080 
36948268 
138770045 
107545479 
75124560 
125445568 
24232525 
24745957 
148453195 
80612021 
132201224 
208692908 
76691987 
55133916 
88012558 
69218324 
15808765 
28123862 
6708952 
216299334 
23092890 
22270213 
40277246 
25781141 
92079350 
120129682 
15336771 
157072047 
26497475 
85131054 
180389279 
44638576 
114050808 
15399512 
18496709 
190890578 
19719579 
18028893 
14465607 
31128529 
53482337 
73045018 
76456274 
78569026 
63812950 
14764240 
59869729 
23128348 
103039548 
14982267 
18061669 
19918986 
133872807 
80628196 
107429237 
141405856 
120176950 
16013368 
15442036 
33588180 
73238146 
158414847 
72198806 
16893491 
14337131 
16581604 
86216486 
138787319 
15998961 
109287731 
78495596 
39249305 
19726613 
24195214 
172858784 
136250134 
224762992 
47438401 
43910797 
20078009 
27311044 
166252256 
16789970 
15689503 
21844854 
115111016 
153083172 
108376246 
103922067 
21312077 
47412499 
188019606 
22012091 
85469308 
191477653 
16815644 
52596376 
182503471 
87818409 
21394764 
66369181 
173999134 
23255247 
16028241 
164412502 
158426909 
33792634 
121208305 
138285534 
26820275 
83932732 
50073507 
86697288 
23480093 
46176168 
153810519 
5336752 
21783950 
19674502 
38228095 
16963740 
76936279 
12193342 
52070270 
20437286 
40506540 
18215973 
63004503 
15764644 
18567018 
80366372 
36042554 
14159148 
82282572 
31127446 
11347122 
19418459 
43920155 
21268897 
15446531 
18172905 
13524182 
19736562 
17290902 
130898432 
50381166 
30009639 
14606079 
15949696 
15383116 
19572264 
23176276 
52779839 
11178672 
20975060 
108617810 
18097821 
84129740 
30043495 
47694175 
14129299 
16157855 
67324290 
27901418 
104324860 
31291086 
18686907 
11883722 
15145614 
104615577 
26792275 
114870265 
7091082 
21414576 
8719302 
14515734 
53159373 
119749813 
88512930 
24431892 
43963249 
16955991 
50325797 
73181712 
18736652 
33998183 
16580226 
44783853 
20436059 
18058609 
51241574 
7905122 
14755492 
18481050 
15110357 
21940835 
60919240 
48037533 
66369206 
28576135 
54546430 
78408666 
76348185 
44615672 
14091091 
15647676 
20179628 
16878156 
17658786 
21233325 
49615301 
29442313 
15007149 
41017380 
76688036 
127908030 
71425075 
16144876 
55355654 
56700964 
59031230 
20221159 
60627728 
63246339 
42389136 
97245137 
112526560 
19512493 
43860827 
116994659 
15143478 
33977070 
76771090 
54624876 
26657119 
85322445 
15470688 
50665503 
20708895 
20508720 
16589206 
25762022 
16466545 
17677636 
16432584 
21239304 
21692297 
21111098 
20449956 
22784136 
18583823 
5577902 
32281597 
34649054 
815233 
15793845 
18780567 
19740140 
19071750 
14825442 
41269920 
15129265 
15371008 
3244201 
16279292 
14515799 
14516048 
15332476 
34793170 
89820928 
18618881 
2182641 
12154642 
15906481 
24737745 
65431946 
15166261 
48365949 
20343694 
823905 
27396708 
34448628 
54613670 
7334402 
59157393 
113420831 
818927131883356161 
16016427 
73147282 
17667293 
50393960 
45881659 
78705001 
35847728 
16228479 
9576402 
14336577 
9782032 
55289075 
73190286 
48847011 
114106236 
19686644 
21776872 
82977778 
78990311 
61220477 
96899214 
16630326 
15947185 
14834443 
14855994 
78763988 
109041471 
60143695 
20809073 
103651315 
10937622 
49208742 
16317406 
22059385 
26083271 
17525171 
59145948 
17004139 
15716318 
87534853 
18587457 
17469086 
14776551 
16888374 
84542830 
18682378 
58550415 
59500657 
25704351 
14377605 
14466538 
41259253 
16958346 
16136044 
27920712 
19608273 
17171111 
18889547 
69181624 
59159771 
22843167 
22970670 
50438243 
17287986 
16240890 
48115928 
27867017 
17196941 
30610077 
57393165 
15110431 
15467052 
16438248 
47652034 
15912116 
24229787 
14885549 
18041870 
24965771 
24349486 
5515802 
33584794 
742143 
44446246 
56789587 
16600854 
19962616 
34934371 
37404623 
57428429 
19314957 
31037296 
37798509 
45686021 
29643200 
25562002 
20864374 
24434474 
20073874 
16311464 
13850422 
20177097 
46299239 
35574425 
71160016 
83285095 
44062525 
17376000 
49127156 
5508832 
17375415 
43505533 
17798094 
20479813 
26551204 
24608680 
18665800 
19554706 
21982720 
71294756 
23503181 
28785486 
22565066 
22685200 
25589776 
79797834 
23097491 
19462586 
17823618 
32004130 
5667002 
19309958 
38603114 
25412522 
34868965 
13590162 
21688417 
14676022 
32015971 
30313925 
822215673812119553 
23824000 
21261271 
60628575 
57970669 
14984090 
51133666 
39251873 
38507478 
49060857 
34274380 
20413553 
22642788 
15391102 
16977023 
21295180 
54573060 
23359416 
22058407 
41814169 
19541697 
16682738 
48177456 
15163466 
24752484 
44678417 
27443262 
17066782 
41441873 
17197344 
14529929 
19194198 
15811314 
19834459 
24802712 
16930125 
24816848 
19816859 
30050899 
38271276 
23839835 
29293832 
17272286 
21373285 
20182089 
16456822 
15511867 
20460235 
1000591 
12245632 
972651 
15865878 
24773177 
5402612 
18924220 
16348549 
22878887 
14833030 
41859853 
16744558 
23868172 
37504785 
26371180 
37165437 
20646864 
16017475 
15810520 
28216100 
16041234 
15757700 
18248948 
33514869 
29910281 
28137380 
18957195 
17189570 
16343974 
15846407 
19397785 
16116288 
17910554 
16586811 
22399770 
27920275 
18244358 
20832496 
20429284 
13215382 
14717197 
15075999 
15633653 
19701628 
19659031 
19658614 
20545793 
14984637 
14384907 
21690931 
20597460 
7356562 
19677673 
16583468 
15954997 
18695134 
7429102 
8128442 
20715936 
14401102 
20744646 
19155901 
18188773 
19233231 
21095858 
21504971 
15923226 
20677133 
14049145 
21344507 
24951155 
15971957 
15279429 
15731831 
15113571 
16042794 
18644548 
15928132 
20824022 
8953122 
14914631 
22676390 
15670644 
22097192 
20204927 
14506253 
4207961 
18622869 
15033673 
8036392 
21228708 
7259302 
20820678 
17280258 
16742806 
17621416 
15234546 
15859039 
16969726 
20558460 
4107251 
19394188 
78253 
10165242 
20680123 
15738599 
17006157 
19605981 
20211460 
6801772 
16935292 
16521293 
19658826 
17967633 
15436933 
20187758 
17296792 
10396402 
16666806 
14434063 
15959560 
20181929 
19556287 
18960912 
5680622 
21432664 
22748864 
17998216 
15950681 
16405075 
11350892 
15012873 
19192854 
17474260 
19310874 
20777057 
17825891 
16076032 
17516149 
21023681 
20522862 
21324258 
20749410 
22703645 
8936082 
23149484 
17226938 
20702882 
9147512 
2444931 
16673982 
17279594 
16591728 
16302354 
18851248 
18650093 
17264354 
19731312 
15092017 
21105276 
13253732 
14856951 
14615871 
14074515 
14308680 
5953552 
2797701 
14881478 
21210595 
14478046 
17086475 
17793878 
10286782 
21844990 
17162738 
17467699 
21220245 
7380872 
3201311 
6511672 
17803501 
22656672 
6934522 
20344756 
14331845 
11014272 
15840568 
20536157 
22650211 
20810761 
15952638 
22113003 
8731802 
19421938 
14328009 
16895274 
15361863 
11069462 
14962779 
14748002 
15731368 
14312391 
624413 
2467791 
18768730 
15750214 
14325361 
16528347 
18767699 
20073530 
18050020 
19094885 
14499809 
21220931 
16100610 
14270650 
21819114 
2521881 
14334532 
18812572 
16686144 
19740592 
14957147 
17845539 
13784532 
7684882 
11384102 
5988062 
13493302 
20473808 
16669742 
13820672 
20560162 
18609221 
10118652 
14158452 
17667279 
17078632 
14365762 
18978695 
8370082 
9622872 
10117892 
14370819 
14512095 
14512287 
15138349 
15726306 
15947602 
17651596 
21534019 
19737494 
22545756 
6751882 
14323863 
15091978 
15634118 
15690243 
14282672 
14534174 
14056810 
15653688 
14086764 
8839502 
7913622 
3089911 
6511252 
16279629 
19679189 
16153562 
14700316 
14599713 
14235041 
9715012 
14292458 
815300 
13393052 
17049255 
14647570 
19087092 
15295015 
18170896 
15235829 
18247147 
18249897 
16171123 
15287423 
16814745 
9623412 
7822672 
3474301 
1877831 
10222862 
14192680 
14677919 
14689479 
2836421 
5392522 
14548211 
15224941 
14912134 
14780915 
9245812 
15138087 
15458694 
16015520 
14738750 
14099715 
16051471 
14637737 
16156003 
16314073 
9354792 
16473220 
14269771 
16744503 
16246682 
14721839 
9474602 
14301074 
14138785 
14222693 
14499829 
14152937 
2768501 
3416421 
612473 
15650998 
7025662 
18984562 
14603515 
15222806 
14845222 
14110839 
1767741 
809760 
19803365 
14245378 
8794022 
20786801 
16329199 
19889946 
19865528 
18158417 
15485441 
14854961 
21674448 
17875374 
16456599 
20776497 
11640472 
14669951 
14858000 
14980820 
15164565 
14437914 
17019867 
14688489 
19826165 
20713061 
9532402 
14246001 
18776942 
16925437 
21307076 
17004618 
17291393 
16379018 
15224867 
14514804 
1106501 
14534290 
15436633 
16371887 
14834340 
4119741 
10755302 
17487795 
14588748 
819466 
14238142 
10861222 
15324883 
12880222 
15018428 
16664681 
1620121 
1043051 
1049111 
5490392 
5695632 
1478441 
1478471 
1403031 
9085532 
7313362 
15856435 
685513 
20840441 
15896703 
15723290 
15723281 
15723260 
14994989 
5561412 
15939889 
15262066 
17161974 
15698792 
18544889 
16613128 
18084865 
13565962 
6794502 
16669075 
17045060 
15526913 
14199378 
16619904 
15811202 
12133382 
18653915 
14522546 
3200271 
2883841 
16319598 
9545002 
6433472 
17629860 
15649433 
12715772 
16334857 
805369 
11695472 
12006852 
9010552 
15907827 
11270992 
5743162 
5360012 
11379362 
9624742 
9109712 
6450322 
6451412 
15473958 
15461733 
15165502 
15165493 
14989709 
15009735 
11348282 
8775672 
19840539 
19254592 
18886406 
20682232 
15008600 
17596014 
19697415 
20818801 
15220768 
739423 
13783982 
15641893 
16510030 
649673 
16184358 
7348612 
3602591 
1048661 
6550132 
11650532 
1269251 
9921142 
12759 
655443 
1857711 
1478371 
4970411 
14074967 
4898091 
4278201 
11178902 
18510860 
22192329 
10221272 
18029139 
18026148 
7998482 
15716039 
6796502 
20802435 
2367911 
18384223 
1109231 
19593535 
15220473 
19472585 
15036274 
19308246 
20 
19553760 
21258337 
15675138 
5990782 
15100124 
7152572 
13 
20150034 
1081 
2364311 
14288386 
1344951 
655093 
1652541 
15593696 
6519522 
15012486 
14500743 
14400385 
2384071 
14511951 
9300262 
18812301 
15667726 
18763909 
15022633 
15641085 
14468426 
17178428 
17178717 
17180164 
17178817 
17179309 
9411482 
1183041 
17052839 
16727535 
17165223 
16409683 
756278 
1268821 
3442271 
2991571 
1117341 
874 
1045141 
1044591 
1118521 
34603 
1049491 
817259 
788524 
783214 
611823 
59213 
6577642 
20514125 
11856592 
12044602 
11856932 
10419 
15941955 
14412225 
14625436 
15406924 
20109973 
15922214 
19417492 
15896625 
14825486 
16047897 
16049261 
15987311 
15987509 
16051368 
14825540 
14825648 
14224719 
7744592 
19610051 
18227519 
18678924 
19541375 
7228682 
21619519 
19362341 
3200841 
16311797 
3108351 
14216123 
21111896 
14412533 
14413999 
10228272 
9855382 
3913931 
15210410 
16827173 
17912982 
17993906 
7402662 
14412934 
14703188 
1478151 
1044771 
1046661 
794808 
939091 
1047451 
18451200 
991221 
1417251 
15143541 
14513611 
20480549 
16160352 
19081775 
17481101 
21899451 
18682255 
16050804 
15960349 
18083983 
1116721 
8839632 
17976672 
15754281 
14823587 
14099719 
14173315 
819800 
12371632 
6017542 
19571758 
11856892 
21287590 
20094138 
16460562 
14412883 
16030024 
16071123 
816653 
20608910 
17220934 
5120691 
17074440 
6885392 
18759770 
20313017 
2425151 
21094604 
19824430 
19542307 
16835728 
18000919 
19048491 
18634085 
16012783 
14075928 
2884771 
1947301 
15693493 
14293310 
807095 
15640939 
15667291 
19079396 
11856532 
11856372 
11855772 
11856482 
11857072 
16129920 
759251 
6860232 
2097571 
9567972 
9252212 
428333 
15865248 
14815439 
14345062 
621533 
15918708 
11856032 
5741722 
12576702 
17882799 
14099695 
813286 
