19003754 
928567952 
602391049 
60614199 
624537609 
211585672 
57368015 
205436448 
96714366 
202141026 
3064115053 
2415751193 
440992012 
132228040 
3180649624 
3189180247 
263916569 
253210734 
212176990 
15522393 
44374143 
21105727 
295489901 
2857431607 
26935016 
29733387 
214065489 
2448859906 
260743034 
341940337 
2192977908 
2586613878 
29269262 
763922090139357186 
528675734 
250012966 
3365126489 
860760392 
25135550 
768021492063956992 
357276966 
3012590757 
27184979 
4915304473 
80616221 
620564106 
49032952 
464334661 
3293917195 
2755483171 
823054030360510464 
83641876 
2769426624 
45913559 
233636458 
379573949 
105909655 
703044550684762113 
4861360272 
800534862427889664 
524042252 
37726807 
23678663 
225149859 
613550002 
76347838 
127050699 
351628212 
240635057 
703691358104473600 
776603102 
391569951 
451091938 
28394536 
3320445638 
187348462 
1133215963 
1610067822 
2346576398 
809568067109982211 
392419002 
270152319 
807543445 
761947278743572480 
193605885 
229093749 
130321269 
785828624767123456 
802748632655020032 
746726918649585669 
868299752 
17648646 
19305762 
3382592059 
1229108521 
117054271 
4275467727 
1071618295 
1225875158 
291049643 
3785752461 
246179437 
3225607944 
324768948 
3645068853 
62086941 
547134086 
3290064373 
826173148462583808 
949593284 
80615522 
1621061485 
1849340234 
368246466 
3889675881 
301572307 
71356693 
803306723587031041 
704054402718412800 
754656786 
25640351 
48879335 
210128463 
233489933 
792284538 
746339713468997632 
348870759 
723152221680988160 
833607031 
1605362431 
915310069 
143031171 
10316242 
3150201399 
2910291429 
543953399 
912660169 
2374476313 
359125837 
807147734 
93150233 
3374996734 
239602734 
737848068 
2162589618 
76534217 
2281384069 
226857182 
3900766516 
18182804 
250917839 
1407459258 
66619679 
82358744 
823388773 
2176813621 
57086665 
23077509 
1075040222 
534794909 
218894547 
90318611 
20471861 
49749650 
620560400 
3254933967 
2534064613 
2330338084 
28651177 
465084673 
3139928119 
506167752 
145937496 
701209532 
2421722953 
3798012973 
773570744328581120 
303614709 
47326749 
289217702 
20103107 
820895245 
66652970 
20136313 
58563958 
486352691 
377062999 
72615465 
1168996280 
62423827 
570935664 
1268014310 
33015872 
19823323 
91015271 
3094250378 
3272861011 
121563518 
229163613 
1263208777 
2201234258 
545541269 
2860445482 
3052201236 
3310865022 
20557521 
191670049 
757634380269486081 
425801664 
1428634165 
801771798555566080 
175512658 
22003324 
806148701160927232 
60790990 
2517027500 
548443880 
154903234 
3271873800 
1329677214 
738163057549922304 
523477628 
188707125 
1208857490 
4527474077 
193192064 
1955481402 
581455185 
25155539 
175231882 
514679516 
552969309 
30467564 
364930598 
147706876 
933565753 
384123497 
161017129 
410250853 
209251636 
32503571 
616183085 
28773956 
1659219158 
2590583430 
133158773 
108493973 
512365537 
4511824092 
233239385 
94176228 
2317583785 
108756432 
35565270 
788884718 
1724374070 
4031639547 
2792162991 
257803343 
1248146198 
2553896690 
2810920583 
785528774788079620 
108804314 
1674892243 
1725339942 
1471043334 
195471300 
15713616 
320915787 
727665690304520192 
49131665 
380538717 
571871296 
625057306 
38829657 
3139936466 
2353426345 
2818571507 
1262088673 
2971558036 
404932389 
15373428 
2730583021 
133049186 
1097565758 
169239370 
788033232419823616 
2470607498 
4787310101 
18225311 
295350542 
37342341 
1489386080 
1973575837 
287673219 
863058032 
50561367 
4167200302 
1517617088 
2842781734 
851962610 
323254099 
419404904 
217250589 
4652953064 
2212624570 
804590259774296065 
727598166 
266100204 
1101147842 
883791914 
2232257009 
2614554927 
2853344919 
80494372 
42574229 
716422278922313728 
27267888 
213239752 
360357834 
28803075 
321417611 
1346395999 
166938769 
372055813 
4490829914 
743800229661708289 
15884132 
184588629 
740909558286192640 
706566862260322304 
734604316544258050 
722953158301999104 
3068415597 
798001220 
701074103458013184 
1975370604 
94484661 
389556412 
16421396 
20729889 
215356243 
276430703 
816229208506646528 
1332329659 
2996573961 
4454412748 
216066898 
19711142 
179142457 
1963376839 
68253928 
125095339 
174033304 
57928337 
3826542135 
1950632826 
1531353812 
476534207 
343047603 
2147895920 
366428300 
2963552355 
1482394550 
3362249974 
582375642 
307458136 
38764957 
2760911620 
2416101199 
718342185662464000 
871979594 
399719598 
2373588455 
768329287 
752480314602229760 
704303593998782465 
271146228 
241185776 
129721743 
1127080734 
783561726 
240380170 
36855730 
19600869 
2336711415 
331344539 
253534043 
325850075 
1619151054 
23721353 
52179653 
528939761 
4720407697 
2509191612 
477741695 
30143919 
786285811 
1611248324 
87036150 
333203597 
717341842514321409 
42869321 
2365288904 
2370585823 
402055903 
1322704225 
154396982 
700462103635755008 
168733495 
569084134 
724299860741132289 
65879449 
304246404 
109470351 
2893405544 
40888369 
122528623 
1428729690 
3267422702 
281142602 
778188992 
343857022 
790381291959037952 
587060782 
594243944 
9299392 
747920790864048129 
414245093 
28047168 
2183535216 
554712202 
40900881 
1602441673 
844613875 
4478545993 
259303588 
126216114 
2588717307 
785863808795414528 
727925094878609408 
950763702 
99831153 
759753603883995137 
3316220093 
1485227790 
2182477954 
3095580063 
956272075 
4290741160 
21640616 
393948172 
18789853 
382046554 
1892197526 
2544228222 
1293263210 
830008579 
1531341728 
67683159 
568506678 
883870820 
107208564 
579590687 
2807953595 
3665294961 
2460116576 
595657249 
66090625 
141515465 
46465913 
1931735058 
729833534 
62380630 
4370524698 
515155847 
617355744 
385474271 
92948680 
3255937598 
142275969 
739561651226214401 
308978565 
2251058415 
2762612665 
713596579945570304 
2855337738 
26431593 
8599282 
15007508 
2744370587 
44042347 
1861770186 
3931063948 
85180131 
3180300500 
546185508 
800415840889802752 
4054284549 
823100162 
839770334 
64400144 
243332437 
298226371 
2180296916 
1122994248 
1660596307 
39484536 
739708574310367232 
414796311 
48656080 
2458475208 
1201523461 
318557820 
747291289 
2999616470 
2973500620 
3387646935 
15076324 
2668306170 
191227061 
323052163 
114066580 
3421860244 
40882457 
253421449 
577104911 
2373153734 
4918580892 
289908664 
18135700 
73342532 
59673410 
598397737 
23993140 
1972666304 
21883162 
2373428642 
420235504 
2717021129 
62840165 
120775582 
4407609940 
3568788616 
706305154329526272 
21949499 
47051162 
782744445561212929 
524402811 
612291243 
14091058 
3834642136 
34236924 
340198322 
288791771 
323151422 
2151791474 
282482692 
799651501 
73450673 
861527887 
2500499942 
37359372 
2499146223 
316340062 
47958775 
150121689 
290719085 
1899861649 
239015805 
435312317 
473519293 
113530529 
34389177 
3097985294 
2439265632 
3004075130 
19891486 
393193296 
719207867765526529 
371458286 
28323447 
233141424 
2777045773 
3078001768 
163742099 
753102456 
144529945 
3060595769 
2210483812 
34006349 
782991290556264448 
169645400 
3237673919 
1254139194 
3033989229 
701830310103613440 
68181038 
2318837529 
85867271 
4187369541 
233648154 
744535870158610432 
108608019 
44249415 
2999297261 
702919734346395648 
3795390381 
708632093132128256 
50976606 
417817872 
1689221521 
824174588 
764375470406107137 
704173800653504512 
31437762 
576350250 
28335262 
1681202023 
1340343518 
2601419221 
76115912 
485262382 
730852274621177860 
30496968 
3305705619 
3123204086 
605686340 
734508417474166787 
30798303 
11208582 
399772925 
1260624181 
808171180683329536 
396032670 
89350987 
773769469726515200 
629018637 
28627118 
22269165 
2655148363 
706763912239144960 
907831464 
87546568 
54937647 
1687749102 
95689266 
167887073 
217124847 
798168840 
2538140222 
2176558435 
42129056 
49180268 
43365055 
410123266 
25820271 
2766060351 
43749164 
2671826956 
593274160 
189104179 
632410434 
387797512 
1835783018 
796519044891508736 
43762353 
43615922 
1959558115 
86256846 
172754563 
32556970 
274542306 
90318323 
1670924064 
514544733 
490829985 
348632706 
18036574 
2216852575 
1276540098 
21568557 
701265253871575040 
898747184 
382261201 
112516187 
230426821 
3372375438 
435857399 
296209298 
78993216 
15837902 
16548938 
223037626 
382940754 
2479114382 
505836813 
370008201 
17874299 
704482051853000705 
370325977 
2879097451 
232536640 
795341561651310592 
2736730236 
258691194 
66422660 
50853385 
27814797 
1606902012 
20413314 
211470863 
3018885630 
348169419 
370359999 
374192710 
57743854 
319832779 
223858550 
92920369 
573902098 
1886464753 
4225502594 
179107744 
2290044938 
1449804895 
52114019 
2812306195 
803659622 
732013919737282561 
4726628780 
106305844 
39797707 
108550025 
2814305708 
294291921 
184982466 
554443124 
1376068266 
433634737 
382154266 
188259444 
19776450 
2931048239 
1882426633 
716155942165819392 
793978290037985280 
4217921433 
20006500 
230886242 
58245317 
2925093230 
2988958778 
88904989 
52618780 
28740849 
14371778 
40940244 
3223038648 
2947138510 
301816857 
27540385 
20040480 
2804395406 
3201781774 
2923866610 
949594406 
942190886 
787725423945846784 
3390174293 
19136472 
3255677004 
50628208 
2364207888 
1265172716 
289823672 
47854876 
799345544 
269834349 
85126494 
262723500 
86082682 
480503445 
164492744 
25062092 
12052762 
719399773434818564 
7263312 
362244738 
3377594853 
2307738102 
30387087 
195014770 
337417772 
702011610 
21481838 
1472201113 
200965688 
534829014 
3351256889 
4580179767 
3170916196 
733973230646525952 
366100181 
1511418758 
4111868172 
16960634 
460794553 
2651415175 
4048271235 
502366871 
1942301382 
331229167 
884551291 
3168075775 
4309832412 
404511405 
2572876132 
990893521 
434264643 
3476435713 
516704175 
1663409556 
14768204 
182590046 
213782127 
57727755 
148779535 
510870536 
228905878 
221327093 
3401697789 
2407474952 
3534761601 
3148547783 
942726834 
753652020289175552 
121308267 
80163279 
321592429 
319003881 
3245543743 
2359022977 
3321893328 
288361701 
237299615 
66847514 
240061652 
2573084594 
17428335 
2476312186 
319514311 
64679754 
8857042 
2300564793 
3374252483 
281197169 
725300028 
37325941 
56264193 
733697809317302272 
48730031 
4827 
915353797 
47390129 
762640205832683520 
537935218 
115635864 
34502966 
272068016 
422687934 
1016643348 
842362320 
78560646 
17392670 
267968052 
145720230 
403956726 
619898009 
32488108 
1458331068 
50050760 
1576129411 
51802182 
250854932 
301449992 
27578128 
52077838 
2901078601 
159128252 
316058004 
4251441733 
3287866872 
898705958 
2259223445 
228891428 
1080247262 
97317981 
268007013 
700794063 
2848292059 
400924210 
2223415686 
16113069 
48415499 
49607530 
4892387660 
217050464 
19236848 
54847294 
225080206 
262899902 
1526272543 
994777338 
1962793682 
1861675124 
716619342448726017 
453345469 
40705126 
2279747690 
2386830786 
819420082212311040 
294114980 
3404111893 
444294582 
12184142 
3536383819 
56630658 
3696820522 
746631734691651590 
164393101 
1569899456 
610431580 
3023072431 
24177096 
4804662270 
52047199 
277694473 
783285133386416128 
728400469291196416 
202546271 
250549790 
3742933941 
122481894 
424724218 
79769701 
2573997659 
398614140 
27539075 
742039479398072320 
30100356 
28857253 
262468347 
245240065 
802799647018381312 
700680979724300288 
26983137 
22519754 
770047582831796225 
2908430711 
86486270 
989696522 
1446191 
3726325993 
430408780 
3199318761 
97239134 
2382962072 
215244619 
1320896406 
4913316073 
598834972 
298702327 
154328086 
84177154 
299624351 
3275694166 
64740460 
804286507028713473 
371045724 
379328853 
975484189 
23095291 
1462901526 
1190486635 
85669787 
404585315 
786981181 
304505613 
969130376 
802377745766432768 
803382913 
34071856 
3663794953 
35757338 
1117541988 
349887981 
315632674 
748007563 
1460615450 
14136449 
105166824 
86631113 
412542296 
334116920 
216211323 
454491005 
219514417 
310847412 
753903588401942528 
1496507971 
26691854 
19155824 
220977398 
2392298156 
758288659028344832 
15190867 
172891065 
419965310 
3191428772 
49391174 
568640988 
2495704752 
2926108754 
2721239704 
753923474620608512 
246722567 
303655126 
134149254 
708047584670171136 
3547064301 
1309849459 
4420211 
819233709996048387 
130592828 
852788582 
22634544 
1517226751 
3500368814 
541187375 
401459892 
398350968 
15248308 
3458459476 
71933428 
90052820 
2976182696 
1563993810 
406445722 
2314792268 
43963607 
20192566 
526697669 
21266454 
1408438430 
99876144 
1037844794 
15329769 
811586686199234564 
53710179 
334312937 
4295752640 
481571733 
71448398 
2396981245 
393445617 
3302322146 
2774569966 
704758733809668097 
65984108 
24380480 
748380959649726464 
21175707 
26092224 
16933957 
1201509780 
921004513 
1408457564 
16198338 
423580888 
46073639 
3112943936 
27296287 
91393524 
1655951262 
3342625377 
756038114 
178911110 
475362484 
283375938 
411213343 
169719798 
68953956 
216560987 
2735437557 
1029580147 
301966581 
3234663882 
1089748879 
2165829036 
2899752902 
21021959 
1083672199 
291207029 
1599344929 
3186980905 
562063018 
25293068 
564983728 
513594703 
316372376 
23395593 
26192901 
738820057497804800 
48674778 
1244437141 
518111276 
333682152 
2551271701 
1362215785 
304627425 
294357542 
36791066 
740570417602035716 
560102046 
739046928478937089 
776161912711057408 
599570241 
3773754612 
14219277 
25970882 
378138251 
265597094 
91514085 
244285081 
633495673 
3292885374 
25060411 
2278741739 
1021003416 
1195107589 
38508630 
3775368386 
702139138590560258 
45647852 
4637131038 
1874190138 
185271430 
3424257405 
199091644 
38043301 
1957330098 
182520960 
342725482 
215639290 
610246580 
763166042679971840 
24592390 
55069747 
3102935051 
1392082686 
269454031 
7459352 
722236878871592961 
531028859 
1684391738 
3007623170 
547636249 
2376199759 
574086658 
2882019706 
29169788 
2972865703 
15297047 
699750351218593793 
1564411987 
3982620083 
2345264855 
1024063098 
1895425813 
2438456477 
543563001 
231116375 
552165115 
2594143782 
2186851 
305814058 
151292970 
2452243956 
750411104 
548401368 
1578658938 
765796022526312448 
797489907203788800 
1659552830 
378960132 
767111128467898368 
42071121 
823599511 
1228801015 
26148440 
506840434 
775197144093372416 
2316040164 
738137301763526657 
286610770 
49773475 
2411063564 
373030050 
16511331 
19720128 
308416779 
704680338426093568 
183278166 
2593201034 
3381689850 
502274846 
628801174 
390514569 
22764874 
2943571137 
21536106 
753923710696951808 
822762042 
4532357835 
80380721 
93480899 
47263206 
2358641 
489001901 
3040409702 
3421454788 
55114534 
356692455 
1565680620 
49791818 
103462048 
807414510 
104306009 
446576234 
3256987170 
2194707954 
2235197678 
2317823562 
205240811 
703045512652525569 
1258482332 
4422767716 
310976506 
2851242252 
270960279 
1154404627 
110548614 
2523620642 
1434554359 
2330935524 
61286213 
1622034960 
377774736 
136206559 
2908073113 
2850492376 
378703972 
29093956 
794883555411234817 
2968977117 
388072677 
365042303 
1523073799 
2154409908 
1069460880 
1472583414 
55866553 
3409979381 
469848800 
4828232407 
304667648 
2984407429 
56750131 
2476494050 
102432063 
457634850 
771141981875474432 
1510948478 
122174422 
428349535 
717448769504063488 
135111661 
276637632 
365883376 
2686552833 
30351594 
69624745 
2589012096 
2581626593 
20949107 
467509469 
22228671 
3492825927 
434441421 
1341119557 
20846229 
38518539 
226485027 
361369130 
292596619 
836354628 
1087556918 
200782855 
636779427 
247088779 
634146927 
868981904 
27511332 
3247664260 
43897357 
1928445439 
2318994048 
384607614 
705016933217931265 
262103312 
21511499 
24444033 
482626525 
617258610 
118466172 
49205796 
55407424 
276841075 
729526686241292289 
33472138 
993302388 
1957869894 
37077045 
1236028903 
277178745 
2159781206 
18415477 
14404270 
2876179419 
274868692 
4646356514 
45573232 
213567957 
88130380 
2426939588 
43652914 
105710471 
271874445 
2739407315 
705425291015880704 
3009482334 
218103497 
2801844431 
169888468 
87362825 
907822182 
4914668850 
528116011 
505678701 
718902464901042177 
900682478 
73712055 
738009748201742337 
93286921 
615968000 
34515220 
2412252331 
243508242 
142323870 
1137241146 
2241748208 
282029935 
2558601224 
4862143919 
378400134 
344297639 
3505954648 
619872476 
2181281714 
1673479736 
133320628 
214545173 
46521231 
216664803 
2882427985 
475434671 
4848127401 
23024879 
720325196326916096 
4810838935 
791361806 
361815166 
2976745953 
16309875 
166782308 
3314869016 
255803925 
2150036136 
43063993 
2653883246 
36346179 
2984912929 
2462572542 
427419341 
4694163752 
176588226 
95998586 
720783876201779200 
89019102 
193536008 
31642527 
19888013 
20512349 
785704015 
570339784 
111329261 
466136800 
20432567 
385745933 
806349377744703489 
991422596 
794083754046263297 
870708648 
234000374 
766641570 
374824479 
31464531 
23647401 
745980212593176576 
15271543 
231209475 
182525439 
182192652 
116230902 
60816163 
437036970 
2274008706 
860785332 
3377711181 
306965848 
211422206 
3257045995 
359692967 
356260287 
131344387 
2215863414 
1477574970 
2828567214 
17203262 
411810972 
392940988 
2845131040 
829011702041673728 
252293537 
1352278250 
18958054 
146230202 
1212225738 
545343421 
75859511 
242591465 
716155045973254144 
441055488 
3434069813 
549048275 
1367514086 
97153106 
304302348 
24970808 
341324087 
114840160 
738357184447303680 
345024653 
531642172 
307105243 
95878929 
226805685 
306339481 
288582462 
24744342 
1111546764 
14383639 
242921877 
44827041 
730625869069189121 
3126947411 
309556475 
2698639614 
637331963 
159802570 
2857996976 
45533754 
871406689 
46707617 
3305448668 
3299665742 
2209861117 
30215782 
333117463 
627923288 
716543144913973248 
195208113 
732896974094106624 
507500169 
81090901 
3383168799 
52257119 
363189518 
616510500 
3193999763 
297481995 
2343776005 
704637979 
4274015139 
572607265 
2763368619 
2745063884 
4177636098 
2745657326 
1869941785 
50592236 
503728872 
29982282 
502778331 
3894869362 
759592292961226752 
213968340 
732229238 
25919185 
421518107 
145592960 
2583096420 
2799401555 
2881335253 
3938707577 
805771330633289728 
256561978 
19561090 
895032415 
3040131850 
4374162553 
2297751401 
783305368516628480 
2778076163 
17260506 
50231999 
3715818374 
470464787 
796855208 
2877591558 
207893419 
772587383720062976 
825770782278242305 
94702219 
407046236 
67378384 
1327407877 
270073719 
3189263335 
274269274 
728181366936895489 
4883192685 
631506807 
918708530 
287106311 
58937933 
1365982514 
58074715 
2413019229 
3123925421 
2829085350 
58138023 
524918903 
408106470 
713596378077863936 
3151622748 
459234256 
20933409 
378689830 
12907562 
3024806534 
339736551 
876789294 
243240383 
2735412630 
215685461 
49693586 
258541716 
614893028 
486191224 
743416663496761345 
101399201 
117200263 
776875738272264192 
456818948 
144096407 
272720760 
289643161 
177399321 
4830944439 
16198679 
1463337710 
865884925 
3070170727 
726094795068870656 
1249864506 
53217260 
279531503 
413507245 
58650926 
238111976 
559603730 
28778604 
493607723 
778933052 
1313289324 
40462956 
16477460 
48668310 
18804430 
3724303760 
825833208 
131699285 
105231849 
52518457 
813936008324587520 
552907922 
552191737 
4789789539 
201811478 
2884550092 
3149608339 
3141209022 
2878373557 
458106360 
2900651355 
605595774 
84126413 
291391885 
3053500145 
3374646676 
960284672 
817797116 
547519296 
3873257054 
3323434403 
294178923 
381774101 
1617620275 
252955747 
126297594 
113961149 
4503950600 
418237779 
181130657 
67711480 
1429109276 
157544431 
811223538069864448 
1946289578 
553220925 
372575970 
305259100 
123450854 
235678545 
346691912 
1202440718 
116395517 
64144001 
500953622 
706312105 
41790581 
462103515 
369244416 
2951557346 
291824564 
23329819 
326483226 
2189248197 
3240200028 
3369865773 
702100392247689216 
532485800 
2260933039 
239854721 
1588615304 
40154646 
42726390 
3036889560 
2989234008 
1395979274 
164012840 
487455090 
238113729 
31008525 
1976230758 
32353995 
1623101011 
231512919 
24460399 
313595677 
2950576968 
1055280788 
94820069 
206620068 
33986030 
3232122073 
2752844327 
2829271586 
262742446 
57873295 
199853011 
213280754 
3254589189 
110467704 
501114428 
588765838 
15169666 
3320116309 
30543393 
2997140205 
23471178 
1638384806 
41361623 
4856626811 
54024476 
50602281 
3183715877 
783451833779884036 
100097696 
2183077404 
1043354376 
34795364 
814884963086540800 
761916990059454464 
21286403 
321813067 
2717470599 
259670877 
38893655 
701289030294511616 
199058274 
390901817 
2589530862 
18879560 
1910914916 
116917065 
3311599862 
4186792601 
742996674 
334361214 
407867543 
24138787 
67790814 
804442606084247552 
164448259 
66588189 
341396362 
2743144820 
2826259220 
784704890656350208 
366551422 
3455687656 
273170743 
1485756324 
61021311 
105551742 
705407212584353793 
42782242 
54789760 
587059775 
794369836029595648 
126705042 
24153998 
3389235004 
762767737345060864 
282501584 
246980869 
21334750 
2450312334 
38592610 
127751922 
405459159 
811677973 
17861496 
3851231175 
32520366 
755159980500803584 
124180809 
705202436382720000 
68499805 
189547721 
71530773 
82396182 
113695001 
272148743 
51296072 
175189772 
185621206 
147492142 
1583284621 
112576406 
2599797763 
2235016298 
299575671 
3436113614 
2471683856 
2553012782 
210102090 
2332089229 
2367142472 
2990626489 
283410789 
2829130182 
4033333360 
93887830 
774324401881833472 
138896914 
2354726587 
715522259251826688 
753739772607205376 
271844255 
767684090 
25362158 
82019275 
790323160449024001 
165275927 
453857678 
2666753643 
740259494 
2250661003 
396591397 
207661462 
2171738726 
169681611 
727159190750388225 
521461389 
790525176311971840 
2658948650 
43524556 
3183792704 
92914131 
262375177 
787704958913085440 
2988002530 
3048913833 
355986463 
448740475 
367125075 
2771556927 
2597392159 
723516336459141120 
3290047331 
343984673 
3259981477 
154497759 
3319478689 
2450704744 
323188690 
625983247 
2860821677 
3427529818 
250809360 
1207072452 
979138334 
92180963 
57848846 
1962379735 
100163209 
315354472 
776471446663131136 
2901294977 
1450085892 
61871968 
771513103628533760 
800612200977080320 
746012108500828161 
558069124 
180533586 
2696205008 
543129331 
92209091 
31126874 
558292509 
37813425 
16099599 
2344909499 
44429110 
251567703 
774785643419471873 
171161927 
3387245205 
357727325 
825719570 
701043089448820738 
388099300 
822664844495228934 
591761691 
25699361 
723856152518373376 
65934706 
2972461011 
2193318830 
709862418739032064 
271760950 
135147923 
850062367 
965274818 
712877867521163265 
708479079918530560 
26311927 
3012613712 
2252282538 
3145285353 
805764182 
59888807 
2259843085 
199089301 
291324338 
548437629 
3222046030 
3505012575 
33950677 
561459781 
4612583607 
69735227 
709946508 
385606816 
308326145 
250722990 
1851895879 
2424921885 
25939349 
764092098203127809 
4854200556 
2291081252 
25688699 
315950648 
920078682 
68287244 
2148041048 
571854469 
161145325 
420957734 
3344107990 
358286327 
102934749 
3453128126 
33918599 
491727342 
49377488 
26670983 
432072646 
519085021 
295316183 
16267495 
3007182462 
292614775 
362119961 
4846529632 
4863336054 
239071389 
802232610 
21460415 
156264531 
2507370756 
2695126223 
2541808415 
72175782 
4085826372 
534794128 
1143454903 
87449694 
2797132514 
701084428655837184 
2959528187 
3526947203 
29380939 
581867325 
734165239994810368 
386321968 
601521678 
457704584 
10604672 
2261984708 
485376905 
48628563 
11892342 
497576857 
1090153471 
81674828 
621823635 
3163316306 
61268788 
174705978 
3062151319 
25613536 
3178035231 
191615448 
3186896251 
410299006 
224998089 
64429539 
38513928 
393317808 
28032974 
1711023788 
19755104 
32205775 
29304465 
1861946077 
735171632847826945 
2563905391 
2241326275 
919595940 
2908529087 
2343738692 
16616797 
16815502 
1711227031 
3289312883 
241488243 
36620048 
301080442 
757193713 
2929444119 
378267764 
17125557 
365923314 
85895403 
3121656368 
216741941 
2784969596 
339302222 
495894116 
1927541828 
31406335 
225904368 
36709951 
4716755247 
1922994426 
615817048 
346623080 
3252694482 
41450998 
4727387727 
2291301377 
748964941453991937 
1005473575 
15477071 
337075619 
165860937 
442292278 
289681122 
91176306 
867495019 
566227286 
69921628 
224280831 
416999790 
4846877038 
746391728 
50448154 
454770972 
770874931290583041 
149380255 
3476283022 
159531209 
23216443 
705277375 
110252296 
2660126527 
147532821 
61670837 
3258792140 
935165977 
785258222999306241 
955181484 
760236880290058240 
403756872 
2328982512 
3997429373 
4496658267 
418259770 
20007077 
3274677858 
2505424572 
731956229636014080 
214710570 
711017019949223936 
321988278 
274806338 
1007283770 
2717441518 
2575048520 
753633145958858752 
18809324 
398587856 
3306466325 
3176884556 
2260708477 
4312145655 
73515086 
315606786 
295346046 
3285489752 
394259610 
123502757 
756484179924283392 
582715800 
2753549303 
243438337 
59301724 
1979512812 
526798667 
243765201 
3009047313 
830079728983896064 
2508589578 
96008950 
472295333 
315971212 
63470061 
8433812 
1532666899 
41234493 
714868908210176002 
60303743 
923107296 
914310830 
715990063545507840 
127864287 
1150450537 
304123014 
168048942 
178430682 
320012682 
43952408 
253588441 
737425046625386496 
4090396700 
271133495 
4067794455 
2571467531 
4063970112 
1464911863 
446655196 
4692337460 
710694266645975040 
2382424406 
89882410 
758886265789960193 
2635226073 
22449136 
209029759 
4888255816 
3023803169 
114246679 
1819931485 
23552427 
3944482334 
713109797235769345 
817579578864472064 
491335563 
1027777154 
337308930 
743161971747459073 
2896013869 
1670719526 
513279854 
616310565 
150530726 
135334498 
2990246772 
68566025 
44701314 
718452901564157953 
1131480164 
172572873 
1656148386 
2766033017 
80877749 
4292623335 
14114155 
2987864108 
337859267 
713388633919721473 
1856748984 
3346902321 
2180124566 
2971916873 
183666762 
1902535315 
535434644 
134075080 
57796800 
91443565 
21676080 
365958615 
61907113 
561445199 
2721522466 
782575475319119872 
19847281 
368287287 
540417277 
4895709989 
431194190 
4727532327 
38910735 
792091260827922432 
255162329 
3054385935 
4876221744 
481083101 
768317661528883200 
4709404392 
2974054823 
344805951 
50000370 
2653670328 
18430573 
2182885112 
548854675 
983417352 
4640613021 
556781584 
30716906 
2855307636 
395519460 
973619340 
384319196 
53723068 
22098235 
267375952 
172899921 
1242790034 
4017595274 
1064615245 
19925852 
28565398 
217900267 
4737333501 
377694846 
2342745888 
491756424 
731585816053440512 
41411690 
132653178 
805450753695420416 
3246284714 
229497367 
2405052342 
206904935 
2516963479 
304249303 
100212582 
2168809093 
2165274896 
566062050 
84030600 
1180727238 
112692088 
1352036402 
49028738 
24648425 
2171289632 
444783884 
3187638204 
104497296 
236836694 
200639070 
377733976 
803860251271307264 
331381623 
729963644 
2554511285 
40115822 
318928551 
66030722 
2921096030 
322039117 
100605413 
199012386 
2951524492 
1681027892 
349479932 
2351304031 
823288423058436104 
352352218 
1591826731 
457950454 
774443958609014784 
106738892 
859851385 
29754906 
290565399 
3851014815 
320995207 
2865089403 
23758753 
255983049 
4036561640 
392164448 
2414605326 
472974753 
30280022 
719575004921245696 
2587966291 
797913672 
240753579 
100401541 
377725769 
1360428708 
3018012056 
2494844652 
759694003424157696 
15933180 
27381212 
814158911452434433 
251423829 
332332266 
1327954034 
589304821 
1622977584 
711146911730900994 
718425341 
2194526670 
1320884438 
257250072 
704553103127814144 
598445640 
2748347420 
283688127 
420268110 
118472500 
491299102 
47263624 
65343469 
385403752 
718956450387738626 
701324085884653568 
696796913312665600 
402092163 
321282485 
2932487975 
43009142 
632383850 
17608725 
516130861 
775034353 
3265758643 
304451483 
3293035266 
308283561 
718269189379747846 
750678795879911424 
248465563 
101868243 
276979619 
3911380767 
52753059 
422085776 
822954848911884288 
855826742 
36317789 
1729115906 
2280845862 
130927276 
4531066992 
724424747308711937 
27388497 
78674755 
119374870 
617811507 
2516185831 
881415720 
706988095518826496 
238738911 
4556873293 
4890669424 
543695025 
3012995164 
868860361 
369877667 
2795777055 
17066246 
294897270 
70192301 
3054110223 
426356872 
76034850 
14056932 
1973447203 
433496050 
4772168209 
148907755 
131302754 
520325754 
939255895 
2826390638 
2908927813 
606416935 
2753635306 
1290591307 
41596097 
29019907 
267891887 
3341959450 
596769725 
120857013 
3797034083 
146111149 
14210740 
14617978 
1302821077 
3070713428 
116467232 
21853368 
178104470 
885951144 
4300556548 
109668904 
330175584 
1094832750 
366624124 
2191124341 
4709105236 
751885198782976000 
368101876 
354973176 
1105581732 
2695234238 
43820645 
394749444 
18802835 
18474814 
369616072 
451618864 
494457381 
2777462786 
487465338 
734011466152587265 
15781833 
1342556748 
41364352 
165585909 
3234871700 
307209037 
191110048 
22333565 
157384132 
1084138572 
390737864 
519916628 
129703230 
2547371623 
3136861891 
713009269268828160 
83522234 
770352747698946048 
791223485120991232 
548418940 
726820106 
46387081 
460436957 
286059253 
16473268 
746199929614307328 
53590488 
533473412 
71073181 
1362937886 
144453652 
390482193 
1473193867 
88890170 
712691225430790144 
336195844 
295307466 
2208206178 
42207898 
4145872275 
987619134 
2832300283 
88555686 
57422443 
184424308 
22029290 
168671150 
963414278 
100738203 
1712085408 
245357558 
2253549096 
285343077 
187506483 
44453410 
3322741394 
3059451106 
12454862 
755457362639491072 
65022003 
1673569494 
785653 
4769656298 
763040562672918529 
126863840 
737695139599110144 
3274840476 
14208082 
2602528921 
189233547 
37614730 
775756072061657088 
573734532 
540087134 
31341386 
428824644 
356467042 
232252442 
38859250 
14904614 
168711009 
93249370 
41138302 
4836683759 
2788048796 
109080453 
2414591947 
3426775218 
355931300 
759786859748667392 
1496734567 
816397417541083136 
370720090 
215420646 
385966192 
1913041610 
14956253 
109013624 
199081119 
19252874 
143519899 
21046880 
412681661 
30703421 
119381780 
74986000 
2353839865 
38340297 
62293315 
453942149 
612654242 
2695780437 
3434047180 
558837634 
252908516 
709585011251478528 
211028236 
366910481 
282172245 
3058755504 
457771036 
2288773831 
1206277862 
272887471 
99035194 
1075868076 
43645405 
2347479066 
2396334097 
2233503116 
1167861739 
2535842790 
1164327619 
520306869 
4734864007 
806317292690829312 
2595389887 
15483826 
928305444 
19212805 
2478076623 
2692083451 
22201767 
1545020990 
139717881 
550291727 
608282426 
75209838 
29643348 
748696874341666818 
108265813 
733081577379495937 
4855722395 
1324130198 
44384302 
3369232912 
1219983504 
730856979988512768 
180088017 
1575395713 
904150968 
363869627 
39807652 
1442859931 
174156186 
311379032 
592928137 
770628579734523905 
780827047 
2993987696 
1371594109 
375259126 
3426737703 
534879584 
834837332 
42821002 
14419441 
111045553 
761219655918759937 
3067095171 
253680198 
998227566 
45049667 
2750071252 
14621261 
293622220 
2986132107 
48683134 
40088079 
181011646 
1139543040 
2212098319 
111140355 
3190783252 
454853309 
350715652 
783938659 
545230510 
425528298 
843471974 
71874309 
3986737066 
745339778191679488 
3753859995 
907414051 
805472 
166601992 
734716160692920320 
137610996 
2189314968 
29963283 
2505503096 
430340519 
3215814819 
2612913209 
766741155337871360 
2870908533 
301703542 
3235612411 
1349648534 
794366431412518912 
264577400 
2434362218 
41592924 
512508497 
745378044106387457 
752316708 
771243072013291520 
348047819 
3574993340 
77373122 
19472679 
4264576623 
2909155704 
733664422518886400 
45152874 
1475819688 
2472900662 
469570207 
17692815 
25355554 
1594278530 
113829564 
424426864 
727610221720408065 
245499166 
2994458950 
4833411155 
602256353 
260402820 
762045314056413186 
22149583 
296694466 
629256912 
1358242975 
9581202 
735877488736227328 
907446284 
762592933983817728 
223467007 
527358561 
121172782 
2426309545 
50101719 
1123837770 
419023575 
3012838723 
553437971 
92582687 
377994011 
1136679302 
322020750 
134039743 
2430102669 
215373826 
45068906 
3674821693 
2930145205 
3305649411 
489070570 
605853401 
1410597337 
483402459 
611042453 
25574192 
2450488320 
56678999 
8831272 
3503724915 
19773256 
200788179 
1119033284 
84522715 
2452005608 
2610682922 
60097744 
1382309330 
3309888620 
195326494 
2261565500 
15698569 
3008676913 
2304256851 
291708362 
81998341 
2470123196 
726417678278217728 
716784391553359872 
408316508 
993303025 
157427861 
1723580581 
199476379 
321658476 
3883386492 
4374474262 
1549323698 
2691294931 
85828086 
184700286 
4220731694 
389870565 
610281683 
21704729 
2268074994 
1244650758 
3054145452 
4826386229 
2193608211 
2174238094 
101635059 
467415170 
176482272 
331308810 
240549294 
45337855 
255222633 
3087004752 
2693426396 
234378040 
37579490 
2989324575 
78324696 
2555294696 
48969530 
837699583 
177836193 
2862745515 
760517293633835008 
216237966 
228898422 
2242840614 
141529010 
816300715819802624 
3053318704 
2213832361 
30146170 
117187641 
184879805 
763409544441495553 
119435827 
154392635 
62217634 
273024545 
346130825 
3247635454 
102481380 
741918516 
1205398446 
91001529 
46331476 
730974961049980929 
15810029 
733290588 
631301374 
45502514 
1518980394 
375183616 
2188004811 
858361231 
38684733 
53258709 
432067389 
845985733 
366344663 
1931231034 
287921748 
215112481 
27186546 
36264972 
155845994 
720133435 
772900790 
899035002 
272334073 
2486271558 
35904785 
59977401 
2701851984 
723472976 
30703375 
80628426 
61009747 
763556374773018624 
117904964 
88455337 
17030632 
2534499812 
497515993 
546672634 
339682185 
598621911 
4858947569 
3402086075 
3072774243 
169732829 
581501053 
3406446509 
21197446 
2300509396 
3106023365 
398817298 
719590454023561216 
297586259 
3904478654 
30306574 
3589195703 
77029246 
36703524 
576303471 
332602063 
970187616 
723890696424448001 
168095651 
75188189 
900034466 
2725723678 
7124242 
1904184552 
54122173 
15569825 
580888240 
3397216126 
219117682 
2940238323 
1199227868 
1520608939 
798759595413938176 
59203781 
594220885 
1225716132 
30260036 
707016438 
136772529 
2685102810 
770984496929861634 
216523741 
69749226 
115069001 
44544045 
3119591333 
700775965899640837 
323430002 
1634218596 
2577410677 
583277047 
3073853080 
6146862 
2644956963 
2883977704 
2519828629 
2462589851 
23495883 
4342002493 
1283561190 
62519090 
109771374 
16735219 
1677117938 
47848861 
482605450 
37595013 
2250993289 
189887407 
333703145 
24597526 
263146459 
1923127302 
1438535112 
150418982 
284304776 
926723018 
2961782231 
2801247425 
43989192 
3253138482 
520064310 
377143555 
1169216299 
1405418509 
9491862 
78598128 
454255422 
825823563433246721 
26035124 
746556973626204160 
3207402130 
1528736480 
2338576651 
34565215 
492514048 
736259956874334209 
605096983 
140793714 
2694654630 
22311678 
156280839 
3327878266 
975161294 
2727127847 
177356004 
426098651 
789521317271707648 
2912037066 
83955876 
309294513 
89901726 
718580223298641920 
496469941 
782651107503771648 
555609292 
22231747 
756675713843994624 
304714953 
3293125150 
858087564 
61619571 
426733600 
3729582260 
369204514 
15795570 
2561924864 
2286025394 
560053492 
142010409 
618263311 
248679742 
2793544843 
59604017 
801493022127091712 
27606814 
3075765752 
2217323190 
318585280 
632379661 
97711950 
756197516 
460303430 
48628100 
34145514 
15121260 
163764448 
260326347 
1456741238 
757022039303680000 
722972381774372865 
434289716 
775294632280354820 
448927462 
246493968 
20957587 
3089734117 
156026746 
293997080 
1915627124 
2338701302 
774703954282156032 
1633371330 
1555197068 
68351761 
799388929845841920 
418106043 
1489847270 
27483724 
20559964 
759280534661042177 
1416524336 
241054016 
986834210 
2762540684 
3252125824 
15616712 
770934652852994048 
115738438 
2840603765 
446576945 
1157762342 
116983243 
2269754993 
151328874 
201230423 
1113444884 
587240187 
198524298 
22848736 
818219764745052161 
1684503738 
18743915 
877565383 
54812302 
557194167 
1014331014 
487864366 
545526530 
779771536626454528 
23812015 
313665638 
562120369 
730439526888439809 
272012060 
1323149070 
623352642 
28282739 
2476442364 
1656434610 
3021147657 
452425289 
714866248190935044 
23617086 
354618159 
2973038845 
255349175 
1637776225 
132982795 
740758958797914112 
3350881083 
4518523959 
1239830802 
818530682024718336 
3111000872 
134782299 
710492237579169792 
700380718963290112 
2974340639 
36566959 
2932970857 
262279179 
1063995078 
829942268 
469653609 
319069420 
522815744 
3156758505 
19837188 
726900130088030208 
3240601186 
334139627 
3481010009 
16740297 
2948484290 
240320040 
306762474 
22179619 
64507881 
783494805221441536 
1364472678 
704251186644459520 
105037077 
2197042220 
716034199103234049 
45902560 
2578953026 
776757901 
524629962 
758366490240258048 
351373827 
1140223759 
1473198630 
2565760193 
278803336 
114588937 
1489600944 
395563050 
1934975324 
435739706 
2358916387 
462120164 
101173685 
18794190 
797441415831752705 
1113006476 
724784492 
216176066 
1477241472 
3053260988 
861055375 
266219095 
63977785 
636652399 
120127714 
2649431113 
731562488 
151269111 
913177759 
1708429916 
4895684337 
798320225930412032 
462370622 
28100530 
315629368 
748791570724368386 
100686786 
249233152 
67367115 
2802072664 
504858380 
198217391 
817036058684747776 
28297706 
719181403762618370 
186700528 
2830447182 
287094573 
3349923434 
2257125038 
1305921835 
533404201 
3870852641 
249487271 
26332040 
1152068078 
237364697 
316021496 
17373636 
274557368 
127620903 
2499476708 
2223677166 
19799867 
4645041072 
38714292 
2214273498 
2319406508 
790869191335161856 
771712814314643456 
751463923023486976 
1115337858 
19562248 
37566412 
215828136 
303944178 
268120601 
457706809 
30681015 
2151323300 
275148621 
799267710014107648 
48692431 
1460911836 
1724068164 
796593748507578369 
1474869036 
2799890562 
3330911381 
254082571 
221846146 
767582304 
331990433 
619574126 
746529013670121472 
759416754 
400139122 
466787221 
3316220635 
2469911508 
112916589 
418985776 
21717027 
30494689 
3401434029 
391963434 
316253070 
4330064415 
409078663 
88293861 
347792954 
2156331091 
487264092 
18132602 
301992988 
3884313133 
3241358728 
708652471 
1659507145 
61623540 
4708793475 
511452654 
719623734966018049 
484462709 
468910493 
3031215592 
614683629 
32785195 
232869013 
806538455727611905 
468638395 
1215023220 
3271057273 
2203520758 
2752742435 
543487114 
37868339 
41727836 
192767609 
4557302243 
32306686 
70175053 
70552491 
1344899228 
152165760 
526944951 
1122930486 
304839438 
425498971 
707813934 
118111092 
408871750 
2400227533 
2826832226 
458669115 
999996590 
36153938 
537244547 
109817487 
794941411 
317472139 
121567501 
174043104 
17053294 
566509645 
840210196353957888 
38470444 
1670189634 
743877116287156224 
24661054 
112809584 
702036278334898176 
134764821 
959439356 
3312947272 
780050568861495296 
398495276 
273949523 
489810140 
388976850 
4330702457 
77422159 
809433015311015936 
766510526 
2478906497 
411188922 
3015863017 
574947654 
179726267 
544945394 
772643051118350336 
234670304 
3809438659 
3349850099 
228008801 
3060967626 
82505026 
153428209 
1950624390 
246502268 
420291428 
4813959697 
2821293580 
120545079 
3501131840 
722595755027001345 
4341660017 
3145318296 
2860617715 
27546916 
374924209 
15515320 
3518835975 
3261301206 
774556956 
116211291 
584467598 
38546224 
164091327 
33421399 
4449828029 
3193098704 
529590088 
3340069994 
179218178 
967826922 
91621631 
495807332 
1860556862 
2431979042 
295642731 
454539409 
2380860396 
745327574 
519747842 
2380567034 
229444492 
769704195985248257 
21335028 
230055909 
34217677 
340010747 
27767134 
2594816052 
3232954731 
1428453276 
212222275 
2243070591 
1148535014 
2457047598 
1238368338 
3467714055 
330504988 
519887626 
39899271 
81355417 
723626265626836992 
1209772622 
2170985286 
444131764 
3249675579 
1551445638 
222356985 
3031740185 
35140885 
1667717372 
3859214414 
1585935055 
4142032272 
3965406388 
829529364 
751145568639053828 
4864454492 
235169845 
1043649102 
263347685 
86427629 
24581117 
327404853 
20649574 
3103712517 
702301328 
3989500632 
249865651 
626803592 
545335832 
146423012 
231880211 
3072181719 
419962934 
45209964 
106322184 
2872710996 
2869613571 
64608201 
4595641100 
2819783901 
2241409362 
711914071831015425 
111468903 
2974454223 
96546623 
1561394514 
56073991 
1352642953 
3261542052 
178442241 
323797154 
716472149213634560 
575204226 
137653296 
2765341688 
739469874066382849 
2924809718 
4575262163 
453436746 
4615076238 
785442834228928513 
715656927766642693 
220021430 
40970553 
2440877390 
29325285 
134996414 
2981392617 
2426126546 
584380679 
701632450 
4114627643 
705076612182765568 
744175911268814848 
324776924 
352778059 
488615897 
108408149 
1482334056 
2670997478 
829674480037425152 
883347788 
365513531 
177339163 
388182065 
4444135277 
564618697 
147328403 
2306701076 
54161345 
781833683804229632 
1360395066 
63699341 
226987263 
600190288 
2544281438 
2885530234 
516249439 
458061408 
26817459 
368403843 
1102309711 
123962794 
1730389322 
118282000 
2648547222 
603557063 
57785617 
2827904161 
3036799088 
78605295 
2804255358 
724008514876772353 
80089949 
126402532 
1605752858 
933450667 
430618072 
778321597 
2900308395 
2328565302 
27015253 
2458730171 
847120958154420224 
87489317 
140368430 
2336817050 
750209143 
738378292005326849 
3329965810 
1598555226 
1543917319 
114975629 
485844949 
1265954215 
502079426 
2365903784 
491447245 
3382262963 
15428445 
359993733 
48721351 
281625579 
2312511016 
2748494603 
396375256 
554557431 
4261027879 
252413529 
713438023552249857 
2582934422 
924192258 
741467696458563584 
55106533 
3306645509 
730854829174755329 
101700652 
24001306 
48763919 
29139124 
1011644670 
56280744 
636121342 
338137282 
223539626 
335732492 
537853412 
3094895624 
1517491578 
5469132 
262956937 
2491995613 
2251012789 
246426847 
35772071 
22510599 
1959529670 
2932484898 
147748656 
32515280 
91434900 
4456616062 
60917921 
3387445937 
242061599 
297787032 
528214066 
319392973 
780428516366094336 
318631106 
2946056931 
48378139 
2219996209 
2561729610 
1689170244 
300885761 
33473716 
25252131 
248128637 
2526580999 
1946858227 
1196090964 
3291630906 
741981275209113600 
47262151 
344911378 
258311686 
3074953895 
2796697834 
2847945130 
83030451 
49041271 
284649807 
2226219252 
89238070 
247392377 
89286937 
3702838754 
2944309476 
288559954 
370772693 
321090209 
78118710 
2335514492 
254922961 
1124814794 
3603069255 
303524044 
313060642 
55117506 
22522046 
61111263 
3003866869 
811085909701644288 
2831983117 
784972769452843009 
272040168 
62314025 
2635083649 
4164640815 
578580291 
2534985804 
3305962438 
301086306 
1948330802 
3242508888 
156871518 
752783936124694528 
188961463 
696537525364482049 
88350552 
791908938 
44296462 
2166870200 
2481670843 
365588382 
109587209 
736107928243961856 
1640732600 
96487183 
25284203 
2199077461 
617600516 
52174370 
883152421 
2711566758 
3742183953 
202510130 
7903382 
284658559 
88507630 
730161454612156416 
785404910238138369 
488616734 
330332090 
353019276 
29093353 
4894622286 
73595033 
2997323092 
63691985 
14655899 
758941310480814080 
73957133 
1568687413 
546592527 
1146678338 
460416476 
746588324672872448 
613821346 
827342402662830080 
29176295 
3323786085 
34759307 
103494524 
437495354 
628012438 
747779209213403140 
1061135287 
2847629894 
259945512 
35010552 
173030213 
579301938 
549438243 
26851060 
14767344 
15984248 
3287238380 
139666264 
3712557673 
2583559706 
247635579 
27557591 
292782054 
525122002 
126925092 
386371330 
3316125656 
25361577 
800834814 
3127516546 
4148691672 
1026578761 
619452157 
2748340876 
52958717 
65785527 
634217712 
2803605715 
2989608545 
4708318168 
159099962 
1074096108 
29323689 
1271544818 
18429034 
1625584741 
23943430 
2375224922 
141841710 
608214316 
4114803003 
64221318 
470959098 
765026074392616961 
67056256 
1323299899 
239241783 
146436759 
3161382348 
106109336 
40206243 
369090663 
1946659518 
19994705 
35807232 
35382083 
174230277 
778374053216280576 
35121776 
55002564 
305567919 
241024141 
575572283 
17149158 
1273857306 
29665505 
810398050363392000 
700653215226814465 
831725305 
274683405 
114349989 
4789658114 
14269361 
24708187 
236983704 
274459696 
293992724 
629183466 
71799689 
483553450 
308328195 
3357222760 
27841547 
955796996 
17060209 
26751285 
221697870 
1029425095 
2433814678 
771667154064158720 
40415822 
82321258 
2958064126 
2996535884 
3315384215 
378528506 
19375839 
144248851 
218704647 
4014093014 
27248081 
47822089 
498094897 
23718007 
1142341328 
314754351 
140365687 
165251246 
767239802353627136 
196699217 
1497085879 
722863494 
777002748 
711276996 
3016914843 
2531964674 
367762540 
327891053 
4258245389 
41262782 
433948394 
349413071 
30246276 
526563575 
1052247229 
15100348 
2765634771 
1592501580 
4902613745 
991922736 
328425327 
309487366 
146885422 
3026328717 
105603889 
49065540 
2936690272 
149367465 
148017746 
2239120250 
39442333 
45408481 
627940389 
417964842 
752859057539678208 
716994989646020609 
32455244 
2589873938 
799296615987036160 
385078899 
407396126 
70923837 
275538174 
41979129 
1695155762 
2448392743 
54682226 
224478172 
264881451 
2940988022 
824756348692873216 
823965496278138884 
1685105443 
2151416895 
545304402 
557902951 
393485426 
197620458 
743392688418914304 
48275711 
824792156829147136 
1017561721 
459889450 
1041357396 
2477363403 
400141524 
142487035 
436171805 
727734626790342657 
86070130 
4053217216 
3238082641 
82537138 
419662043 
3339366753 
911090678 
1187818909 
1115440326 
3368385491 
262488041 
2489058715 
3160955856 
797008703568285696 
1107301344 
4182724753 
715343394 
747506271788498945 
16638276 
31672022 
20523368 
87692842 
360795571 
423552162 
3494440892 
747812486921936897 
2297066521 
3309891828 
212326226 
775140151 
1496255635 
714728671 
187283756 
73909267 
575456181 
184987977 
458941675 
774834678 
32659997 
392890415 
865441494 
52404542 
325677836 
401667858 
3433570804 
46453272 
249295392 
2707187694 
1417447104 
755904107039207424 
2253848910 
734459199065849856 
3179169763 
811621127088996352 
533572170 
47916132 
1107500785 
70686259 
115802714 
2829027846 
60418923 
2213411208 
433666511 
2849685823 
24083416 
561793239 
1212383960 
2710112442 
322432588 
57715639 
51183279 
244871424 
139180809 
401530375 
27085173 
220578880 
109914596 
269274934 
2885900136 
142250577 
78998948 
358596958 
700410667119939584 
1287371718 
17128674 
1353561031 
157908366 
2321409588 
4786612394 
4373704655 
422490694 
434808396 
2835306000 
921922213 
2505393248 
565792184 
3360538505 
44636938 
532773396 
1398009434 
102811527 
182211960 
715621167315419136 
829364292810113026 
36328558 
767253071499898880 
764555682398007296 
1331390070 
479688911 
219786945 
93587360 
2299637158 
20459798 
47167789 
42890906 
111961445 
2261086992 
91669997 
1609533842 
1412200771 
748384436086013953 
51887771 
98689340 
786184806556061697 
326187541 
705185724 
24787304 
810343037633228800 
488955879 
4176725416 
377017900 
147620341 
4278187394 
1093532256 
822534637620756482 
1405344662 
49959672 
1179994003 
541699272 
1710060558 
1573828957 
719623555743399936 
23081833 
20314621 
18764480 
1384136496 
108640531 
813874155523280896 
182743653 
465196007 
456338838 
3450981193 
3063980730 
475113690 
14819988 
333835216 
297950748 
907476661 
3085629047 
1599456175 
236908408 
773772462945435648 
186687650 
765648167396179968 
2365035531 
564149545 
2913257389 
3010465711 
40267523 
3077812495 
15465283 
2375647764 
1249990260 
244292800 
563092559 
64377555 
4818447941 
2301280207 
724335516 
117915440 
227414249 
222229655 
405847625 
807967903651950592 
1589059794 
367224480 
2266075650 
729431964843827200 
448631552 
62663568 
711936676591849472 
461474912 
428539085 
3234041689 
1097274146 
126617679 
2287243188 
3259584648 
702811624730664960 
224904560 
4898294058 
26937914 
94453396 
787445673348075520 
479598720 
595880090 
41554341 
263314366 
4749621366 
528807413 
3307417382 
89146984 
3762497537 
184722681 
1509950310 
3786922583 
197779567 
2351490685 
1739192911 
111151467 
1609179000 
39668784 
48989639 
2353962072 
204487116 
937681940 
22785296 
2785899098 
227691982 
2284498262 
277740321 
734138852 
26930136 
866342430 
2744796694 
134657059 
184522644 
3079095410 
118140309 
2408052120 
3229185859 
355743341 
2279508344 
1416033793 
3120532324 
38233678 
1631605554 
775035272 
2969025637 
717140895162716162 
375126151 
3900100635 
2714795435 
230902015 
753911842595045376 
27111797 
704023304 
40821341 
2822001856 
17220786 
826420692 
216433701 
259096590 
180680309 
73407892 
3146176170 
2327057577 
18910313 
2817834438 
105619840 
24500547 
613701392 
2667007167 
98462440 
138534651 
444225022 
298713409 
1098651002 
1369426554 
215802291 
86735987 
403823839 
588330258 
310879752 
3024627396 
451520952 
281359639 
528978931 
217539673 
3574016117 
631638916 
455912876 
66832113 
1341725430 
1657511264 
2783675316 
1043699623 
89407814 
2811085009 
36943710 
723508271026438144 
49569294 
78443369 
2896006912 
756603694163132417 
135497942 
827134438995849218 
17470205 
69469682 
1004100349 
336024348 
356893372 
16667304 
18626534 
2300909395 
2583959162 
804277674994765824 
979599780 
1488248605 
832095036 
850438082 
179129126 
2942150910 
4743058158 
849697052 
3421388115 
349859205 
24395069 
2696704867 
4834055283 
797007571613872128 
181705769 
396387835 
597496428 
1301955133 
89837594 
248161930 
2302630374 
3314957396 
255923094 
3961880293 
3301823823 
462380470 
2537840536 
1626402229 
100934895 
289967998 
328255665 
718140264871698433 
17852804 
2686750986 
2967416485 
3257637317 
321585631 
2978154504 
264030947 
15730482 
704500189 
24404075 
380706109 
374553830 
1964770766 
4891392815 
4866547397 
3050489024 
177476099 
54797439 
278847161 
1382637720 
1066876320 
558420191 
3404016958 
2985878973 
1564803342 
9433872 
291403649 
20860642 
46293180 
273610751 
814073072034652160 
25405192 
337202955 
121740746 
2936045765 
30660604 
197252230 
419181151 
2586212328 
3255597931 
354129238 
19135954 
251550794 
1526099994 
2396801538 
1675738790 
2320739733 
590740030 
462534698 
737815022634737664 
2185633920 
278696970 
130833515 
2449354849 
495445702 
234688794 
501498429 
572183665 
511803173 
394723713 
2207888587 
460654633 
36807342 
423906327 
328352780 
220597119 
735340214302937088 
1692376224 
23068784 
14376024 
2265181950 
3372920354 
96850441 
3286813278 
259819639 
207614295 
2793488401 
112857333 
550291212 
171840118 
198773129 
772380962030321668 
2540937938 
236472579 
52532926 
372488479 
25703016 
1944498739 
143413437 
539967905 
115195394 
1884336638 
68754481 
714914607521865728 
3984000197 
1703494639 
150500962 
134854029 
39368270 
35870875 
471271241 
56236845 
728248675101630464 
4064011395 
1917412105 
929802054 
3300575716 
188548364 
779169794155163648 
1641050034 
46221847 
2532956990 
101099851 
444260948 
1918182307 
748259119002423296 
731916217724735488 
2298490647 
561137021 
4851965273 
149427028 
3614488219 
3401825201 
166645778 
762306930882871296 
588264871 
3427159474 
2255724792 
587160010 
21722534 
258414002 
1201123297 
280777053 
1888718202 
900392581 
462542314 
702314446195204098 
2260326918 
309509759 
796820935626067968 
519046887 
3986511673 
380883949 
25865005 
223259178 
51299221 
142405460 
831368342103531520 
1375754023 
235809480 
147343099 
3437348543 
3179391523 
1407008676 
1036109389 
741859506645147648 
741647402 
750356225997561856 
340594509 
926741580 
473342889 
322182187 
220797414 
42834036 
357273867 
25829805 
3298926182 
16349861 
226757177 
33407279 
194259819 
1413376255 
1110330140 
61503601 
808437597529899008 
3121814285 
372689765 
604676575 
75526808 
304166647 
3611307436 
772825721060356096 
235514130 
36080768 
762359296650870784 
73834431 
896585160 
160077221 
2911531701 
1236211746 
21825899 
4879853482 
235593122 
434948409 
72550740 
3222043881 
358719869 
28418103 
24301316 
66628489 
2804772379 
3326653778 
233180999 
739368031441190912 
773952413866856449 
34306641 
813842 
3385016223 
291192550 
198575243 
31354563 
302696694 
320398168 
182719398 
28151917 
577048420 
30804455 
735194781802848256 
313602142 
185248004 
196399598 
140395328 
453202563 
1372596481 
3039965540 
350877203 
177399576 
39332202 
999707324 
335232492 
5992192 
4024383561 
3741077657 
3379482471 
514742816 
3315247437 
1051094743 
1589402335 
2579274201 
507496173 
70268383 
334422098 
721873577339781120 
552828465 
22297308 
519916215 
3138116563 
563278024 
270835579 
781198920072454144 
1052736517 
438357692 
401419167 
3728612593 
304161216 
309892180 
553926632 
761217956705660928 
207239102 
44305514 
45372218 
153063751 
602484598 
314823541 
143140925 
745029304929517568 
506076597 
253679696 
2368294371 
394512990 
2881532030 
19421470 
580489903 
1006671740 
777106756342157314 
3033109781 
24725185 
424719669 
20887931 
312337837 
158045795 
40705021 
707730484 
168575807 
596027868 
561818947 
80288946 
114690361 
1454755938 
117288356 
799349329307795456 
69500164 
175408993 
2875118973 
1162044404 
257720851 
2676646437 
577505955 
1353310728 
3103592940 
1135682012 
2341087112 
100949230 
784820773 
372535244 
3350888559 
451627091 
1630400012 
1359740688 
137365479 
1289728976 
1478602159 
49302342 
483575565 
19031929 
1451816562 
253534613 
245557584 
58678945 
1047041882 
701399739317690368 
3785684476 
485581890 
50237431 
4872273970 
20069552 
704654480445468673 
97468415 
492062089 
455783312 
3093310786 
151605114 
43560500 
32399230 
402278125 
1621323890 
1388225610 
383231358 
43070871 
763752074282692611 
20024640 
734088131331403776 
22474786 
763038531895726081 
25849553 
341316423 
517252389 
1365146370 
1608651824 
2888906356 
753697262551773185 
2410951081 
4747612761 
2342941200 
1660826803 
27734491 
133504467 
80553118 
119774736 
250305336 
2841747221 
24882829 
2654869977 
2989621132 
787114650844274688 
38211939 
37802082 
2218500914 
2406178054 
251648125 
48667119 
3526926435 
370938780 
902544876 
519853416 
3004807888 
851461998 
138596900 
862051722 
2675792132 
117158323 
4282 
2941076755 
3010763703 
384789495 
3021084869 
714188352392663041 
62171494 
3302254075 
436075976 
3154779382 
1594437763 
1658839440 
31706963 
188717546 
433623548 
2829214440 
783431761 
1017746832 
15643087 
2960284850 
93420485 
67494940 
2463021341 
4839568803 
152823365 
295327546 
470916751 
790239398726164480 
629636539 
185057734 
2956242876 
576511579 
28122966 
720022649716363265 
227881135 
422833126 
971109331 
152984136 
217460891 
25091077 
632123392 
3296213215 
2783248656 
4182309083 
710228246 
80699169 
3483098174 
4871483806 
1617321979 
541141168 
3431151591 
59021116 
32994484 
122568167 
2362806948 
28033656 
355958817 
26232133 
2815534135 
2881834883 
191523588 
2255198085 
1798716744 
1014526549 
3872716162 
814118461 
2425931503 
286999725 
557757952 
1327523761 
625465031 
259530786 
1976005932 
571317556 
775957896 
19691202 
104220274 
235324910 
536037472 
411153344 
59319985 
95058431 
831394201 
121210334 
253383481 
837923270 
872045660 
223522766 
1134511033 
47789415 
377422687 
1468768790 
197054580 
752179671752581120 
362042043 
17792765 
3353054998 
637046667 
783966178326687744 
1848914611 
771197974735048704 
87461666 
602410778 
188115424 
4761111600 
750912694333628416 
2390928714 
4105721746 
776172709625466880 
382533679 
490223893 
403137768 
94200904 
33432915 
3188774753 
98354773 
125054177 
19718888 
785069995 
532315404 
91340434 
795023300 
796355499646140416 
1360437037 
1605313940 
3313535377 
417143954 
170268696 
2847726399 
493390940 
3797038769 
464216626 
363324624 
22161565 
727663723234594820 
2403037512 
579379365 
781853552 
147171959 
750047755 
1421324222 
4849332411 
4783871574 
6459482 
80440192 
521410799 
35014942 
74035984 
614930123 
1726075537 
2236535472 
50034315 
4860389632 
228548497 
74682714 
240179890 
1292011904 
195784386 
26003913 
893728862 
1354988113 
424505378 
2320751217 
3150916627 
43203790 
273465510 
1401883788 
803739780743884800 
93633724 
13417572 
637294369 
728570711124680704 
2732846644 
307158714 
361713609 
45275888 
107208368 
1415769626 
2890846462 
68870517 
33915226 
47191800 
491696747 
1352571720 
363521419 
116697050 
323385511 
744592646438522880 
25253631 
57749783 
2236757880 
2442502647 
282369486 
427572411 
35307120 
855383262 
2780475843 
1065037814 
145835964 
1623814249 
595331005 
454020331 
1634410891 
2750939855 
239993389 
2714949265 
2499862771 
21798933 
751181830963990528 
1916641286 
1549267706 
18147879 
1105552718 
764557271149973504 
1078317714 
221342257 
628864932 
249326490 
2512761028 
179784965 
3424972036 
636614070 
2990507631 
761694504994746368 
466762762 
4798663710 
940083685 
175371450 
264327640 
431672792 
3003951635 
735068880939388929 
2872682259 
111779165 
3633923603 
2405943110 
431804574 
491698978 
872871217 
22677609 
220916931 
2518200894 
2924664751 
746393861048532992 
2214681 
15166669 
1366291140 
54155710 
15983063 
143624850 
139003124 
65834853 
756641990427631616 
315942194 
59550265 
2351188794 
2583208967 
746545719734001665 
378178722 
40098226 
35404872 
24926990 
290893539 
23184094 
2523967316 
630001619 
2300259918 
739657153 
258116661 
1660967641 
4137425353 
792351668 
93192093 
2338386502 
41219032 
54589946 
899720654 
3313712380 
1079301 
287869407 
2235096628 
748900686906044416 
54729129 
818926964643954688 
203038244 
616519232 
1942173662 
540253080 
2182403767 
740598764298063872 
3660468556 
777883092 
396819816 
1023631699 
777322996616671232 
111472986 
1322514589 
1283605621 
582067895 
774325800720031745 
162107098 
3132346566 
564412491 
47456156 
32571188 
31162350 
779101547997253632 
144782730 
22985160 
25200407 
275796118 
16250367 
4756610688 
271662172 
402224724 
190449774 
2935342215 
129702641 
260885295 
501146622 
2908107356 
2735889416 
246544846 
2424229970 
57378852 
814211622688395265 
2718358502 
3110994700 
61622970 
400095060 
448012810 
3828676149 
122694654 
425013341 
402026719 
720977622063185922 
210839774 
707629495 
14070869 
2297431927 
913003687 
79151049 
436184882 
992190848 
1942873118 
2934321982 
744520829329936384 
182920397 
2223345354 
2546925900 
810895131981336576 
3932205807 
245515555 
305298035 
36878029 
201832368 
1411261656 
634341516 
798973250659352576 
210208529 
829182644525084672 
58310702 
2790256608 
739612112 
1428957470 
887492856 
1970728549 
798154611530076160 
17218099 
3414787701 
1339853862 
464473160 
3078964549 
42085946 
3293545611 
702333559512535042 
49654931 
2288839490 
802291295955795969 
2995506875 
1925086447 
239114380 
261799738 
298841976 
273776450 
487620853 
1674591506 
116614602 
714977922 
107448719 
781178964567953408 
806941038 
4873284327 
2592286003 
108437935 
29736503 
2237547541 
551659506 
31159701 
737454414 
603334480 
234000208 
724159176 
324530109 
65474499 
27056807 
903074378 
805661449 
3167868520 
75853848 
1469144414 
256610173 
