748657443257864192 
18726942 
76808487 
151148315 
48033899 
45943457 
473045179 
126032803 
126032312 
333419570 
66761483 
66455220 
365054774 
124544375 
126033442 
320938231 
65670121 
65670632 
182906384 
121504426 
117501040 
310579916 
65671278 
567326272 
65672980 
66453289 
2276369112 
84390526 
78028273 
1885115232 
66454524 
2411738312 
45854064 
2398436126 
62719868 
2590171562 
369615224 
298047906 
57339949 
2460015535 
44984439 
2796429298 
44992488 
2550913831 
44991932 
32887168 
2613706686 
44992814 
3302915626 
88756857 
117874971 
3669044302 
15294598 
3061756273 
53151247 
2975391639 
24549680 
1373255234 
271057079 
2216141035 
429350258 
304392714 
824027211158130692 
799453872632696834 
800942537083068416 
813286 
2195241 
29442313 
3428297273 
19294991 
81954876 
27883283 
21888410 
20793816 
4048377195 
98556416 
1161840631 
14723423 
16620468 
318497351 
1262814457 
1055685948 
17513304 
516880804 
14135426 
2770827230 
376211123 
98898788 
114954098 
20018152 
56379025 
22634434 
2297863021 
62556045 
18400130 
46840180 
419752096 
36201365 
26309924 
20071314 
19459022 
25934169 
25553857 
16494693 
168374159 
772220310 
20242081 
35868230 
46872910 
72839774 
567248629 
547278954 
3225814007 
2523666868 
34178420 
19523238 
1667184997 
35775030 
1536791610 
216776631 
17196790 
35762066 
34684387 
4836676669 
14776083 
6490122 
171648765 
154575842 
43171475 
22959648 
256562839 
15449825 
2917733190 
131240515 
930861002 
28193276 
19028727 
2181822015 
49798890 
89241342 
2676091782 
172178524 
132792973 
14361445 
16754078 
204806197 
24944296 
14764240 
46822887 
21879831 
14550673 
117285339 
1228516999 
2332631778 
37387336 
130922325 
143227787 
492653344 
103022780 
59949396 
852991417 
135629226 
13130402 
437833966 
85644875 
37562808 
25092348 
627799297 
2612623532 
14925956 
20196258 
27457788 
50374439 
26053643 
6480682 
544640712 
593434215 
1714173672 
107941785 
262218508 
487873606 
360785750 
171520433 
2521750110 
958716024 
96842450 
239072445 
995481422 
984011918 
2582687983 
1287365293 
18625226 
1321784196 
354541992 
2377490695 
2729542474 
78985548 
1665631322 
277575353 
2700734886 
2379424417 
2332293470 
2542018560 
31305477 
1566879109 
1027012806 
121302093 
2546359566 
2859489658 
108395138 
320333008 
72705301 
977911704 
2884579349 
1134223460 
240965989 
1086485478 
37710752 
90420314 
87595338 
19725644 
1582853809 
55117855 
471496004 
80755218 
125691980 
146152602 
14708901 
126122735 
22017113 
21685295 
23986856 
9541782 
238319766 
80700514 
500042487 
502281810 
155823836 
336116660 
19697415 
2317351705 
316389142 
158414847 
16303106 
602317143 
237845487 
19562228 
14824849 
30364057 
14511951 
18170896 
15224867 
467908140 
1423466419 
1201746036 
132331291 
16228398 
231099193 
772471 
20259885 
30519640 
23544596 
44039298 
15846407 
15485441 
250308809 
153487959 
32661474 
30372235 
442912063 
489909001 
147381983 
568166464 
112605710 
22659201 
284149223 
22956766 
90007950 
368442610 
191618215 
38611183 
78194111 
25521487 
263996816 
110584885 
16730313 
124036880 
30083239 
309834754 
161879050 
2317921 
35029970 
17278675 
13775902 
360105307 
384450396 
404081992 
313709505 
172779349 
33552922 
36843988 
15492359 
14814142 
25564014 
14337970 
28157760 
12839042 
8693202 
21907853 
18817433 
106305927 
168752302 
33964697 
13001192 
14335160 
15716743 
171998797 
21689611 
130183492 
14833042 
324424854 
273999848 
159509582 
91121884 
87540626 
179210358 
224505983 
73699895 
12601142 
14095905 
20609834 
57151789 
16685976 
10317 
14628341 
20259504 
44691464 
21126080 
18459436 
62171509 
40268792 
17287820 
27029537 
15679034 
102852039 
31409510 
14335442 
15353961 
1127651 
15947602 
17627061 
20551702 
17899109 
40932856 
59003 
16462532 
10459062 
18681515 
115485051 
14111304 
818614 
14767320 
14921945 
14370357 
15091232 
47736166 
14331732 
1253451 
13457562 
161401994 
73417632 
86130378 
17470573 
25104859 
14548621 
62346194 
14267083 
5046031 
15623855 
95916609 
14922629 
57107167 
8210922 
106123023 
17374906 
15483444 
18704683 
74836649 
52537453 
17770935 
24811812 
8769212 
88767024 
21430796 
41277407 
19073226 
17071048 
17793878 
40898535 
39812946 
66846758 
38220696 
56826049 
64527171 
78190990 
22086997 
21731254 
19944500 
50818865 
24742572 
65131346 
41381293 
37028174 
1026741 
15016599 
16786960 
31217855 
25707034 
18807442 
62699264 
6753582 
47121029 
10297 
9020752 
3554671 
21022340 
27114773 
14982541 
17972212 
58181436 
54131384 
56724229 
7995512 
1384531 
12335052 
1315431 
15521823 
33644416 
29454249 
17514307 
26295570 
26680911 
8417922 
26936681 
15859039 
30351240 
27421232 
23228104 
13606962 
9503152 
9019642 
21950067 
15131310 
30973 
15791549 
17632297 
1295571 
10667662 
15453748 
18894874 
12726792 
14133259 
15926431 
15919519 
16149350 
17003045 
15817662 
17614372 
2726631 
17298253 
18806149 
19267379 
12371622 
19730151 
17008726 
17348525 
15983649 
14977120 
19425516 
20535707 
19022052 
7152572 
18023979 
14246372 
15594318 
743763 
5546392 
15965292 
20154920 
16957059 
20798180 
15066271 
16977338 
14001742 
18269262 
15836200 
15723911 
14355312 
14589993 
19777462 
10220892 
7917922 
14801219 
21158274 
8973422 
18980703 
15712978 
20733070 
