21094745 
20636630 
19384782 
18694163 
20821119 
16439546 
10182882 
20646864 
14987728 
34822586 
35958229 
24349486 
35519891 
20565367 
18434822 
18947645 
30133463 
23188316 
34754524 
15058309 
27688540 
20336268 
16560054 
18083983 
16530559 
29954112 
19837528 
16585717 
26748889 
5506992 
20699426 
28111477 
21668060 
12185672 
24530247 
10491732 
22024951 
21993071 
19681873 
15937567 
21399470 
18499709 
16891507 
17155995 
16274109 
17134202 
25524381 
17396170 
16633016 
16175350 
21718019 
24119001 
11637332 
18087953 
16891267 
16063891 
23345682 
20234549 
15630097 
4411761 
17343006 
23016666 
19035783 
19395187 
8841372 
20536157 
657863 
21392477 
17639256 
20651502 
21609477 
18770132 
14448547 
21784668 
19349216 
16896880 
22010993 
17449143 
17819179 
15432704 
8535242 
19402238 
19736118 
19850967 
18198832 
20351482 
18843227 
21260160 
21641344 
12819112 
18816140 
18313204 
20654705 
18432948 
14647570 
17837184 
15512782 
17233677 
17187713 
14085070 
17047208 
18048466 
16933716 
20749763 
17432932 
18900371 
14095644 
18032441 
18237848 
15492359 
16649758 
18653047 
15808647 
16816155 
7400702 
15110431 
16895274 
16245822 
15912113 
15933429 
20338124 
21098213 
19614344 
16817883 
