1374081012 
2249669473 
4023375260 
2879159713 
39743812 
2503805728 
2175841280 
15749983 
816653 
2890961 
30261067 
31770487 
14372486 
16331010 
19621110 
4567874128 
3260940092 
3431305943 
4184614212 
357886743 
21915530 
555158350 
1390695140 
3415431885 
779333609341775873 
3325031759 
32518294 
1577950561 
313558046 
420448493 
14462907 
240228796 
59745629 
2903720896 
819554304 
1725868460 
3279565279 
260800626 
69687111 
2603666365 
203831076 
227706227 
44105494 
14109159 
3049642312 
159126438 
282133449 
15425377 
78619534 
340251223 
432342300 
158414847 
701322659330654208 
14390548 
821083604 
1531103712 
55396121 
218975278 
8161232 
17147415 
17825445 
15970050 
250394299 
4767745256 
2281314234 
4106304857 
254124909 
27632675 
815831294227529728 
425942351 
50753229 
2836483682 
848699666 
613235400 
3394639354 
165899886 
15726481 
384986958 
26520524 
16561177 
746143458 
14107000 
116839904 
3452584635 
709313 
3231146647 
2332723285 
24813978 
263826533 
341736656 
873194467 
41342855 
11928922 
3278679488 
2779115250 
46843362 
21492334 
2679419058 
51235159 
29590334 
15369184 
1213811370 
367679933 
319010227 
3030211815 
18735220 
90466734 
120927747 
257741652 
2826936371 
3179404709 
2875241337 
14092259 
100810386 
15631043 
306027895 
744366552 
486306417 
1622820421 
16524749 
783578636 
59053238 
194158395 
2586497676 
21340006 
3023538468 
2315332648 
523181689 
40769584 
42721489 
264986816 
292136734 
623075667 
426931783 
300895323 
176665592 
936954889 
275024537 
2475435283 
34546100 
2181532213 
23996308 
28520556 
76814641 
213804467 
1216495010 
97593029 
27707088 
701384014 
178420743 
1283648881 
57480017 
409780265 
2229576426 
91494372 
479891468 
749782902 
3245328840 
474417069 
3480463872 
1638685556 
17755895 
16893095 
913269630 
587534151 
171024817 
3145918476 
91730525 
82726077 
17965057 
1145466085 
80202934 
505373384 
2263595983 
190622044 
196506640 
322915226 
17728779 
247366702 
95455646 
1696153686 
431890753 
17688050 
855389622 
595561033 
3306049985 
538409980 
2944471652 
1575758785 
4303016173 
2245238366 
1180254828 
89710549 
125543118 
14114301 
1193406738 
16846072 
108355573 
167498808 
810940 
59332219 
2581266680 
69520636 
16493367 
1388585534 
737321801265483776 
416529503 
1636685784 
90085282 
4347916156 
3051892753 
294232915 
12151932 
525158338 
564046733 
45435004 
2158066399 
26890478 
3157361081 
58201183 
341694381 
2821424919 
1422558378 
13233462 
6428392 
2293030514 
2756742717 
17788448 
232193114 
437479868 
15809733 
1699742162 
312402206 
2241467987 
212168912 
196362667 
1184018000 
23256074 
2539066700 
1711577834 
22019183 
16572922 
627434930 
1149885218 
289788299 
18509727 
2343766318 
2394781032 
86804942 
230478586 
16650493 
463099932 
291367464 
81834262 
149509371 
865611181 
30208549 
267238199 
16003535 
30907694 
885935634 
38216398 
142850708 
36086457 
1924422960 
135940707 
2472348505 
2533527679 
2931729692 
313071204 
2369059295 
1622682169 
2267196235 
75957028 
2560006116 
14601125 
140830362 
174275163 
354879076 
531685238 
570325652 
188400096 
62548835 
3475340892 
1030820316 
2181494880 
17603888 
261386522 
217674731 
48886979 
394278664 
284729581 
132514725 
1731059948 
143073117 
484642931 
21905214 
2666099498 
1102934418 
1449385194 
2302047488 
2366976168 
420367732 
24722133 
490201726 
298317582 
28593917 
63622209 
2706636456 
3295464751 
369855173 
181890426 
59677979 
14544676 
27857072 
170770141 
3313290977 
133239667 
3074100828 
13475012 
1855637845 
1377580080 
34382731 
306963501 
573258326 
40831399 
3241892185 
300836448 
432121390 
34252930 
2945716703 
578706731 
457691735 
324529406 
1210152733 
50049104 
2694421046 
17945847 
53324986 
42936742 
3365158493 
1071193303 
23434271 
87715749 
2498400452 
16725388 
2525574765 
80551480 
365258102 
111178938 
12732972 
95293103 
47627554 
19942492 
14216484 
2283870002 
2152995007 
1975777740 
74164540 
35270044 
19720110 
18305568 
18991243 
147806771 
160660721 
304855963 
302138261 
3105610582 
2920990694 
88544584 
31569622 
29170569 
3196826682 
1544296339 
2986125545 
30762461 
60448761 
125525174 
490701543 
197557503 
29499879 
20680122 
204806833 
34579673 
1429654843 
1140542118 
365605593 
1016076961 
11944252 
32494688 
81452082 
438011422 
821863508543471616 
68868019 
4626297134 
228879946 
113041664 
2732668298 
16377338 
172837010 
1885087135 
295389208 
194856986 
10952962 
28770219 
28958840 
570184874 
3246274640 
22698328 
34634793 
19561205 
2158992447 
273308447 
15828403 
16899141 
933563761 
244099355 
709085987 
48044948 
2814032312 
3168185866 
577897483 
1402156488 
176795827 
1263535243 
1062791150 
266967955 
19951916 
14964618 
3041818747 
15535104 
2709045204 
1535908976 
2974820819 
424497821 
3431254773 
19706857 
134748609 
424114671 
190757739 
991205953 
96178074 
401096275 
422966271 
902920254 
2245593877 
1036936208 
18710566 
384986306 
18495683 
248485487 
1534982275 
1198575944 
326562240 
1491531 
14165280 
2790470774 
2178193556 
2555486467 
2253220950 
32329805 
48498277 
1130410998 
305246327 
963063642 
194903264 
489364485 
43577161 
19353845 
18081521 
59880716 
1618765369 
3438268825 
115933557 
36301735 
74413690 
99902660 
516695484 
2240167489 
43413387 
263084805 
2170055042 
16891223 
2202187705 
828187760 
106212390 
605504714 
3773191154 
315354342 
22507975 
86711350 
233457636 
929687898 
242968952 
1932182971 
283504463 
50053192 
11260402 
7733832 
1870869002 
700947414 
487534443 
4252398563 
106397338 
2535615782 
2859585534 
90627884 
295186574 
43621399 
26171270 
457046274 
446682479 
2298274661 
386710686 
27223334 
23097487 
3296926907 
2524081594 
1439077674 
758346667 
2192872287 
113683409 
3107949355 
112822901 
2434106070 
42851761 
33779899 
153106754 
18015439 
29596861 
17110833 
15118069 
2214352165 
478711730 
1260440701 
150390965 
200292988 
298295535 
2385762716 
462415995 
2163345586 
2287625514 
24777624 
40436485 
214382519 
23720128 
23391259 
216121632 
17241471 
16407050 
33074309 
48465923 
1272654986 
28154712 
2314089331 
517724741 
1258197014 
24896695 
535557676 
341728059 
43209146 
122125706 
12378432 
913265940 
122760708 
581341117 
2558603232 
60621642 
912551503 
258954179 
3199027339 
17797099 
2272228512 
627443717 
66561221 
1192042579 
389666996 
1343127594 
474647554 
160260201 
48946206 
14559880 
223424938 
625776755 
1941136460 
1096757522 
2749200726 
17044085 
127550719 
1496679330 
2798782725 
113189180 
3068395541 
510821437 
2295229339 
3323528399 
3592447042 
59871418 
3064357671 
35688535 
29118781 
9713512 
563737967 
327229401 
20969263 
2677583359 
330462029 
11526962 
19436053 
86322981 
3145667244 
314066491 
75568077 
521831580 
3016584644 
142803584 
64220006 
3064563015 
3253997088 
2881282999 
114035286 
14248888 
201339032 
2563976326 
445170486 
21423052 
24246342 
228237532 
88926189 
267613004 
3028039409 
69982538 
3074045959 
1922207394 
241780681 
454072986 
14068376 
122780332 
70548171 
2312594982 
3055749286 
169912615 
323728424 
1344572136 
52540989 
86352821 
43948297 
183808361 
43013365 
17673141 
2615271074 
863314160 
77837535 
1945513988 
19508407 
899083250 
443721652 
220449502 
2669364948 
374248734 
20524696 
19141369 
150088639 
1924928371 
1395665652 
2344055185 
1729397456 
41900125 
855844405 
609844310 
555037314 
290613947 
5515502 
1948361407 
1096686596 
169255939 
1325914140 
66333621 
105544820 
83173011 
70362940 
2610118394 
211761148 
150818981 
622348224 
78030243 
2841915813 
169244574 
24076619 
2584040721 
128983375 
130928042 
412731122 
465140612 
1040219544 
278352114 
17199680 
63178406 
814720175928987648 
369539092 
2937131549 
32332637 
1965524264 
3250368198 
23010781 
389946569 
14222374 
131116588 
2697168690 
31570190 
16679052 
352535825 
882898658 
454713959 
1638572922 
216870864 
2645860357 
4638042436 
1166691102 
2493383577 
437265671 
27525110 
740719345 
2690671502 
467611055 
35731120 
377942919 
15630670 
205366749 
92238254 
1961298175 
91849408 
913631736 
801390 
79598932 
23696939 
6896522 
426296467 
820640533 
503221131 
2762511934 
16101049 
14092664 
496672939 
122844178 
16033856 
828934578 
16419972 
162841137 
3012725082 
15191608 
1698147480 
273769836 
570839577 
319958291 
2988860292 
115579041 
18538674 
190111351 
772851608065564673 
41669177 
615496551 
773065164 
3385120781 
46945962 
337777652 
2978007120 
22406071 
37762833 
19449079 
1553546712 
285494833 
19334264 
18665205 
75047901 
432654673 
17266874 
1042291 
456901198 
91429028 
35752242 
3120106857 
479693424 
89799358 
2458918424 
701544695361576961 
201431768 
2305575828 
357653715 
16050306 
373872156 
164316840 
40915680 
982953108 
24170815 
19688190 
406492773 
22742501 
334510343 
348507393 
3118602097 
37504894 
262365585 
261230426 
40629760 
48308277 
412814957 
4464027041 
22230486 
26744044 
210877614 
19310409 
14844882 
632265288 
2942539710 
330366367 
822177 
30985498 
60867035 
1406729887 
29554189 
243309262 
320038181 
3072630633 
561299861 
2871377515 
2941243360 
15321584 
572111302 
4084624828 
2298940599 
14608957 
24303846 
1384181726 
1862563867 
1366985594 
565625720 
1154671128 
3221401316 
19536634 
526050624 
19270014 
3621255616 
2679722507 
27525925 
42285378 
14338927 
493122619 
24265110 
69963323 
404518458 
92088940 
2322832839 
15389226 
15536531 
199883505 
556719964 
448153009 
22651683 
28526162 
1301944664 
2296464512 
3027690687 
1000363201 
2339455622 
16592139 
3241336912 
16837215 
546244987 
2604715737 
19227112 
24789570 
145875547 
483156784 
23303819 
25374330 
499208839 
1226676241 
1107069054 
3077116578 
364948351 
37552980 
140392212 
13140102 
637346983 
2502282264 
105249412 
386581126 
16698389 
138605452 
1919140087 
45366147 
1380789019 
18390024 
1514716489 
91403510 
6652622 
907408220 
17684283 
496763699 
82700562 
235299844 
93892700 
238969784 
17659573 
26068766 
16813034 
1088601 
3497268500 
858332888 
91824120 
256364501 
237247925 
17591391 
539416720 
23037498 
2339602861 
47891027 
3379770905 
14862058 
15827199 
17972047 
14705808 
2486613509 
27405338 
273282620 
2408368400 
2198164927 
4710829598 
608843157 
1951579633 
43344737 
137669446 
175664255 
2611710391 
46253776 
50713 
1066668331 
1115529020 
227900811 
2863268654 
456903781 
2895337823 
1153316311 
36216423 
3045635251 
107177163 
2999828036 
3108271 
211587878 
253946593 
1574407057 
245931239 
23314130 
505289138 
487010588 
50711768 
223330698 
513346390 
33000681 
435464482 
3863995279 
14615627 
33237706 
47881591 
1976000304 
859829694 
171036616 
38468399 
16143440 
1406239068 
618688658 
1646405444 
326252309 
1861540248 
1007957714 
2820883461 
111505106 
47644615 
51888427 
22826527 
111826587 
4671843018 
55634557 
954001056 
30276578 
72946936 
466417980 
1670557202 
25234693 
200807450 
989230982 
3130663660 
3460534589 
108105946 
1308641 
15874814 
2905437382 
238512741 
1408557444 
1967508962 
136844917 
18850190 
350251144 
7525652 
26840691 
524754019 
3100074187 
125347624 
1323106052 
58313600 
281670263 
23334909 
36254948 
14110504 
89667801 
2180943944 
313088958 
420753237 
23101078 
65811950 
36563242 
1265219850 
197131307 
109525164 
66997320 
2458847341 
598607495 
383452981 
21137378 
311701614 
17298256 
14381757 
2287816286 
527818428 
31175695 
21591510 
380325420 
2212596300 
31957665 
267975959 
3286732376 
28675202 
19661679 
860176609 
2203366188 
914938939 
18682111 
15676363 
777051421 
486108819 
375995759 
581853777 
465103265 
66843803 
3104276916 
113434409 
189836245 
2720951 
71721432 
2422339585 
251744295 
469673630 
594073489 
20242617 
23237075 
805874635 
450853131 
18982210 
19733882 
903007231 
243075993 
2290191210 
1115732762 
117542635 
14698748 
3333725260 
290784206 
18767480 
52189339 
549848290 
2314662535 
79407288 
94635069 
118174195 
1260835063 
44178739 
127495192 
518248535 
38101845 
8920242 
3079128664 
565823571 
103888166 
29215891 
13516932 
1213713354 
1952538680 
16967277 
3276343952 
2794615305 
722817439 
37062711 
68681799 
24221399 
143450511 
192417051 
51945566 
2255452332 
715004491 
1493039682 
16418538 
602421472 
129708253 
28523941 
2885705823 
513426094 
12474932 
776785428213075968 
44440724 
15696323 
1340770380 
33429282 
84374134 
1599612666 
578461011 
1037648544 
38678182 
2477720869 
45251205 
3398863995 
1429204724 
2907834765 
82558009 
470004909 
220374806 
322039146 
1439364559 
18523957 
253067413 
2201527646 
2569718294 
22917174 
32173043 
7966932 
93160029 
14512472 
716725735 
147264221 
115416936 
48382717 
120534956 
21866760 
49416266 
96178480 
73678891 
74917418 
952294465 
1494415801 
2644269548 
1287593772 
7761912 
247169498 
2908194783 
1278393451 
1907411744 
1562895162 
602877779 
214074673 
549954436 
793092236 
302828990 
1959090216 
37422629 
2921431189 
8557482 
536560496 
295243335 
20025623 
66624873 
36846280 
314776431 
2891946921 
1701943525 
197918691 
20086950 
75083266 
199399652 
920786785 
21429051 
3917191044 
927844614 
72044537 
791554994 
11774542 
14447391 
771590226690965504 
51205264 
625642940 
1614050880 
130527868 
421929624 
42604454 
286806923 
1343352932 
222283606 
878846232 
298229510 
246975627 
208710996 
197514490 
105084350 
52416197 
427461253 
1213671 
2328130680 
855011059 
18554721 
4549283655 
239975878 
2183360947 
3185562547 
2427515972 
35666000 
90985609 
368878572 
1080932882 
2381045954 
95762577 
1733888400 
163897617 
326314878 
1474829586 
2382757564 
1059524696 
2813543919 
261153092 
2750645773 
15843918 
217080315 
493642514 
2881804916 
80305935 
46257348 
52273 
133671474 
16458486 
436906156 
758599 
2368260086 
2999570016 
617547061 
17897791 
4251767772 
396334350 
2879789728 
37165043 
22601333 
74741682 
97060421 
618537051 
140876496 
300986742 
243050548 
477053353 
3361685691 
33901072 
193276707 
5797622 
31272094 
23730532 
27187907 
327396627 
552725668 
723154237060870144 
30331695 
246219797 
92558741 
1046256127 
108940019 
763707488 
3001042070 
6727372 
1229293788 
136106661 
227655174 
404041358 
1899081396 
368973454 
346078771 
2810627093 
30350180 
19844682 
3086875366 
374455797 
26843419 
19472864 
27638235 
348987049 
31074218 
52712735 
283124677 
339087209 
501962102 
2208739777 
97558748 
37232132 
259823055 
14914829 
3034816329 
1215993564 
428277987 
92135430 
713934756 
1223227386 
1214991 
602688355 
2237329841 
489874228 
39471884 
49951145 
175144934 
1482906210 
4121761 
708802669 
21663211 
1928939186 
220197368 
74666868 
2597261568 
59885434 
3008405750 
27513622 
44153643 
44753493 
1107942319 
2787191677 
90360659 
67159030 
281994624 
2182961467 
51133766 
2219233555 
365139716 
3264831578 
2650085062 
73261560 
296572262 
368466378 
1976577254 
162488763 
2828951115 
3067168178 
2990438233 
55926829 
14902305 
1483084201 
69152484 
2521494768 
3429156958 
3300961538 
814406130 
116780369 
20610143 
2975288606 
79964550 
2384100242 
2324831906 
1451224848 
1611375919 
254265917 
361799136 
283110895 
15519852 
22989837 
185751658 
1442639731 
65925880 
103188311 
2825558760 
117386727 
214037526 
63508313 
15246449 
32495439 
52291311 
36566678 
101854095 
20765543 
1543972213 
2428238845 
11500802 
240509614 
764449200 
222047910 
3161604163 
295639673 
261930606 
57975710 
282811178 
19152774 
43729454 
113649413 
110068795 
585850905 
797380507 
15751913 
1046090096 
247359861 
827794034 
747214801 
14339607 
65001122 
1154236640 
1199867958 
360363350 
159985450 
48897695 
54197092 
292362065 
3142668239 
62971891 
987409580 
2408308677 
1123609250 
2353056272 
207916924 
61140728 
52325378 
17838681 
17038146 
32969572 
42310948 
3246323966 
175429487 
64935312 
2150247361 
104944949 
461126663 
31107825 
50744017 
170546103 
420473335 
1077831284 
93000508 
468060410 
11000062 
17395996 
1340855504 
537766986 
2858112275 
176480046 
71408196 
618518756 
382330924 
120012949 
2385869365 
15177790 
21849877 
273846748 
14852216 
2409180733 
23868240 
2590050338 
49097621 
429735126 
149164125 
14408999 
31112537 
324159406 
15004552 
205184337 
55574291 
297240433 
2577480823 
14719553 
42217478 
14953202 
15851943 
2186467525 
1619050592 
2675543232 
280592005 
3521293452 
3092073735 
548072297 
496528245 
22830649 
24472382 
246734771 
119187600 
4814131 
485749300 
25030703 
2957612547 
3107543009 
20152263 
39911812 
71243797 
336259258 
341669443 
795785384 
2698803451 
98606459 
37045387 
2230606381 
3179578933 
3361912480 
25581028 
524639676 
2183495187 
14538160 
390931936 
52196305 
252491660 
60724739 
545085883 
180165173 
3147270236 
1935266496 
143848022 
2811518699 
318382195 
819243018297323520 
2428088072 
899671 
77043770 
61168781 
58491581 
1325621532 
17392177 
1177195717 
204243628 
610337340 
381984862 
19354827 
66615475 
111221301 
736041319580110848 
15379508 
24888872 
1903128932 
218789497 
1113229394 
40507615 
74838627 
27967909 
12371462 
908905638 
18404515 
2981554303 
3132056869 
218763665 
2413672686 
22266350 
2765461 
1619838642 
46093973 
26070299 
14501826 
2859783393 
47022270 
9838602 
3243034929 
20306034 
377804015 
2461902906 
259046398 
2436067861 
1164499532 
46126727 
68359479 
11905912 
1610238266 
885630206 
31116819 
30930021 
24012751 
130769670 
1724621886 
2383909057 
124977847 
403357595 
124200211 
261803490 
3302472565 
238461011 
96389165 
760261885 
2832305647 
1861282248 
285271106 
2400494478 
1526764465 
3160250556 
2454585924 
211896423 
139173749 
96974106 
17104208 
292120796 
1393924562 
3011064815 
28630536 
154415658 
622115540 
6174752 
2288829200 
2763825189 
377759627 
2297558668 
2523802770 
317312297 
38612561 
706982526225526784 
77469829 
47310604 
24261110 
95795989 
2157107977 
34380789 
199259247 
2362186423 
1332884467 
191654786 
15868420 
3025119423 
1258586125 
110522555 
2313112818 
403536538 
143771098 
935686806 
204421486 
3393692811 
3398616736 
18999612 
176427350 
42478589 
21595926 
35055331 
503716755 
128366815 
2602512036 
1131914082 
8360892 
351449529 
178738546 
68031259 
121970939 
89142274 
372481203 
559027007 
27031757 
40585839 
255142989 
721118352 
57290450 
14699076 
304120139 
340807913 
227099908 
3497308815 
342645206 
1575715022 
57271832 
750137832 
2282634762 
758973822 
6009552 
11612942 
16344576 
4399040607 
109146462 
15095893 
2799036651 
15909423 
2259799116 
3105539972 
2967468312 
16427836 
244881807 
116432691 
375919695 
824514670899949568 
30429590 
200080977 
307940762 
48406499 
1135926818 
15194993 
2805720115 
542996147 
1263440252 
2875203411 
216692662 
37253024 
2863258654 
807927637 
1192946186 
14729072 
2200489854 
505558899 
1170551 
3301032644 
2420939282 
158232400 
97569726 
19869846 
715440028 
52452031 
21779975 
2349152165 
888656708 
598401705 
1247601708 
86989276 
248741875 
24668379 
2149967342 
990667626 
365744727 
2557825400 
43873444 
16812857 
486186749 
2149856124 
163503414 
16799709 
404240393 
191930633 
38629564 
549766397 
157311381 
115768776 
1349173934 
478714725 
19140816 
1540996476 
591808195 
207197006 
14756927 
2164045267 
2619149987 
3065800365 
16691387 
14908495 
2549202877 
21332859 
188590530 
195509817 
1710446232 
33951535 
252520441 
190246255 
109015732 
154235653 
64115415 
132436581 
122140830 
1104208886 
2256705534 
50690389 
2916411463 
974114491 
2998714802 
2845766788 
15187546 
51024781 
1218053420 
2686371571 
292332419 
486562274 
35000885 
87358392 
213562053 
2200055863 
310403191 
168772470 
2984580419 
547750673 
39213095 
139894816 
1289778463 
171945556 
96305759 
2402685242 
2597343985 
27801603 
123917939 
2644675892 
60006285 
108784681 
3214566099 
26034767 
2635292694 
41472739 
21264706 
1539740707 
2797377364 
637375646 
1389209233 
1641309270 
63698575 
254673009 
637091848 
18153470 
1017876734 
188638665 
1310159256 
30014018 
24206156 
603306120 
1656161342 
1366350018 
302797582 
309226817 
999896162 
553073438 
464297292 
263536370 
38505227 
2913917342 
761475288 
814910419 
551842467 
1904253714 
412850734 
358397715 
1286321976 
308756826 
3149780800 
3008616421 
2329887536 
242499768 
294199837 
163627275 
2743440816 
630851099 
82370427 
17960193 
18926343 
20079475 
2579167849 
230180332 
94269486 
17375103 
1539968335 
26998743 
1114823341 
2466743257 
589272745 
1732828118 
281593615 
567135129 
22682344 
35348138 
119824817 
21979179 
459925065 
1020144440 
1059241873 
164483513 
175201578 
247752702 
163022943 
84256116 
131178691 
39091231 
136600742 
474917585 
23591864 
50795588 
912256309 
2263572329 
21595303 
836058757 
153030038 
332033511 
2840608599 
183280035 
559007485 
3299838832 
47595040 
373617958 
1483784497 
94560753 
629767337 
338765720 
262538425 
1855574892 
205393805 
2975379336 
3411327346 
158610245 
570274417 
2553368844 
35100639 
14900643 
940649756 
18806825 
317922654 
2341781713 
3950237172 
241623755 
16203779 
2733051188 
1547616362 
3231675606 
1071626832 
21664001 
287302942 
2836029222 
218823234 
1564534075 
545090099 
4557752422 
996298705 
112487591 
211098484 
18338842 
119415302 
27537981 
27138184 
19586511 
1928207318 
774456192 
1865203022 
271766166 
51215269 
819104402 
97579332 
94154141 
16514799 
2542060051 
36289121 
40342799 
41839574 
339716920 
3011988789 
61614170 
17820567 
23822494 
292260581 
16518832 
1155014624 
1408103449 
137567931 
165672823 
154223624 
21355864 
585135901 
14136886 
65512899 
1034750462 
4810356684 
32177268 
7924992 
14441449 
588670994 
393772925 
1938599305 
56872458 
128112802 
2839888463 
218915446 
2766338489 
408657607 
21259581 
2669860465 
15233739 
1463631805 
2650650631 
474309181 
1005999660 
1543444884 
196733831 
550463280 
14394605 
2737270411 
1897453170 
290011380 
32543467 
58816486 
201154925 
54375550 
14842021 
362459506 
277264944 
2254642542 
98920019 
1241707508 
59357439 
374122257 
582319801 
369713654 
18090955 
18361016 
34090316 
1180124574 
17831817 
510470299 
999460014 
2281188906 
18843604 
2607473539 
301868534 
1856576023 
26018717 
269797551 
67048702 
22516019 
2508685344 
53146839 
138008024 
51584587 
18247583 
50730123 
93571543 
1281630998 
2883469589 
2528189256 
371202175 
558164536 
163692076 
15220205 
73682767 
277627121 
595766788 
17794210 
2391609571 
65742770 
25846227 
130942605 
21591203 
1146003745 
1918566343 
42590334 
1617504667 
66577769 
555969266 
469161150 
75795300 
41839487 
2861612646 
18244573 
1382145110 
80642566 
15465046 
23518616 
377692248 
412276392 
590853896 
2603553422 
125717060 
71700176 
307856673 
15096238 
1601084911 
42350868 
18727874 
2796334270 
74118246 
166711732 
125164668 
931685258 
13953552 
161680260 
2742028853 
2182479530 
1240391227 
2594291181 
333650201 
31418079 
57803124 
13373862 
3587314932 
2182721380 
26818000 
2432371935 
212840105 
3075283701 
33983850 
2271019303 
200673359 
38612624 
256593930 
2645710922 
28692856 
18957326 
14335132 
22534759 
24952853 
615472512 
386247771 
1651363735 
627481127 
18171957 
2805517323 
129747435 
113770051 
3224918279 
17927410 
935744864 
66681710 
16688013 
3044929691 
35551796 
2185289120 
2982122578 
102771861 
43323504 
3010130993 
2987043321 
11382442 
803470927 
345126756 
164677472 
391460372 
43191992 
514326514 
367298873 
89210207 
12096852 
259123077 
1665890689 
17994402 
15925986 
163969368 
15137751 
350022009 
374800571 
344349541 
21713356 
14891685 
62053 
2391438301 
2794241184 
2610896392 
532561591 
301206329 
60681896 
2305304352 
48027338 
17690973 
21409112 
79819695 
536747126 
2299245055 
52170904 
45956850 
2827031364 
857035034 
21780038 
749812352 
611977624 
478463830 
34107577 
221726319 
2325661412 
2242826174 
47902967 
110512111 
417604288 
40427028 
101688337 
1242264666 
255390815 
20222242 
1437374678 
15305160 
3309318010 
89446181 
1668986407 
297946310 
314980256 
371063584 
19005145 
364522354 
89262451 
14262609 
283947133 
15239205 
20494833 
586893699 
83566296 
50903660 
3013173823 
789118374 
191004643 
28928735 
1072899325 
15595028 
534604724 
27603793 
628873313 
284593567 
194900977 
11207682 
15145894 
176726656 
33120109 
2301371449 
194506131 
25663 
3301273845 
2676459119 
37972640 
44685913 
716543144 
2471669509 
18043820 
414518601 
372263345 
17792665 
6658652 
2460278424 
12759692 
435244422 
2687038597 
20819190 
3168258672 
15244009 
213535321 
423178548 
350603351 
991825753 
733205329 
633388310 
26470257 
1342011360 
232710072 
279052784 
1542371323 
1887451046 
44604141 
186829540 
1434896382 
360766472 
444015218 
83885380 
16264832 
147509610 
1486716878 
41532121 
140959490 
544773046 
27400226 
3235817113 
2986179061 
815824050 
1069124076 
819057024 
295948236 
169393139 
574708855 
2523588247 
345866513 
1003831 
30123236 
1971485520 
391325011 
133415520 
58463412 
28595595 
58808753 
588435629 
306303296 
538929764 
22326832 
347357633 
467634146 
22171839 
1912110522 
183731939 
378696304 
13371912 
72967397 
344222338 
3131242336 
3588926603 
259503793 
399585126 
120053540 
2586715514 
3330014993 
94141791 
2883209261 
117260950 
2405885401 
41957721 
2419604413 
913379822 
1171831387 
306174240 
48507136 
17703342 
7432082 
33073395 
1063180723 
15894327 
485153881 
12482832 
16358716 
28985097 
338481181 
538195863 
43192838 
2505940219 
17885709 
26688322 
283317334 
58285290 
2597216220 
16313578 
97766405 
26947032 
155183862 
30219063 
67398066 
13538172 
825379982 
16983016 
965351126 
187875242 
146704975 
2708288016 
2907940303 
340620294 
2378578552 
1233870739 
44420857 
18581972 
15676009 
491611247 
178775679 
564960755 
1061299536 
252832790 
25722747 
15473607 
49517420 
50176077 
10020232 
1039691167 
11107262 
1421751 
119671700 
3015583244 
3145226835 
411753065 
14459385 
374233350 
189240950 
650543 
291956825 
1118107518 
24385953 
925549316 
133327870 
459622661 
17771018 
552133049 
2352931831 
14919388 
20132473 
307653584 
139544417 
229022872 
115410746 
575666460 
1620502296 
127522730 
2887968749 
91346398 
212058261 
10463732 
872056698 
14128035 
217730861 
489471843 
77362155 
14245519 
540184248 
2183718752 
28385502 
9578392 
23156752 
1265684036 
1407880981 
43730944 
22655270 
1414221242 
2607254290 
392221059 
468873123 
923300454 
23635197 
100677195 
412964168 
2985060915 
2648764450 
1874896579 
34931685 
284415739 
802357152 
310256734 
85430993 
16897212 
14858889 
37916188 
846176744 
2227196696 
433668103 
1563464233 
596247910 
30181374 
11170982 
4645853299 
34114297 
1154305759 
321547649 
23446496 
118945026 
35550239 
17720161 
2927237003 
1623421088 
369223764 
22695433 
529772472 
437125458 
224855229 
297504860 
16291616 
73277707 
553784096 
587696511 
211528391 
2057051 
29155536 
2427809606 
2494315566 
285298870 
30875074 
212407269 
1267570399 
2877074128 
1052860662 
2994489010 
1726872962 
54141035 
74615777 
139735869 
17139803 
51031411 
348495059 
18361027 
418276155 
3104715580 
1461527749 
318703016 
199669681 
64756676 
2751095243 
123629904 
172038828 
3711283756 
115286935 
56687180 
3008369593 
2843881661 
1708586538 
104391822 
164466867 
26043193 
14132905 
2466272285 
756962989 
19859358 
386098091 
1917354420 
2879340982 
853606502 
557087377 
2884648582 
121134464 
20938499 
421471953 
15063429 
54650770 
422970090 
301850455 
2252299098 
138679592 
61225635 
442730837 
2419154646 
2589753245 
250375831 
1399589660 
2519589197 
2954132463 
37856369 
531043359 
443471250 
17449066 
430007963 
16433831 
3254856364 
1018842084 
19200148 
2575410440 
2432587784 
2279261823 
26343550 
56993469 
3532179617 
2933982007 
531547747 
451043636 
616335022 
20241421 
2533136953 
126709292 
2885275611 
1180144718 
15292354 
1041919440 
23666733 
468612661 
14703042 
3178713283 
495978434 
236546225 
2307393704 
25558405 
1409603527 
2355141746 
8086742 
92650820 
721587320 
272073478 
6297932 
610302262 
3283614481 
883071715 
2711173334 
36456455 
15664759 
14326404 
1066992642 
288967352 
383835198 
103122427 
209531572 
1798035726 
37537801 
257401101 
1326875204 
62952820 
48106728 
547965131 
524945799 
36592649 
28263009 
15911364 
151101551 
2941275695 
3314327622 
3377819680 
1558389116 
113723756 
615139499 
2954149381 
543415641 
67408322 
163763933 
343857308 
2339866872 
47207717 
1392511764 
325371267 
376539114 
80637744 
2447383872 
2195610588 
488515309 
3232262958 
30521935 
33002327 
402447440 
1256298433 
17845866 
192849641 
2573947005 
2880273931 
1040709439 
29528594 
3130243491 
42433706 
459646530 
1076155854 
809749 
2425820378 
2407559305 
16133502 
452526285 
37534046 
2516306184 
7867662 
278500810 
137332696 
50544294 
188382941 
570902546 
15055305 
398827036 
2812412571 
143809568 
19454585 
448662019 
34996703 
82713153 
270921705 
113343694 
63154503 
3135639843 
2951254157 
19220953 
555499471 
2867258424 
17703884 
398715632 
14295336 
15282604 
348406605 
261039855 
58197041 
152187493 
46538933 
501490652 
2926566456 
2841893124 
29717868 
467880392 
14246082 
16813448 
30407580 
86044152 
25347995 
314265269 
340046590 
461538619 
3004571313 
57424779 
14412988 
273025265 
541567237 
1685405792 
227869837 
2208335024 
595359291 
14097371 
2293361678 
1090887620 
102135868 
325382951 
1466726246 
42764221 
43758222 
16542851 
1629233588 
237194369 
100834759 
8162082 
358905603 
105365172 
181143716 
112816271 
140211125 
43057263 
635015945 
102596683 
3578418256 
193825439 
356101357 
17363657 
2172841764 
795964 
38622156 
321029305 
216120420 
557013389 
548026056 
41061505 
776510240 
2974293051 
2594935309 
269414045 
24483908 
159921130 
183595464 
11146862 
120819468 
3323064965 
295833954 
74678948 
292296508 
1136352930 
2899314333 
3775881497 
2326925712 
308495211 
3068840155 
560493119 
45808782 
4144537160 
254981620 
1513279640 
915675781 
19007518 
716523939 
160688952 
361615526 
96847233 
2714790930 
489854098 
39967868 
2383010958 
3369174917 
1363187396 
1201720890 
20329313 
7559 
366795045 
2438738040 
235686349 
22526152 
2844017105 
1423575907 
14778377 
790304917 
79730902 
555342296 
28320283 
2365996710 
85808309 
318884977 
705288093683752960 
367878996 
57384024 
93898984 
19965440 
110058074 
269980945 
63938155 
310072916 
26119615 
9402882 
805407073 
357856928 
300639140 
3594859272 
2159159409 
253880393 
203485803 
4326390328 
87040080 
2808651155 
16115972 
182697254 
704186256 
7542402 
272926719 
245155399 
705405812 
276772923 
2427513280 
89193504 
32457108 
3041090446 
39486468 
762696672 
2400261907 
624298972 
273744140 
27450779 
2780201102 
113602864 
241450308 
112955252 
2331495595 
166424072 
3229389273 
2638313057 
787932366 
476995113 
25108252 
1230844405 
2407753681 
42078979 
19245856 
347496595 
64426110 
605566323 
39223920 
454940130 
877084236 
299440100 
116572850 
155745158 
2415222398 
43156263 
163317149 
23523815 
19532403 
14442096 
598265771 
65906407 
236658050 
296314959 
2606132554 
2788925210 
2542610712 
454665761 
63272627 
34743525 
470332960 
120122736 
82991170 
280821643 
14049438 
2955631195 
588454582 
364841441 
2575957663 
224022744 
78675854 
266348693 
91414302 
1205655368 
17512663 
13772812 
64758125 
157408251 
2327440946 
1307957774 
445193774 
249441251 
211292624 
921521460 
493477221 
2799525129 
106111273 
3030106420 
114204936 
117936603 
408808665 
56485997 
431104898 
19653176 
3259745827 
152806157 
125277371 
22927648 
285571668 
12910912 
187923237 
3112133991 
577925697 
3399342298 
2597285312 
2364683148 
342486686 
2438511170 
2603205818 
35209406 
307183293 
630668584 
14281263 
1640501898 
77662878 
306244871 
281551845 
150836718 
17593826 
120869806 
1691781967 
1081155866 
397804338 
19888689 
345121770 
196720015 
251034357 
408980974 
18971158 
1322500921 
1035497114 
246255050 
1494100669 
2375557720 
213141923 
14876377 
26322383 
50044325 
96527847 
72195723 
104459499 
19567619 
4230217340 
2608103247 
209397754 
45599535 
40290191 
74678415 
70556333 
251258381 
1913739588 
2325927581 
27315609 
452922092 
251215519 
592935299 
42802846 
2687553583 
9316582 
3302925268 
3002939573 
213160212 
42391405 
575065242 
36948940 
1139019319 
21337197 
37632026 
21551259 
516577913 
2520420199 
1632893965 
353567993 
64941571 
2633259783 
22992309 
3227661884 
14892074 
301254359 
483509044 
2968832506 
251576635 
1601866778 
20535562 
1377650460 
4012034662 
149022721 
2458124694 
435603564 
217889736 
2174997812 
2589664367 
217186198 
273513687 
389180107 
2780600310 
25410714 
27209296 
2829876648 
2789697474 
390134172 
948617995 
25821308 
64734785 
143667957 
15186166 
18570054 
88298709 
433882929 
347168862 
138139411 
835430496 
1950119568 
2889042968 
3115070445 
3687458714 
442190645 
2682684452 
2788696063 
97766962 
2525537522 
322919303 
32906358 
57877771 
2325298124 
1213574630 
734927282 
1355861742 
3064289446 
70904870 
3069531775 
20793599 
370167275 
315395791 
19773433 
371367066 
989408238 
280317299 
753382310221910016 
201778874 
190846331 
513724593 
2784444646 
69137124 
561759395 
1465992410 
2203124994 
1945372921 
3002247133 
2925163822 
305137028 
25066729 
16918476 
401171990 
22052004 
292501617 
59724776 
713236208 
38533474 
852345234 
130028814 
272691021 
94637601 
818196816 
24256874 
121705295 
496609494 
55765887 
2266267192 
28371931 
2152252953 
745196882 
2823982240 
58303315 
602495185 
1414122506 
45668979 
18420196 
239484305 
2798757563 
3092412813 
14619085 
3499350432 
154666377 
2830969778 
22541897 
109583377 
3589734015 
335008767 
46456872 
64798503 
22740551 
2382853022 
148287351 
37921623 
197047314 
3987792095 
2724937100 
16983890 
227806429 
25333580 
248773332 
12926142 
2375461488 
715274988 
613796933 
429565783 
36470245 
42178519 
1780072904 
1431289770 
306477261 
1322558430 
22518781 
2167791224 
1110206664 
458338189 
2595164142 
791878148 
515218742 
214091357 
5931472 
71860136 
3704407273 
1510393274 
945682645 
80844835 
59133179 
274105214 
866311694 
57119010 
3008407296 
3295178733 
775317 
2652149522 
1368406236 
2383548757 
3308674165 
302734540 
14923996 
23702962 
2352749648 
221315008 
69682411 
14336948 
19363107 
48112016 
53905324 
43067223 
432167770 
111138803 
817714476 
40869866 
2693350278 
1342155182 
55641552 
317300152 
2707966925 
148532377 
2788414100 
29356428 
40385695 
2490370506 
376267414 
45609172 
12027642 
15934461 
367776476 
88227765 
2730607012 
2377627562 
15495009 
27431437 
2430433753 
363525202 
2866993924 
3964882158 
88849212 
167686059 
2265696561 
3320943250 
7534142 
1279424498 
19701768 
92645190 
91411992 
2710365849 
164601414 
37751642 
234533093 
2474763926 
73562386 
92730582 
14865692 
3220158306 
80928320 
1453970790 
872249648 
119878944 
131017892 
1858836282 
271026713 
28836105 
1654805395 
10550592 
465786438 
47323021 
187263330 
65939998 
45647585 
377675060 
2290298862 
140911763 
3184036092 
438000594 
22681678 
816560880 
895542548 
230940525 
196021934 
2245569490 
255723298 
25573339 
953637080 
169853780 
259253894 
1940551909 
131407688 
3039321868 
370119444 
14293298 
750113496 
779212856 
63898331 
335528760 
126668391 
36605418 
13783832 
390851365 
17961142 
3105951750 
15577065 
606304544 
377509865 
225054930 
15304218 
35106260 
375120431 
18826527 
27242914 
1453143732 
17925512 
844908073 
207090743 
2724943955 
15963548 
23270509 
14505539 
15296886 
140946321 
2894721345 
596844492 
49578126 
255007857 
859812212 
3724940657 
14523404 
1311345062 
966607969 
1975819920 
95571794 
1864764956 
3285755102 
402112175 
2691387415 
31341059 
518816870 
17951716 
16190062 
368623689 
97462768 
1180475802 
24227216 
6865612 
43040578 
3384841089 
145355911 
265648605 
477310908 
2724826471 
114601313 
1222490676 
19344462 
1618838094 
15415052 
1382726264 
432606380 
702255321343881216 
220627281 
24281031 
624373081 
19740766 
164898058 
1636808899 
228607683 
365352110 
279481753 
42651153 
2934214659 
14258147 
5439762 
18951845 
56454872 
137112252 
16509698 
772123508 
1477729579 
14169680 
56692107 
268737141 
4132781 
2255397653 
1261702424 
39924163 
1960591044 
343310560 
578270689 
3039602313 
512619519 
1209479653 
251231677 
164151669 
363309177 
360769108 
1705497228 
577016907 
2586056149 
242440791 
57136756 
16998294 
358929398 
18467037 
3190566449 
23047074 
41150614 
23488524 
2858942451 
478843973 
401583409 
2768506373 
35043932 
14451307 
933990870 
3307858129 
28897412 
2306707189 
197175722 
705080468 
39289483 
15356692 
14507920 
76775591 
1457608688 
239354730 
21242286 
58652153 
575647054 
47247868 
2839799786 
14801093 
23849261 
1417367544 
2959570108 
462987645 
68918224 
2925270454 
22871106 
1421543952 
87917561 
546587259 
2317776702 
57145023 
45472958 
2996043530 
17202594 
628597742 
57638920 
188305974 
134842838 
40817924 
18730183 
310304316 
90944608 
288579924 
321241800 
269437944 
39248482 
373302912 
2701511788 
19381143 
538075478 
26046662 
2217689107 
99848197 
25836764 
944043990 
312079226 
554484665 
744755106 
62367306 
190714092 
703648904 
508985529 
385664063 
55671884 
12327 
1009543656 
1158273668 
267634630 
831466075 
196869292 
351626425 
605070850 
5904922 
281706409 
22154025 
28824124 
1079842405 
165429225 
22556775 
173929225 
3194903172 
56227000 
855416912 
3157171 
77217113 
34549181 
2475962466 
2820248866 
14532236 
2883064060 
12994112 
116883766 
1386582200 
2847188329 
223129720 
18266811 
1548878539 
448548902 
1703573119 
230419930 
157834629 
254732791 
48943063 
14601459 
494655876 
2520152483 
2208121318 
502994702 
14984371 
91890639 
14477710 
52435439 
1206210774 
43224913 
1647482244 
1030532444 
76315350 
414903652 
37806365 
17287144 
17947700 
20378409 
10747642 
3070029840 
257577083 
422143534 
19468434 
449828502 
10917142 
3134018782 
15765553 
2767141318 
816295519 
285335358 
2889699639 
623727810 
48283230 
539899661 
56309344 
387803600 
3367605977 
175457753 
1547876232 
146094173 
87912348 
1032638330 
31449448 
436024485 
286594180 
453134248 
246446204 
237978586 
557413162 
1732652790 
237397700 
22739916 
157914052 
1284907729 
463439946 
41672140 
49497798 
2260146209 
873114138 
357060710 
155319938 
46753149 
3204937617 
15750598 
1545721 
201845920 
19952765 
196866311 
2508712612 
129553608 
348422816 
1625765276 
1216340028 
3108275294 
95942941 
2255439812 
2531001 
141991285 
122298344 
35445275 
18857707 
29111969 
369924144 
158186238 
251603418 
861719030 
89137851 
17891529 
322678175 
586051590 
1051502856 
17080593 
2705915724 
5545052 
865784293 
405134876 
30525961 
284244908 
19414396 
3401825795 
3211554120 
488629932 
1552288849 
191094261 
255080973 
48157540 
53997644 
2199611637 
24518908 
168096780 
1405973106 
36124452 
54368243 
60811508 
719024222 
995516438 
1714414897 
359586165 
18486862 
2502069662 
206360739 
23818407 
25877329 
211846493 
1895637186 
99903926 
899901997 
31123733 
215131632 
2717392331 
34378527 
317438763 
109889005 
491571555 
2253748362 
616353340 
204986137 
44152618 
3063714487 
27719571 
212783404 
232269798 
27151498 
1472831845 
867319315 
698673 
44707374 
2870497329 
531522997 
79462643 
1290430614 
19923652 
2456825696 
37275626 
2539322709 
137207528 
784419187 
1552791 
395315103 
274724966 
1007132468 
1542347431 
7203102 
490556302 
2712979327 
34062082 
168489196 
19536097 
24717521 
1918228044 
2469075535 
87434201 
49843521 
679993 
862718276 
82973403 
1487375672 
846156242 
525086166 
33004163 
208876592 
342976776 
17603623 
2910149688 
18975708 
67161329 
1581472927 
22289002 
169968539 
2194958033 
10237 
2355157109 
108078631 
25689743 
29800972 
58123458 
267139873 
56586291 
257813352 
2360669288 
16131905 
47148438 
2590557376 
3270087739 
461225981 
761429402 
80455759 
253161301 
412269893 
253640781 
2342828552 
7208132 
24910297 
255959570 
3283937359 
136920635 
262571321 
292788872 
785277170188947456 
17504312 
1832864323 
2494548638 
187409662 
894294193 
210798071 
3087138245 
20664567 
819540060 
23500226 
14789069 
2966869684 
21738259 
310394988 
86601911 
310483036 
28497762 
17125271 
14897764 
21351171 
832432640 
19092740 
2932577118 
12149272 
1447526215 
2174899751 
3008958247 
34915929 
459307361 
2860939343 
726813391 
186512224 
240965285 
11169802 
34621751 
2214363607 
528099209 
16075594 
94116952 
554567971 
2588042316 
3161616307 
17416420 
324250516 
35567185 
99556256 
151468012 
405453634 
376722924 
18969066 
255656280 
3100043394 
2796921561 
1922992952 
92727014 
2957441069 
15433737 
15273114 
2361706742 
2370099786 
22099067 
40540798 
1871224478 
82751126 
1390358149 
59957106 
494517065 
2804451547 
78178905 
387279521 
518655842 
3085978900 
186722686 
26785766 
25988937 
260918774 
61235261 
80457024 
27219692 
9720392 
15064186 
107004710 
19486377 
323010850 
31428651 
964566194 
119526672 
4822246699 
21832263 
197908028 
196099182 
1074174876 
3622785435 
387067000 
278843077 
1722784495 
2825987539 
184491506 
145419869 
1393252148 
30280532 
482382446 
2293818266 
485992332 
89252364 
225518328 
2369450425 
167355523 
154621458 
102084514 
239666946 
249802102 
19868817 
267241245 
56788581 
870507463 
33495271 
258112288 
2558643751 
110690525 
14363626 
410650123 
70984085 
86638124 
2600434780 
47710992 
8228362 
3058172433 
1084663164 
2599812437 
1414091612 
2375906642 
1686636751 
209069411 
2322281432 
36766042 
127125015 
14933101 
2551649251 
539275948 
425009618 
863839561 
20407737 
540251608 
23904700 
90404915 
476248938 
1428062256 
239564044 
29083611 
2449921212 
610938967 
278589535 
88459772 
1897512644 
2363977976 
29492687 
54289253 
50124904 
293794904 
302469943 
97808012 
2332834668 
3065987252 
785450466 
2951917451 
12489292 
193041421 
867461425 
2347826570 
1392500546 
40635795 
2846719402 
562243642 
20073588 
194611806 
89741505 
4368210738 
626650867 
163098376 
1143680378 
6510642 
97344139 
53977155 
231634318 
17592055 
141932816 
2372303352 
159616038 
1300507536 
263079655 
759347 
181402941 
3059036784 
3393263369 
17140856 
3278218470 
16462861 
1975746871 
278792499 
548779986 
25377727 
25669359 
150046718 
253492079 
920522437 
352169192 
20688374 
3251377538 
562816061 
35568856 
2571225331 
356398820 
14823306 
41012191 
2746147866 
587476485 
855545971 
7995942 
193774600 
1316762527 
21082230 
371583932 
102286053 
924688886 
80618448 
1377567732 
1438236552 
139336093 
1332528290 
30119040 
259613476 
2892488968 
949764438 
24601599 
17685884 
466111389 
239664919 
14592713 
35872590 
1035781 
2766881 
65891614 
73895673 
492464512 
717342228 
2195741335 
10075072 
2783150327 
351058307 
4275494675 
1618346546 
435258235 
42151089 
106525065 
409895375 
229591314 
46525107 
2346418153 
57224594 
2379095372 
560233542 
506553564 
1465029008 
189289782 
27006456 
22801259 
11862 
95553788 
2325327960 
1419378602 
14210781 
985104774 
52545888 
572519785 
21154946 
1245296522 
23680043 
331895230 
19027729 
2532105828 
365260831 
89600533 
84002122 
488194116 
1056145412 
974346648 
3019006543 
3138918230 
170870385 
2361222944 
21428927 
31595047 
92390184 
56231342 
101609031 
2740553958 
3405458758 
68144413 
770231376 
210423504 
16296030 
72085927 
549802911 
1679313480 
109518970 
2444287232 
708105343 
195355223 
159113107 
19057311 
18748260 
14317663 
86293529 
597148844 
10126682 
10834212 
3196736574 
14108275 
428775538 
340992849 
128389840 
2482425829 
16420692 
98101281 
242343532 
2597643271 
919782926 
2615873826 
44031543 
241608840 
21725802 
55376197 
2484802959 
12013992 
49821497 
2540437826 
220807325 
20353443 
28984875 
597471181 
29990677 
18297432 
311979665 
448175683 
2331093199 
251613981 
1332677130 
129236993 
22497819 
37741466 
230771115 
182264370 
834809228 
118054101 
2395133875 
377734689 
225108330 
2770385885 
1690969314 
785462611 
2476456489 
21023005 
266817012 
502916690 
2740563096 
605707435 
591616581 
53957535 
714854148 
80252789 
3386950439 
70364427 
2543370146 
3167527811 
1447399273 
5254271 
970774994 
188908967 
308093361 
1198229238 
81013264 
49443316 
75513105 
24455613 
4389678496 
966707953 
1164977168 
2784709195 
3073056407 
257146232 
2167359634 
223119254 
173758638 
760122925 
31291342 
864636283 
40253940 
159243838 
257435851 
71234027 
39614698 
16689506 
235866039 
1499462040 
317752494 
179526890 
122608861 
193131934 
47199652 
73762652 
3421206695 
14760909 
17879144 
18394364 
527610396 
464980385 
56265851 
298272725 
231316799 
1643786677 
8868152 
25376246 
152055805 
40159568 
1929583890 
26514687 
149040521 
384879170 
14764819 
188698438 
20095906 
3092716864 
27003238 
775339518 
2231182778 
531144627 
355588798 
2392631088 
14482795 
83609755 
95520332 
3105324119 
1657860938 
3220608870 
25216089 
200544725 
2421920156 
2340092326 
48168756 
148147956 
582565435 
15379430 
51118507 
539576274 
24101967 
742607401 
16566290 
360521948 
94677938 
54056196 
460515572 
175743033 
11504072 
354929088 
2193163363 
164733431 
326538058 
342686471 
16524857 
1446855168 
367946116 
15523980 
444984040 
175018396 
214775198 
1004431848 
132965937 
15484633 
1555513046 
2374192860 
3140604714 
260176167 
629359957 
9266542 
244926384 
525954971 
31345195 
214896775 
47390124 
3184645320 
3353132795 
598558496 
85122186 
1468972572 
17308661 
89503753 
20091935 
504577297 
223921516 
529305189 
25686526 
339842090 
724658586 
67465573 
369071005 
1965348956 
2084431 
1134987361 
36602488 
334092029 
981101 
721381412 
733476054 
53423743 
8063712 
387042608 
103124513 
223690178 
421462364 
45517238 
84395561 
14122878 
30026461 
21812990 
21136340 
3301740090 
506429154 
389053914 
2396873017 
297953592 
822241106 
558269950 
26053487 
345756096 
326382892 
49146355 
855136310 
167558871 
2180243454 
629753160 
1608646368 
182846042 
23620934 
66612168 
224063197 
3024469669 
27556100 
949890020 
1599634615 
44037838 
1850731 
278164179 
26906756 
61457113 
167304063 
17820174 
1038721038 
841547383 
2772644783 
2324539447 
3123286841 
36715738 
2516901954 
110834922 
4557220455 
54719663 
50295074 
1398062804 
2873640245 
2477478121 
35282036 
289110648 
16187827 
55680637 
436349244 
546397457 
331127537 
24520102 
3315160413 
538418302 
107472777 
467987616 
238245071 
135026246 
919175035 
1053031394 
204606957 
26677450 
205667658 
414678218 
610363 
2808477102 
1877951017 
44493998 
1390081585 
142380679 
790151 
3621453972 
11990722 
23637353 
2377812774 
17544252 
15418498 
613724343 
153384545 
144615239 
70918468 
314027774 
385044404 
2220457598 
133173970 
281720253 
1290588486 
11182122 
480735860 
3468309072 
23318794 
3325379114 
380342251 
14379775 
168314357 
1320974768 
1915044085 
334458598 
2837065376 
3012573116 
44134893 
128274105 
20533885 
1666868815 
3167980664 
15395780 
1603262095 
1849652118 
896212508 
2869970963 
2199895352 
708184465 
23384495 
288256108 
1963644122 
1229518184 
382209108 
3313618153 
18825079 
1055387474 
381655288 
2253252539 
14860658 
100743922 
2584515956 
167469417 
3064736655 
205821389 
152113304 
20970851 
21071494 
78175365 
182815307 
34189045 
2625045254 
1362511021 
3945254363 
417708383 
116393769 
2555139284 
18826013 
342781310 
24921152 
4835828739 
3655417997 
1686104101 
19623685 
3003472687 
20581337 
482908068 
36746504 
33932836 
233306674 
54972766 
946806636 
756139 
956759556 
2629976842 
30922494 
540480984 
18680402 
91127859 
58935719 
8850372 
3461290452 
575968482 
19498553 
2595082466 
3138589808 
100424204 
704319955 
25499856 
16600598 
50683 
2151163494 
15156047 
1364484883 
1051427780 
1900115868 
385173578 
2855867655 
6060462 
27310718 
16442635 
795164467 
20680809 
109989347 
2729975442 
1541867293 
847628737 
42975712 
709643100 
248221514 
2811032429 
206767631 
40132642 
474131376 
1260416408 
1631106758 
187793103 
88221212 
1625840702 
934787023 
2649619219 
304520323 
2807681672 
358165632 
3024022989 
240400042 
129291786 
3386956007 
4911819621 
101812008 
2207601321 
777154537 
1111599236 
53947064 
23537792 
3095046165 
1110753900 
3285472411 
17788593 
19464543 
28986171 
92467892 
2279629765 
244263378 
507584430 
3019225925 
40348443 
119092378 
23736245 
49648299 
33779831 
871156855 
304136957 
39706556 
57295963 
2760101501 
1927879872 
1467621 
1724567053 
63918129 
2175963457 
20424143 
80623253 
496595811 
90810913 
516983 
33955985 
133890958 
19045100 
1227579487 
2225075898 
68728531 
31195070 
3156618015 
3794183055 
3425873524 
960972788 
196999709 
2859299391 
23092932 
41968586 
1486649556 
45800082 
26103481 
594579541 
82187603 
13018372 
1681699880 
971193799 
47597434 
30577497 
103175965 
42673267 
1313503182 
16058649 
209885190 
403952034 
2829577833 
158350069 
37383959 
844098080 
3015875664 
19325840 
193791475 
16620654 
15141995 
21749247 
1153957322 
27121254 
22950335 
11046492 
80583182 
18662827 
17311496 
1512791 
1942117975 
33232106 
73435967 
1017919309 
3023888532 
14335215 
404266196 
518096810 
26007816 
14147538 
266854730 
3139028124 
63437454 
294393348 
1095745184 
2484350228 
56377428 
2693319440 
2892061583 
2247030473 
33878653 
372488662 
2512741470 
612051460 
516774423 
183240443 
408915718 
234424536 
56863445 
464969015 
731224345 
2253994345 
469079538 
186668321 
275519242 
85053603 
18840194 
9746012 
24449694 
62518076 
2151656730 
5404092 
75608552 
32754009 
91580567 
3227943794 
2608956567 
23250544 
996861606 
476216147 
14763734 
2209577972 
193813856 
16058520 
56026114 
17178812 
4884973082 
26807272 
68637085 
41113942 
15861698 
135665288 
2432532414 
959267456 
411839705 
16184919 
1861189549 
2247710600 
142275052 
22979940 
117491727 
1651660646 
15036474 
604309312 
556800340 
42363784 
1449478590 
81943278 
740988613 
41958659 
496519762 
23606632 
309698592 
2375464825 
22416296 
433224307 
340836047 
865035402 
2996211445 
1347431616 
252811198 
3309771921 
304612526 
2321291676 
1591618020 
1854268147 
54171799 
2190324284 
858648314 
47558474 
770176004 
32905310 
27707994 
133670223 
3641630175 
460273702 
122486457 
17888477 
148492246 
2465067306 
533217614 
71671995 
2908763133 
3344458672 
3127441846 
47228712 
3002596617 
4014671353 
619274552 
500740117 
254835375 
131802723 
363100920 
101695090 
535434174 
28838411 
2290049036 
716655032 
194666541 
160576458 
554952284 
86078829 
557062051 
90965644 
17834211 
513949327 
17347562 
3223735343 
2271688736 
390767893 
3101574493 
725856702 
20556827 
27474188 
193180776 
16349525 
129331488 
83874134 
238122830 
3306142204 
54950620 
169165680 
14870607 
32611316 
16576455 
87483048 
104007034 
487175982 
51768445 
132600721 
1277741820 
615671156 
2724652761 
313518726 
302338426 
66361862 
2887274633 
336734619 
253182274 
49498296 
61247910 
16002450 
1586105774 
1415116315 
14894710 
11294522 
244574053 
23255132 
4120222971 
320820538 
176309638 
2701982576 
34196407 
16252539 
16355727 
14223131 
92427237 
137481631 
1528958269 
2468616960 
1017717187 
370632154 
3103218681 
112957996 
3295620312 
1643707147 
1888112762 
15604558 
91880956 
141989184 
21755640 
551945431 
246969498 
89057332 
31347489 
2742223710 
601834324 
1694151565 
85851093 
427221642 
268856191 
63793097 
87513108 
97530441 
350075105 
68102415 
74784028 
20532495 
2869207752 
227574626 
2545883749 
22359116 
76601839 
2694264097 
15368657 
69316797 
210317113 
254203960 
1409971891 
42220859 
40063054 
63594859 
2842579696 
738561462 
16811992 
14965863 
297490439 
288166475 
1748080555 
15864905 
2227053378 
86494332 
287429525 
20756937 
551177856 
346805041 
46165908 
293441707 
14310767 
91205589 
124722667 
2639241371 
2327705029 
245094007 
3025893476 
4487439255 
866520470 
128556014 
2867734981 
1448541408 
8842302 
18417289 
133450999 
574737460 
19037291 
30856623 
29245556 
3312872305 
3281101200 
2538722382 
558321902 
286218045 
231620746 
2246982318 
21195312 
234440037 
3310035333 
269144404 
217297567 
204553147 
17511964 
34082192 
25500969 
2445254311 
70773550 
93934798 
51247351 
23291388 
343208175 
16700086 
167293665 
29564053 
1241098290 
55600492 
47274279 
112465573 
632207096 
325189754 
31637836 
10882812 
597779017 
2529897510 
284390846 
531199982 
17323875 
16655083 
1664043102 
872686453 
4186668575 
61679767 
37211298 
57853631 
17576549 
1952641922 
2310743600 
64208645 
147919749 
1339295492 
334937479 
2150920141 
269396690 
14410907 
75734294 
14815264 
441985295 
2182164989 
305051543 
85747756 
3008561073 
22075442 
2772233895 
456202115 
2733092766 
50773952 
2950136974 
36114051 
3075492454 
1019116591 
15328388 
2789042281 
48617075 
38760803 
1000720879 
2308838910 
782126 
28336745 
890427715 
3025191508 
2518875183 
569382034 
171510511 
110104978 
78641470 
35803746 
377431841 
2613588408 
318259113 
67207109 
994664348 
2352703580 
3310951050 
18682144 
3181374146 
2704429221 
230402057 
568761019 
14986716 
507443308 
234844908 
3357505709 
1113142855 
71250578 
16527583 
15095087 
1401829333 
380741508 
21208707 
2927196548 
2337298645 
7242102 
560053647 
2573532185 
14144172 
37726791 
10283242 
21906849 
9508302 
2578167205 
326632316 
221361173 
17699927 
419633275 
255771230 
126265937 
3153359864 
34838198 
2376517663 
118254447 
3017815178 
2932810944 
163780953 
98007229 
433424907 
149260542 
20508776 
15020471 
566971804 
65266720 
2887908404 
27528136 
143921166 
205470458 
27203428 
588348904 
2511018197 
2984695729 
3408654641 
8203072 
2859245312 
1976932106 
35309071 
498500868 
15714123 
2802215832 
61883794 
261751775 
565992993 
544675453 
316665079 
255759281 
49725661 
1051005650 
412610976 
221497978 
989660929 
84854343 
484717454 
3367417713 
2207864902 
86607312 
994642849 
1230086401 
61984094 
50160941 
962504178 
3129092019 
46092609 
2338956484 
2866824692 
154749600 
169604058 
2656778008 
585912907 
881235200 
63517561 
24137484 
304417090 
1961664374 
893659778 
23752264 
169383175 
1938233696 
153450230 
437444198 
313877508 
23347805 
209823501 
40554102 
625339919 
20678091 
1917288949 
362489766 
1581112694 
102690494 
1883716550 
14239599 
39125067 
114584202 
104877189 
66018430 
19250302 
103989763 
1633729740 
32292105 
318007145 
7944142 
152067321 
2737148880 
1465388227 
84042956 
632395319 
2795013660 
1973006353 
700759039878115328 
43156852 
1480461780 
2949420070 
3238356748 
610363791 
1535051473 
16937929 
19541185 
21036629 
1485383263 
301705630 
289844636 
1077551 
246677554 
361527674 
466179872 
23846594 
34046319 
73229435 
18251846 
1292214043 
20585643 
2427946068 
14118841 
14946303 
14305988 
51045564 
478086821 
291193308 
18123826 
6682272 
23917348 
3158442763 
2355793627 
37885171 
1066168140 
2829884941 
1522913677 
57145651 
