13669 
2318433931 
4816 
117179759 
141649002 
34719119 
116529568 
14708747 
1494655406 
1571270053 
16870421 
41406433 
47074090 
186381210 
16838443 
143473696 
17374418 
178363987 
135361505 
130197701 
49812704 
139119433 
127544455 
267399199 
28321706 
296827640 
143882311 
18393196 
46946127 
277570538 
293850289 
19609867 
400254048 
108369796 
22513158 
275686563 
5759352 
437561031 
205821382 
183026344 
190317730 
19790261 
20455625 
494286783 
28172926 
20607406 
2890961 
17230018 
20250399 
34281909 
237908676 
96386796 
19017772 
35304791 
21083160 
15056775 
272522396 
364488011 
14678103 
52923462 
16182427 
15397978 
225390424 
14362522 
14679935 
111407412 
32889156 
177507079 
55546212 
8564482 
137712607 
250073721 
15339875 
4759341 
298029693 
243382141 
28524190 
18198832 
14378113 
16953480 
18227814 
15197321 
15684633 
109301148 
15184616 
192023890 
335331533 
8708012 
11211372 
100022186 
150943339 
255750237 
20562637 
65448361 
31957731 
221823013 
23455553 
15066271 
33412856 
206409536 
18027434 
302186628 
15446126 
19799579 
68275523 
23528680 
21311177 
24211989 
54735208 
16665516 
17060015 
295233987 
37082808 
37710752 
18644906 
14857525 
183201869 
73190286 
18705065 
27188645 
77215232 
61547703 
27707080 
177258525 
13205612 
15898172 
59253078 
29504110 
48050157 
5746402 
52805847 
16017475 
15220768 
7259302 
18726666 
17154415 
18981325 
14630696 
18700629 
223343314 
17416571 
1112211 
25233856 
23631859 
87798068 
43431533 
17596622 
24888867 
18148907 
15605855 
16267101 
15367154 
54645160 
44090154 
28579026 
53025463 
17585906 
30911360 
16826739 
321216013 
21626287 
16228398 
17595439 
22256645 
26330574 
128718363 
40590128 
22178874 
14802330 
40824537 
18503059 
108260608 
205392468 
930581 
86152195 
55447127 
17522755 
100905392 
103446922 
47539748 
58567664 
15827269 
49753604 
125356532 
28179546 
245888431 
78133467 
273615113 
44910688 
18195227 
55997704 
37930797 
17924406 
19619030 
103516873 
19907538 
19717042 
820694 
16619832 
19423370 
15308337 
30935457 
190343441 
6715242 
219070649 
178526634 
86977818 
14085363 
6459272 
19611483 
16578473 
18510860 
21408610 
116994659 
19725644 
22971980 
14089595 
15165493 
19802879 
180200031 
16929600 
17857307 
166876797 
91234403 
7517052 
64329922 
249710733 
17240190 
152020693 
248911463 
47428569 
36431952 
161686727 
36109143 
21150703 
188786891 
37241077 
26024010 
41806795 
21968928 
21630687 
14085070 
189658688 
162439167 
15290344 
59460397 
16833653 
16550480 
17623957 
266281366 
271180700 
17002395 
1578141 
80121839 
12786302 
9548232 
142113582 
8701882 
14360757 
23788795 
15600217 
23896379 
14950583 
81839672 
16116519 
12340562 
14791918 
30475056 
222961649 
7494482 
8953122 
16228699 
86390572 
28616751 
115180072 
78651438 
90974217 
15503880 
13837292 
30496877 
62607297 
68772515 
50317980 
31925790 
16950889 
82983232 
175009537 
214590361 
17478293 
119405380 
15100613 
68445989 
104952689 
23462787 
167659489 
28703339 
17469629 
128004089 
36083751 
14615195 
200272047 
9867582 
100127476 
18696855 
25066853 
21457289 
20205636 
5685952 
86150666 
18480909 
20479873 
93677719 
40271144 
18611774 
17558476 
9252072 
112885877 
19124264 
55355654 
20479813 
14076943 
23317289 
52756637 
39381451 
12475502 
192971881 
16219226 
95696472 
159327544 
16376849 
621573 
12819112 
19402238 
15862891 
16580226 
15473958 
104201057 
76786777 
20060293 
15461733 
15173291 
90258002 
16469647 
14187770 
14747551 
20453370 
33098495 
8962882 
14763721 
1536811 
16597921 
71028123 
73850142 
16193528 
157074463 
36008477 
86120638 
18028509 
60970214 
48077408 
98750424 
64943910 
106894107 
26770785 
30855079 
18861666 
113111017 
35464279 
19916163 
192589318 
20642645 
24288571 
29304466 
17977954 
16933064 
7573792 
16191793 
21343176 
36439939 
17999296 
16631821 
35790595 
20642852 
18049996 
17793193 
58377826 
16899568 
111256728 
35432131 
103909707 
163439723 
136450598 
218955428 
73147282 
8841372 
25335206 
12719722 
16031536 
14363353 
138787319 
148496087 
36381677 
25071402 
16002751 
126011014 
46671396 
26670829 
18399068 
114589771 
21859563 
15117431 
35289761 
25170188 
104630046 
18216985 
19982260 
15433693 
38441030 
117735401 
23782950 
27845025 
37926315 
47604914 
14431633 
18220320 
20952222 
34670585 
95023763 
18735898 
51047241 
38883394 
19286911 
34462186 
37238862 
11856442 
30261067 
717313 
24626969 
64908029 
33792634 
19546277 
624413 
28164923 
16334857 
15110357 
34713362 
17374576 
16732770 
91478624 
44401911 
14216123 
105582210 
17540485 
186009251 
90778418 
107563743 
84653539 
190655733 
18082946 
42537669 
67766355 
63832762 
106776691 
163837517 
164897992 
1317661 
774096 
6813682 
74021398 
17869121 
159588456 
18144135 
191087604 
93984769 
111336262 
15194255 
46719689 
14078266 
20811497 
16926637 
67644526 
17091847 
18788629 
14031032 
29442313 
19653106 
159462573 
31127446 
109438112 
3080761 
93957809 
87554292 
22938914 
17076391 
18654679 
41480390 
40414752 
26039580 
36442519 
10850192 
24911887 
16119115 
6018982 
66408053 
28165910 
43430484 
16673697 
28543386 
2015001 
28049003 
64534773 
14097375 
41078332 
54550536 
144909618 
21153379 
21868620 
21840691 
58812452 
44697004 
18020120 
20867568 
59157393 
34274380 
110541296 
61853389 
25928253 
11219992 
39989698 
117118928 
18246568 
23704179 
69109283 
203540135 
46972177 
9763102 
155701692 
17998609 
33998183 
110823581 
18215973 
63246339 
113420831 
818927131883356161 
42660729 
19767193 
15824036 
112886619 
39233227 
31171669 
28520903 
14442748 
24752484 
20182089 
22012091 
2166681 
24800510 
7350962 
18210270 
15559134 
16625091 
14208982 
19775494 
57737041 
14710129 
30291186 
23600737 
7744592 
17064400 
85964215 
130617778 
19224439 
148529707 
16184358 
28103693 
10069612 
74829020 
150772999 
176434844 
28160998 
41866944 
1260231 
153442218 
18315338 
129840594 
7434272 
11197712 
5618162 
82128258 
50463206 
58352782 
52488565 
18809869 
39582797 
17296792 
135268189 
104189728 
21436561 
17170147 
17850787 
36711022 
14128375 
14669648 
17194090 
158452328 
26572460 
14717311 
16245822 
205715759 
30088460 
18637918 
3339171 
1285451 
2729061 
6267962 
6141832 
63001957 
25805269 
36014716 
21512383 
155369046 
14664315 
38749782 
23493483 
36816812 
40058325 
21918673 
25585110 
52235599 
52862873 
54298095 
18244332 
154532994 
95264499 
14801014 
15639642 
21810002 
7234682 
17448575 
34312227 
19296585 
127936772 
23537665 
18248948 
32359921 
15568127 
28175577 
16955870 
15664156 
3117281 
14365976 
20150502 
30050899 
32122637 
93248494 
18249434 
19505749 
15597251 
22233470 
14680596 
17093876 
11278102 
1835411 
29977461 
130555517 
65036290 
132338778 
70656604 
20551303 
14810525 
14096514 
22498525 
14823150 
12613282 
15085196 
11232732 
26621297 
26672942 
8132322 
125795247 
29509945 
15139281 
77232176 
61813600 
17069247 
16191902 
41865658 
41457590 
14717197 
61335431 
2048141 
87468736 
13977712 
149730739 
9203422 
15280084 
126146818 
31285982 
16689804 
27700636 
17356086 
30496140 
158494726 
18251057 
154313175 
111650915 
16469809 
14346303 
16543454 
20280065 
25103967 
23832022 
14824849 
37291805 
14982575 
15431744 
42871498 
176045338 
17783469 
19251499 
27740227 
6273502 
14180336 
51226743 
36843988 
163920178 
23049247 
11695472 
23227694 
10369032 
13058232 
12925072 
31584385 
19469061 
89840669 
120275225 
16896485 
21163181 
97040343 
89775446 
17608443 
19133350 
35902214 
119166791 
96885392 
110761753 
113130846 
16841687 
14242280 
21504735 
20536157 
21879024 
23959074 
15165502 
5644962 
62763 
15788641 
158470209 
94186646 
23936092 
18049386 
16897160 
12943892 
19085317 
15324722 
59865670 
12944592 
19515424 
16895274 
12804312 
38372614 
21452553 
6374602 
6210762 
15619821 
48122605 
38886815 
166224343 
133341496 
30018058 
7426632 
28018958 
14837517 
13837032 
88740258 
4207961 
15450996 
10751252 
14500709 
26527812 
134565636 
16188251 
35061785 
70440918 
23439568 
34687493 
54143638 
77153656 
142843210 
91238292 
8105862 
124221962 
42464958 
75049601 
72769277 
21993444 
25053299 
15935927 
24799500 
168531936 
74865632 
32906967 
35640281 
1598411 
14247313 
36782356 
30064941 
86146072 
22843068 
12230212 
75405534 
80069355 
3451241 
1520561 
19342160 
48117605 
30864524 
13248592 
39596634 
17907509 
48150931 
127570362 
117179079 
161680142 
86697288 
31048444 
170330456 
22000957 
94202251 
7215512 
18432349 
13691782 
43123762 
44177383 
132775232 
14464767 
160563917 
17140762 
18997933 
14111731 
17880018 
26817106 
8428602 
136947094 
126114608 
30278532 
20265510 
17290922 
47725447 
114819686 
23684294 
26819424 
47221252 
17818515 
44416283 
52758588 
95566940 
15165786 
25649977 
58550415 
29256864 
16438248 
16656348 
35773039 
26329195 
20486617 
20285637 
93977491 
12513472 
29272446 
67923234 
37921458 
5796972 
14882900 
9507322 
71027475 
14924128 
2911101 
19071132 
14124059 
17599264 
115764455 
62574079 
14804898 
38512058 
88834485 
16157980 
39901824 
33963369 
25232240 
18538894 
15825547 
139921027 
15959560 
15950681 
1505041 
22090282 
15281391 
15994125 
43462357 
20457806 
102006450 
15916492 
1878461 
130898432 
140162079 
138535741 
1528701 
106916931 
18936532 
19697415 
17503180 
54730258 
49085146 
15728161 
14701494 
15431856 
83374625 
107674177 
91933188 
13783772 
15645093 
19748200 
16228479 
102366242 
7309052 
17352759 
23115743 
8963722 
51280118 
8071902 
17810254 
17208213 
134916537 
17542672 
6774562 
65861274 
20075668 
16203586 
48133448 
77306553 
7093352 
109349896 
19348412 
85487531 
72407393 
55890633 
21782627 
16650200 
23724829 
20793194 
33287563 
28785486 
36303200 
80891281 
16459787 
73181712 
51241574 
3108351 
7152572 
23803576 
56237214 
18824923 
14803861 
64777426 
22878150 
97192518 
22692199 
91016375 
40302362 
39580052 
88774615 
16230239 
17930077 
17900130 
16422358 
46498477 
16204225 
53543144 
16475204 
126907973 
16317059 
64060729 
85902336 
23503181 
15919988 
21770611 
12090352 
36169848 
38856637 
20731262 
89645196 
20549654 
17396212 
77983053 
83019205 
14159240 
116485573 
115485051 
19605981 
16070978 
55989391 
83659451 
22700817 
19030111 
35745593 
14616784 
43160782 
25532843 
32463503 
48085489 
17028101 
17217640 
19722699 
31098756 
65645543 
34826262 
39170683 
15534771 
39348261 
35870717 
18258453 
16715407 
6375322 
76940234 
20236725 
40019924 
20943317 
20695670 
63302025 
14914631 
41410842 
40668603 
105062380 
104600840 
69979058 
19679615 
61946661 
3819701 
15756056 
19301925 
82151907 
98772770 
7856822 
18297558 
2142731 
106788177 
15292612 
8125922 
44170251 
106156793 
53204816 
14325471 
19966557 
718673 
19658826 
22842588 
30313925 
822215673812119553 
4432431 
18225966 
50393960 
46220856 
96184992 
93930461 
98198211 
13393052 
94742325 
14289835 
10838032 
68906469 
62420065 
23258702 
15955754 
26219665 
15566998 
57048329 
10236 
15125585 
15426758 
15249166 
18955413 
19699409 
37986739 
17193794 
24223641 
19320697 
14115587 
38109868 
17939037 
43765496 
71820955 
21424637 
19068682 
6877872 
15118704 
7004382 
97561848 
9819072 
20731869 
17741006 
17927920 
13796572 
29892472 
38469430 
15412070 
2196321 
32128783 
23841113 
13066682 
18826472 
816653 
94560083 
8576492 
24112803 
16744558 
28657802 
14737175 
16486812 
14131538 
32517808 
19055557 
15652456 
7882062 
17004618 
29328707 
14147006 
23827692 
20697184 
56448752 
18961162 
49792074 
17184065 
20710809 
36697827 
13951382 
28698001 
60628575 
79797834 
15833270 
20214495 
650053 
15033883 
65007412 
15174971 
35738491 
14538665 
9782032 
3839 
23255992 
16852367 
28426328 
16652134 
17490477 
17374092 
69932023 
28174228 
36823 
80149492 
27938659 
50215510 
16953157 
943751 
41159876 
17759943 
53648883 
51441714 
14514411 
23820179 
30795471 
18310790 
784304 
56436449 
17169239 
19748371 
74499429 
4519121 
19826509 
749863 
34404268 
20708895 
18139989 
16569176 
2893971 
765129 
21202376 
4906211 
22580141 
22105603 
17073425 
20956390 
5520952 
30980778 
70126308 
18913351 
6593452 
77740672 
20608159 
50186924 
65727468 
18806753 
27372600 
25898134 
20593911 
17036898 
22866687 
16192537 
15232692 
17139728 
69497421 
48436234 
17615812 
35005086 
19002481 
38267947 
31311757 
2425151 
14709355 
41073372 
76936279 
14984090 
15907720 
23245206 
38531995 
26112211 
817268 
16721263 
14437914 
13759952 
17249907 
19785561 
35521028 
58436414 
57124514 
46947210 
14150661 
19933527 
9624742 
36751706 
15734474 
10821362 
15643526 
10367 
70738061 
41204528 
29426685 
17143314 
17248121 
21344507 
20065936 
33847818 
42072727 
44737059 
14216283 
40349928 
16691049 
22187339 
14848513 
14199378 
16910606 
60072110 
18691048 
13917842 
15677264 
58053205 
27635863 
55876748 
14485018 
10178 
14474225 
17003118 
63353912 
21109884 
22382537 
24212723 
14903013 
28188761 
18393753 
21571161 
23832616 
11004972 
15730058 
7614632 
30290749 
61208779 
15012486 
14237243 
8820802 
11069462 
3567281 
14083627 
58562301 
44966211 
26755480 
27707859 
16048575 
4620451 
841791 
22021097 
6140 
14344297 
16047895 
11900 
17241895 
16868125 
16128574 
34335514 
13769582 
61856458 
64076861 
15859268 
19336940 
38649019 
54680395 
1392281 
10915142 
17431643 
15351784 
50919221 
40686803 
41167499 
11435642 
41491929 
49177033 
16410771 
34053618 
3370001 
40334509 
9135512 
5768872 
15335778 
5911972 
30978745 
14069848 
15311268 
58592425 
16501009 
32415184 
23021726 
38657684 
20462930 
20076000 
9728702 
16209537 
5668382 
12798452 
14834340 
4425661 
41814169 
13860742 
9643812 
48706233 
12615582 
14821663 
15445811 
11774412 
17001061 
25171326 
44971458 
16211738 
19621110 
17294887 
46059409 
24224268 
22513919 
40340919 
54327828 
18583722 
6210 
813286 
23339522 
14929640 
16286287 
15937668 
22984215 
18057537 
14405393 
18144218 
16668573 
41888935 
46918023 
42342077 
22706923 
15112070 
37536006 
19005145 
18929690 
35414047 
22086734 
26540340 
14420689 
19054823 
19371420 
14172201 
43970862 
14372143 
13982132 
22952245 
26322120 
4471951 
16680003 
27094114 
15976584 
7140862 
21415936 
16297024 
38617821 
21121833 
17463274 
40914908 
31298261 
19047201 
34974101 
23116280 
14075928 
14128528 
3452941 
14343392 
11178782 
35937339 
20265548 
16438430 
16377431 
17665374 
28289832 
13773712 
16742806 
9167802 
17912605 
23477708 
35843893 
19748551 
19794121 
27085367 
37849945 
9172942 
780010 
657863 
10886522 
22206565 
17653923 
19075799 
12053512 
19089507 
20799075 
38010819 
32327090 
29354944 
6612402 
5345032 
19928703 
14062221 
19351990 
19614344 
1621271 
14480341 
9207632 
18665800 
15935591 
24728368 
22887309 
7889772 
16302254 
37288084 
21034425 
15380717 
20563800 
24953891 
14850840 
12303682 
7456262 
20646864 
7025662 
20481878 
509 
29100243 
14781651 
15120121 
16726509 
21286139 
35787729 
14204449 
33055090 
18221561 
35242216 
19658936 
16445952 
17993906 
15210410 
20078009 
6120472 
14126982 
740983 
25476178 
8255122 
6408382 
17781165 
28521141 
15661871 
6519522 
22523182 
29386439 
21285249 
9245812 
23808856 
26284996 
11965332 
972651 
18037907 
18599793 
14167833 
22808469 
15947185 
27766811 
33258094 
23597950 
23841368 
16422205 
18209746 
12044602 
13348 
15597704 
22523624 
31069740 
17093617 
2525131 
6708952 
23624201 
27735210 
30051156 
11438732 
18139029 
4093701 
16580993 
34726079 
18372933 
16143523 
16158448 
16570034 
20399004 
16678888 
18884576 
24989697 
23136101 
428333 
16901877 
2172 
14548211 
9639502 
10351182 
9391332 
19570950 
18767699 
16012783 
17197344 
11274452 
14179165 
18498684 
14292904 
14368074 
12371632 
15865878 
27091468 
30241898 
22663414 
28471924 
20828852 
10329052 
14348594 
14270650 
15670644 
2182641 
21619519 
18172905 
18922887 
8161232 
18060633 
1021661 
18244358 
18675263 
16352458 
16727535 
15318717 
6628732 
3065101 
18676177 
16898959 
9694832 
15519430 
19576733 
17796018 
14353392 
18172304 
21424497 
24902988 
18810954 
20834936 
5972702 
20052728 
25539943 
14237257 
17365270 
20574680 
18023140 
16669075 
16624180 
19377148 
17629860 
15160949 
27090222 
8775672 
16630062 
22826294 
17389068 
22952788 
18170896 
22399770 
15678340 
32076873 
15224867 
756278 
22176952 
15520754 
15441965 
18134177 
15688146 
17051344 
14282672 
16441982 
743763 
14505838 
19673700 
25058827 
14694301 
25084480 
20254242 
14074515 
17409240 
15172810 
18556218 
22085975 
22824579 
23519003 
34937098 
28420406 
20634768 
19564533 
18057194 
22873645 
22636652 
18463117 
22193646 
19772835 
21842413 
20786075 
17967650 
17046488 
14803701 
14090321 
16935292 
33918760 
10221272 
17390324 
15514266 
31423911 
32645298 
17393086 
15163466 
14293310 
14079041 
1113541 
18069502 
17236821 
18173954 
16407834 
9345172 
18197498 
15342216 
18089929 
15300520 
18178876 
24851066 
15724351 
18224213 
14937441 
16076032 
17814355 
17627869 
17444713 
22640618 
10117892 
30724493 
18960207 
16514376 
14185814 
10648962 
29840205 
31063408 
20203490 
15475578 
30808745 
29492064 
8453452 
18227209 
25144384 
24705816 
7321082 
21764407 
20279370 
807095 
17144425 
18772355 
20598197 
9154462 
16855822 
15025621 
16300786 
16302490 
22465084 
11273652 
20710691 
13239562 
26607712 
25382012 
23611132 
22047405 
20032100 
15224941 
12844642 
22461427 
13784532 
23112236 
26177586 
11740902 
21001534 
20264700 
16775743 
26447444 
16116995 
20016569 
1775731 
12700252 
2996801 
19519252 
17543957 
19501761 
20622024 
17965843 
16745147 
12133382 
16545867 
20471478 
17064271 
20778387 
16754078 
21651332 
12886922 
7235292 
18848053 
15815072 
18128265 
15110431 
10755302 
5971922 
17845539 
20116658 
16866978 
15084271 
14856348 
17516149 
7713202 
14815685 
7684302 
11132462 
14118444 
17071046 
24207116 
21499292 
150433 
18650653 
19782176 
16128247 
10491732 
14987728 
13058772 
15311606 
10615232 
23272358 
20454896 
20055774 
16955991 
20957191 
20793816 
19029538 
16872360 
19673977 
18851248 
20261518 
17057873 
20564871 
10207132 
16125473 
2364311 
14751273 
15484266 
16664681 
18958988 
14922847 
21313357 
20787216 
15162524 
14240875 
3934221 
20017714 
18911592 
16045956 
14412533 
15749725 
5988062 
15922214 
17976923 
11178902 
2776801 
14813320 
11348282 
14687182 
14351053 
14326840 
15164565 
22097192 
20713061 
7144422 
2111261 
2869531 
18492713 
18879108 
19315174 
1118451 
16185034 
22996563 
19690667 
18041530 
17004616 
1861051 
14885549 
14740219 
18816480 
63043 
15151977 
9854122 
3829151 
14254408 
1434251 
14513666 
14838508 
14325612 
15564045 
14714673 
19362718 
18907438 
15088573 
13797612 
855 
14325188 
19842230 
19380829 
13496142 
819800 
1344951 
18164662 
14451408 
5747502 
18313204 
16817883 
15905103 
2992751 
18652019 
18233963 
13783982 
14687293 
16454701 
19553760 
14115987 
14775787 
14620544 
14957119 
13 
11148742 
18087953 
20638298 
18567018 
17297668 
14647570 
18495651 
5388852 
9804482 
621583 
2730791 
7284132 
2384071 
808627 
1532061 
7090212 
17266725 
15492359 
15300187 
17899109 
14514804 
1435461 
14677919 
5392522 
17889970 
11388132 
15921173 
14761795 
5746452 
16635919 
16583846 
14837962 
19731643 
15287423 
15447034 
17994536 
20810335 
17628475 
9109712 
21773570 
17242874 
15831587 
9534522 
22409049 
14352556 
6149912 
2884771 
17596014 
14515734 
20 
15588657 
4783081 
20245775 
21776872 
19079396 
14267267 
17644000 
14328009 
17831464 
20657565 
11965052 
17006157 
14110839 
21324258 
20333461 
17074440 
20166674 
20608910 
783214 
17220934 
19740592 
15234546 
