13393052 
801159713035612160 
86977818 
19789439 
15164565 
138725262 
9300262 
16012783 
35773039 
286270678 
180200031 
34743251 
44196397 
2916305152 
23146711 
15169176 
19402238 
23962323 
19658826 
2890961 
32372834 
23116280 
194711023 
88662134 
94818435 
14924824 
11180212 
29472803 
43166813 
15473958 
16580226 
326507914 
11348282 
511402689 
970207298 
70049472 
29442313 
216776631 
2835886194 
5988062 
2317351705 
16664681 
3108351 
316389142 
6539592 
23544596 
36686415 
55117855 
2467791 
164412502 
87818409 
19706851 
14062180 
12133382 
17471979 
14293310 
14511951 
156651229 
1877831 
2097571 
742143 
5392522 
1652541 
14437914 
43161129 
19725644 
18731529 
19300415 
381677272 
1618457558 
70495979 
1386014191 
443215941 
88749392 
14506253 
18713254 
24807616 
20015311 
50374439 
139162440 
66561957 
135324080 
14824849 
90420314 
831374197 
1340692447 
353040874 
128699640 
298290804 
412445039 
26920684 
631868748 
424450965 
64643056 
124818259 
15656687 
45862504 
15830716 
16303106 
17853760 
95355449 
30273293 
149326303 
18329297 
813286 
115485051 
119506909 
16637874 
65524646 
15143478 
110904922 
26834807 
17430752 
19697415 
5402612 
30364057 
62581962 
19877186 
39105247 
14075928 
26188938 
22526288 
18882434 
16139044 
19793752 
19768193 
14647570 
21035409 
5741722 
807095 
7905122 
16393999 
428333 
7846 
21423566 
15385713 
21691994 
1891271 
