373564351 
811377980 
3453779060 
29356679 
778713354835636224 
2456170201 
554782855 
93473293 
150078976 
3107978911 
824292426961408000 
72198806 
823565852922576897 
218601716 
824027211158130692 
22107372 
358203222 
813286 
729978486 
749133820864172033 
514178558 
23227706 
47475039 
1051396218 
103053226 
375662595 
799605979264454656 
3896621779 
278124059 
21445143 
13393052 
488480041 
791203910526656516 
182435833 
26603847 
794893805875040261 
2248156734 
929684934 
84327770 
1007258558 
1245722186 
256091740 
2358333250 
771349841557553152 
712322871897538560 
73413384 
4899243712 
297764495 
17579312 
260361875 
526248630 
770322318635728896 
12116402 
727057032541573120 
252204344 
16017475 
555472099 
1498935446 
2547607614 
941543546 
728251365177307136 
50318716 
748220402254643200 
748230942792257536 
2204636042 
19201818 
970510519 
2457173413 
301709965 
104786280 
3850874475 
4082125097 
14773239 
1022759484 
3471189616 
14101265 
4350773712 
20199355 
238216870 
263142340 
31030273 
91333167 
611052751 
721888233479663617 
722001114992926720 
216776631 
29442313 
76980293 
3378867628 
2173011529 
2987466465 
4756698383 
381187236 
13298072 
2987235459 
4854866614 
3182854863 
2609111630 
2281964312 
217963801 
442804794 
234845527 
1376893698 
182455559 
234033706 
367297219 
95544657 
4027699689 
3363641223 
3685486455 
299187410 
44196397 
2916305152 
1406622804 
3251809040 
3377723157 
3373636306 
3351761439 
327094947 
22026168 
93174945 
2993630820 
3351161049 
2578833583 
13251382 
18335872 
1875068094 
289532906 
908161 
2980828851 
2276551987 
473321533 
1604144353 
2890570018 
107724856 
1453565539 
785764172 
22911650 
1410316838 
191463787 
535409021 
3084383537 
2845891330 
3032245677 
15376357 
2184092905 
3044705753 
556151596 
17372728 
107190796 
3028895979 
268334292 
970207298 
357606935 
2798013980 
365549634 
2360650908 
34615585 
2766468809 
2902815927 
2205460310 
420176893 
858489295 
2339814349 
2835365134 
106916167 
2237829480 
124172951 
775286364 
2897127418 
283650493 
2589624296 
66927430 
76617978 
208442526 
230938469 
50378336 
71792895 
86424236 
1589376188 
20617750 
316518255 
61382958 
414856073 
2799921530 
501546346 
47756728 
2748804258 
2375151727 
2180458806 
87993574 
36056115 
1284676842 
116994659 
14861745 
2730002606 
90239205 
15985111 
79190989 
21146468 
2333536176 
2733399982 
20280065 
2289913051 
33892163 
2647955822 
2647716960 
2404935324 
2383432466 
983159431 
61693730 
2163163957 
2166722766 
700600771 
572223195 
897569455 
2242978904 
2455126483 
1522904352 
2512202748 
21448858 
618287680 
1690761806 
1287041528 
466984899 
1464314833 
9905342 
317422543 
1378040070 
493381433 
79321561 
1685908440 
53560219 
432867443 
2217874898 
2359282723 
2353399831 
7694232 
2313891109 
23751934 
14708814 
230944453 
1283090204 
18957805 
249782395 
253536357 
203307838 
216939636 
16515488 
404562752 
1324542439 
2238934159 
20675960 
2228032694 
186032307 
854581958 
39030432 
351673222 
39282190 
1489776218 
2188093099 
31936449 
317160131 
108620647 
209955844 
899795503 
58463084 
95259271 
889396536 
1860665467 
1632913393 
1920215137 
405098393 
1876786177 
14229400 
1887838634 
53652150 
178637341 
38746309 
162088304 
1618481587 
259401680 
292495654 
1607338988 
257903809 
631859848 
33478231 
21299513 
1398259975 
1051217052 
250188760 
622024793 
1523307194 
244431323 
248811247 
1239865866 
41592143 
76280387 
363581432 
222128742 
462947128 
21237045 
29093157 
962672120 
90544961 
1330457336 
1359515948 
18289589 
40882910 
746029705 
1355154840 
90469048 
19767193 
85648537 
1314775872 
20031199 
1281705354 
1050765608 
85552375 
900610518 
21210048 
1119651342 
297563053 
55790824 
601697103 
472856584 
1057308882 
101250614 
600050746 
265386148 
483842786 
186154646 
1176492097 
324479769 
215066622 
78887067 
1524781 
26276391 
945462642 
568484165 
52488565 
28939108 
329042014 
13787402 
703719607 
1017660601 
625900229 
158182043 
564089684 
475822881 
993420877 
74707988 
171380055 
241272599 
965125170 
957336636 
945830970 
949931934 
400151277 
893749717 
136301916 
291085537 
903495270 
87480860 
245682624 
240286563 
60942888 
252056580 
159451206 
20777926 
82313794 
718101349 
552611116 
579299426 
22186128 
160530299 
218470127 
47365909 
260273969 
23503181 
93903950 
92123989 
757225843 
712026258 
15473958 
596079013 
705780932 
367447632 
409333540 
355032358 
34996447 
569921322 
586373761 
700118168 
15962096 
17503180 
13918022 
84542710 
632882600 
142328173 
616073674 
620054313 
295787975 
21196261 
110757740 
239255514 
146978606 
57769562 
562233320 
562769504 
585844086 
137698300 
221772832 
109948729 
531483116 
402875257 
204411787 
16173592 
16213449 
551181903 
65937473 
267645516 
116994249 
435281931 
538485025 
779627 
36847781 
17101463 
400891477 
397424516 
88000204 
87999532 
524559894 
293939931 
508730659 
493217229 
500268488 
35427385 
36137981 
270380633 
292849420 
380816062 
38735244 
467551928 
462075739 
47876842 
452074675 
68207464 
35838985 
15390867 
447119950 
131498466 
223904388 
14170787 
10182882 
25918006 
242400680 
270282944 
320210499 
18464317 
439038555 
16103707 
294642100 
79969564 
441297078 
89675148 
284657728 
116660005 
71061891 
237270207 
55832456 
423442129 
262365030 
418558632 
343401842 
90258002 
325171664 
152862026 
348061274 
292265118 
363210621 
19344270 
301376905 
215244619 
15607640 
328959255 
140956562 
25327370 
20414227 
107544554 
381573739 
370907274 
183357205 
102663017 
365413008 
368806705 
24437704 
249099516 
1891521 
263092276 
363599763 
7079752 
161760542 
264914367 
253071452 
15273272 
108971785 
95952423 
16172894 
267305037 
233686855 
91583793 
73870184 
225038361 
234678931 
17754009 
60349705 
17899109 
14686282 
314208911 
93847103 
104497020 
38998428 
253209216 
306123676 
296193299 
309159847 
47999622 
301393263 
293110255 
290470743 
292969801 
250688112 
11388132 
428333 
133455768 
200456671 
143878632 
285210242 
27456169 
277512259 
193262409 
15448732 
176371696 
119417210 
23792365 
84249568 
189089551 
153644745 
272387694 
220145170 
264124770 
17407534 
19515424 
218664303 
89169314 
266166221 
106849145 
119291420 
26508367 
219983576 
96559370 
111097299 
96532451 
122802233 
14248276 
225171725 
245548721 
96102210 
250601664 
204449709 
22462234 
135818864 
12434302 
12984852 
11576052 
18466967 
179522150 
19697415 
19725644 
40914713 
52804360 
65708880 
2729061 
16492108 
87748483 
36994785 
26571599 
58756672 
113698614 
16303106 
46820458 
57641627 
177005581 
23293367 
166516296 
131356207 
98453107 
21184948 
206661388 
219378836 
90741794 
216570778 
765548 
103301216 
17556612 
50132110 
206178954 
202743652 
204311719 
74568958 
174336290 
183465413 
92241368 
27008045 
6283882 
124482911 
16485096 
182530815 
7973282 
136325501 
92746008 
28567809 
14962567 
137836269 
14163008 
18746558 
14784960 
135583203 
158477225 
128863223 
8295072 
14810525 
134049154 
123582098 
130579391 
87997689 
31360644 
129477896 
15496407 
106113691 
116808523 
80540395 
36323407 
88917688 
82694358 
110238196 
89504561 
6841112 
33998183 
113682659 
18492092 
88428517 
13835612 
107728589 
19826509 
110751834 
78422090 
20310412 
44590773 
33277722 
88639326 
30721392 
20707999 
41793243 
18525497 
64958499 
30005585 
26347170 
17220934 
17374092 
84351228 
16465385 
17939037 
34888328 
78899619 
14741250 
18340341 
56198918 
52496912 
61910173 
20727117 
15764338 
49546124 
25692612 
20699695 
50749703 
2521001 
15276911 
17393929 
38500641 
50095170 
44418062 
18027309 
28439936 
8383522 
49701207 
18910354 
5082531 
25568439 
15349834 
22671862 
38996816 
32353083 
1512291 
25676709 
15154811 
38177845 
36335047 
10096522 
25805384 
20505278 
25981487 
29559693 
19658936 
34396396 
27031193 
33859714 
21242028 
19837528 
27742361 
14324284 
19581702 
17812594 
14126701 
17856025 
25864010 
19241002 
15122104 
27431875 
7431072 
16617845 
27023131 
27067874 
22870748 
14670517 
20774978 
19060857 
14000542 
26800968 
20133108 
26506721 
25865180 
25710082 
25806839 
8940132 
25749131 
25974762 
25974449 
25973716 
17732664 
25972443 
25807403 
25856338 
14295341 
25810533 
19544904 
23184591 
25671405 
15084702 
14800651 
2444351 
14620124 
22223385 
12819112 
23839374 
14750572 
14429262 
7144102 
14315146 
725323 
21917160 
617133 
16649758 
17221246 
9893772 
14390827 
17781165 
17105599 
3339171 
15028704 
930061 
5747502 
4816 
14407474 
17779259 
21740561 
16804119 
783214 
21803214 
18683406 
17074440 
20 
717313 
16144702 
8633582 
16245822 
1046661 
