237634998 
486760134 
2350727587 
620445782 
111946118 
1629554263 
2611260818 
3048252195 
622119561 
1056689564 
1641860082 
1414721006 
4211130257 
20291704 
1109164374 
116706360 
2778842292 
2617242450 
1308678415 
2911589819 
3404806331 
3183801562 
581033983 
401146706 
1654449182 
4687623691 
2813693810 
1113388932 
2416458116 
2902033120 
1488058832 
759191683275841540 
3297185825 
329418923 
600591467 
2249609996 
54177550 
3008451348 
995642455 
4043893096 
1305995330 
1962569347 
3328277663 
3076595087 
2872529171 
101857419 
930898304 
3306341327 
433429172 
2755211481 
3319545392 
790201489 
2411488800 
2675405208 
227121370 
2165651892 
549510165 
1292362992 
2747938309 
3024453651 
926114798 
2432417994 
66714703 
4873264343 
3077917704 
2505267823 
2505900266 
736616562396794880 
562266134 
167555974 
3275135713 
2232996836 
2767466961 
2365843322 
249724905 
1120654448 
2191456231 
1641150530 
127360861 
2221394253 
985204914 
2496762631 
532921641 
1155660415 
1383966032 
3384147063 
585937668 
2372871345 
3007818881 
22068704 
2267323507 
258923616 
3054761594 
4237871542 
424399010 
221197757 
2936637238 
341102954 
538613656 
1141461181 
454939382 
1561145676 
2395044648 
930506383 
244018192 
70009161 
476634454 
732069193 
2329649780 
66903727 
1253397445 
1400837108 
1510418280 
1117957238 
1222875848 
2880499907 
