246871490 
4281723747 
15692998 
714575249128423424 
19244712 
19355795 
78945513 
34109146 
22419166 
25916881 
135108504 
32281548 
18087749 
14467486 
54306830 
15992673 
50044510 
21657697 
17614200 
44397959 
76438819 
41160276 
343171266 
245649240 
17091571 
24295482 
15985455 
12889162 
15075999 
14728168 
270412323 
16787084 
706857613447659520 
11203972 
24212955 
727472528 
149913262 
19370031 
19173787 
21888595 
30694631 
396618851 
20369095 
393469195 
60873110 
16930489 
5781452 
14629468 
142835070 
327684281 
212368359 
228858337 
18085974 
26860209 
19127026 
79295885 
182433311 
45845303 
176573604 
48470350 
21261661 
48779464 
22286602 
21829541 
109979045 
89297892 
138843932 
46082095 
17879692 
20748745 
18089606 
432895323 
16163639 
711188856943411200 
52136185 
108471631 
4121225056 
52544275 
39344374 
25429371 
39349894 
729676086632656900 
471672239 
56749157 
22203756 
43919633 
22055109 
128393253 
14331688 
764381442977718272 
631310817 
97912404 
61654262 
775176171700891648 
272395158 
488679352 
275451635 
172414996 
220081296 
90484508 
10671602 
186646579 
43277789 
228747444 
56561449 
18313747 
2332354080 
18927441 
2448135692 
11928542 
23878330 
2207588833 
334053327 
29954656 
3195591187 
147725246 
3390731 
170861207 
185272205 
7841652 
182824991 
60680268 
22956220 
1917731 
14159148 
337742544 
414331122 
14625398 
16613128 
14499829 
39384517 
15134240 
2248872301 
9624742 
146569971 
115749048 
19658936 
2359926157 
16028241 
6519522 
7152572 
17629860 
16669075 
66369181 
82959058 
15647676 
256199223 
604051234 
73181712 
288308178 
17912982 
23798694 
219429281 
151232686 
211530910 
195271137 
43969372 
1632772304 
8192222 
18166778 
282695161 
17800215 
22509548 
5561412 
18891923 
19739126 
18208120 
619420793 
15207668 
14344823 
11134252 
20733972 
733751245 
18916432 
418991627 
20545835 
15439395 
697866076068024320 
31353077 
757690031297495040 
752883424055087105 
4836402993 
24083901 
1345577744 
570348533 
91279573 
3336933532 
2359692109 
1369895352 
3229908828 
2728672957 
17980523 
590211920 
70024758 
358545917 
714862668155367426 
18380551 
14505245 
109065990 
18643437 
20713061 
10774652 
23912441 
58379000 
19553409 
19417492 
17078632 
28614262 
480853069 
16662881 
4884939394 
65691824 
16193222 
19091173 
6017542 
14844867 
17995040 
177564016 
741499559424098304 
521041062 
252398355 
2316003960 
3006081057 
17333877 
18956073 
264719240 
16887628 
51241574 
1652541 
807095 
5402612 
2467791 
274316654 
766088331067269120 
742143 
758775730553688065 
64643056 
455764741 
115754870 
215762606 
2333941467 
45190383 
1892321022 
3914047581 
1618641848 
261749735 
42916923 
3677742792 
1013374544 
21976456 
12612432 
710990834972233728 
2513881490 
705902960967094272 
313024334 
3284112337 
732980827 
347627434 
129235890 
26900055 
393190233 
15335534 
1379288282 
954124423 
121217779 
3306629815 
4289460455 
1019722404 
588617041 
3151471595 
223970563 
19400611 
281610530 
40116885 
2906348990 
71627462 
69773058 
26487169 
4761064634 
46002396 
47739450 
29458079 
2983514173 
274891222 
118845216 
25073877 
78523300 
16589206 
714916261419958273 
17393196 
2188423838 
40041914 
352145373 
602619980 
14534931 
55590247 
128467197 
41144996 
19083469 
272251414 
342887079 
113758100 
197496309 
231697352 
18217624 
49140008 
469194846 
30313925 
822215673812119553 
158769098 
457984599 
86177206 
18805644 
14730894 
21586095 
3135241 
37764422 
122207745 
18983793 
48029066 
14839147 
451586190 
48459553 
179245596 
166990746 
247723476 
31540671 
16157855 
7702542 
38366517 
22703645 
237403203 
16032925 
213795411 
237348797 
33750798 
88784440 
15745368 
18906561 
23022687 
1180379185 
216881337 
1074480192 
65493023 
36452050 
112047805 
46681100 
38495835 
25101996 
27744185 
15513604 
16180004 
19268706 
21010214 
16725276 
50055701 
10168082 
29216764 
16031927 
263758909 
14669951 
50769180 
91882544 
118756393 
7713202 
17546958 
15976697 
28587919 
23970102 
462104542 
15731751 
17454769 
110445334 
2704951 
196168350 
28628850 
39308549 
640893 
18646108 
41634520 
629433 
15502845 
24447643 
16989178 
14647853 
16899075 
8071902 
18467164 
14471724 
18087450 
17685196 
22548025 
17872744 
22047070 
22806337 
20016382 
22103036 
22160015 
17366400 
10112862 
17582203 
17371873 
7402662 
9855382 
16827173 
13493302 
14075928 
14513611 
21166535 
15227791 
14522546 
17090031 
19299909 
14647570 
17516149 
20957690 
21540299 
22699604 
16232940 
15089331 
17993906 
16468012 
17302997 
15471853 
17193201 
12044602 
20392572 
15416505 
16302354 
20951862 
17564591 
14087249 
19259282 
22056192 
22533545 
4923811 
14335435 
813286 
11640472 
19394188 
1367531 
6211972 
19538986 
780457 
13 
7905122 
291 
