236549282 
472967330 
2223592103 
525312787 
2269130208 
1003794630 
343547084 
2625176466 
1141461181 
1438162062 
141864252 
843112550 
581494085 
536649400 
2900426395 
1305995330 
1261249778 
4459665706 
3435109216 
789614223538135041 
1008151898 
2597498814 
2748001296 
2830051135 
588730194 
503651425 
1092777318 
4079946327 
3782103554 
3375148312 
3241967302 
499238848 
918346674 
603269472 
3386064567 
379226206 
2980673467 
1547290333 
1034119346 
2313227480 
2357600840 
2501274093 
2209145031 
1056492074 
454939382 
2934211394 
2717557345 
176224244 
366999215 
1154072965 
2201635304 
2323945699 
2277539705 
4785000319 
606856466 
3383907393 
2764468210 
2196891614 
32128600 
910828603 
2337609794 
323634172 
523512145 
746935735 
1863807403 
485370684 
2216118331 
2205082777 
1443730951 
521685752 
543316184 
