21552837 
32746651 
38631926 
17000457 
539153822 
227829587 
573981283 
22164685 
428138518 
785764172 
3274888813 
68542397 
1261134506 
16347954 
3245631819 
330804164 
744730495 
543751139 
139819194 
3040274825 
13015792 
168857946 
14174897 
894057794 
2325805380 
15358364 
546140048 
2478351806 
426193486 
44615574 
101857763 
15518172 
247785677 
34743251 
44196397 
34968878 
18951324 
114870386 
87492534 
1176929576 
2688936596 
571202103 
201346000 
33838201 
26034412 
91478624 
7617702 
31411305 
50090898 
372475592 
3108351 
13334762 
91985735 
2103221 
258635556 
140505190 
290189667 
286556165 
305688427 
479186475 
536082705 
7712452 
9871782 
5417132 
17010913 
1276633316 
23115673 
25060700 
14433007 
18539631 
236362984 
156484852 
107179687 
469799063 
481320123 
14103554 
188877473 
155973251 
442015645 
174172779 
87984896 
394659559 
7533482 
20136381 
15924775 
19641473 
8957752 
46681100 
34859928 
16936237 
4970411 
248747209 
6126952 
14747178 
14834002 
17900162 
46465977 
48333995 
20967705 
110424092 
34032366 
113053672 
17412113 
15137979 
14049721 
74479137 
28368529 
193760831 
24221747 
87324164 
82151473 
36980528 
34095061 
3596531 
17957392 
17625824 
119922225 
14273368 
16823772 
36419599 
16649265 
15655296 
32755006 
129006711 
22800965 
117361753 
93896153 
56539788 
21424538 
14209680 
14352888 
21425125 
39574620 
17068496 
94783399 
12216102 
19248489 
14293310 
822215673812119553 
30313925 
20214495 
50393960 
18127893 
97018020 
16302763 
43180662 
41418888 
55029562 
50206768 
14628090 
15680097 
26642006 
47955102 
18050814 
11336942 
67030067 
14984090 
23166140 
10029732 
15210530 
1115271 
22147204 
18802547 
35131869 
62581962 
35984753 
19270008 
25444905 
20376113 
17357835 
18037907 
15072071 
38274493 
15661468 
19759901 
20723589 
21421690 
19082263 
14402553 
15580925 
37308496 
60418888 
43445178 
17820493 
21977879 
19263333 
23036952 
35838729 
52857106 
19909709 
14205258 
15775923 
54738087 
26030236 
15710716 
39387682 
4099261 
18358952 
1092921 
10415712 
15675070 
79543 
11148342 
21394940 
46369930 
26076934 
16809084 
8369572 
15304067 
17154934 
24164464 
15888142 
43018338 
22909745 
44130152 
15873409 
22337815 
10099682 
798007 
35120520 
12781762 
24196764 
30440861 
39432444 
35256850 
18736383 
39218245 
17173775 
14874772 
14301096 
21119759 
34718205 
38317840 
38393798 
21631487 
15867069 
17950779 
33094299 
11752272 
457573 
24843973 
15585369 
11740902 
30252339 
16886718 
25268804 
18159539 
22922432 
21111883 
16827489 
14071328 
18997605 
15381868 
16474930 
13967652 
20471067 
6325422 
13363182 
16216719 
26113227 
14721260 
9202882 
23115323 
10849802 
16874589 
19026126 
16907121 
16555744 
8962882 
16197726 
18498684 
18234030 
27773110 
24795035 
20687082 
14228300 
3943671 
15648561 
20069155 
16942867 
20783568 
17370643 
3476 
7451382 
11104682 
16689702 
19090295 
19731175 
16146465 
13436432 
5988062 
19809471 
19606528 
14792079 
17184644 
15299829 
7846 
1458931 
14754358 
18090193 
15485441 
14316736 
14171610 
18100336 
17474940 
9362062 
20862565 
7861312 
5741722 
5248441 
16334857 
20998807 
18002296 
74673 
1399231 
10450 
23193911 
17880018 
6120472 
21788637 
15019184 
767396 
15313127 
15371008 
2569261 
14390225 
8368592 
23070217 
19316220 
19139963 
15939889 
23940872 
18935983 
17071046 
18220175 
19742484 
17428473 
8516452 
14935798 
8317872 
7985672 
7836182 
7822742 
7520262 
7517052 
6735882 
5768632 
1467621 
819375 
818071 
690823 
15620118 
9689552 
19655985 
11217362 
15742270 
20791157 
22945474 
16327728 
22748509 
14850503 
21594964 
15670515 
14660636 
22852950 
22720848 
17216578 
18746235 
8065992 
18313204 
14647853 
15182629 
17628469 
17612438 
10344032 
19408219 
17331498 
812441 
14207460 
14886375 
14693317 
17479521 
2384071 
14703696 
17889506 
11064542 
14181317 
12381352 
19667652 
17220582 
1629651 
16995639 
4804801 
10005212 
17964721 
15173068 
15583287 
15893029 
19150841 
19206933 
813286 
14095070 
1235521 
11388132 
7905122 
9360682 
19539314 
12044602 
19362341 
1702731 
807095 
14823587 
14647570 
14065217 
15813140 
17220934 
16485096 
939091 
16319797 
15231287 
621573 
18667704 
17425624 
14522546 
546313 
5402612 
19873296 
15579774 
15760506 
10183542 
14397570 
1000471 
17366613 
2729061 
13058772 
657863 
21457289 
16402446 
3839 
5874452 
4057811 
14929418 
6273552 
15131310 
18222378 
14075928 
783214 
17461978 
19314650 
14515734 
291 
15076390 
428333 
10350 
20067354 
