77883853 
17451841 
47034934 
16504257 
17974481 
9956892 
7385452 
1096083931 
1551845498 
1306703598 
991401877 
635384362 
67145744 
34719469 
11178672 
22054220 
26254626 
581715767 
1917793657 
506382311 
13844682 
208008927 
19202541 
19564533 
25878169 
302261449 
91145803 
40342980 
16895951 
79570587 
17093617 
62780688 
1677101 
19015299 
86775205 
42953038 
188632613 
66021490 
81605662 
151056018 
45914458 
22649558 
31904918 
29328707 
45516390 
131497030 
22656534 
22036565 
85654649 
14405393 
18639997 
44439678 
14256759 
19032103 
6981492 
14963174 
25014262 
160979285 
17382568 
138433559 
65585979 
83883736 
23116280 
14150661 
14080525 
8653962 
14801264 
94667476 
122973878 
108968931 
6273502 
15370860 
14977084 
17453131 
116554396 
77589492 
15825547 
28168092 
79708251 
19242750 
94165344 
11278102 
16132526 
18007590 
79836272 
9017382 
15840905 
35801202 
15249166 
15063313 
15197321 
26857202 
36998639 
15666380 
16869849 
16816155 
16079276 
11107172 
12456402 
16623719 
16399045 
6622192 
15728161 
7144422 
797835 
32517978 
15714547 
72555507 
22946999 
49445813 
36077714 
6141832 
26131848 
21128334 
93315494 
19164524 
15189391 
2384071 
15120110 
22465084 
23153051 
39549278 
42697488 
19505749 
15383961 
41751357 
816653 
6166042 
16191902 
17838596 
18021255 
17159804 
18102259 
25677631 
17222002 
61377832 
15859033 
59514202 
21495286 
21835448 
17163169 
14910404 
37430593 
18843227 
15853251 
21119658 
42539542 
21342418 
13746792 
43363968 
47358562 
49478931 
22336744 
32396853 
27316876 
21912364 
18148037 
24528585 
21636265 
16521293 
19658826 
14085070 
16811614 
14647570 
807095 
