61445738 
215617066 
56399765 
2495260130 
2506278571 
41955514 
43860973 
585884740 
1427388054 
600691147 
804974857 
1526105888 
1966364414 
2324962214 
633227275 
382629340 
549376872 
262548205 
436152884 
2273159697 
367681573 
179232758 
410231787 
1492916731 
1406667055 
1578307699 
84042139 
1365211633 
210892871 
300161464 
31837434 
2385452538 
17547591 
2315659386 
22784904 
56736299 
1607281952 
854620242 
471423923 
334926122 
65419594 
279071223 
2182246092 
773921209 
941708288 
340146485 
1398927494 
1399027706 
394307660 
260721013 
427482865 
1139623021 
631428028 
158855234 
80845534 
481067074 
350837995 
415117814 
1053367310 
322939484 
244821900 
39008020 
1115084076 
1658376594 
1485972319 
1464729936 
1532493240 
246705347 
1523280558 
308059336 
1426348088 
222071431 
1550061278 
206829161 
25792371 
1577299460 
1491142002 
138947693 
94277743 
1358278080 
1325073391 
1603060026 
373157333 
238510866 
403536803 
791068975 
1548358909 
484625727 
256131030 
1925905010 
1954309760 
1425197316 
2159541060 
2159100395 
476996153 
2196151320 
209410945 
2205719964 
2159867204 
868360208 
2244602991 
2279908184 
382563504 
2258460362 
925647978 
2330872938 
2230791512 
2345259318 
822185636 
257397444 
1965797508 
2325384282 
66600291 
2373689504 
1357194576 
1962964634 
572264038 
2383313372 
272007340 
1080058026 
257169058 
715923426 
443033172 
608452024 
322596163 
292432378 
239972554 
236946984 
550989149 
589481208 
486451384 
155192439 
1918236307 
2394485621 
88935977 
27648752 
194334066 
519471430 
80111587 
133436582 
15180315 
2325744576 
2298844170 
245349682 
186413671 
220149882 
148477475 
481566373 
1178784822 
1911086456 
2285352378 
118828764 
510704164 
173243862 
322609332 
216659901 
546363462 
130197701 
23878088 
1112315256 
277566049 
127818145 
61118465 
121200982 
1356846192 
169356348 
2315415500 
87045571 
8539242 
1023894805 
59103212 
215662498 
607228123 
322175372 
390637742 
51941120 
93950513 
233577279 
517992809 
758933593 
1877105978 
136399262 
245029138 
486544998 
20236206 
404819771 
425146617 
104664475 
1935573666 
2242580629 
17939037 
260211154 
1927443432 
460522504 
14243046 
462330023 
48788453 
106832630 
394023839 
182886164 
2310695640 
200872539 
414299987 
157053269 
472929211 
191853008 
392962247 
19818385 
337605795 
360821037 
807445874 
327415134 
352355136 
161551293 
128730836 
30888803 
78871770 
247392783 
2147866206 
146092252 
539977154 
188043002 
112997150 
158045487 
618920399 
875866320 
351133828 
80896535 
159084279 
59147414 
182885148 
59479721 
343631150 
1444550186 
274955123 
515432243 
131528998 
175483149 
278052503 
2163936801 
48157386 
76101164 
480840074 
19591459 
24028386 
334097375 
46342393 
28567809 
19837528 
58431280 
17070069 
221055586 
353607508 
302176216 
66682604 
171897913 
262665364 
6705042 
167057702 
3355281 
36451219 
14499829 
28535038 
712429963 
471917905 
492323809 
18809823 
368436731 
29310327 
456775077 
1825330614 
518634298 
279201006 
20517668 
41561657 
162088304 
383114544 
21181503 
253588542 
223430081 
158378782 
252074645 
344908060 
90379103 
82612443 
43300273 
83829298 
525280753 
384354104 
533593091 
20323290 
720961188 
233264769 
309040388 
167026932 
621543 
326240302 
234905858 
414067985 
187909268 
78017072 
554469844 
77315885 
482191796 
1120799718 
