1951639321 
733026988148043777 
73200694 
2334391406 
1097487396 
631028104 
39633585 
1678439168 
785889619 
100064447 
722927307996794880 
297074078 
541995607 
1192886935 
131207345 
715968341 
72309604 
2256819019 
53194352 
34507480 
21447363 
478035536 
103012173 
65675400 
248427201 
47321124 
1011414360 
1487613854 
175697418 
1480917637 
2793625865 
3286004797 
407059686 
596487854 
443215941 
88749392 
55117855 
1906518020 
415705490 
626446509 
1838053880 
30888244 
2473534651 
218989500 
932960148 
1706461502 
1123385192 
511281887 
408796028 
635950546 
403245020 
449067432 
173210133 
55866518 
794675360 
180505807 
870891288 
1480906910 
741911683 
448229520 
210427705 
622876568 
595165398 
853024243 
79632621 
277208115 
192271429 
777062886 
299988479 
566984750 
153026928 
409089366 
372211203 
543941938 
369726455 
568448554 
289962559 
159624725 
603972408 
366329170 
230460225 
535032783 
331255023 
247891465 
875487103 
475361596 
136082327 
260543938 
1531959924 
127373741 
613055272 
1454673122 
1069345146 
423764980 
961016988 
178880291 
470726997 
444265201 
59652695 
39897857 
522490258 
133475414 
360697402 
339297101 
212313313 
90003905 
104032156 
28217003 
491790061 
23148595 
463429217 
54391066 
589992676 
203303080 
241517869 
212459538 
91587437 
284239720 
275295391 
878615341 
34653025 
248939241 
842729720 
61644037 
187302122 
147957668 
267367069 
7333642 
72145688 
396196156 
997970894 
134171069 
608433158 
585207175 
358067916 
21272026 
789377486 
1199159918 
1311137023 
494300922 
1143072463 
1319170819 
212533912 
1345107186 
621993480 
1418292890 
268745865 
330494858 
1059673332 
108658627 
250663557 
1560884672 
394286303 
433429527 
1478057437 
567708615 
542663787 
373361568 
616624807 
558233788 
53626230 
213875308 
548818005 
88977244 
168693218 
1360669676 
134785019 
231828965 
427704802 
1048481672 
386893932 
917864545 
1226525942 
386725754 
170166329 
482677242 
450938196 
37260649 
165500306 
636819216 
1203098936 
542821759 
327484551 
893569069 
189588931 
1334853966 
1060558778 
398413610 
217614848 
125172398 
269384756 
1260892039 
231572727 
1038463549 
191139085 
292059347 
573000395 
1084525500 
1039302764 
368031428 
298660377 
163859731 
427075270 
492718727 
337847523 
632223269 
1293400922 
902573544 
278838659 
1408826815 
344999517 
1035603440 
941878759 
598796982 
821799942 
606794715 
47193892 
632273329 
575269719 
288043684 
348832286 
190860904 
760422205 
379335519 
1031711203 
379462979 
371427005 
370825941 
245040316 
200980075 
219156682 
210035273 
38885155 
221257232 
216760050 
107214267 
421672199 
920913176 
460534661 
932473080 
60168480 
1140496376 
541127887 
1311465650 
593426458 
243501475 
94185895 
370350076 
774757159 
431989199 
283302428 
352105449 
706581692 
211255525 
866615304 
475384091 
707663797 
280278786 
52463314 
313060265 
387007890 
276652984 
159734727 
490353358 
967423842 
100057627 
612822230 
1077454489 
420664485 
1403606792 
387868251 
27306786 
58166411 
169275151 
23115255 
22337104 
26161027 
29871721 
15147344 
213773366 
14467688 
354500863 
118489056 
134303306 
34072411 
213935075 
91907585 
321031895 
133127707 
249975262 
331504026 
447055673 
844633622 
378867585 
356538369 
810199176 
732677365 
551107943 
320893657 
71952597 
625097910 
1312019546 
488168527 
456763820 
601338069 
919193816 
258570979 
106469760 
710059376 
182016127 
562490084 
26156826 
635500514 
542146094 
388402539 
883473506 
117857716 
467787759 
285923606 
378351274 
587728348 
267926182 
1046895162 
127884733 
87674684 
429858253 
381568697 
989328427 
411018268 
521319129 
16190898 
242879947 
561899818 
30060586 
334321310 
710417294 
202808654 
84939658 
406599618 
390255244 
387548731 
1126528591 
870302324 
416791733 
796737836 
388372508 
65757587 
572078573 
1274118828 
594922856 
1100284902 
534798342 
447506629 
853636620 
321906342 
484427483 
218005001 
198594161 
782713598 
314830991 
861789546 
341577108 
800527429 
181382041 
247746515 
248673049 
144107217 
373364741 
61540213 
932752982 
272149603 
574844939 
358434190 
520209504 
1177229516 
242968411 
285852181 
1075946647 
393488321 
575604425 
168307528 
377691002 
864318266 
361837249 
218591032 
485562063 
217553490 
160326951 
92839492 
312297866 
180049136 
161988269 
453642011 
890830988 
225982367 
397607421 
1321087940 
1320457374 
464156077 
335378625 
469732651 
43806399 
31332949 
1172591666 
965701604 
207196889 
802835010 
338562310 
45371032 
52925095 
580447144 
232755299 
378205136 
1058295224 
220853675 
503399401 
1239102049 
98985771 
243835184 
30263703 
232740027 
453076288 
601514065 
1302202716 
156266618 
327729703 
606794848 
299174885 
426261298 
1305732487 
394776913 
403921198 
240136406 
238666317 
501847599 
622397586 
794913145 
318063037 
22617605 
605630004 
1281157634 
598761414 
167695448 
738312097 
509072561 
1090399352 
369649948 
183998118 
1052021238 
375793418 
382423098 
383478519 
562521213 
202426953 
614947773 
403013771 
946005566 
277995082 
416641540 
109414206 
198964892 
573999011 
701351527 
478771567 
347992217 
334809318 
67447029 
129548190 
271613398 
718940876 
364203167 
410804656 
217539687 
170357368 
459424085 
269505374 
581963912 
129931084 
716606124 
112774478 
792203389 
346897889 
538609273 
544231793 
370823439 
504564823 
248658475 
241370162 
347384891 
612727909 
154945930 
1050332689 
291357026 
757405910 
628009752 
104577467 
597145913 
165868967 
262375641 
341221586 
1220735904 
302864011 
148044029 
160704986 
636492710 
345291917 
287064531 
265989804 
208787947 
866079414 
530001492 
711468715 
411587269 
352140434 
620905853 
546190081 
620482312 
242026741 
227766457 
420637875 
496341188 
792033984 
132892233 
248828084 
440398784 
32346604 
300562505 
554051712 
794922614 
395995868 
403818095 
510420523 
147015924 
238816530 
436647099 
242977942 
386555627 
350659980 
474243011 
452527729 
539379623 
58896294 
226868504 
217770910 
1029549919 
30886589 
520884446 
35664773 
548613722 
519942711 
70059769 
278258172 
777089383 
474981761 
710456437 
158489114 
955795111 
548014050 
550492893 
138593157 
518735311 
29502066 
378647565 
446291140 
705068533 
437729007 
30047695 
33959871 
1051415496 
791760733 
301106575 
1209477031 
941604744 
902671928 
113371031 
970399508 
132651204 
59622483 
169827135 
57430955 
700322191 
441378374 
30509742 
20881976 
184521857 
315462310 
561384643 
353743144 
386974949 
853599229 
924589596 
612028720 
570307565 
180593993 
7383122 
33933259 
57357461 
488638720 
77873943 
443168617 
268550435 
332124796 
44568179 
613142230 
326542714 
133132558 
71348334 
760083434 
173199373 
325286498 
304867660 
563421249 
308795243 
725177881 
252903494 
132595757 
351318515 
56318491 
210642870 
718734318 
393103272 
68618149 
130683710 
761027659 
122299713 
243435509 
378831255 
155692200 
475438274 
507669265 
553882377 
334881970 
108825624 
283523262 
443142143 
486592655 
472611903 
549326454 
354002820 
215881646 
22092470 
231978323 
20163737 
456204069 
364533550 
32382788 
271172415 
337130593 
204290517 
128955780 
327534747 
242370855 
254139408 
197911936 
431622143 
258437077 
69893283 
87319618 
172106424 
193886252 
332591536 
120857745 
220691126 
239548688 
222788082 
372574219 
319894504 
190877441 
365749105 
303835201 
429027102 
130286937 
263155331 
124512577 
406720587 
40973877 
118109368 
137536650 
57788219 
43799336 
269500566 
39908975 
379016115 
170848339 
220384513 
770729 
52976469 
93026395 
202654574 
352506453 
230097513 
384683218 
301204739 
117742245 
62591415 
380294247 
87781747 
129057387 
392456502 
293919502 
30572089 
244586727 
305470824 
327282749 
152382144 
190480486 
312976442 
61061751 
310484022 
378641892 
218410057 
200532529 
130093614 
234409801 
227142788 
223296140 
50258409 
182737574 
60372733 
169569301 
31236002 
206945307 
25084940 
100220864 
217180774 
179958011 
165011999 
90246174 
198565545 
53012043 
138695982 
251320338 
242648082 
355124583 
99382317 
274887777 
359173064 
359095808 
234982181 
338302489 
361658230 
165954401 
293347930 
149342826 
216340611 
17615160 
332852276 
281766200 
21143388 
25876140 
213546087 
332045441 
327543345 
336062657 
271647355 
63808193 
326294772 
158123058 
23648057 
101099964 
74580436 
289759808 
126237842 
149761390 
266650649 
275724957 
43098260 
234555336 
262709158 
220031023 
29873747 
84141715 
182103157 
111983779 
25633081 
286820993 
307137547 
232254859 
227901823 
151866947 
134702527 
290982204 
275388381 
280150179 
58772121 
231684352 
68074774 
127105597 
46521914 
56903930 
195333355 
40765562 
307177197 
236756244 
50408975 
100734082 
116837179 
115485934 
283645839 
128413926 
288565673 
50597591 
230718434 
306864513 
219536439 
238874260 
231056887 
148587231 
217438534 
289172517 
132744851 
308721406 
235756903 
198758890 
270184263 
301809946 
308878132 
299310778 
148779151 
257009526 
154377187 
107823247 
237678444 
279177079 
260930298 
164638408 
108544439 
178845906 
134350947 
290826809 
293187010 
308640414 
151402728 
139287053 
222294075 
166397936 
29845061 
235785310 
19018401 
118121807 
16409683 
18222378 
193476953 
126198354 
67582940 
27211918 
99485467 
175792140 
63329489 
126307304 
134528779 
278384927 
76943142 
81679386 
196716122 
73353290 
265826890 
71483297 
126693313 
180959607 
27730547 
168623469 
246591458 
60727070 
30821820 
268770130 
122679516 
148429946 
168120922 
83420975 
187924459 
104653058 
102736325 
230214257 
144960339 
256080289 
17718126 
269755763 
75088232 
109265316 
102149849 
86605491 
130609282 
29846360 
227024850 
190773833 
48878909 
252472102 
179800477 
215171139 
54022027 
85738498 
112230318 
261901440 
164555225 
220253477 
94732606 
141994027 
241772795 
232558862 
251206044 
186858413 
21039630 
262794965 
246126681 
222756013 
199609304 
221104192 
33290528 
105119490 
234409953 
148412210 
147521638 
219003718 
124505901 
161019174 
100425564 
36008570 
242456036 
60213186 
104249727 
56783491 
19679611 
64830299 
41511518 
52529393 
64350003 
89102727 
233388222 
131121225 
142909607 
189536632 
179174706 
233266346 
227401199 
100270502 
82851273 
41840110 
98922827 
195739752 
73483859 
50974682 
22900332 
77172302 
18454999 
27260086 
123903376 
203322433 
79650494 
168634235 
157140968 
32959253 
25365536 
19329393 
78693749 
27989078 
228000989 
227985799 
189345222 
161516748 
62222966 
80434164 
191399540 
52530748 
183802027 
223022935 
88197253 
130119099 
139732380 
51849400 
101560314 
229844026 
126946896 
161432084 
229358184 
140221606 
160968620 
188082952 
120103417 
149383323 
130810937 
165513841 
176102406 
183880958 
75396140 
210586851 
197140330 
128889779 
86419266 
201660451 
223034711 
114040560 
210951237 
126878895 
173826716 
191381118 
177886492 
99753296 
63862148 
90249153 
230503528 
169521115 
128360079 
82194964 
124819625 
229957871 
71628165 
21121427 
136107728 
181106855 
131155570 
143847665 
227998576 
138675839 
229925020 
165645382 
205278568 
190827453 
119070673 
103659423 
138734097 
69671984 
116407567 
41817094 
176691495 
65213978 
40511475 
8749542 
30079101 
16035078 
213203361 
17087270 
17189745 
59154933 
140956424 
122212442 
212104608 
160394438 
202968942 
109848416 
179315475 
129798390 
33072382 
129649215 
79293791 
34127128 
35787166 
43285794 
138732992 
217756880 
153797851 
220536271 
37886837 
204543555 
40206738 
219157103 
135508774 
217783029 
38786033 
179973628 
198749460 
197621575 
64162343 
68376457 
33904794 
114669648 
16679529 
25251574 
96459101 
93726412 
24385787 
215657979 
86980896 
22813574 
216987577 
43319015 
101294927 
53932289 
125561464 
131900838 
48395505 
106497405 
141240396 
168408342 
25829780 
118458457 
115420959 
207134744 
162111269 
94254250 
111363765 
130051481 
213304920 
103560541 
215756310 
139195477 
169979438 
53310065 
86096699 
197852465 
133912439 
184535427 
102345451 
76563826 
160706424 
56913373 
114558371 
120168825 
216251395 
33139660 
129163473 
215124174 
57181974 
59672330 
23912587 
214602777 
58974295 
45192520 
143785935 
201494579 
215023444 
210892047 
65803490 
132137097 
181248521 
46265939 
114888280 
52431509 
215874238 
26673007 
112536058 
79768009 
195502067 
137895205 
158738360 
155369153 
205057610 
156422100 
21242821 
201161655 
178653237 
86302870 
30387374 
165801269 
132515186 
20123224 
153386667 
135360606 
115238841 
32226789 
38272811 
20952353 
63877788 
36930218 
60150150 
102513451 
51433136 
95229952 
21346263 
51046555 
20326019 
40654590 
69777726 
75351361 
38934459 
50380985 
94640174 
38828231 
46738787 
74736924 
79111771 
35171842 
31897729 
96142700 
119721542 
34227881 
53196232 
43668516 
123644657 
43659765 
30593088 
46267100 
34624448 
78827696 
21729803 
78532948 
108540221 
30634032 
68156514 
23923826 
64663430 
73418749 
89965132 
64161922 
106201743 
26650614 
99645341 
57983144 
20877315 
93201838 
34113189 
72766206 
62050276 
21536502 
30493070 
29893012 
83768066 
31291849 
82353464 
30165303 
49693394 
91819989 
73179351 
48526016 
30714670 
36170597 
30410320 
95989191 
62224386 
21253201 
69099569 
47512195 
23382081 
42294862 
44303609 
104911780 
77767288 
95698038 
101574520 
59375868 
89650663 
86604686 
21041619 
85881251 
102634808 
68234502 
72865191 
99855815 
17744018 
31233990 
30148907 
36414247 
31344537 
77584440 
106800362 
89333926 
28673442 
30168456 
90540609 
46386769 
102128381 
56750799 
36980306 
115493916 
48255899 
115219069 
101262768 
114852788 
54382929 
44242921 
114052770 
19630951 
24502450 
33131538 
19786749 
25207524 
41741187 
16579345 
21111883 
23620920 
17919972 
