14605871 
18302410 
14958000 
17683615 
2737751 
15774172 
17447574 
15670946 
14729745 
16735257 
15276969 
16803937 
16873810 
15489180 
14709419 
11993912 
17539532 
15470337 
17107855 
16707235 
18313983 
14387146 
15011832 
15169876 
15930377 
18111820 
18112784 
17458281 
18414706 
17961011 
15215477 
16294239 
14098190 
14161927 
14338144 
1046021 
16436120 
15341492 
17420056 
17425626 
14408366 
16060394 
12772672 
18013357 
15018027 
17459765 
12063242 
19203979 
15327567 
16958054 
18946391 
15764566 
15122699 
18629146 
18841906 
18803183 
17588449 
13519212 
16357635 
15555196 
18487449 
15787216 
18186049 
17193751 
18481463 
16147523 
14239222 
7933972 
18823163 
16916878 
15878040 
15730072 
18775851 
17519179 
19265360 
18324368 
17611447 
5720382 
18659533 
19093434 
18694117 
18888179 
17724421 
19529537 
17141943 
18024944 
17512042 
15417829 
17954585 
17403292 
17834102 
15137512 
17499526 
17982831 
18316670 
16015710 
17814968 
17151521 
16565372 
17786870 
14063553 
13184422 
17709499 
12905592 
17353854 
15447859 
17696435 
18541848 
19674399 
19664953 
18037744 
18335556 
18212254 
17624910 
19656552 
18074229 
17106274 
18386189 
16250853 
18949928 
15418624 
16312392 
16291183 
7862262 
19164276 
19109936 
18768498 
16041725 
18170651 
19127307 
19142975 
14770502 
17462310 
18157444 
16568103 
17493325 
15758666 
16003869 
17795948 
19367480 
10047402 
8817732 
8862992 
1333341 
10356312 
9918302 
7756202 
9098522 
8973592 
9444832 
9520462 
8666972 
8777872 
10213652 
6602792 
17583549 
14200994 
15768561 
15791080 
6274872 
7971552 
18424346 
18250052 
14555101 
17712891 
7786322 
17518197 
17960812 
16787055 
18173518 
16457646 
15382554 
7598192 
5501392 
18571253 
18443104 
722553 
17982258 
18623335 
16493563 
12787622 
18346776 
15487492 
15367419 
15965009 
14585289 
18783545 
1110551 
16406494 
14302161 
19428398 
17696229 
5628622 
19406211 
18327281 
623033 
18300058 
19010715 
9142912 
17241423 
18754371 
4923811 
19430294 
8802872 
15467920 
16314115 
15766980 
16128589 
16734234 
16469808 
14119238 
15602800 
16178704 
17358206 
15879706 
17218682 
16890900 
14571484 
16377431 
11930782 
16816692 
16918729 
17391598 
14456233 
17483846 
15067899 
16181991 
17867420 
16354755 
18185159 
17771670 
16701007 
14124760 
16732886 
17890902 
14927573 
16939933 
16696073 
16693508 
17265678 
15636538 
17119010 
16513270 
15929376 
17095614 
15527019 
16429621 
17039360 
14346387 
14601185 
38523 
18234841 
18983516 
18196195 
17728652 
17527466 
18352591 
17452746 
3370001 
16641718 
14571779 
14316747 
14935643 
18420434 
15932473 
17487793 
14324051 
10247222 
14463236 
18536530 
15475637 
19378201 
19713526 
7916502 
18712388 
14447634 
10748492 
15972037 
11271852 
15368673 
16887700 
16451913 
7451382 
16607061 
16928006 
9536542 
617053 
15548539 
16297082 
14379790 
14060393 
16020228 
14802475 
20013477 
7232312 
15811110 
15348564 
15670761 
16783496 
16787010 
15000886 
14200687 
16649263 
16334803 
11673252 
5376372 
14834184 
13569702 
15611435 
14759507 
16563496 
16297037 
17040127 
15904643 
15778502 
15703048 
13165102 
16967462 
14408675 
14075881 
15936713 
15602478 
12273362 
14446494 
16953571 
15936780 
14484885 
17754642 
16197916 
809493 
16745344 
11624002 
8595182 
15033183 
4518381 
17140111 
17676451 
14738423 
17061321 
15721627 
17391857 
9842652 
16413401 
14116230 
18250056 
7858302 
15140295 
17287523 
16648762 
643313 
14714111 
18269980 
15561893 
18109489 
13201992 
14562275 
17573295 
17402850 
17541834 
15750963 
15218193 
11015352 
15435035 
14468613 
10507782 
15476732 
16115127 
14567988 
17405224 
18456531 
14391111 
17240160 
15666491 
18574452 
14843428 
18160149 
16889616 
14369874 
15689964 
18096662 
14438015 
15632964 
14492118 
16361865 
2345021 
14693596 
17144228 
17004051 
18333204 
18867505 
19003852 
16114414 
15365784 
14647570 
18370432 
12623472 
14426115 
17595641 
18901259 
19180766 
15255734 
14589146 
17792456 
15098689 
18049529 
17785373 
14939375 
15341494 
19186983 
11141832 
9974132 
14210636 
17084377 
15708205 
14366716 
1959371 
14471865 
19205295 
19114646 
17216579 
19118342 
14276504 
15083005 
18768921 
18871961 
18697787 
18868144 
18551133 
15796467 
15604941 
16349422 
19175793 
18593903 
19708532 
19214916 
17058164 
18390256 
18653516 
18954304 
18858871 
14060879 
17612288 
15435969 
13325142 
18119917 
18140958 
18492786 
17415122 
18177708 
18574447 
18574070 
2893551 
14743470 
15252573 
14859820 
5774082 
699763 
5731632 
6450372 
10815782 
8497002 
1869421 
9282472 
6611352 
8523962 
9290152 
8368442 
8990852 
6123762 
1607891 
9417902 
9296602 
14950816 
5442802 
14964822 
14376862 
15090309 
15051864 
14263193 
10225952 
14828814 
14681822 
14248461 
15044551 
14635985 
14672875 
14857603 
13715892 
15178462 
7040692 
10235192 
16693086 
16606046 
14419313 
13314482 
16268991 
15724096 
17028264 
14950338 
9720292 
16719960 
14641650 
16358919 
18043449 
74673 
15648005 
18272885 
14964671 
18233451 
15104636 
5610 
10405442 
18138165 
11950072 
9272 
15606701 
18124756 
15576509 
18070523 
14455510 
14856645 
15694188 
7207652 
14469246 
14812731 
14236076 
14412003 
14276628 
753383 
15568426 
15889265 
13226812 
15692025 
15310655 
15199818 
15714652 
809838 
10623142 
18057556 
16891332 
18721650 
5410262 
17127416 
8567042 
16496063 
15986406 
18700659 
17580962 
18661533 
17056468 
18169084 
18220096 
14434346 
9779792 
14499288 
14380118 
14324427 
14946815 
12658842 
10027252 
13991912 
14255548 
14191473 
8869782 
14118746 
11231952 
5932332 
14260979 
9047882 
10473402 
12579192 
9257182 
7474152 
14572021 
14225745 
15278068 
14719759 
11549732 
14392194 
15280789 
6048632 
15017331 
14068843 
14629579 
15280536 
14413698 
14186319 
6003702 
14386547 
12315402 
6022912 
6175792 
16106043 
14315104 
8169412 
14748381 
12012782 
13352692 
15043809 
11094222 
11752272 
13731292 
15985817 
5949202 
14451294 
17299353 
8717262 
14521243 
46363 
5644892 
15604074 
1111821 
17307885 
14474048 
17287158 
17042505 
18954734 
7839982 
1190411 
19381323 
22323 
14542140 
18040114 
19012198 
18943935 
1295571 
19400989 
15067564 
14275130 
19222504 
19418796 
14355193 
14328704 
13532 
18616461 
14624424 
14904437 
14356157 
14118139 
12378912 
13165162 
14842636 
14304040 
14297636 
15114172 
14248752 
15147376 
15023065 
15088495 
15027636 
13548492 
14202211 
14974273 
14457227 
14956603 
7915072 
15536749 
9427222 
15193581 
14404427 
5294592 
9165382 
10555732 
14127554 
15528193 
9509532 
11520832 
12124582 
14670226 
15856402 
15445154 
8730362 
12106392 
12772482 
7208262 
14304154 
15815424 
15846993 
15855521 
15856549 
14749467 
15390670 
15741144 
8723282 
14422565 
15842826 
15859439 
15470403 
16249453 
15609657 
12422142 
16719004 
16648849 
16553843 
16824116 
11803442 
16691306 
15553961 
15545156 
16490095 
14580243 
14249293 
17344590 
17819826 
5128551 
14470820 
16086890 
17325274 
14251373 
15631569 
15344420 
17844196 
14705240 
8707142 
14336910 
11071302 
6238742 
14475225 
15862742 
17989454 
14943818 
17348904 
18364211 
14240656 
16263207 
15549296 
15571360 
6431392 
17767718 
16178342 
17725290 
17805096 
18370417 
5653432 
9628922 
12582472 
17646392 
18886559 
18885964 
16124241 
16510348 
18780813 
18082754 
18914780 
18418923 
1588041 
16264371 
18933709 
18787045 
18087881 
17769375 
15232364 
16408636 
16332303 
10933552 
19561805 
10267882 
18414757 
11805432 
19608117 
19266440 
19150100 
16175259 
19606570 
19697824 
18158988 
19658804 
19124399 
19385163 
18421325 
803856 
19215011 
13547812 
14378708 
18467164 
14636791 
13206842 
15395850 
18210606 
14322299 
9175912 
6020552 
14728782 
16390090 
20444580 
19420667 
16552773 
16333183 
14438670 
18734236 
14402530 
18474744 
19499227 
19495506 
19263152 
17089852 
18477680 
2892931 
17739832 
16693952 
15088380 
12504732 
15433037 
4228521 
18324305 
18141696 
14188518 
18457810 
14273814 
14947035 
15484799 
15104913 
16388972 
18472782 
18422589 
16926904 
17925706 
12556112 
17186378 
18303964 
17080910 
16102921 
14225677 
18205582 
15152805 
14603115 
17242744 
18423862 
18066231 
18520809 
18147716 
15779993 
16203586 
19569418 
15199431 
8126022 
19148789 
18650655 
19387581 
14311334 
14076420 
18547384 
15177122 
5878082 
17493923 
19661551 
18966832 
1563641 
18900371 
18645495 
19011663 
18749844 
15804503 
18925768 
15334531 
18747280 
18966928 
15739506 
17730292 
6067112 
16250744 
19173744 
19592537 
12353292 
7624112 
18536826 
14550649 
17257860 
13906682 
16977689 
19090620 
10459952 
14820299 
10336042 
16388541 
15415885 
6502482 
18608556 
15148137 
16264206 
18719137 
1125071 
18967941 
16029336 
19940839 
13893242 
17693093 
14849103 
16686556 
812663 
1476291 
16694698 
19061354 
17993808 
18970668 
8769212 
7132042 
16841186 
18037907 
18488684 
6892092 
8593372 
17396839 
13410 
19269408 
2541771 
18748552 
19261368 
17446887 
14068964 
16048484 
16049588 
8996402 
16584099 
16260034 
18265550 
19231472 
14728201 
14481475 
12873542 
12888932 
19430499 
17654981 
8918032 
19034759 
13605782 
5676952 
14110293 
19113767 
17968463 
16045527 
14674690 
18733797 
18258178 
17793444 
5948982 
17673938 
19807170 
