365056460 
619863795 
42451620 
430303289 
24162987 
23470225 
446762663 
813790697161682944 
61601934 
339028890 
363769173 
2788043497 
217806990 
2805308640 
26768798 
829244359 
972932822 
19058681 
50374439 
13440952 
720671121377468417 
2501350286 
2576238121 
822215679726100480 
39516700 
213198956 
813286 
1536791610 
27708068 
25073877 
774010135958159360 
25100680 
25543672 
100220864 
74452795 
208597568 
775739697687568384 
200163448 
3220956141 
234995019 
4110661049 
28127400 
715177919438577664 
157031235 
499897481 
43348496 
1496820284 
4274372981 
4206492575 
17441447 
251581307 
2352259732 
41418054 
17793580 
19644526 
169686021 
36746176 
113258830 
1951287492 
36339024 
30503366 
916980751 
176941049 
380474542 
2688451028 
2330897706 
15046200 
18861666 
499688738 
237737672 
146476906 
121199319 
154061140 
3656439917 
53081983 
134033864 
3414901395 
4257158298 
2709081480 
49325494 
21184930 
65100741 
56804345 
1926554508 
42408194 
67464975 
735806136 
401652907 
1109311874 
894552380 
4035503243 
2223592103 
45112524 
538910645 
3042939784 
3132203931 
1346786653 
2903594188 
292444680 
29034575 
4275779536 
756503993313062912 
133880286 
27711339 
305694283 
2724219229 
2827155347 
22533778 
3484679115 
749952350 
818876014390603776 
1093090866 
2396346283 
443215941 
341315254 
2412868082 
62926027 
59614670 
506408259 
2740435740 
2186638365 
23043678 
2340703830 
100322679 
35369214 
101798589 
90865396 
280172786 
55760408 
1083314617 
95483716 
3185000704 
115717730 
2831485613 
456208727 
18667907 
2435676794 
57097104 
3020348477 
410714697 
55007299 
858674221 
1315676034 
3830476278 
2847190870 
223614260 
628210391 
31949107 
155673750 
124335068 
164236171 
257436924 
18863815 
21990909 
533858274 
57500259 
394027605 
220833354 
162336510 
2964864604 
2218360970 
625837720 
1218400501 
730047731436294144 
242936678 
7025662 
4568119212 
971109331 
15904669 
34719293 
2747256842 
552582271 
2375622644 
196121440 
67596557 
17825445 
4832449156 
239855988 
2655244176 
109859867 
361953456 
214014042 
1143465535 
2397711372 
348707016 
3327720838 
1129248440 
1665731966 
18393773 
1546516730 
385556251 
1675176944 
328770154 
325111173 
3171366511 
262856460 
62454048 
586032653 
3434325791 
64578492 
457692129 
82792693 
3535559721 
219942340 
56130213 
1640289758 
129883416 
525821517 
573459961 
32293011 
23741531 
309596815 
3165783786 
1520006918 
1710806232 
22660183 
330471749 
98851448 
73460409 
18377268 
29185467 
39472736 
178812809 
209500837 
2900426395 
306356458 
2439032786 
2508409077 
46345843 
21648100 
2361660066 
941386164 
385677548 
1681431577 
1446460165 
517680491 
2385749072 
78492982 
1078287655 
2564188704 
495126909 
331768021 
1703499732 
20273211 
45310072 
847710324 
437833212 
1858497169 
2169482436 
720948607 
2466123494 
43673673 
494271814 
245893504 
546643978 
2336771796 
767782670 
240200196 
24536031 
1467176208 
241382835 
588730194 
22643446 
303496156 
20670871 
348474838 
2396694984 
1703853373 
53080933 
2855817214 
1664403278 
108018463 
2873318496 
955356762 
347501126 
513302247 
721462946 
399782336 
216108070 
409559027 
1548305256 
37648001 
433351233 
468253112 
88709312 
332845264 
157999001 
256184692 
1897290163 
39835107 
2357198672 
978951864 
42057383 
17215603 
33471082 
920104904 
2479333920 
44141150 
206176421 
64683846 
11107192 
297307726 
1152279248 
759072138 
245554657 
210896591 
30649761 
34149208 
26042748 
52306213 
259392555 
96423766 
188429274 
30103418 
1063584463 
1689419970 
338408709 
94827499 
253813094 
228087891 
17486629 
17602896 
17483878 
26303602 
137542528 
1545326803 
14592008 
177206777 
120083514 
548683754 
21135496 
86113434 
15687864 
13964502 
154649311 
1222502534 
565248659 
369373698 
163401865 
635319156 
450946343 
205808022 
306025835 
604106470 
298556838 
19812115 
175709064 
19546081 
240735723 
408114760 
544003981 
391037985 
864397082 
21359050 
632759674 
156380350 
328670653 
171216380 
285282053 
104571475 
219049855 
1388258588 
1647543589 
1251668071 
26757925 
614093091 
368630770 
14123683 
460185152 
1567724378 
20574145 
153869540 
480492921 
1497670753 
568825492 
196540885 
1517283342 
185964758 
51219631 
1200350700 
310172617 
188418475 
90021519 
618379349 
185314895 
18917018 
868729519 
27042513 
92367751 
166739404 
407347729 
123546050 
79312312 
499271809 
563316529 
487977202 
609278205 
329746058 
266192063 
58528137 
59949396 
328664714 
29442193 
407137170 
89503894 
173912131 
361819276 
17791261 
20157350 
89787839 
310297802 
285867419 
604015010 
975771157 
60533672 
1212912786 
1245765164 
26568504 
86888535 
504967916 
187226355 
199014148 
195788755 
128323559 
140405063 
322663133 
46671731 
271118338 
251496825 
1221285067 
447920934 
371938499 
253362295 
221452291 
558446365 
993033486 
434848974 
336070124 
21311560 
1139470183 
359306800 
1265518472 
1113446174 
162232523 
15588657 
555928038 
21296788 
215952307 
19397785 
263340052 
111323990 
425221460 
18803234 
498920078 
613626869 
202268188 
393404003 
300351053 
91379064 
314021283 
35214545 
22256645 
807707 
138860140 
17266725 
129845242 
114685387 
433535806 
19394186 
80171938 
57004250 
250831586 
20609518 
524642832 
208192829 
139986343 
130684475 
552121630 
393936974 
47285504 
293141008 
105001940 
15815795 
150999307 
108380217 
397394427 
21154740 
610684246 
275169171 
562242050 
215484215 
93219986 
228834090 
351572034 
19788920 
488458173 
205873799 
75320418 
128472974 
42678741 
298926524 
97759230 
19966748 
20015311 
67177597 
260469012 
87403083 
143992608 
172757210 
24599923 
49640850 
326400496 
42977712 
330951311 
24234523 
19749782 
27858190 
15179120 
224589396 
32221728 
22410932 
20558473 
20321770 
36751886 
102191405 
54507994 
20078635 
19869102 
17229809 
20928137 
104969057 
20280009 
14824849 
15439395 
74108958 
19362304 
26003792 
92717138 
200516704 
95937547 
18713254 
133658079 
26106275 
206180708 
203888459 
187494431 
20949534 
44553457 
30364057 
5520952 
21742199 
17753033 
50085804 
27623588 
