250714584 
2518994113 
2360626044 
1352490446 
785761312408211456 
51528497 
42519612 
62513246 
78037872 
2417038903 
171437056 
49944317 
461253062 
39991878 
252826132 
758962096151203840 
753586953199640576 
758966463118008320 
2816674093 
36039664 
3250510843 
83635613 
57387122 
29758446 
22542476 
93885440 
393027545 
700682730254667776 
52551600 
22266486 
252733481 
92727851 
10810102 
22503279 
183387449 
703136515 
19612883 
2476722260 
16085557 
272565231 
70479268 
173495684 
81063712 
464149921 
36777272 
155334846 
238647436 
56505125 
811377 
166661250 
282718492 
139679177 
105297334 
228488662 
35631163 
727211002777870336 
27676444 
357286380 
68412310 
748881886248898561 
2188934334 
2826858770 
39184406 
545875238 
1184084900 
75842370 
3761821600 
25933354 
44787298 
314348671 
22709122 
30439652 
519016641 
338299807 
224659331 
46257156 
43883714 
73438486 
2695450947 
1931202925 
60263785 
623870036 
526867927 
19017675 
358204197 
14281853 
14291684 
117777690 
326414705 
322765040 
2376383052 
196364916 
1480735795 
21656719 
187110692 
262298895 
460303740 
19414905 
17136315 
1219400684 
1270793143 
14377870 
700520405740736512 
871516704 
339027377 
174540176 
80106246 
24747569 
23588483 
67494940 
42540916 
18150425 
1589437628 
710911836179337216 
2541397107 
816274748 
4892861145 
727451961965043712 
2855394740 
3310506274 
310463188 
21586418 
224083996 
312684273 
3425487419 
92569069 
711731620458401793 
66544351 
1640508319 
1677283748 
1048122942 
1270799208 
369583954 
6446742 
71872586 
1932541476 
3606412816 
1107326988 
25073877 
2650413864 
74286565 
382267114 
783214 
20536157 
4716493762 
899626208 
838852608 
70096167 
348664405 
285019665 
793830 
803306455 
395261800 
521269172 
110365072 
215952307 
218806121 
410129217 
17336417 
1369315862 
45661517 
1917712387 
18887526 
1627736996 
76351820 
2326857668 
140070953 
8159472 
789605024 
2525206496 
37758612 
1599401648 
227720229 
434388473 
612473 
175694937 
51293759 
17441447 
1409952565 
855305725 
187579374 
1543669128 
429222254 
27260086 
462636532 
2230874700 
437848738 
3413930951 
1012640989 
2816742819 
8627252 
292938052 
322035427 
3597640156 
2619162262 
20785288 
21611526 
2805813966 
130955777 
1830525626 
385056910 
587397179 
1120115378 
47771506 
997632595 
932819347 
1364922895 
570676717 
37223898 
20674926 
26873502 
23533146 
831647894 
325692980 
1966131036 
1119041263 
475364876 
2192475251 
1435811695 
2369947141 
374594322 
149482213 
3105867563 
373874652 
2988033940 
759121327 
3247497561 
17753033 
710773750 
518557386 
17230018 
2874963628 
361268597 
458495886 
2725825164 
30360967 
116213384 
16596200 
15529670 
61781260 
482249559 
2566056362 
298034518 
3121912059 
2657289133 
362559925 
1903382054 
1900408932 
61860368 
1681324362 
184835626 
358568605 
1683720572 
2379573879 
361965946 
19564629 
52344859 
204532529 
38056311 
2176781462 
2356154482 
42694642 
229547813 
3064982578 
109634737 
21199372 
1408509804 
2153702508 
265653022 
1041346340 
985117128 
2972201525 
30231735 
3025450914 
1384636117 
1400837108 
1620945048 
185131825 
3014151491 
21705931 
655093 
8943 
500042487 
6761682 
22060294 
2441095508 
57074253 
131227609 
722546858 
713993413 
15771292 
35542872 
239145636 
62470066 
873111349 
2460985598 
52087269 
96970732 
512365670 
140987708 
804718993 
270540324 
46437719 
215793372 
402351573 
30102603 
291346818 
19770303 
571356275 
1403501461 
128827424 
15439395 
134250998 
42744294 
187900668 
552209015 
199382960 
25489250 
16589206 
2896099018 
41066841 
1123105242 
88107040 
1944527137 
1878945030 
1884338306 
71026122 
2901822730 
1490515872 
2651670978 
129877905 
56650823 
301515249 
19869808 
208058457 
550528268 
76422718 
2557145455 
372475592 
21630687 
50779051 
1894872187 
2848191663 
20015311 
17939037 
140888841 
26565946 
314554508 
24776748 
2315597456 
329072139 
105296447 
407212987 
347487508 
2761078916 
1451083940 
582630956 
176510485 
82372915 
26280953 
1018305644 
22002881 
31217160 
2838376012 
121426961 
160544630 
397212863 
2565598601 
278299283 
2799887277 
1201009147 
377608358 
2259791920 
812788314 
1542533869 
1606475922 
211269102 
114584827 
284948794 
2424368910 
229869159 
19061653 
2475326700 
47628743 
242263611 
707925123 
473780212 
1583261034 
310250796 
569858803 
1520006918 
21647964 
17843036 
27602526 
2585396407 
435294839 
1625061762 
1432977446 
22471889 
112289040 
390287262 
330921167 
1463880866 
2684723397 
2310294386 
2620038301 
2571946975 
247013421 
39347599 
40463769 
3141101 
13201312 
3459051 
9890492 
15307151 
15332636 
15639642 
17471979 
19388482 
20244077 
39360648 
44596156 
60965716 
60765383 
73889886 
80863036 
89452962 
95274367 
136668622 
155659213 
213745334 
268208893 
287886677 
362602301 
510865713 
609600119 
627491854 
768341436 
1215440785 
1789097173 
2219897472 
2313227480 
2316464970 
2409802633 
2495369333 
26217651 
637318580 
2708778416 
1353522607 
2669245855 
1610560700 
2588576413 
21304544 
25842593 
93199809 
2528409834 
76303233 
27694902 
134803143 
433779863 
1071372150 
359942946 
357584312 
33329945 
1350507162 
331311644 
972651 
11348282 
71228704 
140118545 
2330299633 
285332860 
38592915 
185344587 
760546868 
864251336 
102684396 
146831955 
14711407 
15814642 
262733691 
1563906036 
627673190 
212560938 
626372660 
112791747 
415155312 
225418717 
21955058 
259294159 
343301042 
268516461 
575659493 
2385380306 
18074618 
182026544 
96173342 
2455327460 
1387623295 
2353811863 
259367828 
1555194872 
177636571 
41635560 
2257969844 
2276689001 
382734923 
79795709 
571013012 
1681200715 
1946588342 
2443618776 
450178686 
2206101185 
263118101 
106368233 
120840799 
216264820 
276997906 
436074728 
478110075 
234529038 
486891914 
821124210 
232399500 
287702740 
70196896 
2332150755 
2364475041 
2354437023 
204832963 
287591071 
27851112 
26518595 
27452224 
136674424 
329644991 
147725393 
19655784 
279390084 
1645307558 
1337459868 
343627165 
82097756 
287834630 
587402932 
25075324 
1573649600 
615401155 
1457171660 
789162432 
1689419970 
637174195 
480818834 
298585812 
1639892335 
435225922 
1728228840 
19281225 
331672974 
564686965 
21800944 
32354460 
281727487 
108568373 
92785685 
47927371 
20704301 
383789794 
14224719 
318877787 
161452925 
268400722 
103065157 
16824146 
23478213 
280423820 
296750174 
155642429 
207678904 
179077538 
26326498 
985336645 
1617314359 
42274437 
557541763 
527526077 
300834235 
326718182 
369914739 
296782309 
223300982 
19494097 
417977206 
1262986993 
1477910574 
20770010 
1023072078 
87180080 
22503721 
993953820 
35231016 
20565284 
20480890 
384951307 
534213530 
26005515 
1280165533 
20585993 
15143478 
265902729 
17086153 
272619165 
471287735 
20473887 
951218024 
456242063 
25872713 
37943909 
72076693 
219994323 
21190606 
58245493 
17336372 
29440442 
108612522 
50416041 
107018763 
63083335 
18074012 
55557660 
237281470 
458638776 
538031518 
187650486 
21237187 
54909490 
20424528 
91825262 
437054853 
187254344 
107451058 
407640301 
49009971 
17118305 
63240399 
264366070 
150767924 
38203124 
464600703 
21616207 
31555434 
20819159 
276435117 
198096084 
19583545 
46343990 
69609201 
41110545 
19818494 
19562228 
258524921 
18060630 
278175819 
181615389 
368930878 
408658633 
19918112 
37622730 
