1955832908 
499586480 
52756059 
3100863671 
791289323043876864 
192418473 
130073271 
2896127946 
3271170654 
310521602 
1492415988 
819617443287093248 
3397086467 
3361687780 
267545255 
746711802436784128 
187738983 
2651437977 
562283413 
807543036892893184 
804787323640680448 
2707888603 
36333109 
1584529950 
727561473246015488 
2493553568 
158684162 
2382160762 
312713690 
50415039 
402214077 
107391777 
771061546478895104 
259401680 
2901252195 
909709206 
716864169274843137 
3832891391 
773908252111278080 
32855181 
2300294439 
763709585853124608 
4397639428 
767054602113998848 
58812628 
120732533 
4032778702 
3364724235 
753637334139203584 
756577431222386689 
756612522061463552 
3357377021 
1745372953 
272585109 
3120134283 
335393590 
725956688 
748579168925802496 
1060821050 
473633317 
2919448626 
33632381 
253265626 
2463183738 
2237454318 
382270913 
4696803032 
3286627352 
311439292 
4904680113 
2587793395 
2445840265 
4873991195 
3112114564 
2750292153 
125207311 
277274322 
1641058658 
739836701107970049 
24356988 
468927016 
3315193642 
731101242399805440 
2383845343 
147393852 
2396976918 
2601883789 
2361047413 
2826882679 
187518287 
2712347126 
1891806212 
2647695590 
26737564 
2225963502 
3118849351 
103443143 
91727575 
1928802330 
223638053 
2420789718 
703270895016611840 
719895297867034626 
2601773772 
19703497 
715688938338275330 
4078445134 
700651406038999040 
3016365586 
2293551781 
2828908748 
1936979389 
253588542 
14803486 
707695827507138560 
440905134 
262322947 
286075817 
4839540760 
4200716788 
3108939357 
564101050 
2779818117 
541811858 
4290963136 
2915263783 
4891689730 
1112797790 
243104556 
4655219356 
1365926720 
3319485112 
526226529 
2251031144 
545249073 
268125963 
263632649 
1924325972 
377259114 
2963950654 
359430064 
1207652846 
3266276702 
28197620 
240286563 
523225435 
3416035636 
2574448909 
3088827892 
3700260093 
110380839 
57003251 
18871354 
20709254 
1150027080 
3345100257 
3351820563 
198633438 
149831357 
2842522372 
2991667765 
2251091126 
145398897 
1727942791 
1635936097 
1114454593 
169678462 
331740798 
2821242821 
2299711583 
1299878852 
3392222362 
35844486 
112885672 
1490389562 
3601635861 
3243320402 
41358714 
3061255931 
2599485067 
3001253601 
432802864 
1245104060 
769821890 
3311087795 
3226122351 
15521075 
92528192 
2709801630 
3144159117 
22986026 
1904680052 
2424353408 
3083012805 
2394621270 
2923642131 
3035084213 
2966611251 
2929710208 
22986334 
2227234328 
252750255 
2993994029 
2233307129 
17089636 
2623684354 
2422663916 
61354111 
2827559975 
1350159397 
15275361 
13838532 
35166526 
153324320 
2180867466 
2636144898 
827845603 
2382218850 
2352294050 
2246165587 
2255355134 
2359485236 
2461134115 
339137167 
2478976044 
36566244 
1355178924 
2410911878 
2395233222 
51508212 
2316224708 
2319373105 
46140964 
251547179 
2228641404 
52546232 
399940852 
945893551 
223436877 
1200566827 
15488870 
16057592 
18911432 
1965631548 
82551431 
825155665 
333328961 
1953942966 
110427212 
1361349817 
190706799 
1633078388 
32624460 
1453930166 
14741464 
1720030728 
1078651741 
1662709862 
242843208 
1277202860 
222186125 
917375442 
1649272483 
1645397714 
1571397667 
21052714 
1577178426 
299349337 
1293374226 
84342271 
125721592 
54743673 
1526013618 
725745632 
1009733119 
19442947 
160494564 
35703301 
405088825 
1469736260 
1140830515 
1024067653 
635718118 
1464853004 
774856994 
54023876 
846318019 
150703189 
1412243046 
1346628450 
1386896852 
395553669 
65708880 
161834222 
1363037420 
326202486 
234678931 
1121798587 
714822480 
183757496 
54461840 
340045830 
61563070 
1316375232 
130759492 
192934171 
1305154814 
492408264 
602646660 
237409428 
341681751 
633716093 
14290690 
987256591 
140966030 
215066622 
74204353 
359518463 
1202882401 
15039708 
1203322992 
17079736 
61479648 
16404688 
146076566 
457104396 
499951754 
969232428 
470720657 
210437486 
331228486 
15987295 
112976416 
252024387 
1092624080 
1080859465 
1021003075 
979125199 
1071226495 
17900437 
223934260 
602367288 
1054269414 
72466943 
1112211 
1012209702 
298031144 
993419946 
267121414 
1003247616 
519297219 
862332229 
582413884 
896057234 
380816062 
516805004 
21494241 
868559514 
503394362 
77731428 
795207001 
461123895 
757327448 
293380065 
53708090 
215778954 
98077466 
469861600 
85562366 
263434955 
343454909 
589234782 
270027041 
576403111 
27596259 
480935445 
521081405 
500531014 
486888529 
43331568 
58463084 
100567485 
487833518 
372373045 
392694041 
387013671 
375313438 
142045135 
313920270 
449217845 
34273690 
187312148 
390550894 
166540819 
226611249 
384926085 
238660663 
329891153 
274481142 
58190441 
146052064 
60936170 
129082815 
369849880 
333806734 
274176178 
41800868 
151385084 
381410598 
19528468 
178566085 
183948613 
89426783 
358309489 
37949140 
50320498 
26699641 
385359974 
393291498 
28503759 
382714056 
162042487 
242375577 
141512482 
133649917 
70517108 
64902758 
376442608 
198136774 
366662991 
360623903 
35523591 
226113426 
262372065 
44238295 
262784301 
18568126 
328463766 
256018613 
16186642 
309087942 
102046114 
19348275 
102008040 
70805883 
25155765 
288402923 
263632499 
31514133 
295221061 
162014039 
16026314 
181229409 
319249982 
82722504 
84351158 
252786025 
245831965 
35796947 
86243183 
164641631 
103846157 
137129443 
160590087 
264399952 
94601392 
42841990 
266851687 
121637897 
58489734 
21122950 
39820759 
15471549 
41658737 
75788239 
206255645 
16649758 
105441510 
34325129 
19040635 
246555809 
80937370 
240186025 
27490260 
248742334 
26270959 
176166625 
127360026 
185728400 
238311183 
239660783 
211094746 
38474934 
29498903 
19697773 
209716736 
15449242 
22330318 
17175139 
187214458 
57700627 
105412554 
96821005 
200663785 
27235270 
117937857 
162446479 
95288208 
56182691 
75475717 
15695369 
144972081 
33070697 
20138728 
174740894 
77502926 
173968705 
142320786 
134162706 
32361431 
196458749 
111072713 
19539664 
44438256 
67403703 
115074800 
189364778 
181234930 
171599679 
72842277 
14987728 
89544203 
20707999 
15484063 
50159591 
18481646 
31039303 
36936136 
25531253 
38146044 
44518306 
60696638 
138406861 
102771070 
41375302 
89717736 
126705042 
13766492 
28543386 
79489732 
103430363 
19240173 
17004004 
19118613 
19266899 
25859202 
19190028 
122403984 
11053512 
14467104 
20342875 
16434273 
20523099 
21286807 
16666748 
104786280 
57122768 
26534249 
20399103 
18212935 
18993718 
84348043 
106542267 
64354305 
17557880 
56488059 
8542432 
22911650 
20234481 
17897474 
23570911 
15624989 
17393219 
18217519 
58431280 
57484168 
10012402 
15915504 
59780450 
19767193 
17175147 
15577562 
14156982 
19766166 
31733062 
49968908 
53416112 
55006025 
55465675 
84347917 
32372834 
37752766 
9328282 
21997358 
25676709 
23760311 
17780580 
16068293 
12984852 
67283363 
21448858 
47321924 
18987504 
47422811 
43462357 
16465385 
41713288 
19484127 
16467437 
21137406 
20228595 
36066745 
34229633 
20507623 
24915458 
44631705 
44418062 
20519642 
20517668 
22081607 
7687322 
22909974 
28588873 
19352827 
19256096 
25212047 
21581503 
15863124 
21218554 
16564324 
25075446 
26748889 
22751120 
15862891 
17808580 
26250872 
14647570 
16132526 
12819112 
17783546 
14055820 
18693333 
25327370 
15859033 
14445444 
17818949 
15572960 
16826629 
23610464 
19583879 
21792950 
23921400 
17376218 
23666720 
17819179 
19456370 
23579478 
23580126 
6612402 
20982118 
