830857103095001089 
52604911 
255251413 
4770685452 
314166666 
253216740 
2858201453 
264172566 
91040606 
476390447 
2193662098 
79528831 
3167975094 
816002667231068160 
16740992 
850694294 
3345562409 
9629222 
1663502671 
82031474 
35001657 
268482978 
94219377 
1867912040 
2479055354 
285756186 
786107014548185088 
48774422 
107912152 
2901086386 
237845789 
4034756357 
1244470052 
487543112 
1067195892 
260380078 
19117015 
706827341914365952 
4547034928 
60243486 
34155592 
70879357 
519826587 
838783507 
1274504376 
22573806 
726580617471733760 
163525956 
3378495131 
259186886 
792022207467778048 
2716868908 
718081346363469825 
498095362 
25637533 
241590309 
39162385 
821780032104366082 
916213442 
723982219383967744 
33603124 
2756378649 
116817856 
52712735 
1921935475 
53295030 
170498028 
32210562 
723964641966051328 
330117629 
1566455863 
616494008 
756925075 
187342375 
1149429564 
588868845 
252383833 
383236115 
353354594 
66049753 
2786580958 
718959211607113728 
1260945997 
767172244988579840 
1025241500 
102148991 
19706870 
788583488 
259581901 
86888666 
562288145 
52114559 
35038698 
2418664755 
312411580 
157920406 
124185382 
762441043232948228 
801243578429161472 
1315699302 
318851707 
95724139 
2577155738 
24336442 
145548211 
14824849 
866556992 
14159148 
1581289837 
801830590345527296 
258135481 
309374072 
45143254 
795708255750225920 
3097569316 
2168517470 
410257732 
3022788815 
774377788207865857 
2936124064 
19926182 
1233079172 
150174596 
284223450 
774295855 
149956321 
29856524 
702186759153709056 
4824309694 
788051571510808576 
360122916 
27667187 
114761840 
68704619 
1076764814 
64741860 
72705812 
1348145929 
204087144 
29893752 
278544072 
125420366 
256184858 
582152761 
3394919608 
301202547 
85890255 
18909998 
15279429 
292603273 
340408298 
366155053 
222801328 
2644355411 
3114621108 
727476181 
3063660984 
2861499295 
20312298 
47994636 
806373678409728004 
178068457 
437436039 
4442653457 
378688150 
1134917526 
2865504601 
2262038250 
133008267 
2269818359 
1888826430 
320064918 
848194992 
269463006 
439628511 
23893855 
28848200 
16739475 
237071342 
244517236 
392900775 
23989387 
2779530974 
2307736255 
28289708 
2829570533 
96172014 
2337377220 
279302654 
725336299 
62448117 
395620849 
252625121 
61601018 
533252015 
304491867 
29489523 
518851148 
19885664 
25067705 
19650336 
42735065 
160974405 
2235513594 
345920195 
14088487 
760063565017604096 
541348795 
26156417 
239611318 
190451236 
2314549302 
50602721 
3537728488 
2339237026 
190788885 
567259074 
597732386 
50360181 
745699851015434241 
65518104 
3035187036 
820367334 
453471166 
37112275 
219703423 
4799105683 
231760269 
605185042 
304716781 
989143231 
291182582 
787946925123309568 
814508309004877825 
813024273900204032 
242489445 
143853654 
213525874 
2434349067 
425319950 
322170052 
261459064 
31711523 
3116055486 
19119809 
390851382 
636617705 
18665952 
1365758348 
1703137165 
18831946 
430039271 
56864465 
221921875 
1305796526 
1354927802 
16584657 
373036566 
759524138700664832 
56644053 
31592617 
405018148 
274070955 
2911231988 
3239187010 
550919451 
798922985444937728 
4870000853 
3321445031 
780584931848101889 
26584420 
822215679726100480 
1536791610 
2167477650 
1213681614 
44177975 
4509151235 
1948306868 
2237438359 
32832593 
300473790 
3022191329 
506693573 
19612883 
1883030245 
2287935364 
174049517 
573101181 
6262152 
1522498590 
26772243 
2915063637 
135691563 
2190143597 
2400600752 
46755002 
21927348 
788745639194726401 
1554863929 
71615201 
24428245 
2302272468 
1064402089 
160366079 
2371944008 
742215403 
16508641 
491278144 
288621725 
327215577 
293604435 
27386249 
983418913 
4779212721 
82977912 
425650063 
300588113 
313565259 
112791614 
1499614646 
3183605808 
505109117 
80393837 
4242694515 
52880270 
884830506 
954083016 
23665609 
68897313 
4411555155 
27696764 
17861062 
21069600 
17165565 
2779821 
423055184 
171513696 
486286580 
320814350 
761703458563100673 
719993897087299584 
447520334 
343671067 
732196843 
784130290826510336 
499076672 
18637281 
863569128 
292289187 
342961186 
2737609293 
2458363033 
46079418 
3319448104 
190999589 
247223416 
4350019827 
471508149 
23671758 
4679146286 
90713503 
313456700 
455256151 
258470135 
3039964735 
37868827 
1491440780 
16204159 
36912401 
66449825 
18335040 
23800348 
297440165 
618369446 
395349769 
1302225896 
21142476 
150324235 
557258081 
2695700071 
2372955935 
2870086932 
302907297 
3242421276 
33567395 
2507169005 
1007660484 
924526304 
275310435 
322287801 
18438022 
38856714 
3328821580 
729515724838948864 
3171720709 
29856281 
238044690 
217864477 
42363057 
232302308 
21277023 
72440310 
534960213 
3182664908 
1117673155 
3604927275 
709287252 
354020650 
289200223 
68813782 
552144245 
2388353900 
34694499 
736785610619256832 
419631217 
18808227 
30720637 
36414849 
587378343 
3010722355 
607863563 
857619919 
11309682 
322824288 
393663990 
1176745723 
438917913 
514951637 
2724579012 
14360718 
2845374361 
230256139 
17642747 
3772573512 
3045523510 
737879665 
28846198 
754873516688756738 
325324196 
368111718 
717528119360548864 
2428221222 
337089756 
830193943 
20605323 
2433393437 
786720375417802752 
20252482 
1909253635 
135431506 
966204836 
3063270052 
167833729 
723809306676613120 
2201335981 
2832142482 
39456275 
106299135 
2901110863 
22259843 
3046952527 
552260447 
2566784394 
1888836750 
88142660 
39325813 
2770153087 
3334865969 
353456888 
728328677495324672 
599538556 
704097116344471552 
2547374336 
211690791 
207265287 
1689777548 
753434966688616448 
25511747 
563291011 
119283501 
1106896880 
360818480 
2393634085 
38485467 
44733150 
521783015 
1192365300 
1031306046 
17330428 
721816696248373248 
3190492830 
747669417564200960 
3403237055 
489828407 
253300236 
312901910 
541111999 
3115789670 
124349787 
3394913092 
733447857685024768 
719568447819132931 
3340000274 
771754339132211201 
36529472 
713177885071122432 
3044697837 
782565733 
240125691 
3391417563 
14430075 
3250437230 
55944260 
1318551476 
20392849 
744455236438335488 
3397901415 
714935053214683136 
806561749407121408 
30618215 
2425953800 
30931271 
200269572 
2355128116 
715583298903392256 
2834163453 
256290473 
8757992 
437757651 
195062861 
16345847 
4408658656 
317749508 
267615612 
432198953 
16674349 
577223230 
731294164730691584 
18980055 
189333940 
233353160 
619586005 
400988900 
110329523 
1081291093 
392208312 
17602434 
285476800 
15190333 
791822430188646401 
792456867289112577 
187671348 
30286921 
21460652 
128534018 
261283262 
364796140 
387161604 
364166780 
4213999340 
25764603 
1249896876 
265322710 
509779763 
2640323719 
27115161 
285654793 
1532311045 
1700787206 
147808618 
30366113 
270218237 
3363187277 
457044382 
1378775022 
202215804 
736107992 
768912084 
355962376 
256268062 
610365104 
1393286928 
24893404 
20763098 
893985133 
186190785 
1310194938 
14363893 
212829017 
1700049962 
1648427070 
19915288 
352151895 
31409160 
66198974 
25584850 
616765161 
780535312233603072 
596633867 
48240144 
783468294 
1120911553 
595765067 
420248569 
30608066 
182858418 
2267833956 
379661089 
383879240 
863232685 
242036912 
3392006434 
78858834 
394189511 
783295594299293696 
269435546 
4386395662 
415596187 
27195114 
3297107447 
17921238 
2857479956 
30538992 
427408260 
22769464 
64818508 
1869622500 
4145689630 
58055091 
715293713 
244107123 
1286097554 
29234788 
756520759 
1166486826 
107029299 
86122364 
2308967143 
273535254 
34225227 
734722198884233216 
3122211960 
30285358 
46125215 
346725111 
1183076588 
2342899110 
280464136 
4549705455 
107258083 
759142691993255936 
297002121 
761507845225545728 
281609748 
412417811 
21989194 
3424336239 
299018055 
398204919 
1798893446 
327611594 
721745707758133248 
561115536 
19528455 
14649657 
20885915 
4836530999 
766160559360344068 
780040200290496513 
20159365 
204168274 
2417471629 
4507685200 
345499874 
763470002381058048 
136758837 
713825248823656448 
1379510263 
4532891 
971420084 
34321172 
3299581804 
306134826 
138913501 
636937290 
20105263 
188294578 
183005154 
2151120470 
478466071 
241100902 
19945292 
48700429 
67876214 
3769531995 
2747079612 
720079306974597120 
323492482 
786237293073870848 
61272935 
729957758 
1631336383 
352846005 
367253270 
66925011 
57056664 
382853181 
32964762 
239046863 
162465592 
16277499 
286313528 
50085998 
197816508 
232181075 
277102080 
1335450252 
962551963 
2746580757 
41693297 
20936024 
198524500 
3848223495 
55602144 
1591297861 
2284966410 
771432744597544960 
416302206 
75998278 
20001317 
411672806 
335353458 
262267708 
2888238688 
2952292312 
747626357136424960 
400007988 
188374516 
202625720 
897114926 
249385272 
4863729868 
279079828 
282817233 
2981851697 
302860380 
2609163456 
66951013 
220509782 
66634150 
201406739 
1333817942 
16838657 
315403939 
3238760453 
27877056 
713717605358575617 
244965068 
130734112 
3391320587 
329612108 
2273864195 
2434714254 
1095133536 
3324814199 
769586265046052864 
475327588 
131246983 
583869234 
782645084218990592 
43123901 
4764927140 
3230356474 
190429668 
15407439 
337338717 
123790755 
629960897 
195698072 
240377528 
217516324 
318507684 
417501250 
2927297069 
2204509807 
336458591 
54947784 
477800758 
536835569 
187533671 
259674206 
970882412 
58204026 
252764886 
3331888361 
422927568 
25137999 
47719229 
459467699 
267076222 
55366920 
1384312981 
392916730 
796133314826502144 
66208267 
22874409 
53680323 
95229152 
782154807788339200 
716288568734457857 
222802778 
3427803285 
341439920 
3241224844 
155930946 
288213491 
1840902230 
3152662403 
394967853 
3244822427 
203592316 
595751254 
2429467767 
914551645 
351189993 
336520714 
3376953897 
359394323 
472593190 
502184945 
76323584 
22531536 
65011165 
3179686118 
27461250 
1852654100 
277158997 
474184520 
58298964 
337281526 
263924559 
576127397 
57341984 
92387953 
288220363 
60909701 
92367292 
600059871 
65872505 
718218408689577984 
247365558 
196171556 
389523588 
1227960996 
720700562933694464 
74597645 
2624856892 
543717371 
319965577 
524479274 
764275908182245376 
81885934 
20716491 
1610400662 
289037226 
215244504 
2193299703 
2699202103 
2786983721 
244745270 
51427821 
193449183 
221775615 
562256078 
2878496674 
249765927 
69395279 
239124139 
116919704 
27207281 
721669815044321280 
3350951685 
310873481 
417096245 
58455062 
721375474006560769 
739533874523459584 
963060529 
3228684837 
1713745728 
1663050912 
3301037853 
467706527 
122629872 
496280074 
4144242545 
277446960 
29689611 
702766369755021312 
19829618 
724665963396890626 
4234574753 
2959442849 
370147057 
21082768 
518834129 
217139494 
583877040 
614972099 
45922835 
299165828 
153769837 
71356853 
724372643298840577 
413170031 
471315052 
1209812462 
50279729 
240311587 
61598615 
3323960921 
275718448 
3113328460 
558978358 
440896317 
1161251191 
790008385278185472 
4228537127 
153744664 
44867901 
470648737 
378538017 
708652471 
32047973 
3233753188 
3258457390 
265331892 
1055925698 
336061435 
94650347 
123923040 
25744992 
513288138 
221081278 
260213723 
205666351 
859800331 
110844636 
573164314 
238753118 
3238609781 
494046523 
579986150 
526835090 
56131090 
2575672227 
468331551 
439502387 
3429928125 
492839295 
458388368 
43191992 
37542657 
469755014 
373982226 
910626008 
48969287 
90889211 
57142438 
23463888 
223803755 
410615513 
180291479 
776095050 
167531247 
22132734 
29548907 
2443173171 
2722487724 
28879989 
594632215 
76931165 
349956169 
619436604 
1303847918 
213689058 
134550004 
118515710 
383425958 
157628165 
135405438 
176964116 
118796130 
20268570 
90902993 
3122221157 
411159781 
522728144 
1616156196 
2295535738 
453909481 
82880859 
229979262 
44092088 
461927859 
1884360950 
121880052 
22363885 
928671307 
20913538 
41446564 
58770414 
333000735 
84577538 
239033891 
742834963 
95170308 
375837148 
864542972 
297016137 
168838825 
21207791 
295595424 
40118449 
1413085573 
454399385 
955166029 
22619478 
101733035 
90909275 
237830990 
20402009 
491351631 
58237033 
979311164 
94095629 
563168371 
747989414 
466824799 
381112907 
700362359597039616 
198285186 
98492184 
84696307 
574785475 
21022147 
73603203 
253263260 
223180377 
2203308832 
21267567 
258312600 
250247670 
1135431668 
485798720 
121801840 
389030061 
2482312353 
303280962 
295733676 
229864834 
235233519 
157148895 
417063924 
4188728218 
72749972 
4520841923 
489786524 
484792985 
347305419 
36165858 
566619079 
56889022 
2955345064 
27045639 
365393866 
25246881 
1250059320 
309374226 
281904505 
19072163 
44306724 
333948052 
700019690 
128262278 
90542368 
727440793 
2923270514 
966961128 
1683359833 
3417041199 
64683846 
208914792 
2267102203 
17762895 
95072902 
755384128019767296 
721019618 
4447748547 
269784852 
717199194 
720731054466850816 
565175939 
741506407 
116579907 
38978382 
492719258 
4053589348 
280233448 
770174498 
135694898 
4905112218 
248440442 
3941163374 
489836628 
1728883159 
254720715 
25964001 
330768847 
2157459297 
335114864 
761878657 
1611195727 
2952331325 
2389918038 
41166408 
21562131 
21849314 
328304781 
17766030 
20597301 
345652898 
44649722 
17824374 
1265759298 
24938230 
31635464 
367004820 
325504838 
604969321 
38490568 
625013878 
1597117266 
21370049 
15132777 
2340352821 
165412310 
1411525452 
14881476 
23958335 
236967650 
119489662 
102679166 
720059592089145345 
375697071 
458984444 
295282159 
729755898 
29020425 
14143624 
486086809 
197211210 
422282771 
371593744 
2771283941 
220552808 
177523674 
360161576 
380730306 
185314895 
600600089 
344502005 
531310870 
517809139 
35705408 
4434115993 
92784673 
2726981009 
4562729666 
115699045 
279878713 
4858372588 
28277912 
1460654977 
712375000355840000 
391379835 
19154556 
163293873 
584267822 
2397632980 
113419790 
112585090 
2505207372 
4826079507 
3042311036 
3763385260 
1091227296 
4081762092 
1180723824 
1131256652 
2592125018 
72739558 
1650660607 
4104526572 
727678721856053249 
987136536 
555759078 
2826597866 
978622669 
818164231 
446415785 
3374518288 
2369321502 
300183746 
1645968631 
984691356 
741868530270932992 
457255681 
380095312 
61141493 
317227672 
558020853 
55747415 
203478729 
448263906 
714528721 
3601015455 
333837954 
25723502 
55077000 
411817217 
543823985 
757720716070391808 
565493681 
362427503 
811646994 
49730253 
610450663 
779394150 
375757366 
2906002612 
389087405 
57154427 
1429080102 
1453010724 
40831344 
18731624 
2964440105 
137828283 
2435029932 
758429786 
3877969768 
585910062 
160797825 
551459328 
24851840 
19619926 
348962962 
218167872 
172688560 
1222260097 
783486265446567937 
52843570 
60577119 
69751371 
300893869 
2931293836 
40313439 
844496910 
2929214378 
263257134 
1082286294 
798731532043108352 
268890559 
285197303 
1961688913 
37850308 
282596840 
2477396326 
3074200660 
758492538 
1613744442 
1644715200 
3810450077 
364057834 
774746910 
570249934 
18726219 
2657387879 
698058367063891968 
240474626 
23908907 
762213208568565760 
322631584 
700547971830542336 
280253900 
65495644 
606693112 
222750439 
155181994 
40255079 
285911455 
364928228 
713084510 
20032153 
261550683 
30101765 
728707469787156481 
568564582 
2607394099 
39287040 
3568844713 
258036469 
195120264 
2908324541 
798103790591287296 
144067166 
334840056 
80902141 
3381556607 
2779277897 
920188938 
94855306 
20632758 
593467599 
223644907 
3248939687 
364656721 
458140624 
361015700 
167218514 
50143380 
14493514 
354283963 
403621378 
371639054 
1375049371 
743861823733018624 
762398679600799744 
248157772 
515401750 
400800936 
41936575 
145327966 
420487599 
4491657135 
178678760 
19937162 
1440865332 
14552881 
81583560 
2236827997 
189798408 
613244748 
1587030638 
1335577326 
185333347 
46001408 
190340770 
552933310 
2545448908 
292620313 
130951790 
258886690 
2583349421 
634877867 
280379821 
2877309291 
101207254 
1336294676 
2938185569 
56773228 
1275640093 
557364248 
885824587 
1912751540 
1141366112 
2363271440 
771853686226165761 
3161474889 
515909883 
21352227 
2279956902 
3401668043 
1541377854 
455409936 
360984729 
714417193 
406002578 
2241660266 
181604569 
16426683 
907300891 
2345935909 
747307758559498241 
104044759 
1166417706 
310561548 
2450749483 
1455596084 
581371612 
3239937084 
1055898828 
120636633 
778509432590393344 
2147617393 
846588589 
1388408755 
246039442 
732628399957532676 
613728787 
750104527 
2680606772 
262911018 
16356717 
4634139513 
221501608 
121509648 
430438145 
29348587 
138805853 
374182951 
27820183 
449551514 
587946516 
228391849 
91286395 
504104299 
42026312 
384121576 
581098725 
23398395 
607240247 
3889585091 
1518394940 
173282577 
15273416 
144572600 
1009521936 
3272458278 
394424094 
14282240 
75111676 
51503964 
28719068 
719643444226854913 
959278788 
2317871833 
195529592 
57481616 
579307983 
1880741119 
610724466 
116239800 
101938031 
406934288 
1056871850 
2286393056 
191952326 
260512610 
1082137278 
2671649995 
227406207 
608703810 
724126087 
1669476589 
60405734 
244977372 
2920108311 
181358631 
1170414006 
716286162193678336 
18382330 
141944292 
308091037 
1156185924 
54548631 
166630810 
2223060818 
2314514845 
599669391 
453375276 
567585900 
2280549124 
630789241 
73387485 
509462644 
1892380236 
3296784919 
428659031 
241280578 
407450770 
1506076849 
1263386064 
559224993 
462817567 
445934072 
762696703602417664 
33546134 
2902997803 
30398132 
1138858842 
540373294 
450129483 
872558762 
393046374 
1019023423 
371362189 
2466839424 
2389342024 
516805437 
772225243 
30322590 
742118149215031296 
591368930 
17433790 
520350273 
622719943 
357374406 
2891125119 
1494495727 
3327755301 
24968647 
59929715 
577359563 
2462918857 
537654597 
21117433 
22492006 
86052751 
4613874554 
1454266352 
633976531 
255882977 
364801204 
367495237 
2220258361 
1090549836 
16426215 
425507111 
18916646 
403891440 
242562675 
1082241374 
27966996 
258587349 
388321405 
2451672223 
759571810023186432 
863839518 
4779759194 
71414630 
303999140 
203802436 
213900367 
236413568 
25932454 
1375204814 
541058721 
20121783 
233447194 
718135330164109312 
108051022 
119248130 
2244339285 
3012211431 
272837956 
83175015 
1585638702 
4822249263 
2395525201 
63053507 
1052582046 
53631672 
701378410518597632 
2369751749 
760355782693117952 
18292155 
1403326532 
442901089 
41605215 
3870116061 
23469538 
822199273 
379143425 
2360675360 
500838791 
1273427790 
427432490 
40562323 
20077717 
1431359850 
381199884 
610710269 
174256584 
119715363 
86972419 
763631814028165120 
1097616048 
22910237 
521453852 
253505105 
3888002545 
24144989 
256002396 
4426891949 
2206363273 
22399813 
330841055 
2568242792 
103648906 
72082264 
635824326 
456172864 
28049183 
1708107612 
523800524 
432001988 
301637305 
3040561508 
19327565 
544827541 
628360439 
29772602 
970157748 
869054192 
37758284 
777309220798476288 
2589087414 
44731427 
615318283 
2895426954 
2448211262 
2617980070 
3204122621 
799038542286639104 
3078922861 
451783850 
296181112 
4879162942 
1624364707 
190929777 
16639674 
363385834 
440881705 
730047224 
1340546664 
3301646560 
137390854 
807926714 
100419827 
24824899 
15606837 
624097332 
1376794848 
852978768 
83500652 
765632123571142656 
4583947402 
32990345 
717570039595950080 
304024541 
2227699399 
783494580 
2953931668 
764296203035111424 
844797216 
1224891816 
222944984 
542000496 
1453017372 
542138681 
322054074 
3092487631 
28433177 
2526072546 
4697741436 
241087144 
45387276 
431804564 
248978614 
18417986 
14336370 
254666396 
1467567578 
710523422225338369 
735723630 
31181073 
3242864053 
237240391 
289464915 
267015191 
2410047210 
2560629766 
184634108 
288932644 
328354041 
2408347579 
2474968098 
41337874 
41540269 
336984035 
155374841 
229366064 
2344063392 
763870436144840704 
365095387 
309091888 
1306758301 
787029814934810624 
3363638134 
950401789 
168310139 
3240562153 
57668053 
350564372 
33299478 
237121894 
506655443 
251004085 
110205865 
727350105813164032 
477004088 
705316084660858880 
45090120 
563246605 
409466963 
753123348 
1499958842 
353301446 
944292296 
20567470 
49596617 
4875719903 
1016491015 
2774856610 
344481059 
234219866 
2953897564 
1130843886 
2880902279 
4793836934 
156429875 
702321456307265536 
505170057 
1322655156 
3015995954 
3230868918 
39593518 
2756317058 
2711090364 
551551269 
58526663 
427074152 
199075780 
3380647139 
777231781 
79527681 
39141877 
257905011 
21628112 
74268219 
14715981 
449331792 
51198098 
26527722 
256559611 
36524239 
748289263 
373570276 
165126215 
129646430 
432904322 
3251304836 
2263738922 
358891934 
573749724 
331311644 
19166504 
1367994823 
34937547 
52719612 
9989862 
27923959 
35088323 
21219827 
55358140 
3221457880 
387991216 
754833171179376640 
2970467670 
2272410846 
1588668457 
345152108 
354997737 
970657332 
53163855 
2463491659 
25967285 
1010444970 
1055902668 
14486853 
339627221 
38463062 
272724192 
362279055 
261260926 
283347283 
21411224 
1896067963 
31316194 
1130771407 
4845976400 
2194648626 
48341888 
242526575 
35826744 
21705130 
15093895 
319956826 
3306495120 
227527632 
264489829 
26340636 
25630055 
2518369284 
116072464 
4399141581 
346339018 
25103435 
74133153 
77630281 
1173142938 
32980060 
169603411 
58642220 
536773561 
185961587 
2842538394 
2370458772 
3586848737 
91049511 
1372030574 
987641810 
24903959 
20021373 
1914966840 
360997035 
18699812 
348013961 
1885290668 
281892256 
277767458 
22727828 
14521926 
47798278 
28116950 
98425985 
38495592 
19643981 
92379105 
279750654 
4872912706 
363220827 
734331092 
23011345 
29221534 
181429277 
22172316 
23852716 
4820124027 
576294060 
3355199423 
162740315 
30171216 
828881408 
21835439 
1609530602 
27677483 
601096199 
1148628374 
38273963 
720285653167017986 
135011202 
339262936 
35816671 
381876138 
4703526315 
404072434 
110308521 
66845595 
3291075180 
24278702 
76450816 
2790463307 
24763916 
51968169 
555245367 
50808229 
30462291 
717243247 
144102022 
3395459242 
857342616 
35457727 
77337367 
3192634771 
345414809 
113497466 
417604174 
15693493 
248734715 
21524732 
471406035 
196440641 
43379004 
369354334 
189688919 
32567475 
14707058 
298314307 
281678214 
615555852 
31290708 
402751223 
202904625 
1027725402 
123388104 
174502025 
30496956 
1469070008 
230497338 
15754281 
240799074 
19314849 
364674562 
239575120 
20621608 
1008879229 
787349663112278016 
26736494 
19677253 
97594020 
723203228 
362919640 
14780915 
272265655 
23152135 
1206387876 
541283712 
41031671 
113501656 
408686543 
170053807 
17640726 
4891988458 
32019764 
302257612 
1287735524 
978690121 
2925047784 
161537587 
323036345 
52141198 
105246413 
23955608 
26753611 
32642994 
54956478 
22578712 
18705521 
37438284 
425381679 
3438066262 
524924132 
31032005 
48630441 
977363150 
462531624 
65547252 
2817387480 
254186507 
779718018934927360 
3149817497 
422009467 
326837808 
377692130 
443006623 
1526948960 
87888335 
53806133 
179197309 
2962137581 
234290406 
4296861976 
514478127 
488256440 
582781007 
2967953773 
129858522 
115079725 
1093139989 
233258979 
249240491 
719532474385215489 
3196352453 
21094888 
19798666 
307679667 
65436209 
1920292272 
22830247 
152350026 
29795648 
2979297819 
40564434 
334406583 
190677613 
17903249 
29782464 
121268126 
22612641 
123360769 
22445245 
726928175947722753 
710651051 
779311165969014784 
635907995 
2409704136 
2966011120 
3576898103 
65537597 
2734218352 
7744592 
22650211 
28785486 
3053266336 
284775710 
349485556 
297733116 
231655672 
282193031 
43472099 
2389104240 
2206174325 
414138877 
62540904 
68033 
420028330 
59611400 
349832045 
244373575 
356307001 
46757310 
125361735 
429537366 
276671422 
249941026 
81189899 
757761132 
18950931 
11659332 
97274304 
492974864 
323058713 
1262489053 
720911420393541632 
34929537 
2876627979 
3876644900 
27420349 
388635357 
1191902802 
2350462465 
335991846 
1432339399 
32351247 
2494650560 
75658375 
59923343 
3848790852 
705778867 
33643268 
21689251 
409953936 
2710228717 
574068190 
85245618 
23018060 
27867017 
77082794 
3740901193 
1500461167 
30538202 
505350031 
197511423 
115142857 
14838528 
734196571798142976 
846125292 
214534677 
18853142 
1620619921 
221881378 
381617920 
780830134743863296 
17024651 
296459970 
253390262 
31969342 
15676578 
448094262 
1067376998 
29931892 
91478624 
330705266 
277618799 
18500777 
1716121 
243528184 
489495468 
394353385 
27311258 
624154801 
2821557158 
364008188 
4471881994 
176505477 
716673894363475969 
1171171 
45776154 
18754727 
282746844 
504781550 
22336613 
767444097669791745 
388627030 
413541909 
348044335 
271705673 
1399081453 
84664228 
1272209336 
21182469 
285543461 
297452849 
3325526675 
1621515126 
1958748122 
915726438 
45948313 
2797879046 
29970894 
2594351270 
355160219 
43299449 
21956433 
79378470 
2847917201 
1404035742 
380781901 
68711035 
2419340046 
19676001 
299314723 
218641777 
975314676 
460271801 
27565953 
189226864 
27054307 
628165005 
2735032781 
16788263 
168626322 
39761604 
30572854 
138847750 
181841606 
2427958350 
1838983994 
2875850446 
318734389 
377642170 
191126319 
1830219366 
19445648 
43761871 
40791430 
31357432 
69397269 
2322367894 
18286505 
164866511 
27112635 
2207637037 
61630300 
50187208 
41783597 
2822279100 
2885256473 
1849556808 
2326499693 
212423755 
1250629488 
247619566 
742035084 
117810625 
381601597 
449036959 
200672935 
498592032 
446385713 
249375240 
748214701843177472 
38200858 
32631493 
200497584 
554121603 
460001492 
564030963 
568723959 
3435316151 
77743482 
457280453 
257329320 
1592005508 
145792022 
1069719289 
1341170820 
23501498 
15738599 
327156831 
199480386 
1012026510 
1472120696 
479807683 
53011384 
392849653 
464186396 
147929345 
231379944 
114133321 
2677291279 
19908607 
1286751074 
20750275 
408236225 
718603379639881729 
34900755 
231183280 
367996983 
771368698384748544 
14622288 
22001482 
247430490 
1092513414 
355027943 
121922638 
36088191 
18079938 
107866786 
586866347 
94358599 
2285618580 
4755338985 
310640378 
78121058 
994214880 
4819799303 
234494195 
4767645867 
326343810 
256813488 
42977470 
21278159 
19955482 
347566177 
307098392 
2518589863 
2517715978 
158282479 
210947486 
529077298 
26055741 
202155557 
91456699 
20025364 
396966599 
22080446 
2273811122 
729242293455171584 
45698885 
19186958 
166206661 
370397309 
14189954 
3260151308 
557008571 
33703760 
14229661 
1884573787 
128460871 
135597147 
773686478601908225 
264412787 
337892739 
184444187 
705464476 
566975606 
16261707 
598993116 
913872145 
517167128 
196629603 
1705637954 
394524651 
1485682664 
50062886 
24167314 
2479845637 
16573941 
202396203 
14563264 
2377644031 
16972620 
1161671078 
1118725512 
2335060413 
16492290 
34714291 
243164936 
1391627119 
21922864 
106480756 
763402376451616769 
300590803 
3836306603 
3080761 
528934665 
1599662719 
2424011196 
211579749 
1443485371 
255388236 
305694283 
2910315763 
334189541 
42184225 
4926728452 
18420808 
729403906745315332 
726323374281076736 
313594990 
2942441696 
116065708 
44284703 
35275234 
2668261849 
46115006 
19091591 
34239361 
154953218 
20010462 
712053301521420288 
766455269375283201 
21257115 
1635165024 
238354602 
14227394 
29121486 
433858552 
451518337 
1020764125 
19749782 
103610846 
2733663769 
25145923 
2200369597 
33695392 
17003981 
2796786588 
1248369446 
16078691 
470546115 
1116945727 
937499232 
15883042 
5668942 
98032928 
3384555972 
291128061 
19982433 
759530945892331520 
75541456 
2231786521 
449588356 
1499092494 
28636985 
4809312694 
314117766 
38951108 
273622852 
2562938816 
789664632 
93662744 
117649731 
1649060575 
24627132 
19627228 
412537734 
1173831 
20321785 
81794383 
24929621 
53153263 
20445725 
231524805 
153966123 
546077841 
283877655 
228849132 
746040044285100032 
15825798 
20716322 
745269738373287937 
51218778 
77140040 
1183887576 
2181453624 
126434587 
93637779 
4576302314 
102230123 
1244878477 
471648574 
499266053 
1300476415 
234554552 
448814278 
21133007 
2963198890 
1051177692 
272460036 
2678041693 
165944767 
16941646 
920104904 
15389976 
598208113 
20810709 
562381032 
281390508 
105955791 
124052977 
1598823578 
326670883 
700865044951801857 
37875647 
635783830 
1148503249 
2747423027 
63205516 
122122975 
903226752 
2866352044 
16028554 
2225176746 
452507479 
207923746 
23561980 
717478249727598592 
193403702 
1526520228 
183310940 
29915916 
29546945 
271471850 
3058231821 
29694595 
63842979 
3037889311 
29054503 
20833066 
937524486 
26535499 
196121440 
30208478 
1873271708 
840897602 
1171076214 
2731796321 
314754478 
1959290551 
254279378 
65590617 
754089816 
334094531 
2918172673 
111032538 
17019152 
55338739 
24816498 
113183249 
4871460803 
1158461929 
67124033 
321871872 
191230576 
51161168 
2494385083 
2154756507 
388257687 
277752618 
275229038 
339602338 
316717267 
333805764 
302172438 
342891797 
2869158628 
1058236206 
123304099 
23151437 
27201009 
1695358188 
42562446 
100549139 
256700716 
344740183 
429521980 
377207577 
20291459 
1350191658 
21352879 
51138515 
415551232 
4874031861 
403632664 
21690979 
3034493373 
3047204179 
2996093783 
46234674 
23066185 
37478580 
1050866773 
9917512 
20067531 
27086164 
33108214 
1708234926 
1316650987 
1955840725 
180660049 
1666411946 
601056731 
266212461 
377413245 
4746974104 
28066028 
14763734 
82721258 
2629797435 
617238464 
1442005538 
88795884 
219416316 
23344138 
30959290 
1132780470 
25642390 
2736789853 
2236249278 
19485243 
2278008246 
1484653687 
1618955360 
2233680006 
1682464752 
29369580 
179953196 
341273382 
588035925 
28350021 
158151227 
166215961 
40997499 
152745550 
106215074 
18740721 
328353470 
188677112 
79387616 
2953950876 
728621070 
740083292 
71612253 
923585936 
128455067 
298481775 
39783368 
2339138737 
107767038 
3153786906 
15769327 
33787936 
16795094 
454717074 
305597971 
2563791043 
200189316 
2422707208 
1004973038 
3085835595 
29411253 
2290069669 
416091343 
2807568463 
117773390 
460806662 
19588653 
1039117464 
2573567713 
173377572 
962831359 
101765201 
24933612 
608142086 
112836203 
28650983 
703808448 
19777398 
28221296 
66561957 
27457788 
288452305 
2760019911 
36026886 
376415729 
4593703588 
532758459 
27790313 
842020008 
2970633483 
613626869 
2970525633 
3794707055 
14464766 
3300855567 
3600111201 
3047295483 
4606507094 
261785617 
28061932 
51126807 
3290374316 
1153474825 
711198768 
395311801 
14645160 
18463380 
19270706 
278590625 
3891643575 
3427205007 
377804001 
86475487 
120207150 
203700873 
463428736 
37660122 
1348170739 
108928516 
537759546 
29474253 
273556886 
2804272717 
85633842 
416783089 
630010709 
232675697 
115115285 
142292867 
29374542 
22547820 
2724971447 
334277188 
625156884 
314815878 
2796495859 
48196541 
17883640 
2288265074 
550106850 
37759004 
350907064 
413732945 
280105500 
3546264142 
898058054 
1325346386 
55222584 
774030421 
103645294 
455684146 
3980463077 
2908529074 
32475828 
22757990 
377533935 
225526275 
161389088 
1911068341 
27182916 
231331040 
15945490 
28066653 
347777078 
1325204785 
51104450 
2332108454 
1966185320 
3425531171 
252387622 
2153711521 
1306148725 
435544595 
449068000 
425621529 
18355501 
2438397858 
181532763 
228260931 
464312468 
28266923 
235276126 
473285651 
848648000 
1672344648 
2421067212 
22408312 
34719119 
161053649 
217806990 
1114505623 
301262922 
772433425 
3529995986 
456658051 
3415979560 
24457979 
21459404 
21360280 
389072582 
148394110 
3463143383 
39520317 
246993055 
624852565 
3308081997 
1339835893 
25073877 
902217811 
954295393 
236143570 
14179471 
2964955413 
567675549 
492696316 
1344889171 
3408963556 
20153310 
495127759 
3376081492 
3325877140 
1918267117 
1109419663 
26877811 
41298605 
55818480 
16091836 
104574581 
136296636 
560684333 
84659798 
15219854 
259266097 
94335911 
19621110 
3155087419 
326505709 
357745848 
17030249 
456937763 
871547965 
15955754 
2726927272 
364099459 
18457442 
262431151 
5971922 
871285598 
22153607 
21667364 
767 
187869078 
2824746401 
267328388 
819119868 
1521643658 
568143078 
1314866862 
19568471 
71145132 
2965976987 
3521628977 
4780631 
400681854 
3203388701 
2601090458 
2609036412 
338199462 
59474308 
438789318 
1658638070 
224016878 
100761725 
77841951 
127684464 
2644900193 
2667587300 
2314942439 
619957419 
602317143 
2495102971 
252750423 
194190261 
216770314 
23699310 
633172078 
19056273 
59407338 
1451183407 
22093853 
93964442 
343096902 
376950636 
52830594 
82978967 
163207732 
1398503514 
22585003 
15085237 
170507712 
925043936 
68091693 
1002919928 
1499448908 
204943815 
376551276 
50156061 
255773409 
24659303 
2832908603 
183576616 
57553526 
1143507505 
7708422 
117516616 
2880197124 
339128572 
2284215037 
135727876 
3299962383 
220225585 
195977800 
47626686 
272680705 
336779929 
28755475 
164419238 
542591773 
590064002 
195069765 
2569649722 
29994407 
1849661017 
1923449053 
1581890498 
1135956572 
2967954790 
223492584 
110849180 
260084207 
585943759 
890235428 
3060063534 
22529873 
21668776 
14409856 
29525453 
1024429903 
26083271 
575536746 
2497345790 
269122567 
132948409 
242468337 
384241833 
921207038 
453417045 
816655466 
399098019 
188852875 
945158850 
2795084133 
80203745 
106557646 
3224493301 
3214662963 
28311526 
2734713482 
27545555 
2971997673 
242696654 
34567747 
29080784 
415859364 
242377301 
2960749755 
3192550039 
2885949389 
292444688 
514853197 
90473475 
70715440 
49623913 
19956026 
552856411 
175491094 
25321854 
1411550354 
549734191 
222274996 
2986459715 
1377311654 
538741815 
2866863695 
122162931 
159953205 
2807935018 
30944242 
43019146 
3104617377 
2779137677 
602939843 
28057311 
80173888 
2463804795 
9831152 
1608698287 
14855274 
445856468 
1019241864 
86739503 
37286984 
140994196 
15447337 
271506778 
2356330522 
1151233016 
487736815 
175383086 
1629640441 
133004600 
28726309 
27276306 
15065762 
276220265 
23368738 
766008720 
41502863 
984008502 
3087466437 
90429643 
2430555106 
5414282 
36541337 
37115719 
54993188 
295285714 
91508945 
42331097 
32178336 
91409081 
131945802 
237980631 
2192324467 
168566725 
23871652 
23332846 
2780757393 
46832898 
2871455316 
7846 
210238655 
2491201882 
252185621 
2902337871 
161418822 
2359742001 
1918278176 
16794568 
68462484 
14222536 
3120572547 
2757766522 
27939237 
106630097 
1872716642 
19208726 
394940074 
2906065188 
18393773 
37327908 
20019166 
455998862 
22243516 
745423550 
293258779 
51707796 
14476328 
338280424 
3021777286 
214621429 
1705341565 
553223376 
2526466399 
68258537 
214824142 
1486473206 
16711778 
190209172 
243661197 
2954935278 
317259341 
114952054 
7545612 
54659399 
384667790 
4797891 
1687618075 
36511131 
1370879226 
33502913 
28131891 
226538614 
484165815 
2213097260 
18215595 
330794818 
418950791 
903548048 
547995908 
189935924 
392883957 
53642509 
15612654 
248540427 
15500649 
552371507 
390239797 
238680137 
99340332 
30259370 
21356259 
94843075 
730703036 
2374411460 
2871058954 
2783235332 
1006405866 
78226003 
15839644 
1098516408 
163157982 
57742392 
889450399 
461291521 
108095195 
39537302 
16743691 
2978914643 
280461866 
37174010 
306306062 
2782060401 
28438027 
92597688 
2743861661 
429477946 
139132509 
36136440 
407230205 
95976968 
33342154 
2165516309 
329811087 
1180169191 
2753175774 
1855628738 
364967265 
47547065 
2646196464 
30599331 
21665251 
25255775 
50374439 
74712538 
2353987052 
386654472 
34999173 
66444887 
392308951 
59975111 
116586519 
1375930052 
281191272 
33617860 
347781968 
2763332406 
45098801 
444897568 
27959429 
2240323570 
890657708 
389762232 
85835444 
1296548425 
589711599 
2707438226 
97498167 
511699883 
307043943 
31280472 
447442280 
290735485 
41127954 
17778727 
337754414 
1117130887 
2166481140 
17476825 
338920213 
2421629929 
324896189 
440062750 
183399039 
158034295 
24742653 
127617936 
504448834 
1036218031 
726048372 
27295805 
18099332 
354721703 
16496727 
181993373 
15318563 
141713974 
28445549 
561214047 
960855224 
2351105504 
613752707 
189611237 
177911686 
447694810 
6765092 
794418318 
75511721 
31097038 
1459697916 
50564352 
2452006230 
401193945 
2733309579 
2798651550 
2791826768 
2583963834 
1428963798 
546653380 
124221505 
1553695914 
1332301454 
26746972 
28765496 
2584993632 
287699100 
224771348 
778649592 
391020532 
582643106 
2298420033 
952897478 
1290014947 
393817954 
20694656 
211109866 
844775556 
182107650 
9890492 
1336498020 
2683715194 
59989660 
1958057442 
344919140 
350211827 
2580890833 
367524670 
2911038425 
610457183 
353161051 
24898254 
2784323876 
357963727 
2983112689 
1470776562 
178903801 
2273793828 
332144116 
15158352 
1654266224 
130952840 
623067246 
138051900 
2507259042 
26384387 
36216624 
354919443 
258890921 
90156725 
92804410 
2409706573 
73202590 
2887265854 
44155878 
20402293 
577623674 
480054053 
21778345 
2721060610 
25185065 
2968631572 
930733586 
91930790 
23894496 
2577891956 
2962660772 
286768246 
297613374 
100462811 
492222776 
242303602 
251233772 
59654864 
45011091 
201287588 
63145611 
57069369 
47305086 
2958836463 
2850966565 
1632410636 
2695809676 
264941571 
109572294 
1180634665 
586409904 
1240834134 
217827393 
1612816122 
241274164 
143277642 
62387360 
718715635 
2955808791 
72126742 
2808185713 
570424912 
211121120 
373362907 
706062496 
402580129 
1646266746 
473975535 
36924191 
29430257 
1957885026 
390543422 
166219026 
43338836 
410810987 
270816755 
336515393 
154068660 
356154287 
2207544618 
224703574 
333799905 
155827070 
2792860637 
111258547 
2923161729 
76466192 
48989126 
328564458 
1900770631 
505850200 
136910941 
55322816 
416984966 
789058032 
109532916 
1534099250 
1685634685 
571573854 
1267707229 
2762273184 
827545278 
2908269445 
2894962838 
590282174 
2938907566 
258339923 
44922814 
1390266656 
2370535235 
212529868 
471328600 
384386530 
2792469384 
294055176 
145877751 
2578737779 
381935884 
785016085 
1354655695 
2817010159 
193805825 
277617873 
1816594574 
2724023064 
175642133 
1878974012 
1652810084 
554021145 
2620660606 
2415871734 
2858782678 
328176302 
2814026490 
1052300966 
35704124 
772405722 
396758815 
2517239172 
1976646042 
471478138 
2715015579 
1068859902 
49985508 
191820896 
221463677 
2905788874 
2391092726 
1328073308 
219739421 
2883118425 
1330252052 
110208796 
88277010 
215138631 
825915744 
630043883 
61878717 
39303489 
406254044 
613837953 
2155994728 
2273366080 
424420736 
235300055 
459559662 
20828601 
464983917 
588606596 
2520863416 
2303511071 
102483623 
113014707 
37950301 
194135146 
137010449 
1902322291 
722096496 
413474749 
55893933 
2331794675 
1107281772 
96221659 
90467749 
2580768385 
535721798 
471871988 
20341174 
368796246 
45406879 
489390463 
23758110 
346874484 
259667285 
266252079 
147251448 
415064401 
401582901 
86946066 
1003797590 
1076429552 
824919739 
1726289642 
43880186 
491349014 
40524863 
16161590 
19963090 
355572265 
722388462 
67343060 
32257740 
249515760 
402566909 
252608503 
1403615077 
83224029 
2572408739 
98650700 
1257587053 
416953629 
869333462 
514855913 
331333854 
338570852 
939957774 
259744768 
1858391611 
510746979 
2878181392 
2151569632 
78641506 
62044899 
599491184 
228311468 
341391104 
26842173 
125061844 
167826682 
302548391 
2429352931 
134157245 
166525182 
713212661 
147361135 
224706781 
2233800039 
308372391 
85879722 
710309036 
169143582 
24595885 
21644097 
43212419 
195442825 
2946491079 
81627779 
31591683 
118404454 
119444449 
45540112 
767325024 
2352966915 
2892318100 
954032569 
505152061 
386101168 
298709030 
72137875 
434933136 
20359162 
197914060 
385603619 
251748527 
263146865 
282122298 
1020824424 
528755547 
546660194 
2756436314 
2168414978 
2284339941 
178906109 
2753567818 
392906575 
277126690 
263326580 
419671875 
2933986774 
15648259 
167736065 
216619313 
2950055025 
189868926 
73384195 
1387483916 
2424242071 
201403577 
54405798 
46167507 
2376404530 
38191574 
108346867 
485583946 
218113241 
301997570 
28383561 
22201666 
2659442802 
268531577 
599803798 
24747554 
2515503751 
378767182 
256016660 
88639395 
231801742 
496903798 
2796170164 
2845941873 
2853657202 
2496183216 
352938970 
221515251 
38675278 
475252454 
270114606 
2841506333 
289539282 
529350648 
389716233 
385014644 
1317195216 
92771511 
45915913 
216212166 
429209719 
20162211 
192200833 
403626489 
2853628175 
1475292871 
190989210 
102989633 
340988938 
58297937 
2929122875 
36130348 
1533799494 
20616911 
57114586 
20774476 
182474563 
414743049 
1385737970 
347434776 
38639914 
30098071 
2929485125 
218310694 
313337961 
2372040340 
1252233758 
1441717254 
2324074346 
1535085134 
429877223 
22754314 
226789035 
226737279 
2478353209 
1461397441 
408451351 
23312792 
602287204 
127477498 
419042777 
96814452 
1676140939 
262206445 
2543618063 
153500758 
97205197 
1498517005 
2359339358 
55676514 
409567763 
406251527 
2157790877 
464789400 
29431941 
407959765 
366194390 
239820271 
870583525 
73434410 
532740171 
165369104 
2763838215 
2472246766 
276996305 
544345968 
346668543 
43412189 
100789053 
280427517 
20764850 
41702018 
482466127 
83386239 
24766519 
107759159 
101528083 
308372283 
2818937704 
20472072 
1046090203 
1572649657 
174436566 
1272137101 
2792647900 
18997872 
21137914 
334223249 
239676397 
111038965 
2762082674 
69194358 
2809015505 
734666958 
2875400253 
2341564103 
855142286 
19554892 
71300768 
548505653 
2921131089 
322918702 
269224656 
175565325 
304548201 
97034630 
19476982 
2848382621 
19457907 
259894607 
47841464 
2693543820 
455114135 
16096658 
206210465 
211727355 
30093482 
625811070 
1283820462 
19830309 
1117281366 
401608888 
2734218134 
96772558 
2286106530 
2830772946 
1659148116 
30318542 
758049372 
2724052208 
704849682 
1545285037 
29299303 
323771376 
406052719 
60812615 
27003679 
444730848 
1444907372 
1899392053 
2614783074 
39067781 
2336936412 
1087860428 
40548245 
38423441 
86526332 
49044585 
2811941437 
1373751666 
476540969 
2862811115 
2750928592 
222571207 
28027653 
614118276 
62760632 
25306199 
500651859 
1579168747 
20689960 
2588887082 
926612095 
139867672 
71270981 
48845683 
17266669 
22643878 
243723471 
21565678 
29717908 
546134496 
5988062 
14601733 
23605284 
501389799 
15480841 
390158480 
235415795 
18234875 
400152210 
376957334 
1482574944 
2860651005 
2738725600 
469480883 
1307658751 
106652010 
719097072 
16277827 
551433993 
35457279 
267611375 
2538115178 
16335231 
30722440 
2546787468 
363959383 
39866930 
733465538 
17668210 
75952977 
616182958 
525107837 
878033845 
1066816830 
2804403687 
2894283008 
2872033247 
2872467819 
2480432624 
2895425390 
2896212337 
2839713285 
1125187868 
20131897 
585201226 
257303959 
525024197 
20693930 
1144206421 
20628705 
2795523381 
26213799 
2819833815 
541643917 
364032544 
259052795 
20214495 
740963406 
569154529 
2571307019 
824145996 
1225238438 
322688395 
596204094 
466258786 
191920864 
323559386 
128651323 
2331807271 
446426962 
30052991 
66519925 
16314295 
476056598 
24616645 
313634783 
593109853 
19383301 
20101543 
404446161 
32238092 
22034995 
271978160 
186155792 
1597023374 
2288735413 
2809968374 
1081739395 
2848919023 
15294256 
204229060 
2865939211 
1382153504 
164043817 
731992194 
719207257 
107938429 
72951610 
432763985 
22330739 
550141861 
119261980 
211215710 
2273153202 
89124001 
1348177189 
123375960 
456104299 
193100561 
550594669 
1976308494 
69011492 
1061689374 
1658629164 
806508853 
995818734 
868343900 
26677160 
1354846878 
585377248 
2429644279 
581840443 
64496398 
32469915 
299851067 
960058292 
112258082 
314584092 
265741505 
2380087188 
235157481 
408750199 
284006601 
1143128426 
1380830929 
7349262 
36894460 
296417445 
363222774 
2164690100 
2782549551 
462280751 
570306532 
90255349 
23323914 
20298789 
1226384762 
204075017 
2621157976 
2788576380 
2727519912 
2484126811 
117841028 
2743130835 
18903971 
1916838151 
62408264 
523007859 
129538993 
254098644 
635544624 
218561237 
138406831 
20776350 
776978221 
2431465717 
2658793441 
629393661 
27577941 
60896710 
321233479 
107639188 
43998325 
637134345 
382099761 
588965807 
525096989 
330826792 
392799609 
2469126038 
179465567 
176421889 
31444704 
260267270 
1036769473 
1055561264 
548257846 
159126078 
2218942436 
110937247 
335503963 
747532022 
709721959 
45544181 
1103759322 
242441825 
28361963 
244721230 
619089165 
203749228 
2202751819 
491125780 
286687675 
1124000196 
3004231 
921709291 
2286192120 
39041598 
1837507388 
343788074 
1356381793 
124506441 
435645072 
104119083 
30741067 
2264273349 
58176083 
2378926260 
237907559 
713583708 
23280621 
25346949 
260651389 
463521478 
56564230 
58472323 
542902124 
49569852 
29621924 
1120425769 
309992085 
339226628 
238231638 
18052661 
137301250 
157996200 
65329619 
45777322 
18795640 
86869252 
418804513 
836954552 
735325838 
26879128 
1228378868 
17469289 
402718913 
126754348 
67669026 
738921662 
372340373 
44335525 
392288042 
30867788 
79743946 
354905457 
315609199 
25302510 
139851449 
452561079 
2274111005 
34908116 
246677188 
116766149 
410714697 
152919679 
16553544 
26096214 
33863876 
70793439 
19411754 
2150073605 
2488580108 
2603542267 
456045078 
318295764 
503578421 
608275518 
599430842 
390287262 
232848065 
2504797888 
512570805 
933480745 
2335863313 
46276723 
26321411 
2529526228 
268196353 
64497468 
514461201 
1067540078 
58561909 
2172618277 
1665848430 
19798588 
50767793 
2215431318 
15229103 
213444489 
245453518 
183834317 
1202525648 
326742140 
514420490 
2200542928 
24360057 
24967668 
25158003 
481780084 
219644668 
573008688 
224033375 
80700514 
2556699415 
202537387 
162890663 
31045770 
243856000 
39706130 
111936162 
30703419 
240053494 
243762662 
2332104140 
2559212469 
1421277372 
100599811 
221650351 
40844092 
485727090 
2352541260 
564955056 
1647357697 
114049072 
347641925 
384167443 
429546195 
27986225 
193248517 
209866026 
16727535 
25713124 
1540023648 
35895579 
151674425 
465459450 
19995471 
109446151 
838737098 
1348164578 
123374553 
565874215 
19919446 
50569983 
2503984837 
267099626 
618423899 
509366303 
182099336 
27152244 
15320731 
406707609 
308739641 
83667568 
360822236 
1186905949 
397673792 
21845792 
324847917 
620303236 
58946805 
18252171 
2343855976 
42453953 
21063200 
429374865 
21262169 
28122548 
30009515 
1252576842 
227846310 
121902881 
292145250 
26511731 
1382835624 
121854873 
1126442190 
20483835 
241209703 
1679029430 
41038781 
78402898 
2352553990 
142359854 
34629582 
230287527 
1041442471 
61907043 
56431459 
326398400 
229580248 
70819339 
2393375322 
633430503 
2463442591 
28741113 
22959218 
1308770226 
1110670988 
31507634 
15357783 
94392939 
137512681 
2347353984 
418300233 
145499533 
556149126 
330462161 
2365681010 
79414211 
18351461 
22557272 
408618152 
25879140 
430821675 
768432162 
263833861 
25460615 
37599351 
183359614 
2306647060 
19337237 
392465563 
400362559 
390581936 
713011733 
1069826544 
16901225 
349266656 
1083122964 
156393680 
24973692 
567756113 
144571420 
1687947920 
2298748549 
1041445465 
49518079 
244726809 
498595553 
794887610 
551544839 
69051618 
878391313 
245871134 
2370455113 
1515397452 
1527458976 
13298072 
18181958 
49878925 
1710247278 
1581668010 
51848775 
197357049 
2353782462 
24334341 
178483398 
341036646 
2193015907 
167562776 
785458406 
342309995 
86368973 
1003167404 
28420827 
28474662 
1113845365 
1968087756 
229385617 
37371184 
41007605 
1334589001 
27525812 
176061303 
172903343 
1215954745 
1190713418 
41853111 
863175702 
2177102090 
1558645356 
256825205 
998777264 
1578090302 
1027189334 
53205544 
2353431371 
634953977 
512845809 
173323776 
66209470 
115122348 
2370492948 
81526247 
1257798392 
15051938 
59282803 
567080966 
552213016 
462866174 
120136850 
40175594 
256270100 
63290331 
112523594 
38426861 
48991949 
266689449 
23181479 
144813170 
15215901 
180864472 
350613969 
20979194 
142696793 
45312313 
249237712 
140402868 
23083404 
844617882 
164346737 
312200427 
873279774 
518607519 
935079666 
589293869 
786411667 
20406956 
17198305 
38418961 
14196664 
196272906 
584662776 
233869494 
528801504 
267121955 
477635643 
518557386 
1383453732 
27711339 
1730530886 
2271215840 
586761072 
21898370 
815689106 
493317988 
2340948912 
159816847 
81770125 
1976329177 
15317676 
189313940 
628379133 
18922709 
201375656 
66113538 
365297519 
576940786 
1522579850 
1132285898 
7520262 
20155124 
858882554 
204876816 
1000465171 
302050611 
225265639 
496238679 
21380347 
24280290 
876045241 
171504932 
452082981 
211330724 
1455007285 
67818812 
707921494 
28431252 
1268073355 
1893160165 
123142249 
29171622 
33842768 
37624597 
1238149477 
154513694 
38458674 
72007571 
99110959 
179129881 
49883245 
715850282 
15528938 
110523334 
101547261 
1674107748 
956880811 
183380295 
1415722998 
911440831 
1479585276 
588454785 
248568377 
165154973 
15525694 
1577942204 
196229226 
503477272 
83922881 
35098485 
396087747 
393355540 
33906122 
575527150 
363770174 
215229036 
169041316 
377377981 
499232020 
240863509 
363095501 
367076056 
193335178 
292253290 
121174784 
333235713 
136397122 
362657421 
819916506 
1514673594 
19233279 
25324782 
617844007 
28909095 
1620504498 
361016080 
14348157 
46838546 
23056179 
26053287 
23237129 
485970520 
66856736 
28642017 
85129045 
454259323 
247135384 
1129248440 
395995583 
303554288 
1047778986 
2314938984 
223179702 
1272941269 
20592543 
419048631 
84690757 
832942908 
111187582 
243368358 
1363532839 
142297864 
2212305295 
849944514 
271051797 
1288600722 
61584571 
294636445 
774934170 
32148297 
437154455 
21394902 
188184182 
588210579 
462495192 
18556965 
1556695027 
67422991 
756581820 
628101863 
441135359 
409274044 
243835805 
15888142 
14345368 
299873152 
27554878 
353270340 
191446218 
825523627 
233427165 
36228024 
387214579 
442892813 
407348518 
14186338 
45426794 
490280094 
15608067 
167567971 
397501602 
448298714 
386001883 
110786298 
1483573760 
562299034 
45146599 
375465377 
19551921 
1519719906 
118414384 
398678209 
542948439 
96711247 
227722893 
511999915 
202554193 
85811435 
1726197162 
1112020412 
816896306 
47178968 
2260596266 
19727478 
78858956 
1357554092 
29317056 
903743348 
335521470 
450090638 
166989513 
2191970027 
155285733 
755628254 
20844817 
192145546 
163879757 
247669993 
82494484 
459019601 
2282587110 
30822118 
1189785572 
49735872 
371311381 
35004926 
106528725 
367988203 
62923979 
25190892 
114658261 
63536974 
777784 
26060091 
533858082 
95036832 
352086335 
1687395859 
330427973 
467194877 
126140318 
25631431 
2202581772 
777147404 
1963583816 
401733142 
1885189297 
475137151 
1651477580 
139163314 
1686911414 
31015846 
591317977 
1138551247 
30888409 
525888192 
15153648 
1733462510 
230367028 
126652683 
394967499 
536555440 
213365956 
272708296 
370370798 
433900012 
88231670 
311822160 
25178267 
1120241382 
36737148 
251886447 
260020420 
41965554 
373543446 
38429711 
257445092 
632590717 
586671909 
22151638 
402194256 
18331990 
305235537 
1081672279 
27067456 
405222302 
25547116 
334384966 
1954984933 
564407090 
466602792 
362501845 
64578130 
176918369 
417473501 
712883803 
117579332 
575568583 
113710711 
913193203 
367515607 
20742230 
158636633 
781482637 
66184625 
28723548 
223523105 
231643300 
528831643 
21969650 
114912535 
47304330 
154814605 
38035119 
172147275 
64209319 
352641651 
62918284 
268043408 
2268135226 
26930725 
39861321 
373483915 
51528223 
82659871 
909022508 
113738931 
1473408648 
716692232 
104079268 
222511623 
415011492 
449220309 
1069454270 
116251958 
148369185 
617547061 
562565457 
592205497 
184411686 
744288930 
166159624 
26215410 
52148579 
54789827 
40243925 
25027247 
629502371 
466759461 
626817670 
16325483 
467652975 
267068381 
44923388 
36750215 
607258383 
310219547 
282227071 
1386227161 
35855516 
278278045 
700631853 
19427213 
30980079 
33799012 
15211025 
25545512 
1088459120 
1737339396 
16293461 
419569050 
13829192 
178934667 
15128483 
404705581 
464726875 
22717486 
28893235 
1049090839 
16737406 
17167875 
22536240 
15794195 
632418677 
196138606 
440432365 
405010376 
163835030 
133857824 
300820445 
108686514 
381088627 
18241704 
21481926 
1611633486 
349035008 
268618707 
143474570 
152615493 
1638117925 
7889582 
15917475 
289250978 
2196782890 
1247715554 
197826999 
46926699 
2245259727 
216303395 
320563220 
22829117 
250713897 
21937291 
1511999022 
202732117 
15266614 
33068467 
15681934 
1072622076 
20797075 
14264301 
806689 
7264222 
69321918 
18910011 
15588657 
1673945138 
44724931 
923695172 
109922154 
714782113 
21325839 
2243342770 
8839132 
135285247 
35190295 
773051834 
44315324 
1249034256 
19249360 
14821252 
362077186 
9814842 
14871295 
2147800446 
23561515 
10045092 
196962947 
540234187 
903098725 
65347443 
223922669 
209092637 
822695442 
71207386 
116537801 
419774520 
12893992 
257505541 
389233532 
1432255332 
67147681 
24710444 
10456032 
33213441 
502474118 
394416313 
1671642902 
177527561 
14724161 
54565003 
21830995 
1052424912 
636237799 
583252310 
535237508 
1163488638 
114267647 
245232000 
1465556719 
2216176183 
19237321 
1543416445 
755411 
25501394 
1943259192 
26009075 
705434359 
303189231 
395605562 
316694063 
21335592 
586198217 
565785002 
11981202 
14768093 
1869076034 
418043624 
277163454 
171494908 
486661622 
717158443 
19343732 
132959277 
135336778 
22799750 
726353450 
250843103 
22216851 
395465325 
82765185 
20479808 
62862309 
483377488 
61331721 
542334087 
931268658 
14458203 
169582114 
36003942 
1086449538 
5514192 
18772355 
11054342 
3165101 
202776775 
980759064 
71059871 
260500812 
37788181 
16072327 
17034426 
1316463548 
61573709 
506848382 
1960859856 
16186686 
21088965 
15894730 
1566638042 
21655393 
1396671 
10911082 
91379999 
121626258 
90042383 
65413378 
43619742 
16089130 
590339423 
73414432 
1149952508 
16063694 
29251361 
557488789 
2884161 
407416693 
45176933 
31115050 
512701930 
266542034 
43648402 
40070792 
857264923 
3176141 
594659693 
15922433 
602825156 
1546590488 
195524593 
72203422 
364867646 
14066346 
198824821 
24409020 
1934599658 
16650306 
16788957 
1909088029 
47399267 
728788992 
372381070 
1668864164 
21428527 
1358356831 
1225578157 
5185321 
1004073534 
118938824 
550191252 
32361070 
928240412 
1124116080 
610845694 
17133769 
30429445 
635559754 
26327146 
15111360 
104848703 
585492321 
69589653 
279086321 
109681173 
15993097 
32788746 
1058631354 
397490403 
21348488 
24771232 
1703235810 
170833160 
138904806 
91270013 
17792705 
49378343 
260411617 
1486857402 
26815181 
82216200 
1098475722 
33525761 
252921321 
17595596 
109983680 
284946571 
40013721 
61540842 
253681417 
865192248 
150309803 
348826974 
1241752230 
516514435 
245540344 
471608176 
21902324 
1125253363 
123661294 
28401272 
2206458870 
235292146 
258538658 
175718482 
164617853 
20969724 
99588302 
360074202 
414428548 
756349106 
625740198 
49987612 
610292390 
163970106 
497258813 
324340887 
432803823 
109045126 
434268427 
213753908 
551844786 
281109221 
308778581 
293617178 
520666891 
556301346 
19989730 
487733625 
30281657 
84318532 
276946494 
1584365238 
32711332 
1912894273 
2172199821 
466007650 
332406684 
236699098 
2225190738 
417039634 
375882873 
251783720 
1543885214 
274002139 
801052514 
425064137 
53194805 
25726643 
589481818 
29440442 
1008654325 
468201909 
551439873 
115779497 
499175229 
99595121 
1580190870 
1331468706 
127003805 
413714313 
243541827 
342860807 
205300405 
22550214 
278719574 
383216857 
143349174 
177284368 
40642772 
92803833 
553194576 
73164615 
305478737 
318889079 
741698450 
442075852 
410287397 
455901315 
1662099818 
348629504 
495841489 
308776553 
85362017 
50683134 
210595650 
20819159 
1431266672 
1102018230 
220691913 
561248166 
