2584496694 
87818409 
1927089876 
13829772 
17448965 
17230341 
18905119 
757303975 
65272235 
276604644 
744518010455625728 
2290024064 
4200716788 
1241258612 
897577004 
773066761574965248 
22872643 
730202914958909440 
381187236 
2739895999 
1049644164 
1379927203 
15132414 
64319270 
48269483 
3240241701 
2688930078 
801013975 
402957663 
17011177 
50310311 
17789578 
17006036 
22162854 
63262233 
939922981 
54591343 
2749578067 
727424200567300097 
2729849852 
900379081 
531410380 
2360241721 
748268120649826304 
30053712 
739244179033882624 
4116372257 
359920994 
65634864 
224991073 
137836269 
2761726794 
150592308 
40028412 
188444270 
398991185 
75745715 
1654325683 
1286506417 
1545031921 
1128468090 
525555679 
95455763 
1514029248 
125420462 
23455554 
44483406 
406994034 
27282221 
863054959 
321634611 
226018201 
946065337 
50414448 
3232659066 
88365730 
1363206528 
19725644 
1370684718 
915269138 
4846106736 
3252758658 
22760030 
4785198913 
702945893398487040 
4901622873 
48306404 
580216612 
26099938 
200456671 
2181109652 
3038216124 
2324494104 
2783360521 
2257452161 
16616061 
2980978879 
5438772 
17927372 
22026168 
271521413 
561372021 
538476748 
14207863 
257651752 
3238448948 
104475938 
485109912 
860158302 
425340596 
576647642 
622511438 
295344317 
870080730 
3305960134 
110031075 
2990744035 
3017932241 
3150929386 
3034214643 
2883988803 
186163295 
958046214 
148117155 
17292623 
1965594678 
2409231301 
1352159568 
49164309 
2207787644 
1026475700 
18700629 
336728335 
159525316 
1584276012 
2242536402 
1128945624 
3192411776 
19022052 
159052174 
17368287 
1676105780 
335331533 
337860391 
407476898 
13251382 
16486812 
130906331 
125512325 
199737585 
24822940 
2803569936 
258847118 
950233694 
985759850 
1421096077 
2179791505 
487833518 
8963722 
621573 
22029897 
47983577 
17089636 
29717083 
1571707356 
2818577322 
255217146 
893411089 
490012520 
147786817 
17814938 
16619709 
3188818303 
395167525 
2997261583 
432218226 
2154127088 
16228479 
1551017384 
91206387 
589975555 
857955524 
59038273 
2505584437 
17899109 
119049214 
336218991 
14275261 
815177160 
15738935 
3182375011 
713648564 
1542662550 
12819112 
380816062 
445846744 
6742592 
402875257 
2864622407 
2206059961 
1857869708 
156989502 
2178887252 
269559657 
302472463 
99745205 
34176543 
1721075600 
3795281 
48988084 
245107956 
75937326 
209745713 
29221344 
15822969 
26616462 
71019945 
14750983 
16017753 
17905977 
1115365544 
1676433602 
466626618 
1120098811 
950398340 
2396799331 
1253721834 
2516897582 
199360809 
1490348881 
2303751216 
242269760 
16017475 
1140683876 
29429862 
224631899 
317216139 
17042078 
393276727 
609714086 
2678236062 
1679260675 
68306839 
1891806212 
18124275 
2886736417 
311129822 
2278860971 
14580192 
2805180804 
558148770 
18269124 
1015364172 
733372734 
1595212435 
296391169 
9676152 
2406269941 
17997789 
155230346 
380602156 
2174978828 
236028023 
112796409 
31618599 
13787402 
2467226497 
259198586 
5402612 
49413866 
2467791 
14849562 
378259736 
2154702712 
461513506 
233278341 
10328012 
1177287474 
2293415520 
1437690446 
19697415 
16303106 
370879693 
22674756 
27596259 
1448304912 
14677919 
96102210 
37710752 
18049298 
264299096 
45439189 
2308991089 
321652549 
214099847 
622300794 
136406719 
636586551 
137386838 
1948935782 
44806607 
1613910662 
1011349969 
118902602 
325126593 
1676175931 
1205345400 
74629807 
274063094 
107225267 
56487205 
9618642 
28097924 
400321300 
388345704 
34540379 
56365267 
19108922 
127003086 
86683586 
30054271 
600288813 
179895357 
26831150 
1360157540 
19984919 
35749264 
49047088 
92676153 
395355737 
320268880 
88764812 
838389517 
16630098 
24603024 
428694938 
472710990 
317416448 
1137881796 
1249676186 
757702122 
17567533 
232553852 
633095212 
56202639 
19843630 
20038221 
311052101 
581012668 
28567809 
16817883 
598802573 
29342640 
255220185 
620547972 
423487201 
19805059 
130009935 
606942857 
603685344 
47073443 
55187512 
20916230 
608511118 
105230604 
83481204 
787460143 
248512717 
14894143 
528946279 
32729442 
637344495 
147734281 
330672677 
187283701 
413510079 
971704646 
87706747 
28768921 
234367247 
707433649 
350174972 
1006903940 
14397125 
935091318 
290019499 
1004731015 
244347001 
404366158 
112475924 
322122983 
538342587 
52010875 
991373832 
824000078 
30080131 
946278678 
1075003274 
383808390 
23029067 
606549267 
435929732 
19416598 
569423891 
385611620 
304593450 
340331600 
363135186 
787765068 
359962102 
175204222 
239459275 
241067552 
1524781 
15473958 
18083070 
19767193 
713780924 
17248121 
17385903 
584917301 
25774136 
76836782 
24001758 
25065420 
216366855 
245545600 
21094745 
15480686 
116994659 
138737516 
14763 
20731652 
17939037 
373416209 
15863820 
37285420 
21611239 
23034673 
14134932 
521680306 
78433570 
38010804 
45579282 
20174643 
51837775 
43462357 
66892168 
15521075 
14075928 
43718161 
27768247 
575487068 
24259724 
14325188 
453892183 
540281606 
93950513 
42075501 
63121936 
389062210 
430289618 
622082562 
625530087 
600803781 
11348282 
202738846 
122973487 
225911067 
279418921 
234685222 
783214 
160877807 
353324665 
17643420 
17087060 
115632170 
29977461 
14116807 
177005581 
166022406 
97705149 
149035225 
41852856 
55355654 
406398944 
44333604 
425790025 
263925818 
41358714 
155748301 
164736263 
32372834 
17449143 
27834920 
119675037 
64267620 
58539108 
381113812 
823905 
274000727 
107951934 
174847568 
22478416 
75742264 
18414364 
205685942 
285707563 
9534522 
109379148 
107037417 
121802757 
39774619 
26039763 
38302101 
18845643 
94365433 
44261504 
118975084 
236590586 
241278137 
16913258 
17773720 
189376144 
18806753 
8005492 
5988062 
35773039 
18510860 
15164565 
20187758 
62527063 
168015589 
231595582 
247403460 
63989305 
54449403 
15154811 
91843047 
14456474 
127305588 
14647570 
813286 
15662761 
3554721 
16343958 
14199378 
17471979 
13201312 
14085070 
14309006 
18713552 
15021918 
37921458 
18736858 
807095 
15484063 
18032441 
17327847 
33504087 
9973512 
19204892 
15309072 
10238542 
16438248 
19344703 
14437914 
10340482 
16550480 
74192536 
7321082 
23111119 
17006157 
16621190 
53435986 
17501549 
23231179 
34113439 
19382577 
19402238 
44136438 
43406647 
15862891 
33023633 
108418043 
21218554 
19032464 
83237493 
770759 
42988213 
185910976 
19722699 
17596622 
1435461 
15768289 
20065936 
16245822 
16866617 
18594598 
19711765 
74474794 
68753100 
5392522 
71805880 
24223641 
17793878 
19658826 
20778387 
52852957 
16958346 
16583846 
1046661 
240302381 
27885110 
52488565 
18980533 
16365636 
16895274 
15143478 
14669951 
178486996 
