402978872 
108408529 
297563101 
29450962 
3311286493 
25002538 
1009165855 
14073364 
218537469 
1125737748 
262436640 
158079127 
745977269932396544 
312805517 
47987381 
835172863502082048 
55473284 
564663702 
579747564 
342181234 
2499516042 
1968881082 
353066648 
25162713 
826550404989276161 
401820335 
30372099 
495463485 
309899650 
3471471197 
234328327 
21074243 
15722811 
512149589 
522526714 
402442691 
14155907 
3186872478 
743877419107483649 
318796671 
2750292153 
2445840265 
112236745 
254599464 
4244213338 
170877963 
116523215 
31928507 
20778387 
2798851278 
25827186 
133288834 
1222997371 
102402496 
228911776 
19693512 
17123109 
700784447717638145 
1961325907 
376058753 
312840253 
55336059 
1650542270 
38504105 
773918934680625153 
74029489 
2891496969 
2271897254 
110464219 
75360829 
1034858827 
362612305 
804618907 
29280436 
2856024034 
1324657092 
575406032 
2160966338 
509099841 
1543703017 
3439201703 
5988062 
150384598 
55510435 
112482759 
15646381 
78385211 
36246939 
17494010 
4915494611 
437627160 
331750925 
15203143 
3239048717 
12908182 
114757825 
1485433387 
23305763 
159955958 
1435461 
2447986668 
17024837 
17448192 
1040127511 
17448173 
1223134141 
348664847 
14095644 
1912142396 
2316843056 
1301155585 
318709067 
414825315 
79923701 
1964303102 
245981589 
73181712 
3290070855 
41441873 
2163308810 
16303106 
2835886194 
607245696 
194599301 
1489691 
373566331 
316630095 
582836560 
67085067 
2992872117 
381757957 
947800598 
460470940 
20715936 
2909713155 
89563994 
49653830 
432802664 
196018962 
112493749 
6576492 
132948409 
22267513 
286867442 
1485231470 
28225335 
9963832 
17316885 
22747624 
3865149677 
3763809022 
28123862 
72966044 
2255350339 
18639734 
282675895 
1223298266 
3234116270 
2811460646 
2285442949 
1169392297 
27160295 
2800023360 
6578122 
2914601183 
21634541 
64019370 
2968303511 
1787548704 
3130919615 
2555032988 
97071728 
55554020 
100818837 
3016293633 
2733320850 
107528490 
1648180610 
2171261742 
1580631 
18695891 
2387165641 
621318159 
2422133820 
16630098 
22049097 
260479987 
1536791610 
822215679726100480 
426909329 
1356942170 
169183731 
46376581 
18812301 
14476328 
2250870218 
1137408992 
2150994817 
15268600 
1339835893 
27261369 
1306199515 
946083961 
1944406760 
2886535847 
57187580 
546083631 
2563431186 
1346859277 
17220934 
1329409206 
452521774 
224180296 
93957809 
17580275 
14313887 
62316970 
1621127264 
14950485 
2612087520 
86125016 
19333719 
488620840 
2467791 
74051281 
1969540188 
2493033942 
1532086982 
14606079 
68773549 
1707427058 
2321288150 
430814324 
16242081 
23674342 
129051309 
230240898 
813286 
14636374 
928851409 
122758753 
1545749060 
39743812 
45577446 
535773125 
388285890 
17296792 
759251 
87818409 
41143162 
1381775586 
460279585 
39778420 
130500525 
631247428 
551967821 
1286430498 
27073265 
20068192 
198889287 
355745323 
15862891 
57727973 
46380444 
59237642 
256199675 
45846236 
312070975 
458815449 
498123757 
29977461 
107093676 
29193463 
16664681 
352053266 
250641756 
182964244 
2884771 
41591401 
183855037 
16016427 
14647570 
25856281 
93451771 
140569401 
614554515 
438669311 
67018254 
265086300 
93727625 
7152572 
74633842 
108310607 
183723450 
432580097 
62869908 
414299987 
16045268 
74725264 
822215673812119553 
30313925 
16245822 
42976695 
278704483 
14552720 
115505593 
41814169 
211330724 
149272318 
297535770 
17045379 
123894986 
21782991 
3014741 
23378758 
73438115 
22996985 
19079396 
58550415 
273480819 
21875890 
73146747 
15587316 
171171584 
13565472 
336015206 
376327986 
96221302 
12011422 
18994661 
17006157 
188478027 
423631401 
140579435 
7138302 
11023052 
262223982 
40532389 
102488708 
108728518 
36106011 
17004139 
157009365 
80663193 
50339158 
16222202 
128618331 
14437914 
41639777 
15950210 
16537865 
379249694 
472341161 
1769551 
256682900 
174740894 
33474655 
48289662 
35007060 
14441010 
7856542 
30020556 
14870177 
15460048 
61015860 
530902174 
531685674 
214212539 
17057271 
15057943 
266035107 
82186838 
28138045 
38674242 
3108351 
104299877 
65154490 
75079703 
75829531 
285803620 
131144285 
18036441 
24894213 
14884486 
17369110 
21226678 
5694822 
5695032 
39585367 
23630483 
155215892 
223856150 
40265606 
198346910 
14677919 
12413032 
28218594 
36095021 
5392522 
20193857 
216403092 
23538477 
27755092 
807095 
15455705 
75927575 
16511274 
12804422 
234904720 
250179798 
253153458 
394187081 
20208931 
24234143 
277489028 
106832630 
379117893 
185345185 
22396481 
19729351 
347884856 
20900029 
39764957 
23468824 
54597172 
250221906 
370852669 
52433761 
17070926 
23280436 
18689183 
68998562 
105235530 
16183006 
191132901 
366265802 
15985519 
19725644 
43119695 
36196223 
27582945 
15652511 
191159103 
57411021 
182886164 
53441953 
14328066 
47628499 
18983404 
22034409 
34755840 
19692478 
76387070 
26203847 
116763916 
18083786 
22985149 
18002314 
27687783 
16065980 
21401231 
185790674 
15173291 
80048596 
90721862 
60694237 
82429512 
16369150 
