112897540 
2871676429 
784680583 
3080717619 
3386551083 
768449146462154754 
22706165 
18228898 
599503952 
2948600500 
317164936 
189470083 
2923727883 
58965071 
4048732336 
1012362661 
419048186 
21401466 
165507456 
15438913 
111556701 
39364684 
3303293865 
165162610 
607599583 
1540008733 
171682730 
305217958 
457554412 
321970500 
394274769 
101572891 
2731976573 
1644644486 
118780654 
262794965 
136361303 
1102712310 
42915808 
16870682 
338084918 
549470860 
169291609 
19397785 
595997584 
21111883 
95023423 
190804654 
50083860 
32469566 
185260477 
36706765 
271531588 
268439864 
274002139 
552835489 
288411561 
169686021 
56871360 
135530877 
138503785 
221490219 
149655776 
25581439 
125017845 
34811069 
24531730 
34892616 
25589776 
54289729 
132236776 
250517865 
23261363 
243474622 
27109019 
31119337 
236699098 
17553895 
192468772 
175247746 
79853601 
51574477 
157140968 
39653091 
27778893 
101928415 
97272678 
31480342 
92367751 
69080437 
24535504 
40667680 
85603854 
40500701 
43820414 
20012204 
46051722 
45904966 
24967668 
32959253 
26589987 
30782495 
25158003 
27989078 
18783665 
23613479 
16190898 
23617610 
