695992683907706880 
3160646900 
1906805233 
2564923532 
241832290 
244877608 
3257927839 
1197619002 
520180883 
3248598744 
2830051135 
1531514912 
233614681 
2272839091 
547607608 
588730194 
257799442 
404916846 
412948496 
66339576 
2223592103 
517680491 
2359717144 
343547084 
89423854 
134164413 
2896459434 
984413802 
32128600 
148779151 
1066142084 
1649633971 
476199422 
615214819 
141864252 
2158121408 
525312787 
786796010 
227626917 
2344933321 
1463880866 
1305657895 
1078287655 
136123870 
2655830472 
188230263 
2451397520 
999639157 
2716721012 
2323945699 
2196840571 
213009133 
1546270652 
2411488800 
1650215384 
111946118 
981057535 
2778537414 
1587560558 
545599630 
273028600 
947346722 
2148540054 
1681431577 
2232996836 
965939628 
306550555 
1017639188 
255335896 
518591762 
790876645 
828369354 
825934369 
629097517 
177134089 
525060895 
597592645 
1446460165 
2390553224 
925389540 
834988327 
1701044448 
593749376 
268287205 
1599171037 
2385749072 
224200628 
2485800751 
2266330784 
2210640043 
1675176944 
2498960456 
1099302192 
518651600 
395149823 
2951598618 
958156806 
2999115043 
