274353504 
23992159 
946618914 
776556085993955328 
415605847 
3033098871 
41512685 
279270074 
24277551 
114570540 
783763632 
29312953 
300392950 
42258863 
14892214 
250831586 
588391874 
51405063 
594257142 
50773530 
28665877 
133448051 
158097069 
476227352 
23083404 
127666940 
17617227 
1059194370 
141664648 
19113374 
23378774 
14063426 
58919137 
55458823 
52305712 
634907757 
40891771 
140409019 
1336826708 
59264384 
69068975 
61235268 
84744720 
53096146 
18558612 
442881000 
1577522323 
584336955 
176696247 
78506305 
28406235 
117640526 
488011724 
521321191 
15518965 
391016600 
17507250 
22178780 
19750789 
318689083 
356536670 
276537976 
297492186 
199077030 
215423552 
63195411 
252723926 
277596528 
22066555 
17220613 
32520161 
18091004 
71022075 
125547081 
24026381 
13113362 
4785 
408758113 
21897334 
123417995 
68540316 
790136510 
246312764 
224581951 
613542402 
224836446 
1156561 
163584436 
36315329 
259375460 
56798334 
59037337 
21362008 
275217630 
341717260 
87736536 
106838858 
24580952 
288003438 
258983552 
34122968 
292358120 
25121410 
89206624 
260419113 
30877701 
27619032 
188154246 
201242392 
378224925 
95251230 
54260075 
270920024 
390887147 
46422645 
248427077 
390800843 
45006808 
302163705 
29507226 
360376862 
362189733 
42258864 
194364785 
182577193 
360099026 
25324954 
41023170 
342814879 
36362259 
43180270 
194166454 
53078343 
243445748 
277796917 
48298347 
23261531 
49153854 
175850143 
35982046 
284750553 
203157684 
185420422 
26515347 
89033940 
15146558 
21231815 
27052694 
108318595 
55424198 
75296671 
76813182 
33769830 
35410338 
35586563 
58669256 
43641364 
35385104 
168570138 
132819222 
255626761 
256083436 
119102749 
119106683 
22494516 
49002928 
54978190 
36940817 
4081481 
284089166 
17950422 
270949258 
40892016 
22485650 
218349448 
17051641 
57333521 
40390377 
16302242 
18954398 
54238128 
14963032 
26053643 
39181868 
193095044 
74518740 
234521957 
34641517 
33615152 
209233393 
35018050 
52634742 
71023061 
72899120 
20575752 
78183672 
22736710 
70202449 
183665224 
183667377 
126048724 
126048399 
143859912 
184999935 
184988658 
39748239 
22504932 
23979480 
19735580 
91208190 
42040091 
148787605 
145323019 
35017255 
25432501 
115597898 
26588937 
23778898 
43139414 
101566422 
40104936 
85961526 
18479513 
31122496 
50004938 
19923144 
19426551 
6446742 
104526844 
52529896 
127621803 
45882011 
25575509 
128408817 
36220546 
87277455 
77071447 
22720424 
87778499 
59597127 
37800633 
106801692 
23985200 
19358734 
19551156 
19544055 
19212622 
19357128 
19353738 
19356263 
36831938 
67961159 
19314586 
7510942 
32618904 
74778498 
26330763 
33590096 
57100687 
36707764 
34541677 
23126944 
72966192 
34738867 
23478416 
40144962 
43165750 
102152197 
26211782 
19733898 
18135029 
87029266 
34301875 
18315126 
22502646 
23608310 
25355724 
40168339 
48488561 
21134190 
53120768 
18915240 
22159122 
41651800 
17299063 
46195370 
88763317 
26619516 
52529345 
20899023 
21254264 
26257166 
31447081 
51263592 
26799554 
28870086 
15498402 
25335453 
