135389546 
280157793 
257799442 
45786304 
1438162062 
374170012 
5392522 
508370809 
2625176466 
524962944 
18244358 
111946118 
1520006918 
2655830472 
552011578 
2785793167 
296623811 
27022925 
288215711 
2359717144 
874368012 
2759138339 
89304457 
121817564 
110396781 
312230865 
131102007 
2158121408 
2201635304 
1349082427 
2399728452 
2728488134 
520180883 
228515266 
215952307 
232914203 
149760844 
227121370 
525060895 
2916242880 
167989418 
437849087 
127245578 
121909585 
66339576 
710169944315531264 
73593143 
763759764 
487736815 
404916846 
90420314 
985172054 
325451111 
1260709183 
33868638 
14763734 
4146532588 
1183887576 
2602973341 
189652312 
1675176944 
213009133 
2903672520 
286742737 
3171366511 
2498960456 
255335896 
2205082777 
525312787 
4377601047 
790201489 
457692129 
32128600 
2325445944 
539382986 
2532983607 
68210284 
203083495 
148208049 
732069193 
557455977 
491830200 
1678941206 
400770714 
237147973 
891566299 
3228425414 
321445166 
167555974 
523512145 
323634172 
554540678 
234092838 
603269472 
393456494 
834370320 
1400837108 
329418923 
485370684 
910828603 
1289658361 
2316464970 
1261249778 
1227920058 
620445782 
2466467903 
476234589 
2564923532 
199110089 
488908367 
2272839091 
2794441796 
87321877 
2830051135 
790876645 
2413826444 
2478045313 
2743742360 
113564280 
1264788474 
601269100 
1681324362 
206052014 
2576238121 
615214819 
506134047 
2569364394 
1066142084 
746935735 
1014760268 
981057535 
2501274093 
825934369 
2385749072 
227626917 
1305995330 
370699216 
204887235 
66699013 
93167589 
2356154482 
2469605695 
24621955 
15560223 
816653 
284441324 
834988327 
965939628 
1154754404 
2401292358 
999639157 
1463880866 
476199422 
588730194 
134936026 
136123870 
177134089 
2232996836 
348058612 
2323945699 
783214 
545599630 
237604436 
418707217 
586189030 
2234457918 
2778537414 
593749376 
749952350 
1356953600 
1446460165 
1121163822 
1251417968 
78492982 
1519073424 
1703499732 
472967330 
1599171037 
929664925 
1891280354 
258923616 
1093124360 
482658470 
347899465 
1435811695 
991401038 
64496398 
1256551418 
357750891 
1674124387 
2223592103 
2485800751 
273028600 
1649633971 
17787880 
19803702 
980805962 
244321682 
538031518 
2266343932 
23696757 
16926413 
1134954301 
600388202 
918346674 
370536393 
471436748 
1086485478 
365953260 
487843424 
634714422 
518591762 
1244421032 
1322319715 
2411488800 
2177420990 
1078287655 
2196840571 
1681431577 
1546270652 
629097517 
1003794630 
984413802 
