313916789 
19923144 
25319414 
106592799 
19777398 
778020706491793408 
19287603 
189258194 
15147344 
110365072 
50515656 
1488709746 
730110759934566400 
341567459 
733473190656245764 
73206956 
15754281 
16332223 
23832022 
90021519 
26270913 
114659292 
214537859 
14091221 
68786791 
16000632 
34085078 
68802031 
2370406119 
19050560 
479727198 
705904579 
613889171 
272250951 
75878158 
3058892814 
25598390 
42562446 
443215941 
6329632 
104206185 
614920948 
21255118 
57097104 
98476870 
69188130 
541250444 
27144140 
97280062 
40945270 
48516633 
74228150 
76073268 
509145315 
16516722 
124582310 
384389015 
450946343 
306025835 
24621687 
23552214 
2185365024 
14920785 
26527812 
85379593 
15846527 
98175329 
160286232 
20606847 
1388272638 
17074822 
15097998 
25395727 
55307193 
40075994 
16262688 
351259443 
1146853526 
21447925 
29337266 
53717630 
14939981 
814279662 
116484400 
204142245 
271473205 
26553086 
24199349 
122216533 
51643837 
254189974 
13192972 
227480273 
76435320 
199299110 
164122774 
38453336 
54991635 
17008726 
352510937 
31420126 
18124756 
19908848 
43283406 
50826280 
25170188 
80943051 
43024351 
14463848 
26770785 
20209459 
34436704 
34396691 
28164096 
173195708 
22156181 
201143247 
190592520 
22089893 
18676177 
56359511 
103473947 
16381854 
58816328 
28051257 
277546050 
25092574 
28109359 
20455625 
16932962 
272059169 
70010745 
61391304 
20349081 
148496087 
151739057 
15846407 
17444573 
7744592 
34036028 
22650211 
60395840 
45664779 
35859588 
14880616 
20710809 
19397785 
29785854 
20169695 
15485441 
52407294 
33692766 
46238000 
22990469 
24400128 
