2693933826 
35578907 
414323219 
1479568758 
1610593988 
1263557930 
1873652694 
955425258 
1576723538 
1948029475 
2211288620 
866934380 
768050192 
1292775426 
1093173152 
2272486652 
2505432543 
2428263194 
2337093894 
1684722505 
1367809327 
2468232579 
1126505719 
343524347 
239556083 
2162945679 
173299522 
2242673473 
2277556451 
1362983958 
709145955 
2674076785 
2713796449 
2562025612 
2587860308 
1486767211 
2563629831 
2585299793 
2735757826 
594252581 
1689739472 
454640567 
1658582767 
291493485 
249218161 
1588024921 
1451056526 
318116299 
1168064041 
2724790871 
201791092 
135042575 
126657715 
2727262851 
173015453 
366286307 
719253342 
2670144482 
546252643 
2714281964 
1062276668 
2736038463 
2714299532 
1650035605 
2488011235 
2735955021 
1958994890 
2149684144 
549173423 
42054437 
2736137464 
1419700681 
2581106190 
413450369 
2653226103 
2515446840 
109774625 
2594029202 
2396094145 
832342038 
139743640 
2736173926 
2736152313 
2589684530 
2551781 
291818726 
2714587368 
2450467923 
2390274860 
2199724442 
619453376 
2429868558 
2368686612 
2713275925 
523872409 
113092804 
2380281071 
2736252519 
2736301948 
2683686915 
327728760 
2245699038 
2533433634 
2711948068 
342415398 
1068920846 
702505617 
2714913534 
2559905066 
2705547416 
149461291 
31508439 
2562493470 
2736371290 
2736194139 
2263756980 
2189231136 
1653509359 
291137046 
356826178 
2721643324 
920097330 
1703510628 
849467270 
2736422967 
1242411008 
536963475 
390915625 
500999331 
2736498952 
261022274 
1934866032 
510688064 
1948478677 
491441704 
2736467651 
912694886 
1686369535 
284621758 
2171486210 
2658842865 
416468336 
2732986618 
2259113664 
2357842415 
1638941521 
2735059521 
2489543983 
2734974603 
2736596782 
2155658896 
16361384 
394615526 
806945809 
423520316 
42384760 
35936474 
300392950 
155659213 
19923144 
52484614 
227482145 
534362261 
439662743 
