1454612790 
24213326 
2986365749 
177163385 
20172755 
2427288945 
706076020391219200 
323300698 
4742714607 
9104202 
3842354907 
552397077 
26751089 
53898393 
2348609726 
1099356343 
189034552 
2650100144 
467551928 
326287946 
748795976 
472057669 
32456120 
201622398 
15529230 
591776330 
4243526783 
1477312464 
21896646 
17295251 
90965479 
5484042 
456713831 
67131827 
723500112 
17251787 
39949034 
2205513181 
783608715861778432 
23544771 
879634296 
112999186 
40846478 
3057087366 
2373869706 
18899176 
7204832 
1204988545 
2915263783 
3535157842 
19375651 
11624792 
120732533 
48410285 
732493507290521600 
282615966 
484819220 
54923175 
732233565887430657 
2176309836 
4104953806 
621603079 
102116452 
712316822410895360 
3186327627 
718215320679424004 
4913423962 
17376218 
3250575532 
1053724531 
254074007 
259853620 
704699946356891648 
3907382243 
899052043 
626395120 
29093157 
3154144786 
4853153337 
817528298 
2842602243 
207421760 
2237453641 
1870992254 
3164880701 
2799621059 
1356779953 
31394104 
15005955 
600833730 
4785652301 
3297833260 
86876782 
488119827 
1585469030 
523339137 
28828757 
371795336 
14953378 
21084673 
174740894 
186394769 
23425302 
49421719 
35750107 
223908949 
29236793 
3542756662 
171600361 
948078690 
452153589 
27421797 
1680087926 
1938663272 
146023283 
26787673 
246227826 
74405851 
215376152 
20058825 
3191292237 
158759519 
816825631 
401882621 
204297410 
33229929 
62514177 
2431254637 
14569422 
32510228 
315122180 
41675415 
15595161 
94312807 
56735019 
2800173832 
23553961 
20859902 
1203691242 
514727834 
99982789 
79295268 
1668519799 
811717225 
277012264 
2466224420 
134144946 
2870451953 
16344387 
2162905592 
2880872098 
1469284453 
614249266 
1388821524 
323496528 
21933240 
1206164995 
24163711 
111342065 
2798127412 
2481657398 
2919953858 
2881001499 
1623309914 
12534822 
868654032 
38690010 
1546197366 
2782188649 
584072687 
293662786 
2474031427 
83840298 
2209140956 
130279850 
2853401031 
146502086 
59118265 
404326502 
1865237078 
2254917007 
2737104369 
1637467633 
568448703 
115102341 
531297921 
2375561150 
226674351 
467124072 
23084493 
555967172 
1178901 
426588201 
15316932 
182099116 
2825715356 
139496425 
326912762 
1831326368 
11031402 
75268311 
819851 
928474448 
18219475 
19999266 
37300228 
32383220 
1892057845 
194902100 
1870144128 
269653661 
17868090 
327383920 
126119445 
17677879 
130926168 
47608151 
20770014 
80364727 
724860882 
43117540 
41135818 
283273730 
854581958 
290518583 
568693941 
1193378816 
1578043165 
121077908 
29191912 
2512314825 
2671047307 
1891806212 
2645621785 
748018813 
1708268306 
495042305 
2161609544 
53101826 
185210637 
1099628502 
12868832 
922176499 
288303234 
17779259 
191463787 
376019079 
191544909 
582089634 
92525449 
1155277458 
81018909 
605350698 
1120799718 
19282539 
100314424 
419172944 
115121429 
612430986 
272311524 
1096950768 
14838226 
12160482 
15935843 
315490964 
17463 
33873743 
8381682 
2395878180 
117218161 
2398061562 
88857992 
379305973 
271528446 
332831438 
496094137 
230527939 
1481977400 
19234919 
2228500290 
515604158 
219218579 
2175843914 
8436422 
47837961 
267834923 
2341681218 
1159900411 
620990335 
205127385 
52747097 
295869679 
124589066 
19766166 
2359498188 
45915982 
1482577760 
14308843 
90676817 
482163835 
128429167 
10838032 
12434302 
387914391 
720754110 
104462518 
402875257 
43462357 
57190437 
2307422538 
35269543 
478872415 
185567052 
134765219 
1442009504 
18671693 
720461281 
1914200000 
251769429 
637087464 
88958783 
1520105341 
23941248 
404710459 
29163055 
1550057233 
185898176 
112757583 
25306611 
352289827 
106904609 
14386086 
706816111 
596603972 
514548806 
1617250952 
2239940184 
1201186872 
237893933 
388583086 
302270273 
106360393 
22038701 
1510311230 
215634232 
191898351 
1907137416 
291804941 
42544354 
901776655 
85041727 
20798763 
1978806614 
135535891 
517007964 
52506166 
35247186 
80123679 
143472364 
505851732 
201522558 
1886032099 
202098194 
44440474 
19282174 
1926734052 
11060982 
19808176 
912248030 
210787605 
63354924 
11114 
199624978 
117376676 
52563809 
273197054 
524252066 
193301414 
613378164 
322226985 
427718254 
15077628 
1101544950 
309043147 
351056905 
1089276859 
462407254 
1450773104 
373236286 
1550899447 
431626004 
532284837 
23632704 
1357196234 
17990999 
544557464 
222186125 
433664531 
26244486 
165367317 
582662802 
624850194 
472929211 
16531462 
16709688 
1216433400 
1064152680 
1243961174 
17361594 
1374414026 
617644406 
17784836 
1178688498 
60956542 
420443380 
912375858 
17463660 
995000923 
24335808 
168424208 
41905057 
72793377 
337719507 
937183218 
49330305 
108476677 
42061611 
83171397 
208704936 
18344173 
20758233 
702163586 
96568072 
37951787 
175051941 
19935575 
290793899 
26796481 
131298706 
190999966 
549150616 
572124686 
1134135811 
21244440 
110826956 
28676025 
557966132 
1080200178 
478884206 
509879675 
31914221 
113960189 
316012194 
372779646 
15258320 
26207038 
262665364 
602320799 
13564482 
42728833 
275683462 
19536353 
509110681 
42193369 
488737706 
45315354 
962775662 
26493482 
967291549 
358691133 
36645888 
745916701 
148874895 
280419046 
390041069 
791672665 
437591452 
568581606 
20319539 
28338375 
228635323 
158692333 
10330212 
20843724 
572296368 
8707212 
236873184 
473036006 
542870739 
62499092 
21643229 
636931259 
117016997 
92162698 
74959585 
55158413 
107511795 
6035732 
36911792 
381589166 
213728429 
17217488 
25259859 
263734346 
112142275 
16170580 
550495210 
632074160 
2277901 
774485562 
406868514 
17961462 
29516133 
507811546 
210112252 
65400202 
7589672 
303199514 
315885063 
545003895 
357484621 
22634164 
92017484 
143039587 
105718980 
214864850 
152988335 
366658041 
310256718 
148815591 
372777332 
14190922 
768241465 
110717122 
415471586 
162088304 
19776354 
238095043 
17087370 
8210552 
544304247 
403676266 
716089051 
94134519 
227383576 
18054950 
136301916 
558564465 
8447862 
17560765 
19988587 
412505769 
69248730 
70726221 
46060686 
355673459 
95394865 
115304519 
61182267 
141603000 
628438324 
48440389 
551304493 
14912440 
583233410 
53472182 
372707590 
54856459 
103733244 
618231972 
21115013 
15940201 
53649454 
16585717 
56163877 
15134782 
80618068 
117203481 
48071142 
517169908 
78892024 
15859033 
632750716 
27021802 
20517668 
774110359 
156020838 
525307378 
196598607 
118355563 
118689933 
701624948 
18553324 
610072748 
434840675 
745076510 
297422541 
366599656 
17967436 
96158985 
42092647 
47320991 
14945697 
15040978 
137807199 
84601364 
564523912 
549966484 
293546593 
90365242 
19241609 
14637159 
32429400 
301229250 
14158685 
557536202 
10876852 
28578101 
196107117 
15254487 
84094301 
1127651 
420278710 
40778603 
20474878 
429682128 
178815134 
16140810 
627406713 
29179882 
94631239 
64348036 
17373593 
37935132 
4547141 
14824990 
43327155 
94302671 
14997669 
260685403 
125396378 
113353016 
18084473 
23411041 
38864587 
35882276 
138021394 
206597681 
200967823 
380816062 
24872663 
10279712 
43515834 
184739717 
82123617 
60855293 
248238473 
323369190 
51751096 
144972081 
14525032 
373283324 
24677616 
110402207 
19739636 
206661388 
82372787 
159162963 
82967815 
25514347 
45860003 
168507487 
560893624 
78862518 
440845086 
14330959 
343223694 
26873906 
77185790 
51485350 
124391645 
226602062 
605686850 
1727601 
339964619 
17834505 
369278628 
486632893 
16515488 
88655919 
134757154 
163451225 
279577033 
15799001 
14829364 
86711514 
238354681 
98220617 
39335445 
131154374 
14420132 
146212029 
156768711 
19024569 
214378740 
148308432 
325772811 
20529629 
15407558 
385379003 
151842348 
44859983 
21477789 
214102686 
14291940 
211337263 
38365159 
224631899 
309874251 
217804739 
328150575 
12984852 
200456671 
199613595 
24910049 
38527499 
213302649 
122690284 
437452949 
23626407 
27707859 
54292102 
217391819 
57300808 
393258273 
16742365 
15237935 
314019036 
15806908 
28411928 
133205051 
22809165 
18993134 
20856188 
1234801 
79707304 
407019337 
15058977 
5876652 
15402345 
9949252 
21389605 
56779262 
19280591 
15107551 
21759817 
83601091 
160877807 
17129687 
231612638 
106414010 
93950513 
14300954 
28471046 
58482962 
14359019 
19205804 
317179732 
23054669 
494371373 
46959037 
6705042 
19725644 
18985501 
9860432 
68674027 
183575679 
45982162 
505650259 
221007977 
42839333 
21849781 
177219636 
64381952 
387514741 
18877328 
14112296 
484299228 
16979741 
106837463 
26211703 
307509250 
180199877 
6635422 
147350456 
24354376 
18856970 
1833561 
9207632 
14085070 
44608803 
19447398 
193226245 
20189206 
144626914 
806545 
64017773 
337537976 
39727904 
17030680 
268186438 
58527329 
92547187 
42032305 
187844173 
147518360 
404901688 
465866900 
12432262 
24687032 
19767324 
20434358 
20305979 
93612020 
14047352 
254065767 
49741156 
18578498 
153014830 
202568232 
117662694 
65525881 
10059592 
350424151 
36913587 
23410447 
21327589 
25815677 
16905041 
292823109 
14350184 
378143632 
233631354 
153411540 
153726697 
287058521 
117192318 
14585063 
158035855 
113139765 
17276401 
172280127 
17386540 
14868280 
59126394 
366828107 
27823571 
88936048 
375668090 
15659409 
17965538 
14444671 
220958965 
21985843 
32160366 
176733810 
1512291 
14923 
14820026 
313268820 
245915213 
151019768 
18815747 
19814810 
172800080 
20282231 
127003086 
16016618 
38860856 
167034596 
38191893 
19258241 
17942434 
72249574 
29964492 
817540 
41557348 
19205159 
40370455 
23609389 
14108183 
158968204 
14901823 
297094473 
20298671 
6325772 
13089182 
20529051 
53560219 
19277922 
281999078 
4339911 
7907312 
115158718 
462075739 
181894888 
9727922 
209509340 
135913904 
92614042 
6612402 
14056357 
6219702 
81157486 
15377269 
73197759 
146692441 
37921458 
17663756 
29434924 
264116927 
15803034 
14236524 
404793587 
173851564 
16201819 
39323821 
18442050 
82464338 
55412158 
4641021 
18955776 
364459409 
441490749 
10012402 
2893971 
1536811 
26688109 
82224263 
17541565 
26441031 
20444968 
16589652 
17071048 
44704055 
114508061 
14700783 
372405139 
88425861 
47973 
41814105 
972651 
1315431 
5772422 
14713133 
818340 
10367 
15859039 
81855775 
17785279 
14613514 
239292655 
274567177 
266241805 
15132914 
15836693 
1151281 
93939491 
97404734 
192256772 
332744084 
13918022 
13278772 
169753402 
1084431 
2384071 
250042654 
184010593 
61505558 
43577780 
15353398 
14124542 
68987753 
14462079 
350806797 
74146102 
346548487 
412162454 
20446713 
117569376 
170690663 
141226431 
342012995 
54316542 
19188883 
130793071 
38741456 
123823616 
44326260 
18509815 
353871399 
15441074 
258731466 
19404944 
315420102 
17809480 
220672009 
62875046 
284435829 
386333445 
32419423 
308663679 
321870105 
21220582 
380404906 
17871298 
37399527 
293263442 
226581580 
139644285 
135123686 
337861362 
19238793 
6852682 
80345678 
377495110 
19162730 
286572814 
164366124 
59125798 
40481653 
153535819 
66392518 
397447411 
32652715 
3202281 
278613563 
45580925 
20059911 
119333766 
50987942 
260086695 
375747686 
185667152 
310241927 
210528411 
3197921 
120499782 
122068463 
356261132 
271514083 
217394986 
149499239 
19180085 
308597060 
86102629 
42195665 
106754497 
21201511 
153886191 
18237848 
57291980 
56758177 
96320763 
33488759 
11960392 
14705826 
19509901 
259687719 
18799620 
262089219 
11919732 
102408722 
123198527 
216700072 
16478953 
26703 
382057337 
295685073 
177157551 
76051271 
278431103 
77199037 
56393527 
296725268 
253588542 
80106704 
9739592 
47861070 
22474349 
18718798 
34340128 
19412730 
17093617 
112236047 
15066760 
14388098 
6429692 
149623791 
3782931 
22926365 
17875811 
