32937527 
2476048916 
2748585072 
80204522 
17919972 
145860643 
42212356 
24183021 
199110498 
211662315 
815209937395679232 
1255294398 
584238507 
1633811846 
10111462 
64297333 
22652957 
2241879170 
57446831 
2421033668 
4595720293 
3262779091 
701575525 
228343785 
2218674878 
186914882 
713104410 
22717664 
851776567 
1081592636 
597477754 
15523283 
20857592 
11774052 
935013984 
45509315 
3256630811 
896228737 
2822567616 
17467699 
330705266 
1862292732 
611959284 
19017237 
72064417 
92753595 
374823473 
2403211125 
10506152 
258129124 
205339205 
153474021 
346742249 
16271952 
1679041458 
104574264 
2161009202 
15928389 
444296213 
228380072 
68835298 
74816067 
124003770 
994083390 
2752315212 
283167312 
521219921 
322069112 
165148868 
38146999 
55573873 
88621782 
143882311 
90617595 
258166437 
1236192980 
465895343 
171682730 
557379987 
20658388 
385072666 
240778059 
298527546 
375227729 
4612501289 
173677727 
59264441 
779898205 
44022839 
1242623341 
20348431 
15383636 
415859364 
50883209 
17351972 
300114634 
20434358 
462287315 
131072390 
24167314 
953278568 
143535660 
48073093 
1478986855 
15010370 
18895192 
29169161 
2459609448 
872887164 
608506664 
2431966106 
1877831 
14293310 
490859038 
57625403 
3031581033 
40079154 
701725963 
1604444052 
175711277 
27260086 
63796828 
604605328 
2536562426 
613768675 
1247007558 
593979805 
165875135 
253565401 
204532529 
47023623 
300626505 
3241009755 
3514711995 
745884392 
73402597 
3105976211 
803186761 
3041363775 
1673517673 
1895697906 
930824510 
2480515243 
2480387016 
1938904783 
711061570705436676 
2208062678 
23675921 
4805654655 
1681220336 
2330761579 
11912362 
194741315 
145864318 
28198365 
1309684621 
2808130630 
3589296553 
394619300 
3054622973 
712476530383970305 
2796556581 
935979120 
2534380738 
286991693 
1031942300 
322316374 
3029078866 
132774626 
2477385270 
561413272 
263658928 
240761441 
2371408724 
189844041 
3093941569 
2734431400 
534830076 
3257031054 
1860501354 
2272467978 
353093149 
380436513 
95530663 
2192127189 
4196983835 
45887164 
310072711 
4399367973 
2329626888 
17881816 
1215544801 
335998537 
2156191618 
607323311 
366407428 
206331976 
733062456 
633454040 
229385617 
322921783 
956127876 
258493792 
215413065 
2817211622 
1270844528 
266336410 
91408245 
1604729293 
29072192 
1587283873 
2852492963 
1650591830 
101617959 
2616337302 
133880286 
2482427622 
1071532736 
449983548 
403510492 
461702274 
1033694491 
2738145340 
507910479 
1597152152 
365621750 
527042525 
73061213 
327198826 
1372975219 
230930518 
33973355 
307758523 
557328178 
1301902650 
1680109897 
368490777 
61600111 
473179588 
2772337751 
2960774219 
2192197415 
3331663745 
325867599 
842930822 
635675290 
375745438 
79840180 
325867787 
281724952 
268414482 
34507480 
435971473 
367423217 
3202300839 
408625631 
63076720 
839680855 
478287819 
469915475 
337918004 
1539199002 
555045621 
1668748651 
713401014 
2258534742 
2186363175 
2716079493 
3091443439 
210864507 
259388982 
214914349 
234644211 
363334351 
385569342 
30528807 
700167414 
255754016 
994953548 
533691199 
336904238 
853539463 
1594527019 
339407514 
2227529827 
631209180 
872884525 
873677736 
571887803 
743908249 
29101294 
422118524 
2747445101 
876400951 
612873819 
712734915 
2419297603 
2861836748 
509597022 
733423998 
63580845 
2939421333 
1379773285 
2995066387 
347368522 
243784462 
891682993 
1573704270 
81641365 
120047491 
2872843306 
351285735 
358916620 
16364793 
555514720 
1487941651 
404031839 
414551391 
2544085278 
88241822 
944810856 
359173291 
278351715 
393359954 
576890964 
1614454039 
299979980 
15879853 
282324320 
57112795 
388346461 
1086985165 
46692194 
164033827 
1550717413 
16228398 
31869934 
16452584 
97344405 
17136315 
1887189510 
2926326190 
750426260 
268933509 
16225240 
421126712 
1059496392 
323895989 
375383001 
30495433 
463267348 
153156412 
501500591 
430389757 
372987897 
598343977 
555453124 
283242044 
1683447540 
522526329 
3057982239 
2356449356 
1202847596 
281046455 
1455093115 
2246571052 
2161419950 
2722755465 
224861334 
2423900308 
