2240956861 
836548849 
284773884 
570475794 
836990389122973698 
2612282681 
3397473287 
1620604579 
268919557 
3242182827 
2163374389 
810623908059762688 
245493776 
156605615 
311519412 
761439506675470336 
1218100328 
1692248610 
3130886799 
248555104 
2496923919 
843213931 
368750485 
170815309 
16047950 
93504913 
305135655 
265933099 
4355747416 
1253835739 
3346301230 
405124299 
414669705 
86837398 
86102544 
18393501 
20219287 
458681480 
34247411 
1726428660 
3240143771 
253725507 
132774626 
824320219866923018 
375153765 
19395039 
701191436935557120 
11383092 
2900272654 
31220837 
1627773888 
337828941 
3356531254 
199809099 
16947009 
886736142 
2881113249 
53898393 
480113312 
53025463 
808498466200682497 
32663491 
37989702 
220325857 
2464731932 
779935587285471232 
202573676 
789945838525177856 
2534862482 
19657120 
4015355049 
740935048283758592 
2246798346 
335433469 
2440040641 
292011077 
17376218 
13226522 
2583592880 
78729132 
2268673777 
320376718 
4749144154 
739210562379341824 
2906491178 
89899497 
3406754831 
4285092075 
278110774 
564661957 
4822423175 
2155448724 
2393183286 
1356861042 
240026300 
1112553272 
428885244 
747510242494267392 
3433875694 
3309217392 
2584971097 
253685928 
498542680 
1414525975 
4514282375 
548767929 
68913320 
4528000692 
1525024460 
1166828244 
2154127088 
627568193 
20474878 
3293920042 
22385548 
932805374 
702803046355615744 
72312365 
2196193154 
15860579 
4152587667 
1244735329 
122166395 
20777090 
481943972 
2925986086 
27234566 
17696092 
1106196744 
2760015084 
2585878231 
14303746 
458966079 
2884840865 
19336166 
1305230894 
284503787 
24603893 
2908572178 
16188864 
381289719 
83210801 
247678469 
44742985 
1618123446 
338606601 
3883416257 
40629851 
4836492125 
107611209 
41410667 
22107961 
3290364847 
119401334 
3898598357 
419873121 
4206064553 
415601652 
2393317495 
20746400 
586841695 
3081982205 
2255297864 
1398479138 
843993294 
34729380 
3382196146 
4070550748 
24873392 
21485905 
157477738 
1863811460 
32918347 
636023721 
2703870205 
1269274416 
214653213 
364862092 
47087325 
2810746187 
2834587623 
104165885 
114554280 
3428321386 
2905609803 
47707475 
3039183019 
37723353 
352317145 
130957956 
2596589880 
3139177656 
3362333925 
330743859 
24554929 
180858875 
214337395 
3026626886 
1560875191 
322138978 
898853588 
3189001238 
2347049341 
161247821 
21301110 
287016921 
101778101 
14403154 
3070784225 
15858751 
255546980 
463069409 
3092031603 
2496089581 
12819112 
357006878 
15254641 
525514006 
2162905592 
3064320599 
1398900980 
32078497 
570765703 
2601262362 
39704326 
487833518 
473015263 
75890868 
561750764 
17042078 
198606465 
297003395 
14294848 
224723108 
2251623492 
837570356 
2906781669 
507973026 
379357736 
142700772 
20745130 
324651381 
2864381561 
44196397 
457661563 
22399655 
1315308330 
2739154871 
16258572 
161243998 
449588356 
2817674196 
19350455 
79328027 
2353685893 
1063589010 
27596259 
2789457827 
67778196 
2710716666 
1584137959 
971948592 
181894888 
2579527148 
254484031 
532317415 
16034735 
2611489057 
10915842 
2592765126 
2212386516 
238033596 
17159693 
2480079168 
245957167 
1196641506 
17387342 
2424151074 
2425619292 
1923880602 
2303751216 
114857580 
1479338335 
825698197 
162337706 
140966030 
53678463 
551658707 
962997733 
176371696 
748018813 
16471432 
414236162 
22750673 
2159245760 
109895940 
43104516 
200434844 
183083066 
320167322 
1069045039 
41109816 
1598216353 
53410834 
1352126791 
49793 
262217708 
93889008 
93881354 
429438729 
82503888 
1077718008 
16459275 
1061859804 
327697369 
1221025892 
18770744 
1151865259 
942017977 
19908335 
473897988 
1045545524 
831790194 
40854900 
938864702 
83374478 
606135759 
15084855 
204721301 
21576334 
531697681 
43876479 
408055724 
202328756 
422720800 
576559636 
509273285 
16629477 
531824212 
367101943 
525413893 
455904453 
105887676 
182747810 
139598778 
18696855 
102768569 
19766166 
25489574 
85605334 
107225267 
27297131 
161296632 
203560532 
20148973 
325719227 
21156414 
43002582 
162686169 
329048731 
140790376 
82511170 
15219313 
130849382 
83814679 
84426773 
19512493 
82953204 
88795399 
185280748 
134610558 
86065887 
275719928 
14096666 
87321664 
47876842 
9662312 
20542737 
52522040 
215370565 
8496762 
155916643 
159904799 
18994661 
33315010 
23962323 
14700258 
18985501 
200219772 
14315063 
19767193 
19533817 
18655567 
46065613 
172317565 
47336791 
134429434 
35304791 
14043142 
162535413 
11501022 
19816004 
16827326 
11939852 
31552007 
31443503 
24862758 
234947344 
15859033 
14085070 
14647570 
15862891 
6705042 
