1286654618 
738538436 
109118967 
2220567734 
15439395 
1384636117 
35069260 
17687028 
44513878 
103387700 
471287735 
79923701 
91029190 
492383256 
262299947 
2377815434 
381565337 
271725689 
622935688 
20415394 
74669397 
16303106 
62513246 
1660468830 
215952307 
140791308 
19034656 
15173859 
1726074810 
17854600 
2467791 
249951302 
139162440 
15078049 
19583545 
113134752 
16016427 
742143 
807095 
915726438 
14939981 
20117790 
2423478840 
65210964 
51241574 
30364057 
52490584 
18510860 
196337898 
72831048 
16017475 
2303751216 
1630896181 
23818581 
15691011 
2317351705 
70111948 
46437993 
52135523 
27827422 
52610129 
18990825 
17973162 
16422629 
18895336 
480782173 
161394179 
110063739 
35206553 
28422142 
14506253 
1089532382 
14606079 
88749392 
24109900 
106507775 
44039298 
1582853809 
13236602 
17769258 
201419073 
130922325 
104297367 
785421720 
41814169 
1230958225 
320134516 
26727655 
26604904 
158414847 
90201338 
18708466 
263292498 
21600144 
87969610 
138044104 
