4160752755 
4699224763 
2625176466 
236549282 
4623225086 
1309297688 
257799442 
717460334433460224 
843112550 
1240491098 
2323945699 
160694892 
2480358777 
2899704195 
1105455990 
1017515348 
588730194 
717922380002123776 
4079946327 
4759795017 
989642563 
4832778414 
552011578 
2847258711 
148779151 
476634454 
748137168 
1520429624 
590041928 
755152143141703681 
476322280 
2615887795 
2334268626 
1269873392 
719308390405578752 
2309552653 
485370684 
155068208 
706821212891181056 
4297806626 
2940131020 
749485274447671296 
3386064567 
2970616323 
3782103554 
547607608 
1349082427 
370419168 
2209145031 
1244421032 
2786430025 
1547513437 
1547290333 
1308555452 
3316509245 
1641150530 
3363725487 
2934211394 
2717557345 
280187951 
2939990554 
538613656 
177134089 
1428754159 
2565473791 
2293388834 
469517478 
213009133 
1356953600 
2868194670 
1261249778 
386788466 
1701044448 
488908367 
2221394253 
2476544382 
1643849389 
2205082777 
1681324362 
206735576 
524657792 
258923616 
50618718 
3514240823 
4277089462 
606856466 
2928749441 
2445896892 
2748001296 
173727516 
534362261 
2650603803 
2501274093 
581033983 
1253397445 
2329649780 
1117957238 
740027058 
70009161 
2888160711 
585937668 
362559925 
1385526308 
2922266132 
16933337 
581494085 
386189099 
1435811695 
380369476 
387174019 
1327906134 
2505267823 
323634172 
1155660415 
1863807403 
2272856978 
2532983607 
543316184 
358155712 
319861696 
2790183688 
1093124360 
790201489 
54360288 
340418936 
197224205 
2266209018 
2632716033 
167555974 
1222875848 
701732472 
788110982 
424399010 
127360861 
1034119346 
2196891614 
874368012 
1008151898 
1422946818 
2183099646 
929664925 
1319755279 
2513545184 
573028287 
2313227480 
341658039 
557455977 
790080344 
549510165 
535789798 
918346674 
454939382 
1435994318 
1141461181 
426422223 
3167402549 
244018192 
910828603 
625353550 
705871699 
175605389 
379226206 
2369312762 
2580527803 
601298466 
3073572286 
2216118331 
443449421 
227121370 
131962317 
2576534977 
2193607094 
233614681 
2432417994 
284441324 
404916846 
1446460165 
482658470 
341102954 
385249891 
472967330 
1703499732 
345811633 
1445360845 
288215711 
1520006918 
2541999782 
343547084 
517680491 
1305657895 
1463880866 
1641860082 
1681431577 
249383682 
2177420990 
958156806 
45786304 
65169016 
32688098 
221197757 
21425125 
134164413 
325451111 
121213242 
367440548 
93167589 
136627335 
320297405 
370699216 
2468828976 
188230263 
525060895 
396086694 
214162237 
312230865 
332788870 
1264788474 
786796010 
169719009 
1891280354 
2436129961 
272055657 
137099011 
523512145 
131752870 
102325442 
27022925 
176224244 
2532213674 
1387076972 
17790274 
2201635304 
412948496 
89304457 
1432138212 
2517117270 
746935735 
409503871 
198737126 
233183631 
330088095 
611959284 
50944503 
259132164 
153470677 
525312787 
66714703 
139399835 
189499985 
82330463 
58166411 
34507480 
168183147 
280157793 
38765968 
539346121 
213793065 
211810106 
1049062592 
30849655 
82647069 
1498958936 
180505807 
485854360 
296723507 
321445166 
1102001666 
784477741 
80885271 
311134142 
565949562 
245544993 
26758032 
316292974 
860002934 
34014120 
296623811 
191728700 
241306820 
926169062 
304867660 
156863819 
842525810 
599395980 
476845759 
1115697960 
286210790 
27097477 
240900966 
264136018 
785540460 
472559224 
37733966 
207426991 
35870767 
266105421 
754724918 
973235004 
500230877 
337502808 
128199480 
302281442 
128473630 
556454742 
297692168 
56813097 
545398073 
429385529 
450397702 
282049787 
363972381 
238923113 
473469791 
268647941 
256628712 
465602435 
525821517 
17874544 
27260086 
27195114 
384532759 
30155532 
147305691 
316208515 
918249776 
22733444 
204887235 
612153309 
529957608 
99658726 
30171442 
6427882 
612867131 
377703305 
409478634 
154115578 
213951016 
194352680 
253592290 
324817242 
69080331 
384677591 
116706360 
139951730 
20322929 
181561712 
105119490 
176566242 
84279963 
158314798 
796642278 
427262219 
176814087 
236699098 
202610352 
433275201 
22204157 
86161407 
203021499 
735083868 
410454430 
572388295 
571519710 
388692330 
232095719 
85034670 
342325611 
311934762 
406655257 
779012048 
91028023 
332599768 
229534500 
27904361 
134677799 
296559037 
169432162 
107764142 
634048902 
732920306 
412549473 
478245811 
305258420 
181611705 
396483606 
80649058 
400688254 
149993274 
262406290 
590573244 
522417970 
77581696 
493062290 
144130311 
703932072 
623139810 
264463129 
381186578 
392092895 
44249827 
400770714 
728690036 
711150642 
630425110 
464943199 
506924965 
616394488 
476603548 
629839502 
44247567 
196626887 
113362178 
709808545 
497197829 
247835131 
536423500 
159202240 
712871196 
556201698 
387094894 
360681533 
543688173 
371687563 
25316788 
536696400 
460769963 
607443831 
201751731 
194988349 
592287687 
704060820 
335410688 
579272719 
711344108 
42159124 
331742172 
26739737 
405155072 
328294975 
708445662 
33127724 
509340643 
510691429 
587861101 
173057255 
167834698 
634918918 
233496753 
251316866 
619240188 
606034992 
226543075 
219426454 
186415682 
605045351 
133524869 
560476136 
440955310 
627620023 
232517297 
151114363 
591376030 
568129438 
504717980 
637141246 
603152362 
635951236 
618042207 
523983844 
152792083 
146297617 
357706273 
405277011 
225602963 
68210284 
368918493 
476470055 
532788970 
339252722 
602887580 
185770247 
458860131 
630008438 
436236809 
252210783 
620136767 
552457651 
622704424 
396004071 
565294684 
249517109 
631705124 
482591813 
139212898 
193510696 
355234568 
495228645 
595069438 
434476203 
354909055 
353675875 
567016376 
219657695 
398826531 
288641945 
350119740 
600459800 
509118249 
303608701 
558293911 
465469314 
590060616 
166730045 
256187239 
261567377 
235930567 
327832150 
565654837 
169105082 
540239103 
276789507 
310718417 
541333204 
538327710 
565447936 
284714616 
522756320 
619686712 
625698559 
548083989 
601709853 
399528262 
608471722 
324589141 
302949833 
625000042 
41680838 
621121443 
433620606 
366515114 
333742284 
169799018 
189232917 
285220927 
327823999 
512792850 
382458419 
143428998 
58709133 
348976603 
284635898 
562050475 
380138911 
495312897 
238464472 
269295980 
394838607 
426765060 
30771268 
334047470 
461698961 
366138424 
278045906 
613601269 
349194110 
212755025 
481614777 
94023933 
388429875 
218614108 
370982247 
581615604 
613127173 
283357932 
371560111 
555705393 
138941953 
217005645 
375287265 
34744208 
277262556 
260290551 
565839138 
441758286 
272249285 
246946561 
563858790 
592478402 
596218560 
483146353 
380024997 
444308737 
294481512 
457288825 
232736311 
493544732 
485891731 
428549390 
354379087 
383426073 
473602805 
320637114 
286602462 
297714195 
539460573 
176745167 
238680620 
437584145 
580335979 
619369840 
565882711 
333475536 
542787138 
46313530 
294381588 
611808355 
550824483 
219576304 
308435610 
42852087 
448121524 
484165603 
525759318 
565326072 
290952080 
538980782 
620883451 
313375477 
558951460 
63181294 
619439870 
608879119 
464924689 
612175569 
486767473 
615816306 
564485113 
342132915 
100307142 
538580246 
48425340 
621192212 
619539307 
499533222 
386919820 
619481529 
545542492 
514784932 
550702234 
407011846 
346471349 
301866685 
481856419 
48249713 
323816951 
286450031 
32118385 
531869995 
38918622 
114638751 
66430206 
244693347 
221064614 
86508759 
231741757 
285492275 
203427628 
206504310 
63884053 
609228109 
618871508 
156264329 
339734212 
562509948 
181471631 
456498023 
86167382 
388801967 
214675437 
390417486 
431191832 
368191543 
471843395 
613099325 
373787974 
568756738 
524048552 
603343824 
302506949 
578383070 
617480820 
488874411 
568745622 
463395482 
523535993 
422231313 
613963897 
188036009 
390663527 
169828599 
354997811 
321932886 
614194898 
96059581 
278178021 
257572335 
543668735 
570436746 
535530933 
480948938 
302814656 
609376331 
42060410 
442062041 
364726661 
521501459 
412834533 
464428868 
435331925 
245969044 
192562169 
51112130 
163768734 
173179369 
569708349 
550016596 
596951996 
422411149 
207331458 
38450702 
258871760 
154860142 
492130182 
237139825 
492769128 
527072753 
614037863 
549707306 
614357222 
512453208 
292624188 
547123026 
263239286 
335101200 
156454668 
207406612 
285351224 
332154607 
236467834 
311499934 
506556530 
445976930 
411098026 
495741901 
599781694 
325371810 
542692826 
612788902 
256375743 
377596337 
212785546 
124001288 
568339116 
548222729 
552116568 
610046706 
343023882 
458977266 
233018236 
228698459 
444697369 
433729615 
576932869 
30614083 
311610403 
228839895 
452155735 
512722208 
329973001 
462528481 
154194568 
306923345 
427673900 
582351563 
610304305 
609544531 
405962471 
35162030 
345638007 
412668164 
400046591 
111835929 
589531854 
331863715 
405867776 
528867625 
234869583 
259113348 
565832284 
127030277 
521413364 
237490111 
378622228 
298427352 
429773322 
573920220 
125041718 
585608764 
539167114 
550185345 
225450343 
393481197 
158679203 
302473463 
522668923 
536971129 
125121574 
373705630 
599170220 
568548100 
113488962 
476610251 
485701976 
571135024 
555272269 
282929235 
175913480 
299807372 
246206027 
430114924 
382926161 
261778164 
557058427 
235798068 
578690663 
202123620 
548868998 
591977210 
553834124 
492693268 
457889332 
164948149 
402183738 
369233753 
380641138 
533280047 
333130213 
498810911 
382979759 
424767644 
283381204 
459701945 
585377136 
254737475 
534717186 
565239960 
473506453 
513585458 
168839913 
407172109 
515672524 
499351893 
565884368 
513619048 
595905467 
211465115 
86978963 
595192390 
242774052 
337511819 
41594476 
99194744 
588988646 
562965178 
571148242 
137470813 
287350214 
514372162 
302509409 
581358952 
550714685 
550604763 
387285754 
122799939 
412025676 
514500155 
577469824 
411045432 
70532044 
154571171 
472554544 
571918358 
498172003 
144800772 
589889005 
187619589 
407291395 
557788958 
454875839 
19965586 
57933510 
279922747 
441032167 
237634998 
535478360 
519723353 
329667664 
350373667 
556451434 
246497433 
421552049 
330690636 
229269925 
359088176 
288290631 
592076699 
105924914 
153497354 
43790062 
532622947 
106272115 
341102448 
276520905 
547399892 
591980136 
253162828 
344429293 
569093039 
343789117 
455943777 
231689286 
271384372 
315989524 
347366999 
110283713 
304774468 
479143442 
551388268 
423875404 
266926983 
274210745 
518075392 
525738983 
550286218 
515947293 
458350729 
78966231 
40453240 
590280999 
434584110 
324334669 
431661482 
584183760 
573831359 
450202669 
174156055 
263557134 
168341927 
496673737 
118276947 
144343866 
249016669 
565719787 
100479503 
499782353 
182343099 
582498270 
291997595 
293718579 
402075375 
165618971 
180697317 
334474911 
498809891 
482427385 
407429078 
472532339 
337535591 
419610433 
483159665 
321776597 
463969010 
141323574 
422556077 
56736460 
561095706 
25244743 
565665523 
180726978 
582231503 
571340845 
227960001 
206864564 
515629630 
425915811 
470048425 
462239182 
381804921 
502497700 
490403692 
99354783 
216610440 
105289379 
449101944 
287039089 
161430129 
109948795 
264081043 
91524151 
230601106 
42050703 
77023514 
586966018 
568092205 
489195581 
311727503 
77502363 
73593143 
285053309 
538359189 
238449904 
372357946 
538387963 
32221016 
69175367 
487871108 
262000474 
535708498 
501952315 
355647222 
113018212 
550475588 
405785530 
541396889 
413559790 
362457259 
551811520 
47738642 
414160715 
552698437 
572492295 
476458179 
147991050 
352968317 
510904801 
90521612 
143848958 
164258546 
328408189 
255720732 
263128862 
390097822 
467754105 
584186009 
549470005 
137486352 
381756486 
272192709 
439862785 
367321312 
62163965 
423861941 
535674226 
567038363 
70677438 
449589688 
353359940 
479125937 
580502178 
327725454 
305259706 
426728243 
474492771 
166511090 
187884882 
560408620 
577882094 
285024234 
100254470 
104576377 
78693992 
85956427 
279646039 
522770072 
33785824 
486100165 
561843226 
250937905 
555136385 
392793168 
313896450 
369492544 
33356715 
105438854 
485427940 
90112674 
384284103 
342927315 
529054023 
140937818 
512328673 
423072687 
297193850 
223040515 
365745635 
567606942 
181950926 
274773351 
581542426 
559112266 
386326174 
550601354 
554705434 
242276257 
304171674 
10714972 
560481033 
529452171 
541493327 
562381224 
463362797 
396755752 
285003229 
234546917 
565738853 
304520218 
347933530 
574963067 
525499436 
508163649 
345486214 
576886441 
32124765 
432859820 
188605983 
154290232 
527878894 
518822556 
544917009 
287722157 
335735964 
162602988 
136137092 
379306104 
579984465 
513960875 
453294987 
581411809 
401061947 
443080646 
429521673 
578496667 
206783839 
247574344 
165742490 
382939508 
239585552 
401024991 
223726194 
130652061 
259945455 
521008043 
275281875 
579285793 
163068048 
534280836 
411705040 
48360878 
149253738 
563861034 
577632342 
545391878 
329355071 
334199687 
580574845 
163653148 
93403781 
215807889 
511399822 
293975462 
540495186 
37214100 
91558952 
276711500 
123350178 
49734575 
550680968 
264613600 
205610831 
303012048 
431421250 
406139021 
460715182 
390487583 
471181737 
502446253 
365105156 
236225857 
256818423 
575604281 
477806552 
62089966 
304690964 
53544763 
63342596 
223804668 
576454826 
566215905 
557827846 
259687885 
554469964 
64020026 
100841593 
575813374 
397683000 
390129313 
309374316 
447584942 
107649421 
459327007 
128867910 
548860933 
321503531 
156696580 
492739607 
520595986 
565930463 
252873768 
131984353 
558975468 
40167194 
372341328 
246511101 
123085901 
371527957 
514477470 
521927295 
575269055 
120291671 
443171766 
577620511 
165232814 
521207393 
394511311 
379619698 
258718490 
470531191 
372336331 
367965995 
575185817 
156730087 
358295717 
78464659 
306630316 
211598564 
295840252 
255216891 
86221163 
316778989 
313033603 
362398333 
172855014 
571746048 
334780244 
394990171 
259899641 
578321373 
126142291 
447309112 
218585471 
333527545 
503861847 
279462561 
532782633 
291632934 
90059116 
228296136 
453656288 
132892923 
521903580 
80840196 
379674101 
360187638 
119718100 
332852613 
548154417 
322823376 
77711698 
454517662 
567984636 
560488702 
272591712 
269368954 
374218599 
381274118 
467256934 
316727016 
54656500 
572539122 
52326579 
230238521 
315594931 
112805134 
371856771 
490379324 
542598014 
577379409 
114942562 
306735743 
301660282 
127973052 
383687796 
449796989 
559125786 
554235504 
258355218 
108689327 
562920162 
304460502 
385173568 
415979382 
324304814 
417451495 
162841303 
503540482 
493312286 
477375959 
254833905 
351212032 
281205263 
551889397 
514957808 
387571472 
262762201 
212755031 
251647875 
490550327 
410194361 
164678001 
388727195 
366811708 
437354743 
131276713 
421899807 
275639310 
35761096 
89976375 
272526846 
152205044 
321786719 
264082290 
236452432 
254402312 
545017815 
363366959 
574211974 
526117487 
539936150 
421982800 
62001568 
497384629 
238334177 
566451538 
386935959 
207517333 
297642980 
29290206 
101804477 
551340411 
458123590 
515856868 
251951501 
305448256 
217405731 
78815907 
265091957 
522845715 
170990722 
69922034 
456391181 
440684552 
497857072 
45214507 
250630001 
336445399 
256379318 
543811092 
160560487 
266883211 
573359655 
231926716 
283433052 
280633772 
152896635 
175772699 
280789230 
90084219 
573619148 
541434810 
339531331 
543535098 
493566607 
226508747 
576847549 
229789997 
166131384 
480110429 
493655416 
300845417 
66313710 
495538306 
459952035 
297655798 
487106751 
88576368 
60444377 
90108612 
254787887 
571223831 
237935009 
60364677 
468690848 
448452025 
449065505 
134528102 
563831007 
575985361 
574284099 
188654604 
165702018 
264645409 
552135335 
569835650 
388231599 
39296972 
297836176 
421109713 
321782866 
543436771 
562410500 
21566059 
284530582 
521863171 
321019535 
504940231 
496994096 
271452518 
406818437 
185600348 
563099324 
291894931 
547560782 
28594994 
40405058 
560585345 
572280390 
468803227 
378239331 
143417898 
571312362 
277188476 
451962438 
266159202 
117214086 
481696209 
270447806 
466177904 
555353203 
173407246 
135685875 
445705453 
447527556 
218146873 
365392296 
246617418 
314288684 
256437088 
333186471 
570403373 
573107921 
270414401 
202082489 
293364153 
334835091 
506334962 
31408158 
493014440 
289798508 
548029598 
533574330 
360205247 
398673298 
132673211 
37245696 
73799598 
551227342 
381276193 
489179911 
321015368 
73765021 
270620899 
360360817 
410386447 
389418910 
429462812 
122295646 
441451364 
537737191 
549045000 
356614466 
548506594 
555801084 
87281632 
189033244 
475561707 
60569823 
477523703 
153766183 
328150780 
414948911 
265231520 
474478978 
327561107 
506796982 
60365390 
121419727 
348874127 
265085429 
559987913 
572376860 
553273503 
160814153 
80621191 
463505559 
550798153 
540287192 
467927770 
414431444 
271416823 
484543139 
335984488 
140142820 
561445210 
386242368 
483261034 
288994771 
462800862 
523207516 
66784111 
400535143 
474067840 
68693311 
190394781 
294963618 
322894980 
133442129 
552432720 
44981877 
381814660 
572964930 
73157918 
396216038 
561412486 
326031429 
513742671 
251196061 
560526231 
545606566 
165280683 
424113733 
99502971 
515214298 
126917994 
563994676 
165337009 
173891312 
490777935 
363174477 
381725744 
396663047 
453449569 
540685543 
414523939 
461604104 
467047602 
444025598 
496502342 
454376793 
280321933 
263040210 
532753128 
280870853 
252877100 
223756326 
170507469 
559103477 
53292145 
544854233 
469867046 
560841678 
277205762 
571963975 
206037453 
446584731 
38803908 
539574026 
367465494 
117401103 
171923596 
350908195 
447058029 
433768646 
379135844 
377411944 
383034580 
123291363 
173556902 
509503477 
255139624 
485527205 
121697278 
550338998 
491460781 
337116124 
245893731 
465110934 
447625441 
105365613 
153095046 
301850562 
291441379 
565748192 
50565215 
535140380 
433883946 
101137970 
563398441 
521444630 
327550056 
471281495 
570356105 
154669344 
561950526 
253250991 
470689684 
288169781 
552954830 
498635266 
44967513 
299973743 
355921627 
541542970 
494693203 
240424415 
404717789 
458590241 
396569841 
466254728 
97934509 
568174913 
567210832 
133614075 
322388984 
566455586 
83589874 
565097434 
154065134 
186735002 
538503959 
289604376 
236716057 
560821752 
30360387 
354743010 
547326077 
292718719 
564276976 
477478534 
552350510 
546220204 
490916375 
288680712 
178077834 
518051661 
549639392 
269661382 
91306545 
147516441 
85261288 
315019187 
532953671 
146330470 
439189979 
236576582 
178510660 
466613781 
228423623 
117652275 
249335495 
259748203 
471464622 
361220870 
542466030 
377730491 
306978111 
294553715 
393483954 
136949733 
542309581 
204245896 
111206046 
320231203 
560621551 
17959713 
547257841 
341850612 
290985501 
62841602 
514827844 
451184717 
544583411 
28913038 
228675518 
272709344 
531149228 
481626871 
560812573 
427260565 
544561267 
377967992 
396280067 
566337183 
234755237 
565637933 
550599662 
125480709 
102746560 
551396189 
213587630 
75182785 
174146351 
512403368 
559322424 
550956363 
151512368 
385050330 
272270248 
36021204 
430990606 
481333348 
56816517 
341188252 
218802177 
185504835 
548230537 
83274102 
253547756 
459065404 
269103106 
152924771 
428874790 
455098457 
465452513 
346792828 
138463749 
394879442 
565862116 
334820985 
553144668 
299161269 
332349033 
361070397 
500051407 
236239934 
452572004 
470540028 
252722066 
567196682 
417113876 
439736563 
187711793 
510261722 
126695219 
445454061 
94315023 
549659034 
330250717 
275920952 
522216838 
333086166 
239185637 
558639178 
152703439 
236569107 
366733787 
363053427 
73888763 
207293225 
373187504 
390898098 
298832659 
567815381 
567770807 
270621943 
324033308 
449360952 
128369357 
163696336 
416773378 
469949803 
351859831 
489332987 
440246374 
491746480 
542824565 
62873655 
392302842 
210108773 
463529616 
315804283 
474553305 
566586844 
525020788 
428686588 
210114846 
547097840 
347042833 
565003176 
420857998 
508995037 
469643658 
232205342 
159114491 
360780235 
306422904 
88880455 
38997414 
214459618 
157741027 
429287299 
241481347 
483254191 
537608493 
64545346 
520442725 
521528957 
354497376 
418038205 
314710456 
313396434 
209964615 
563168602 
553028083 
561513165 
242545648 
565158364 
289171311 
503707610 
463505690 
252759651 
354938685 
221931691 
475844829 
402421679 
565642669 
562515240 
490988196 
226026839 
131059282 
395025732 
319834488 
107901580 
281576093 
548800433 
474458415 
426810244 
562729551 
81486261 
558171857 
441154213 
207152432 
425871338 
561322690 
390649656 
480969233 
472468772 
94209008 
555263562 
374587584 
314989222 
327422658 
368741640 
355786325 
390538356 
184036294 
520964531 
183821209 
143355055 
544656845 
310693065 
329974817 
563436226 
532876046 
420205192 
175967369 
252753819 
549095991 
413595808 
432827251 
387289117 
40230086 
548553846 
284931574 
415070470 
483336625 
551517289 
564029108 
30296593 
390803556 
542785048 
484284895 
365635447 
57001365 
62749961 
332022296 
504628841 
266248525 
236251393 
24072891 
550219195 
560609967 
399011341 
323000019 
382891314 
298875989 
451611298 
346484511 
524833040 
562417158 
315326673 
41836494 
110061331 
411628973 
438620483 
223205924 
465954586 
320542620 
309350918 
544613721 
535330250 
526759714 
450064540 
312979457 
228117722 
552014033 
257762774 
496127997 
340585468 
313461249 
516915416 
133991894 
258204227 
559224618 
479873513 
52065383 
93605509 
473221135 
441268560 
296937788 
548895842 
539110833 
474866583 
278820917 
552961070 
289275507 
272245102 
213368953 
377277696 
39967840 
39127525 
348738813 
149655482 
542148076 
460328753 
400190926 
220459729 
419086690 
243908343 
456619577 
346277288 
129955659 
562749047 
398941404 
310381843 
537617067 
339438566 
252776824 
193265158 
268140280 
31252355 
231077032 
412173184 
313574718 
535057683 
61724723 
360638374 
200330235 
372699258 
143184306 
24339722 
217382254 
552103741 
439817869 
427117520 
280083689 
123353425 
455844022 
345203136 
547053217 
416810089 
277375800 
546692918 
370984881 
535818827 
561497884 
378286459 
540331431 
319447380 
514751123 
363329054 
504809891 
499050799 
323841467 
326192317 
182827265 
471423195 
471757748 
222850036 
322527688 
17781094 
152518501 
380607497 
37276183 
423053260 
463177651 
341940551 
476488248 
494615942 
514549271 
528480715 
155453780 
492711029 
326537457 
332318119 
47008426 
464966553 
498396790 
557296490 
159713294 
302824729 
547228639 
349788810 
513886295 
537616774 
545167338 
532720473 
455791513 
524602391 
319476674 
548454592 
488029183 
150744651 
399662396 
561217910 
522734207 
328978780 
261224651 
501374523 
457037672 
251404783 
69381195 
520389409 
317361920 
511967624 
344369973 
475975610 
118300638 
293984368 
121713991 
330158547 
54035851 
112655876 
542951036 
111939325 
523992432 
508954678 
56461769 
288872611 
287051306 
535880351 
319814882 
355880439 
363106927 
527033704 
485154142 
560097258 
429646984 
520726723 
534748490 
547968223 
81934019 
483873005 
46450626 
269907359 
376988358 
395530369 
510404404 
326161854 
452282121 
149976901 
542017911 
410036384 
370312623 
22979875 
508014612 
190759316 
60835772 
17413107 
152892576 
158219623 
103720165 
372992429 
499839667 
483361875 
444335890 
314734260 
114181301 
542122316 
60247751 
546068837 
341321288 
201409999 
287930255 
535984060 
541202269 
33079393 
479939499 
536627548 
472597970 
418159430 
524024733 
312342934 
515839669 
384546225 
455492105 
66480330 
164465975 
193726878 
116264768 
190117913 
105639346 
235685918 
233440987 
48929801 
504136804 
442373636 
501022677 
516979854 
251003791 
537397524 
504365811 
464172097 
383185211 
348170124 
149655776 
516724680 
465324934 
462808461 
392504244 
404669697 
427733540 
142996580 
37167550 
330468260 
467203715 
354377837 
235607203 
68202980 
323053677 
356409568 
279084303 
462020462 
35284786 
341563916 
395284103 
319355405 
409744297 
287850573 
501302334 
293136614 
505063911 
309902129 
295780434 
96491052 
384536992 
443632109 
351150722 
400062907 
107598356 
434648600 
486418580 
142094974 
178171959 
514827369 
43390123 
162190730 
71884780 
208901196 
501147080 
442220261 
303823732 
364803095 
305161955 
87056229 
517296186 
279294953 
94775456 
51675979 
336512993 
211074582 
274915964 
425175291 
320884945 
329041065 
142966873 
334207577 
406458906 
491831013 
293229622 
187456086 
406772985 
458777782 
458973943 
409079398 
442962079 
262460449 
239272975 
381170692 
126023152 
328176238 
273870573 
328642294 
139090870 
380659854 
88416739 
433218322 
75225529 
445844670 
289684626 
269696358 
408156412 
69441100 
491832208 
91242631 
119395932 
223280702 
418238369 
262333304 
131480877 
399132863 
393678419 
278612343 
420231416 
137851447 
445633898 
328856759 
52455522 
251759196 
395635397 
232382169 
338638215 
123125047 
241377986 
430187575 
448159334 
230319480 
385169528 
461553145 
377708235 
388596730 
335732457 
242535779 
354147283 
145233336 
264401712 
384384794 
267844771 
455246861 
222650517 
163783943 
261073624 
418435457 
288592547 
458245966 
433085212 
28066028 
276380096 
257618938 
208883058 
198941344 
190989290 
341626370 
333159905 
43691344 
123987975 
24929621 
411831845 
177378541 
246049920 
221731154 
51648433 
341823765 
338406951 
423361107 
417615324 
219985763 
288566615 
302241261 
215439713 
307499091 
109753279 
154155792 
358314222 
72217303 
48917648 
191274945 
226844852 
335585608 
324139166 
331913074 
316031189 
35360137 
139261415 
138603015 
408089641 
63487656 
120592943 
225498054 
79189873 
424711887 
334477516 
347160832 
203165231 
407805627 
124348736 
368676893 
114544062 
348012094 
333274706 
169660061 
409473567 
81345003 
311469890 
286871533 
174085822 
260315808 
330058486 
397304617 
23567189 
169677387 
405669441 
416040951 
45448080 
114785259 
170024920 
271149533 
38550425 
64121266 
326540106 
37380855 
396260154 
352693717 
94000212 
76848560 
298070278 
376904730 
115542408 
417273975 
343104412 
408725877 
151500407 
186526319 
328307721 
406513410 
416638500 
62357040 
60168221 
69944178 
331948000 
151360460 
416665363 
414197537 
344158548 
359721009 
336939967 
383042480 
15863016 
85224852 
313054203 
375338815 
58187419 
179427297 
282795272 
374243294 
248824961 
377080494 
258961645 
54289348 
14669113 
203765711 
284758659 
398327198 
406675524 
17840729 
411329033 
244248514 
389575957 
400738182 
140181289 
401671693 
231330844 
212484063 
339240369 
352664803 
375419498 
359456300 
234413883 
302981837 
349763815 
201921100 
304761945 
125374536 
408917896 
127666504 
118934513 
125513942 
197488810 
336823471 
403025338 
98001947 
325275574 
84685706 
242358055 
107328517 
66161332 
337432762 
368942064 
106192609 
45656115 
353173140 
255484952 
354050482 
55120841 
93525115 
176046439 
270225792 
370013247 
278043196 
280878975 
64149608 
347309142 
322485507 
322992628 
190714051 
318754464 
403511447 
405309383 
80503545 
184388295 
257178697 
42349364 
194779694 
367330797 
233548667 
304570468 
255810421 
290461424 
196019075 
146987397 
385569726 
371188075 
100119427 
383018152 
230655754 
40605391 
112422811 
190941467 
112078578 
268923846 
281485660 
328785514 
36709419 
196484094 
147920912 
41846331 
224121972 
82750039 
104437783 
141101028 
175772905 
52968892 
212878051 
369482875 
283329787 
46565049 
75323342 
137142668 
323752741 
341737240 
181353475 
218100242 
278494024 
397387198 
369057121 
87582284 
234564870 
182988667 
364613832 
146066266 
266791973 
81463133 
61822871 
191715984 
109615357 
298317641 
280184471 
383608663 
66609666 
97035819 
374917803 
273903076 
166334371 
188478510 
237381497 
381981093 
216287962 
377725208 
368137484 
363846149 
317498541 
58535641 
94264361 
182396879 
237664330 
313035460 
29918633 
218688098 
377165051 
55225873 
35667027 
40691154 
317767604 
384204305 
323316935 
128843977 
46337348 
70710308 
367662922 
142949200 
248573687 
384552905 
51813718 
334559913 
293232636 
260711472 
96245226 
381879155 
305742591 
359732598 
264447144 
305537708 
196779565 
176273086 
241674754 
319465755 
267654743 
301844266 
262902036 
381962288 
72834566 
145503551 
95101612 
308788102 
234820769 
155751614 
182030145 
335264427 
74083305 
50896539 
249801593 
159548477 
225552785 
25419232 
114726564 
278350938 
318029629 
88183564 
31455230 
29805767 
317878888 
325917976 
295147158 
321702627 
26008510 
125380017 
350578911 
243969934 
346073107 
27434508 
21821908 
134519974 
138358568 
182430624 
228562503 
169988383 
267028028 
279828703 
252265200 
99574721 
284879616 
151589552 
176710821 
221356190 
83329205 
317265982 
265899635 
169416951 
298131800 
183770622 
58441423 
267972486 
69700523 
70491054 
199844345 
268788845 
197224431 
108090574 
193048891 
48254691 
327687644 
261806584 
323137090 
259783679 
81233494 
349866668 
308091331 
43888327 
108788541 
343226923 
103104236 
54724515 
86393863 
215889597 
57392828 
47131457 
50272585 
324241744 
137882055 
344733202 
344799247 
30412394 
261958991 
320572804 
338160945 
306492466 
256664982 
64949885 
89986654 
292386874 
341843274 
354455941 
368290649 
274621847 
368076810 
28024050 
283752281 
303001870 
356364974 
336741162 
293312164 
368482908 
21175565 
300713738 
34234450 
222652198 
313614428 
131469227 
119014473 
109946791 
212415086 
264874402 
36619919 
359628068 
249834369 
179729314 
283107444 
293848766 
75385290 
161200357 
290993179 
128187313 
190731912 
345596031 
257260357 
75488061 
231182506 
72790473 
256296032 
142501606 
35579934 
250908087 
197687418 
246907447 
318108822 
29938191 
230820238 
342333041 
95149265 
41338095 
338934594 
215155231 
288668519 
349694996 
287988636 
239675449 
63320213 
302266112 
358278310 
275020526 
343217292 
155743001 
338428756 
221159833 
45481485 
34374582 
279437902 
250409570 
55711009 
332534113 
266087803 
30271781 
348851225 
341115546 
174813001 
167419625 
93713961 
251296000 
158485719 
79838919 
361967839 
288053774 
152521291 
291909347 
261886332 
349914942 
269213638 
203581612 
190324534 
230355619 
308819303 
231675157 
356632288 
231583294 
318556336 
206725815 
220824891 
241674437 
26753292 
167173547 
330696324 
254666347 
323030901 
339742052 
329394672 
178833811 
359140100 
105644417 
67934900 
235395691 
187588742 
157011146 
196795202 
210304583 
350450785 
218119423 
107337910 
344560128 
156822885 
197201507 
130941511 
48884730 
259582670 
201124071 
70579751 
351145213 
278683414 
164744329 
254433349 
95063736 
65715960 
241931830 
342231089 
288014609 
55623912 
87157830 
336573760 
343847253 
314715067 
256329989 
353566529 
24888476 
184716265 
298766911 
190516323 
178139535 
40588214 
88848434 
113508007 
74675143 
216174388 
296519629 
320471280 
149953597 
217514520 
62585470 
102516274 
85221931 
333648370 
290810022 
157723782 
40450293 
291523113 
74292557 
279428787 
112237594 
206995232 
39574874 
143332891 
315606186 
218195737 
286205452 
84651647 
166003041 
60320827 
171279027 
303267552 
36253304 
59478727 
48907715 
138173088 
335142521 
92216429 
262395118 
22150995 
69754343 
298363089 
173460629 
52570446 
333370537 
265584720 
39277735 
317482253 
234954896 
56293515 
196970294 
280868727 
176742966 
106059882 
77602801 
299455272 
158635717 
195448233 
255351315 
307032448 
334242829 
330626071 
280695684 
15550964 
36105627 
89297613 
354474709 
105077911 
195481492 
228355321 
348951630 
302027709 
149011035 
341092074 
295974083 
188801753 
284811332 
295114416 
109874544 
42377171 
258452201 
191872261 
287182945 
168615772 
186533279 
62484662 
95257123 
245247850 
29358859 
130872717 
197868831 
352813601 
276531301 
281248507 
166421802 
54186266 
237894607 
36650011 
171797826 
320998885 
48898032 
331147791 
42505259 
307912069 
176485927 
54344160 
68798094 
350681500 
308186493 
338223705 
220033192 
318575818 
152108425 
87062390 
259228538 
254902237 
154135161 
325672339 
193871582 
301122784 
254193240 
122976669 
100409436 
92889405 
181449862 
304660746 
336077123 
305922938 
29578735 
233380581 
159295621 
345513426 
127095299 
100034616 
30133075 
55881709 
263839779 
79832047 
217588476 
43422959 
28921223 
201984989 
206218862 
331149319 
196163025 
87766334 
254379135 
331218881 
118101636 
251941159 
176132655 
273334949 
109981145 
27367027 
35082893 
234475277 
151418553 
268949194 
231457618 
141991063 
26434068 
174306119 
128262076 
221136290 
245564020 
144552888 
147388891 
19067409 
174547864 
349414293 
323496253 
38985887 
166835321 
108073805 
116939005 
162353381 
277770952 
267066094 
261452530 
278757461 
142870277 
329928123 
180479867 
129158621 
221471685 
37512642 
228673074 
161365513 
283899378 
29571954 
346642661 
272530157 
45147578 
61917123 
250461888 
27073223 
340241367 
282733465 
180480751 
238707134 
33291197 
250906001 
225029322 
74153688 
29939369 
308209968 
253068418 
328716793 
41179292 
328871540 
170900054 
80471014 
338517189 
313399440 
347207399 
279486353 
290719860 
228012853 
108401900 
212406370 
268452553 
231621441 
203311733 
101402994 
54692972 
108540644 
44377097 
83789645 
212743999 
237160638 
195926209 
244403486 
336638604 
318853625 
316569552 
23070698 
50541544 
285300476 
38288593 
251353122 
142403722 
237075060 
331825248 
126912127 
126744235 
34807691 
223011458 
274927470 
213166502 
346329612 
332432312 
144975285 
47447143 
192077420 
97994383 
331878818 
229935349 
48084589 
318255769 
346270333 
277238579 
175419063 
144994961 
342218041 
121639433 
71874290 
317588724 
238326913 
105912261 
295919494 
217745680 
239913594 
33709135 
233717105 
232152086 
294184901 
224902155 
160416820 
186292339 
51311895 
326014542 
346112056 
49918700 
166867254 
229217773 
169869466 
47839238 
169193959 
192854649 
292025874 
168894789 
184332335 
121597980 
123042361 
69577229 
41011756 
267395483 
158700953 
132458548 
90903042 
229957326 
271713680 
51610016 
241245298 
111392552 
166250672 
325794589 
122515515 
323407527 
288675722 
320948077 
58987977 
181048211 
71748893 
163765270 
285200854 
186955113 
301025101 
330015812 
156743155 
246570235 
204803894 
62876856 
294388992 
229250652 
311669175 
218021704 
133397618 
263403127 
255713137 
30488706 
101680717 
234940983 
253320702 
288072038 
56086352 
201892053 
70823908 
224832740 
325942910 
103997256 
128120677 
299937363 
315641979 
274464866 
191078816 
300582301 
249990806 
323109037 
171088644 
228051938 
255316781 
330653562 
338711606 
253268482 
285754520 
250333264 
238992214 
245133660 
312827759 
257671428 
83328231 
92748845 
335735459 
25334772 
108778559 
192330475 
336686670 
257777777 
276502866 
322311254 
147758524 
315735951 
332952674 
201511797 
193923863 
309826849 
303109867 
344808668 
306538824 
222601513 
148400943 
275070681 
276782095 
106819369 
294954568 
216580337 
336072048 
98440530 
267062149 
187759330 
237558096 
283125854 
338689804 
74503568 
30245872 
338157812 
283223341 
223313061 
293944601 
304222663 
298348547 
128120945 
78942252 
84703023 
343872607 
33280063 
283088239 
333809631 
340078366 
55672002 
95591019 
58574952 
125155860 
83492376 
322858303 
309838212 
295510748 
31074105 
209211363 
316615732 
191676672 
163973056 
196613853 
263482797 
333790713 
39879873 
342522174 
234878577 
304708177 
145081108 
178897472 
40502944 
298833320 
291496791 
278260520 
160141881 
180855515 
327822476 
131575953 
78136203 
80203367 
127757688 
56263974 
272971576 
341903688 
85876220 
275577250 
341811540 
176914333 
325137220 
231025224 
272999646 
35119295 
339408706 
339489580 
36445920 
240372094 
15387385 
28720610 
221717496 
50768404 
161668394 
143131241 
143915552 
71972510 
169717134 
48424614 
137022517 
228650396 
187658730 
95665089 
213466304 
209466624 
233668969 
54394536 
304007989 
90031155 
234577265 
300732505 
289956942 
164479331 
93325349 
295392083 
124227779 
113791487 
70845250 
242493373 
327795437 
135937983 
274785966 
300541166 
54303467 
245970930 
109389692 
86671807 
236122457 
203748913 
141920145 
242479793 
204483438 
111939721 
84116403 
291244488 
100823036 
54991012 
126816822 
265762865 
86267587 
153841194 
220945950 
101016885 
324569641 
104552722 
275718382 
161672402 
32602390 
110961902 
233696236 
269598529 
96704496 
135864960 
331163261 
88637039 
99586022 
294726077 
254565874 
38328167 
267008646 
71756165 
37497494 
99246525 
328994516 
190908983 
69255293 
222286843 
316308742 
275883656 
277720786 
88478630 
202874189 
94563882 
338238884 
185793484 
41483839 
274363321 
236172512 
324590353 
333154547 
215443722 
193900701 
136038442 
311027657 
233484183 
215467036 
187031678 
252318474 
127380824 
145436883 
121031203 
186260423 
274250739 
300201559 
144363438 
35958860 
222359371 
78505997 
100567135 
31023486 
122935606 
215677017 
281147823 
329852606 
208203188 
222893818 
104316807 
69969498 
297172315 
203716275 
297833419 
39462610 
323436329 
28692069 
85377420 
286013228 
309898083 
292703399 
191223290 
302662347 
266427415 
58051947 
93460548 
99992126 
286904098 
309654143 
220342549 
333203413 
318593061 
330429021 
320460592 
202444215 
211720470 
255164789 
46895346 
211878282 
313499130 
24221775 
111960304 
98266817 
83895039 
162508109 
223564726 
138939266 
328289294 
168242622 
80456272 
236673175 
52970742 
258621101 
60041795 
33996298 
259739007 
175794278 
33379669 
229750646 
28435786 
279368746 
69287470 
133085873 
237176520 
268433389 
226324462 
29117904 
236076870 
315532245 
227139648 
240648491 
123430687 
168889990 
245259915 
317489654 
40380079 
125812938 
299183871 
40173064 
235645053 
312093961 
269131424 
333135870 
125564809 
29019235 
324077057 
299925694 
225198827 
247013858 
27119492 
79903408 
101638022 
150976847 
41422476 
300068389 
241290254 
325438350 
81397220 
37366174 
211377858 
38578535 
198353525 
194347705 
162276754 
38905332 
143828047 
249441227 
327549792 
200351742 
72180910 
51182127 
236112813 
67240769 
65969016 
231265404 
319767004 
328836708 
290747668 
32310453 
280363563 
248928391 
85213275 
30086354 
219589964 
153275368 
146082445 
307096567 
157844457 
296036714 
149756774 
336178827 
40782964 
321453798 
43852632 
80785905 
42535742 
234020130 
309496497 
137857289 
66449227 
253726565 
47245688 
88673692 
179101869 
257535440 
51491467 
308213878 
235466826 
42586543 
270121169 
265852333 
236766610 
213500161 
239471196 
80603232 
335576698 
37046850 
69400092 
236549383 
312135769 
295706334 
240375591 
95579754 
273135790 
34850040 
156415020 
313583510 
53592496 
60106114 
202792286 
274572526 
331835369 
77805717 
289261440 
69950957 
170772694 
236465914 
257380416 
45062497 
321618061 
215765198 
238752023 
262013390 
233437047 
58921084 
61928073 
279728368 
96071791 
264259311 
206065511 
223662299 
156441570 
170521459 
19263093 
330037393 
335635614 
35943449 
144597794 
138162360 
323243162 
274207106 
227486211 
89231529 
48555308 
221109907 
65717314 
243049496 
59506334 
302456988 
333862042 
48386187 
46210693 
229928907 
228176953 
200712612 
158908524 
240037206 
333214645 
169027243 
140083302 
239529274 
258961231 
228806561 
47234613 
270406704 
39745561 
215858914 
115980438 
39338004 
170637866 
78587016 
88203962 
149659827 
233769150 
65201515 
34337531 
102279982 
199467559 
308970050 
332962241 
123030605 
35615865 
328128016 
78760774 
229701859 
89833585 
321686507 
313109476 
61437667 
307614645 
259021583 
326221452 
164167119 
34782799 
38901567 
36777327 
228212372 
224092539 
281780211 
51528579 
59283911 
289345208 
332594995 
273612870 
254097026 
280765658 
276832460 
209695991 
199950075 
157210037 
83898448 
212443910 
69724422 
213284277 
28490291 
86438154 
213348992 
62168821 
222625907 
300140902 
308625801 
245052041 
321176361 
325294018 
322448824 
297128392 
289852880 
238541854 
30130432 
106124933 
265257789 
40845225 
160518977 
290970334 
295386991 
245194695 
229651058 
293827090 
324600177 
24138963 
326432345 
51610402 
40163033 
174985661 
295866659 
209618346 
245163965 
160948146 
72418967 
311727570 
137487000 
77889866 
262059529 
72022147 
37866934 
330777752 
18447738 
241552327 
79619510 
197152847 
233329851 
283392773 
289101287 
269723487 
220890611 
249348678 
228066860 
144672828 
250794713 
68801097 
30710918 
161032752 
221504846 
228349563 
105948396 
199714823 
77890790 
158387022 
324733327 
170012688 
240854425 
308488291 
194459171 
104311069 
56917882 
231878861 
301234676 
208383715 
150796492 
150101915 
224925945 
168711291 
293237307 
229335030 
264565146 
149888549 
46932608 
163257393 
281798220 
284302192 
316052577 
64794478 
244835540 
204945507 
91225041 
60791382 
159355531 
63018420 
257867822 
30126742 
258180196 
46567238 
150839573 
321421006 
316880089 
231174546 
231702262 
22330762 
154986270 
69656787 
327373716 
239451090 
215668006 
219212864 
175472196 
302089892 
319700742 
40563685 
195707066 
277358016 
149762665 
309818786 
159175148 
235790376 
176264764 
297168279 
276514700 
211210081 
107638544 
181310523 
243760748 
42173252 
316879966 
288792814 
253590791 
299241244 
321181219 
99186697 
325384005 
72839251 
325342047 
142279932 
62278138 
188915502 
246422258 
76767267 
23511850 
301023529 
278141960 
229148856 
261784501 
161833985 
195036544 
35115393 
303267620 
247327169 
66486250 
282855953 
283827307 
245658290 
319401835 
83178537 
298694532 
311794421 
281163330 
243236232 
113001121 
299996146 
198771282 
106334580 
305951472 
32781967 
117455735 
260850860 
320543260 
312707673 
288423367 
281231596 
263757857 
240412942 
34729339 
323304661 
228029219 
50742733 
276458253 
50606080 
161120220 
235008155 
64286749 
127654319 
65301879 
134208435 
300035388 
251604675 
153174289 
45544274 
73012886 
226036900 
121623834 
144305190 
276268376 
176200471 
238481120 
320588501 
254191195 
321652908 
191960173 
109990145 
312861894 
194467772 
279267106 
308894883 
175857714 
322342765 
147743523 
105522222 
321580949 
160379786 
271213616 
284057596 
294240874 
267014426 
256802465 
157873211 
58296852 
290305479 
105233055 
314366051 
316609926 
193618719 
82463175 
254715133 
191510355 
135619703 
309078594 
320033362 
179342647 
302114150 
166802898 
270706722 
263866896 
154537319 
95335619 
238443760 
118105912 
318455952 
210001341 
132659950 
235729269 
63477342 
302672403 
287795172 
318118740 
253635209 
107885319 
191474198 
48205774 
109245358 
68098420 
175888021 
41037544 
224690318 
84712235 
56176751 
277303752 
169674664 
213429614 
41683753 
48649067 
296375997 
280277467 
226810208 
39637882 
275686014 
116115531 
300572607 
247083687 
115544556 
280132892 
266898750 
295019897 
27995141 
229735890 
319418715 
126359874 
149378846 
28011345 
201336391 
307120408 
309488316 
201093846 
184559871 
237040368 
174335152 
297627563 
320437675 
103452701 
286844622 
192466393 
28703974 
263567527 
34261015 
192435176 
252407346 
315515146 
59952554 
58968914 
55521121 
132644409 
228753141 
111781016 
233459867 
229962128 
113514733 
243356323 
172782308 
261339346 
280395085 
30495440 
221687521 
232700603 
53842203 
299448729 
252171536 
227912820 
241032427 
303515939 
155425851 
311646540 
197057772 
175296668 
134916138 
255747816 
92165443 
50988678 
289647802 
257743889 
282361595 
224513312 
154423026 
244453046 
228616107 
301123300 
129982427 
309356171 
286349313 
301240543 
250501656 
230484941 
317860632 
318614259 
262973766 
316625735 
136079440 
244123382 
99442919 
290356377 
250879451 
15711708 
240764961 
315401010 
312415868 
88993359 
65098366 
245029257 
46593129 
297694999 
261442684 
239088354 
194850081 
25021963 
74164689 
129660563 
271599097 
39409598 
303532624 
265110402 
97318424 
223002779 
104993624 
295739985 
222717720 
153422352 
175372371 
211682231 
235476015 
147249319 
287282097 
177342144 
299950206 
215283729 
29452923 
184669157 
168560508 
76059761 
259025926 
34843053 
43638282 
170939871 
315937637 
181524108 
30846977 
283732391 
56102082 
47215070 
27483148 
168736863 
202789051 
50900377 
278188189 
140713323 
294943363 
111986427 
219743724 
41255933 
256313245 
296255472 
35170446 
299231152 
66855580 
258091602 
258597811 
65942485 
156882823 
73237340 
306527500 
27185431 
130688475 
39601918 
149133067 
232693397 
285222713 
166745923 
163028912 
38616033 
168244387 
80381292 
270597950 
142565530 
68000010 
20749390 
290016400 
134686999 
244055231 
253795658 
101202138 
245933257 
279753949 
210200799 
230907110 
310592344 
32237820 
65294019 
249634302 
76010642 
41236548 
290646756 
218345904 
48148348 
101292658 
312437303 
291273783 
40994867 
91627105 
61540557 
56608038 
234370378 
274322025 
184235356 
54706575 
136367451 
180782673 
208127378 
174382902 
44812393 
170204504 
195197807 
254672664 
217693641 
196523453 
140259358 
60398780 
264623881 
132424243 
178678786 
295865003 
267606072 
243575764 
158934901 
274279704 
299488557 
305286839 
260235289 
298169671 
133663092 
24234428 
41886899 
278299116 
35148766 
221863682 
171173499 
172563557 
289704970 
247156722 
74759067 
300920428 
156833541 
101818355 
204223949 
74176362 
29819620 
176393137 
163126870 
237423645 
193942558 
282581517 
37214930 
91877264 
46468631 
238430418 
259957250 
237747898 
254838546 
33848124 
41619495 
239153231 
239397880 
72751820 
62216683 
60757956 
251630301 
141824956 
99386231 
163987227 
289260839 
239181244 
194718055 
40354383 
104882008 
182692180 
56421181 
109121001 
89635598 
173976564 
38520199 
62213957 
212091109 
215500847 
296096511 
224285395 
250721790 
124193833 
191661904 
156812152 
262926931 
294008125 
49423704 
215279058 
63256020 
33387307 
63351792 
267578577 
45990143 
260106988 
286514871 
109993473 
278218117 
228114136 
68828027 
195936349 
157650381 
278255902 
240379589 
195699851 
25130886 
61848310 
300686030 
279785467 
26888402 
89052470 
70163913 
65708936 
255053480 
66583044 
259371377 
274153541 
129409739 
180243533 
104194345 
252388344 
163136959 
263916133 
203761879 
54547646 
251803990 
293758234 
44916057 
27597828 
129576868 
111427288 
25790074 
174502641 
290575984 
243395365 
24975381 
140399999 
245129630 
234615626 
241328802 
170268249 
114099102 
218000351 
238069803 
247661662 
272413604 
214525141 
296588137 
81888653 
220188992 
299515346 
206521842 
62649938 
172616284 
234302997 
272713884 
253187613 
265479598 
66928890 
37149813 
223211486 
40614862 
277817337 
240445154 
59327517 
300033621 
301192175 
216036123 
291156679 
244574833 
224813907 
283813039 
47174330 
80705888 
174296747 
240418391 
238333487 
210357162 
46048578 
172814180 
266923935 
167440790 
154972975 
28830153 
95960643 
38954213 
167193801 
51239393 
89498160 
124817579 
141949673 
192989444 
176674858 
223422001 
260367939 
299325388 
268951518 
300387385 
51117236 
59957569 
265768623 
82712320 
30951583 
184463231 
34194318 
48414839 
71199422 
216201412 
242614882 
289707460 
174201168 
96853311 
81667545 
197223915 
243465037 
279947661 
240068469 
203330838 
222354973 
279280940 
147255847 
188603966 
250889392 
175833408 
213024858 
234626180 
263789088 
228211863 
104313686 
78797334 
68476599 
159486282 
293876610 
268860773 
268680169 
298787075 
293257220 
164344903 
277654475 
48289094 
146493822 
123752394 
68110194 
298057216 
122752841 
255568676 
284231797 
185755476 
160660744 
137017592 
37952993 
197663004 
111164497 
144729023 
238486614 
234041350 
240961561 
267722251 
254414651 
36525003 
113806542 
283397146 
239496305 
135783571 
279984040 
36816881 
25501839 
147541135 
102040572 
97544312 
232372405 
146818071 
85760672 
72651774 
188780777 
187422967 
281783552 
76741476 
258312074 
281499149 
227148849 
290239956 
278972812 
124961745 
42185760 
235443830 
217978093 
197153672 
101713605 
288750120 
219506126 
155201083 
257788344 
23395277 
254450151 
217642966 
132008723 
130951848 
132323413 
251839198 
83418789 
24561354 
42949387 
197626497 
170829558 
56542231 
92027614 
105627707 
139003767 
178133511 
143888879 
264793239 
258172528 
261842939 
211949242 
39634576 
247155967 
147284101 
236156291 
93294457 
160784063 
154971583 
172219653 
105302022 
232371021 
232064290 
235984142 
147089251 
64730987 
214526484 
288464829 
98228172 
173563704 
267967648 
84412401 
132576559 
68831182 
130746939 
78875061 
222974099 
117768444 
288239090 
24277483 
134664756 
156747562 
244654212 
131298321 
279267984 
248343640 
65437881 
136054944 
114879291 
283744209 
177518817 
278151683 
256999408 
292614082 
167744802 
278811529 
150798974 
211796339 
204170440 
199259900 
37851825 
296353451 
79113258 
119629594 
286487194 
277584262 
139271389 
38323250 
23148298 
155814064 
257403691 
232072075 
220702750 
100646221 
270594440 
67551595 
49882445 
175228312 
297088048 
105593626 
72148930 
177101575 
229325903 
139479330 
55905498 
266019917 
264606295 
271172534 
222229111 
48126841 
111657303 
192236192 
101632608 
132286085 
118841516 
88597091 
197304351 
96353128 
100899102 
242896116 
105873004 
180232473 
206989416 
263833861 
280794580 
283304010 
267387343 
60903214 
111157771 
197161936 
93271995 
125794968 
231353772 
243061926 
263233627 
38667463 
276775325 
37051708 
282852019 
44483629 
57718103 
80927601 
273035704 
115134146 
107841195 
163193907 
260492068 
44732751 
81765868 
277723002 
295949209 
282875685 
129559713 
183638363 
227106709 
216514458 
295172226 
281494292 
127839281 
153963198 
79502872 
77831985 
293230561 
252244405 
103355119 
87865231 
277314118 
138433583 
236037659 
35910158 
198397762 
248609213 
221473905 
126757488 
116527345 
99564302 
53070314 
22270407 
148057186 
234167186 
269170434 
130405520 
237867704 
284089217 
97808086 
97798671 
44229533 
171382305 
254222280 
40726205 
70916494 
236604490 
295365597 
160466715 
212743626 
42852631 
131066597 
226311346 
240824972 
275362872 
195335115 
260298074 
210046384 
83152843 
72900266 
171444986 
61008359 
261326492 
214141485 
56448962 
273494151 
38748771 
259856929 
52470437 
205855233 
39655012 
277361012 
296062605 
93203196 
42161605 
278853652 
207826591 
187763896 
35093481 
176707558 
99393233 
43070730 
83720829 
36610403 
51613113 
223242730 
23886517 
62981067 
267851858 
271719760 
235326728 
131434780 
139547023 
71540908 
174247197 
218701793 
183419360 
211918995 
43787946 
225689163 
235782899 
278641767 
29662607 
54056455 
86130514 
59031098 
211927181 
268650066 
250143372 
148578887 
269584963 
87317550 
64105594 
266621967 
282285509 
42306635 
212315064 
42313158 
47451973 
60590801 
33633675 
140161306 
177574664 
246140714 
229399834 
242194397 
239490950 
295432779 
27512749 
290630926 
271207465 
47212135 
271039342 
42521775 
261009071 
217650711 
289562442 
213870492 
193982421 
101692472 
32776312 
75040601 
47528842 
126611068 
220803946 
234460525 
234822923 
200645809 
270984883 
60212252 
46811734 
223243821 
283856935 
217502889 
118190759 
59326982 
94488243 
111751793 
187302113 
188334967 
281837886 
228546504 
206389736 
195880597 
133094132 
262911260 
207603857 
19972167 
273338583 
49825979 
122670907 
200895654 
255789589 
213313191 
285298069 
254887757 
232600029 
52638584 
217952606 
175915097 
253170649 
231688338 
242905822 
211567461 
157267535 
23739913 
250236123 
34095188 
258194079 
106678691 
270281564 
119194967 
138642570 
18377220 
56238675 
209257266 
50626650 
173903958 
29020087 
290883719 
239838207 
72257863 
202353078 
79975803 
15180122 
252919606 
106889737 
30219967 
113166383 
57214913 
248458802 
271126672 
239627353 
269029858 
113684552 
124650715 
67995978 
25957140 
219703782 
117281387 
260372148 
110741534 
41530171 
136927963 
50682559 
279467365 
233414875 
272191406 
55570367 
70064822 
221095784 
237380942 
158796171 
147376818 
35765744 
166602528 
60517728 
140198712 
238537084 
193891282 
244332995 
105899157 
234772390 
262945299 
286543035 
98676020 
94591837 
35723288 
182095821 
284289513 
32351616 
244308862 
119507642 
215573507 
254907268 
207159684 
224259673 
245508180 
294628546 
53275614 
264495643 
268965459 
252322872 
244654625 
212481676 
231675768 
285905809 
287501502 
208034807 
38519471 
45745541 
209657521 
190347274 
81787678 
268175859 
293773136 
276156857 
150106493 
242509053 
229822607 
30107871 
262754626 
281738371 
277202345 
116838222 
260124972 
283615982 
249714403 
156634100 
174062168 
289129762 
254843982 
35799378 
248317802 
185199671 
268920670 
98463076 
100975640 
285615624 
278459897 
276981640 
104346377 
184653946 
118221531 
188537538 
287943756 
231442989 
100148193 
47470299 
270145636 
56256174 
196999999 
144819772 
264908684 
54703192 
275356330 
197963976 
190409332 
125740340 
255723663 
99284626 
197435788 
235834323 
275803029 
291350040 
268297163 
99168989 
217533297 
226051837 
161175526 
292531298 
41886596 
54976988 
291230511 
258995549 
65531695 
274309360 
280866805 
236536912 
269992376 
31948734 
237944612 
277788630 
293746502 
193327897 
284812124 
43857078 
105927130 
180925121 
61456710 
87760471 
281030532 
48777807 
30588503 
231358545 
30166577 
147335965 
187227735 
264483777 
143524916 
121649081 
215859633 
272709605 
90807526 
285098797 
34837101 
37117326 
156656854 
100643910 
36580463 
53485799 
38081096 
130880665 
223307086 
50901662 
165509698 
83960775 
252928693 
223285990 
30485952 
61409695 
36413589 
263449845 
247522872 
50180567 
263489022 
270830946 
260060374 
146270284 
204183274 
258957409 
293708559 
92332299 
213889187 
231920814 
254621543 
191207344 
268099541 
205894852 
254926201 
163671249 
149385708 
248066862 
292862241 
99491101 
273720294 
264709543 
211287301 
37257407 
291057953 
233197153 
33645559 
183947237 
221191486 
226466584 
269499554 
261224944 
228007557 
79115111 
239020683 
96273900 
25150754 
145494527 
127878608 
222631387 
134505955 
165944953 
29119432 
270018044 
212879292 
236048114 
36843080 
25596054 
166265756 
188092140 
70929065 
210060658 
123319213 
124102124 
213245465 
181671971 
254133330 
185223410 
