719308390405578752 
469517478 
875607744 
4079946327 
748137168 
1395988206 
709969940 
485370684 
1308555452 
4759795017 
160694892 
788110982 
1047199152 
1155660415 
1008151898 
590041928 
2357600840 
1261249778 
1483237772 
1960283150 
4071835635 
2177420990 
800711749 
1078287655 
167989418 
334842287 
3238994271 
2647845984 
2478575257 
991401038 
2563734218 
1438162062 
561684253 
228515266 
730465311938457601 
6108862 
319957211 
1572068221 
2260502354 
2849579079 
751233947875549184 
3240190490 
21388225 
745737894950768640 
132333230 
233316907 
3047049886 
4753111622 
4873615743 
2343297244 
764253896 
743897683195203584 
503884977 
801281178 
2513545184 
2293388834 
386788466 
1349082427 
2313227480 
380369476 
1435994318 
176224244 
855847824 
366999215 
2422742947 
1611385314 
732177361983156224 
488908367 
4896915154 
705106972006219776 
1705984364 
549510165 
1546270652 
1259704602 
43263440 
326964690 
76966092 
593370001 
18500852 
184241421 
55728361 
2465436362 
1183887576 
64019328 
136123870 
404916846 
237634998 
21360280 
3271329000 
2632716033 
251873156 
37599351 
2728488134 
296623811 
2453536076 
221452291 
147305691 
3891473241 
2478045313 
2272839091 
2830051135 
370699216 
487736815 
3268636603 
306550555 
348553699 
798234950 
226690054 
33923443 
62967906 
1446460165 
1216071200 
2625176466 
443449421 
1478138376 
740027058 
50618718 
312230865 
3046066781 
2498960456 
2655830472 
2232996836 
379127623 
2323945699 
1322319715 
17874544 
783214 
63796828 
965939628 
706703744 
345811633 
353593353 
2359717144 
520180883 
2223592103 
981057535 
999639157 
544056568 
1251441661 
2900426395 
1703499732 
984413802 
2778537414 
44584598 
284649323 
395149823 
2616179544 
1919067534 
280157793 
573459961 
221197757 
424399010 
45786304 
929664925 
233430873 
2212793833 
374170012 
535789798 
79688612 
2266209018 
910828603 
214162237 
127360861 
573028287 
1400837108 
207426991 
79601914 
705871699 
525312787 
612009655 
197224205 
233614681 
610825704 
1681324362 
66699013 
259132164 
598919816 
1251417968 
337502808 
148760908 
482658470 
2501274093 
749952350 
257799442 
2821646321 
1099302192 
320297405 
148779151 
2485800751 
341102954 
400770714 
1681431577 
139399835 
354139571 
169719009 
1146728694 
37836873 
918346674 
586189030 
136627335 
89423854 
1335197953 
2842490030 
319861696 
523512145 
27022925 
874368012 
1520006918 
615214819 
96013710 
348058612 
958156806 
1219509181 
1891280354 
597592645 
554385981 
733303040 
396086694 
73593143 
586242124 
541772949 
780881828 
1351955635 
134164413 
76908416 
1381941403 
1003794630 
102325442 
2424502844 
204887235 
472967330 
521685752 
93167589 
412948496 
149760844 
746935735 
286742737 
129106891 
30259370 
126016806 
832471260 
1014760268 
517680491 
487843424 
422557777 
476199422 
588730194 
382561193 
68210284 
121213242 
330088095 
173727516 
323634172 
296723507 
137099011 
1463880866 
843112550 
1269414228 
127245578 
623584562 
1658306845 
32128600 
1863807403 
343547084 
253065991 
2201635304 
81001513 
315622616 
552011578 
85970738 
611959284 
236738600 
1027833716 
213009133 
175605389 
524962944 
1264788474 
476234589 
227121370 
551149727 
89304457 
131102007 
455036984 
1435811695 
1441093243 
258923616 
525821517 
272055657 
199110089 
103375058 
358155712 
1305995330 
66339576 
101978972 
332788870 
203083495 
347899465 
145640922 
110550244 
227626917 
495605961 
547607608 
786796010 
525060895 
284441324 
141864252 
131962317 
211810106 
203441681 
