8161232 
237488083 
57882875 
15015405 
5768872 
13691782 
14352556 
742414550650195968 
74286565 
3622251734 
232096667 
571202103 
715580572555292672 
15506669 
557049190 
4447289003 
183368996 
18944490 
3968741837 
4859060446 
4765252549 
4868101960 
1952875111 
4514033232 
4764536958 
4343525909 
33647963 
28615613 
2166672055 
3097513575 
2842068128 
4327872021 
2810627093 
4377096255 
4439845096 
15825547 
3788289674 
3937999815 
4386265755 
3465002548 
13192972 
1112874798 
27103822 
37710752 
19725644 
3751907122 
4354036697 
51114128 
17237540 
43920155 
33998183 
340937282 
3601210459 
3345145906 
3342258875 
50393960 
1451773004 
11348282 
1654188770 
44196397 
13298072 
34743251 
