814857561556062209 
2390703578 
260924987 
17746695 
19658038 
37525381 
20865431 
15118253 
4033009523 
14075836 
6820932 
68626960 
124457851 
2371394836 
6328142 
1654188770 
2972783298 
197962366 
2166041935 
22414394 
588475007 
2533528993 
115820346 
10959642 
90169556 
20524079 
14304618 
101504886 
563325998 
35523686 
1287741464 
15292252 
164089883 
9207632 
11317392 
13691782 
14085070 
15684633 
15859033 
16843817 
16891507 
17030680 
17839622 
18655567 
19767193 
19808176 
29342640 
31443503 
36757972 
45516390 
61592079 
72631949 
72842277 
104070525 
128292609 
198020721 
233654029 
290180065 
316327930 
316832974 
321029318 
344295386 
384923143 
1457119596 
1897480711 
20643299 
15463628 
14814905 
104287179 
15680097 
15227791 
44513878 
16224527 
17110657 
73771385 
12889882 
43784863 
16831745 
9145492 
10913042 
80393413 
237613219 
183451040 
46794256 
18928764 
203654782 
15869453 
265980357 
21770611 
734762714 
11229332 
19366651 
19653925 
32547753 
14070891 
15220336 
37786023 
21761662 
136129564 
455195032 
148416446 
21872234 
491350825 
17941825 
28610770 
1002513128 
339481755 
195395981 
49228786 
14677012 
17072650 
42226885 
4641021 
10876852 
2384071 
586 
10454572 
3475 
14749070 
12 
5746452 
6708952 
6385432 
657863 
15076390 
1175221 
989 
52863597 
17217640 
51274038 
22344703 
24807616 
180240998 
259127503 
330307628 
5254851 
16144132 
247105072 
20222242 
16786966 
20283294 
429943747 
819522 
250462221 
14765605 
5717072 
17222116 
39507511 
1087860428 
356339293 
18590697 
7420552 
5763262 
2301787334 
211721484 
7093352 
15282432 
14595061 
49031173 
847183088 
42705545 
7179142 
14780356 
131615009 
33954224 
17979038 
20568127 
245591131 
15434432 
21641427 
74371908 
14404508 
23471880 
37710752 
4620451 
814304 
13462442 
14997105 
15130614 
18525154 
18661135 
19886687 
27978241 
30831695 
46836666 
55356886 
61306578 
61367153 
113751568 
119897041 
127872797 
296462011 
562325211 
735096642 
15418064 
50393960 
117171240 
8161232 
17631078 
187019655 
14807898 
44196397 
56680952 
17918545 
32372834 
16356344 
186154646 
178363987 
11211372 
18955413 
14710129 
393927221 
1268821 
16555863 
314549077 
20 
14458660 
103865085 
14916626 
1115148079 
19725644 
31098756 
6374602 
9542662 
8623332 
20060293 
189253902 
52758395 
43166813 
24129206 
46319532 
15431856 
35230622 
1299995892 
16580226 
15165502 
543582293 
541158674 
15165493 
18164420 
15473958 
11348282 
14502749 
19802879 
34743251 
2890961 
112236047 
816653 
972651 
1344951 
29044240 
