3108351 
613542402 
807095 
238220631 
1078009764 
64635680 
15012486 
270949258 
385203914 
252663106 
16955517 
28140646 
325044863 
1354817574 
19362299 
101816065 
21788515 
59236263 
46527860 
1950242922 
29802237 
250271653 
44380735 
256361115 
61830970 
16403943 
1038293940 
1064042478 
548853089 
256289743 
67802424 
27698202 
2327860633 
281284263 
376037062 
183352603 
46699902 
130912855 
290110017 
380730306 
339317307 
329274566 
1213789147 
558914121 
2377890876 
1444316371 
715589317 
245077808 
2387573720 
1859053950 
1513920679 
329414795 
271816927 
493642281 
305964349 
120218517 
1343124397 
2291598180 
1035305360 
21120926 
75030755 
330114566 
66437265 
931351508 
26033708 
155400480 
340940572 
467954010 
33634902 
196688108 
247489376 
239162103 
62332934 
49189944 
30220904 
15729027 
43217042 
30016081 
40891771 
49883265 
41651800 
21231815 
27654694 
24277551 
9532402 
19057178 
72665816 
16953393 
25019638 
18785654 
18964685 
34271888 
61277941 
96915603 
81111260 
47964412 
41369172 
62373285 
111747590 
129276705 
60694405 
19627204 
74626521 
26487256 
158155062 
25844225 
191650646 
18146220 
185820408 
168750735 
25389599 
62173133 
62782561 
19426729 
215705257 
84353161 
35777497 
135249573 
220922265 
19425947 
94608495 
32997030 
32979232 
34154185 
181366822 
35586563 
189250814 
54353639 
46310640 
38377140 
36531199 
55396775 
145808589 
32195129 
18048496 
67436849 
14947234 
14279256 
16672159 
39103342 
38422863 
23967578 
31447081 
39288259 
40519997 
26553086 
38520853 
51263592 
56703247 
48492831 
21454322 
55307193 
59673614 
25972757 
42916356 
15918994 
45605747 
30793542 
44697759 
71619021 
57326630 
71223470 
84092181 
32382050 
100825640 
101566422 
88767114 
63227257 
95749490 
110485995 
105211981 
15876379 
42670679 
138134695 
145323019 
22938645 
86399679 
39977870 
36787598 
22922759 
15637319 
21921231 
23632910 
34703080 
34701524 
21929598 
25874796 
25339865 
32135704 
25355724 
28870086 
30459968 
19426551 
19516019 
