1726872962 
45293999 
47687928 
61734492 
841355108696915968 
211298659 
2308823060 
528700192 
40015623 
3014695881 
773583562704613377 
831567731820527618 
771750115358957572 
51241574 
452266403 
15629171 
3314030132 
742698940311699457 
287430827 
3634897695 
13393052 
24245556 
15461733 
741491758438174720 
414551276 
262240644 
409486555 
1093090866 
325830217 
268961150 
38245723 
52001582 
508179815 
3043883823 
3662432549 
766858837 
289828223 
4335118216 
1769191 
633 
4843935136 
349719397 
37837824 
196010929 
2900877715 
120194754 
771483386015866881 
21166551 
802660254 
48564118 
137108500 
2724954280 
299306977 
188971955 
17852894 
36081504 
730395536428290048 
1250217908 
242601373 
371321535 
16553134 
28687217 
3335040713 
189677429 
516051164 
2312506597 
120940911 
288545796 
69004966 
18382000 
564128371 
20019276 
2200341247 
218195620 
35661348 
381319683 
21906582 
141798140 
15234943 
297556877 
3033098871 
268057676 
3192600414 
713886788968779778 
3569291308 
21969930 
2884771 
2360909740 
3570009376 
18655567 
718469197601378305 
704474985352536064 
169273650 
263329807 
14662582 
299343530 
261070959 
1002336223 
20184945 
573918122 
2303751216 
29780473 
14606079 
3224616765 
1918546543 
576502655 
36771809 
16623719 
57625403 
59949396 
17042078 
185716178 
16227629 
19711765 
19345177 
4625687418 
370302671 
46213956 
3029301963 
3571111935 
2586346260 
21634600 
3255671017 
393449345 
43910797 
357606935 
44903491 
970207298 
216776631 
29442313 
3082163842 
30313925 
86977818 
138725262 
15165493 
15500649 
621533 
807095 
1435461 
19402238 
14647570 
23575322 
15102849 
15009735 
76786777 
18949742 
93714983 
19789439 
370344674 
132739600 
492253390 
429323592 
1467609360 
2414313589 
253536357 
2734713482 
1451773004 
208442526 
3221765772 
740109097 
24919888 
30034124 
2331619862 
15862891 
65647594 
13746792 
477295249 
27029537 
234947344 
357832495 
182839127 
1536791610 
14085070 
19722699 
11348282 
17471979 
143912910 
1316862882 
15859033 
18843227 
16188864 
19767193 
27544980 
22054220 
2149663698 
2292128732 
546947761 
554735353 
2481485252 
3312118280 
22270118 
3418929253 
3515085202 
3526481243 
233392121 
267307388 
104981251 
3583264572 
813286 
805171140 
179612494 
2401254541 
26250872 
1613595295 
616250429 
2600873022 
3249438492 
2342081443 
322636291 
946105958 
43599476 
382935286 
1577178426 
22304360 
350336295 
2597234378 
