23808856 
21796491 
241157971 
325782853 
84403641 
34300106 
193483797 
469924181 
97040343 
207986627 
211486295 
27740227 
711247345804042240 
797738947564564480 
2816849305 
795563941 
3225082413 
11383092 
2872243568 
89337224 
172774474 
4906235121 
754470176 
201857425 
429146012 
344722786 
319118333 
710588606771961856 
3519587539 
706666553274544128 
3040373315 
4905439887 
16303106 
1247573930 
1004731015 
2898876781 
1633975824 
4092611824 
250137376 
780291008 
432015305 
3309217392 
4779558150 
82364810 
755733097 
450897810 
465828760 
2582542753 
22075295 
86626845 
737073655004401664 
325564562 
322658299 
267371257 
353226065 
14209777 
339722887 
1527781273 
304209847 
889086978 
185759091 
731360706 
3044754075 
211177035 
14238165 
785808991 
16017475 
2467791 
2752775016 
326665662 
15375122 
2303751216 
3430093433 
16143991 
2290129004 
14943734 
19877062 
3170810957 
14174897 
14729597 
589235468 
19808176 
17385903 
17175139 
308407719 
330021174 
15866210 
3290364847 
79489732 
238718627 
59603956 
30233007 
198606465 
168508631 
20241927 
15154811 
17156053 
602893393 
39348006 
222036892 
186585181 
392176673 
2217224377 
3545407773 
3376414391 
278083839 
87524646 
137288990 
35306978 
3180033032 
44418062 
56564230 
16227629 
252204344 
2313699698 
1099675542 
8932272 
325719227 
24801813 
3303603018 
1436549250 
221304470 
21166728 
18499709 
573918122 
21687414 
16435797 
223605847 
1666099686 
1733777587 
2535783120 
42688339 
139598778 
1638368941 
173911513 
32147629 
2424151074 
15905136 
211603477 
379357736 
24403235 
514727834 
15254416 
5971922 
14342564 
7931022 
26233068 
17030680 
19843630 
16017753 
65134016 
19722699 
621573 
21581503 
19658826 
43199901 
487833518 
258847118 
2293415520 
818959795 
16998179 
1565908723 
562585357 
2377573070 
247336430 
22270118 
1094540586 
2544537620 
17808045 
104805976 
16066580 
192248791 
15738935 
208008927 
822338022 
962997733 
234947344 
1544042972 
32302688 
121204594 
158842667 
95786879 
209309794 
116360467 
300735398 
55006025 
14238762 
2348648646 
13062172 
34554134 
19515424 
1547722903 
2870656865 
18089164 
381677670 
17047046 
14245811 
2350889000 
2648180592 
90146016 
2978205952 
174847568 
39800314 
30610024 
14779408 
438021973 
56052405 
22054220 
21611239 
16472748 
52474702 
529000213 
256513537 
963401670 
26396117 
756475 
7832552 
15949242 
383466257 
38259453 
257893956 
829723482 
157477738 
17396212 
82511170 
16438248 
13215132 
100559209 
317838702 
1392826357 
15428397 
1614057440 
76343911 
379356101 
1023072078 
604880882 
256722290 
316199589 
18930170 
22315090 
38720373 
146569971 
15134240 
404285633 
124237063 
520766752 
1460016181 
49658746 
14588147 
39537053 
2190906684 
22883622 
14601208 
2746492014 
16027201 
23600122 
19329527 
803388384 
29206330 
1730159762 
115490380 
409557899 
522851036 
14325025 
1468151 
271521413 
58819645 
17177482 
1689053474 
21129234 
1932282721 
16891507 
219614843 
22278303 
19849635 
290212319 
1880454828 
2577076094 
739602678 
14589511 
238033596 
16809794 
18313204 
19266899 
13318492 
385154998 
15180852 
121623987 
2485871142 
11621822 
14801264 
344295386 
352570175 
83229888 
318586377 
16955870 
39282190 
2389718611 
64028067 
843614054 
2340558698 
1603796952 
37547775 
19599946 
124274848 
1365585096 
28414536 
2377430276 
570243017 
1530953521 
90258002 
211004186 
827845603 
20007477 
1845554136 
281138722 
2267572486 
16468874 
14935412 
930781598 
443734314 
277660111 
63304385 
265179248 
15905566 
118730543 
492638241 
39522692 
26567591 
102008040 
329048731 
232294292 
46498656 
316327930 
405056781 
146502086 
338444630 
33023834 
16178358 
252786025 
19563103 
92694743 
1143863730 
117932428 
55038953 
1504680672 
15087011 
474232856 
433861972 
330410282 
18235879 
80655195 
382748292 
18593675 
437588769 
96258784 
103041418 
70784623 
64442900 
83237493 
17007351 
56722075 
391214052 
353308055 
14406567 
498542680 
172317565 
325676251 
19920464 
20465828 
21842781 
58812628 
16130330 
46959037 
15020933 
41806795 
324914739 
294754068 
19802879 
772395596 
90696553 
425790025 
162535413 
60709500 
16649758 
14323791 
91312237 
1769551 
34278838 
465258509 
36124348 
14914631 
11885742 
14410756 
15120110 
242539525 
105530526 
1005116389 
32746535 
47379290 
486817078 
16258157 
122080635 
178785518 
137836269 
17230461 
276643081 
127917675 
14606079 
22695157 
27468198 
44090154 
17292623 
19766166 
29780473 
19539314 
16278864 
1128132072 
200219772 
789660487 
252250951 
16866617 
14199378 
380414259 
28583197 
33998183 
44903491 
16079276 
79997785 
83512369 
20539747 
147393852 
4620451 
819440022 
74690215 
56415648 
902575424 
236169316 
8790772 
130273820 
23630278 
75261439 
221580114 
369813627 
14732526 
16245822 
21218554 
68306839 
72842277 
537507873 
411738634 
33972693 
915329238 
600438948 
72894966 
762502236 
589975555 
45516390 
80410665 
241943562 
1435461 
19402238 
596558330 
234367247 
852071532 
844047523 
343045067 
50439390 
783174594 
364373340 
15863124 
260685403 
50382497 
67100074 
850414476 
62631989 
19828377 
58822086 
185716178 
16877374 
131999950 
17133444 
814589791 
17981537 
28912478 
199758809 
600803781 
13691782 
20342875 
21238335 
15828654 
829828291 
759184088 
806370432 
33209575 
614160455 
569353952 
38472915 
18896867 
400524509 
15458277 
13893712 
596775768 
204503119 
855421297 
17471979 
18481646 
18985501 
23962323 
182839127 
11107172 
159951505 
214152483 
400225405 
17042078 
24876649 
48110818 
20517668 
197271785 
96021736 
312243603 
14343392 
9207632 
16716425 
44136646 
276259528 
23590761 
774485562 
538342587 
114970757 
737826008 
353500514 
196324533 
83221061 
174740894 
13746792 
244276540 
14505838 
48564118 
17396170 
18695833 
67529128 
156920978 
25140707 
10342612 
46743752 
21439405 
32423136 
194198640 
44155229 
294146466 
14495726 
56179493 
39530187 
114857580 
92069035 
171221404 
211520261 
15675138 
178363987 
776726977 
60500886 
349142818 
48753815 
118975084 
83424009 
29179882 
29328707 
143912910 
26074603 
22931893 
19084034 
122480588 
16132526 
732915535 
15449763 
38212022 
418946406 
243975239 
18648006 
84351158 
37837824 
14326640 
60196700 
26112800 
79570653 
155748301 
29342640 
15876686 
87510035 
180410174 
17932928 
14496034 
21441341 
183707859 
15780295 
47276713 
454422020 
17251787 
252794509 
16752898 
31443503 
280548474 
95431448 
128425626 
34119643 
101927567 
15234407 
83197636 
197450692 
111203949 
28927720 
14834340 
23760311 
14335332 
48180033 
14560417 
116821796 
41968678 
108418043 
113480103 
130069883 
122806636 
197607341 
117576644 
16817883 
11348282 
77907514 
7494482 
18994661 
262365030 
14849562 
226376452 
259401680 
28139678 
64724428 
11670602 
589535421 
84082967 
196465635 
358260333 
17382568 
32372834 
18089292 
11178672 
18224170 
200903648 
11317392 
18227814 
15859033 
14043142 
18655567 
198020721 
25512395 
5392522 
14085070 
10217002 
15684633 
20184945 
15862891 
1344951 
380722931 
83277772 
22999698 
14647570 
18739693 
18208763 
365616878 
17089636 
8963722 
16978136 
16063891 
105203181 
7136152 
128292609 
17567533 
316832974 
25013423 
381044159 
262806854 
380504386 
305468597 
20020021 
26246606 
17079375 
57563568 
28464804 
169273650 
302254894 
291486075 
19767193 
17221246 
