703276805730336768 
36942698 
15281429 
2930137847 
7434272 
141376289 
2707961760 
255569973 
75055280 
19889143 
27544980 
838948086210826241 
3418929253 
742698940311699457 
3043883823 
771750115358957572 
771483386015866881 
369153664 
267307388 
1918546543 
3221765772 
2448077035 
17203893 
1942332710 
66175375 
246980471 
750411947661811712 
52557443 
137724771 
357304767 
700784500658208768 
16298441 
12668172 
3832891391 
29501253 
15078840 
20397734 
16355661 
2426386735 
749680201 
743459155793477632 
2315512764 
4797361833 
793501201354686464 
825054886349963264 
122657422 
341780581 
3245356483 
152862026 
2964467759 
2476157696 
831567731820527618 
710892294812078080 
15154811 
333538620 
3265437762 
2997418453 
292696687 
433747438 
2444425802 
70764269 
824320219866923018 
19384258 
823565852922576897 
3240143771 
203654782 
73200912 
4809182422 
18482836 
4901706543 
797510819173007360 
813286 
788682818268368896 
13759792 
16899404 
405482317 
737637373 
93006320 
626111072 
235735524 
386190867 
17768559 
16275037 
718625678 
424597596 
1067938466 
1149118862 
3020516716 
1564558489 
2543995975 
91143447 
132958051 
230197427 
15778807 
936047898 
714535792366981121 
3711230233 
18145341 
116567439 
327348452 
2737324542 
2569631268 
756601542757617664 
338535298 
483986116 
248044499 
94933196 
503867091 
421428223 
3311364795 
275192498 
43203139 
26246606 
330797853 
80499569 
347472224 
273615113 
18253829 
310804819 
3312118280 
3538473136 
3515085202 
443187010 
237895166 
84100311 
17686316 
2322575761 
86165930 
743868354855829504 
60881430 
3312125496 
175383671 
62145577 
579006169 
260380078 
281348032 
469408036 
747085540848107520 
604641964 
978604706 
3398664843 
182079797 
18137749 
905764884 
2589741716 
798657645230092289 
2677293847 
1426513796 
19182316 
187718921 
37205200 
2555654275 
314583432 
19951983 
14173097 
380153115 
637253891 
62515016 
791299819566272512 
981102092 
349757862 
2876449467 
369534015 
22803302 
1382525676 
224739244 
555537437 
3019895734 
785808991 
1859511758 
3685103662 
17384099 
14515799 
774433130837049344 
2990872965 
86612111 
288890759 
796745155 
19087668 
204938136 
77815209 
3178944356 
312448486 
14090323 
2709210552 
3685179383 
752121585000218624 
23173210 
1400600706 
114840652 
37752766 
2551052347 
46164283 
16068181 
1314604885 
2563938703 
177101260 
3379242082 
729684809174425600 
3003967427 
251682258 
2799725019 
756572537136353282 
15073121 
22107725 
308918993 
21268897 
19042491 
52483 
2568108282 
94381018 
767950816628006912 
633176250 
227343379 
3281813454 
2693307476 
4939401 
2968989617 
17888202 
3869827637 
4843935136 
787736353 
2530947115 
87311539 
3186334207 
83130849 
1007328848 
2342613998 
716767750518136832 
14089595 
16127205 
19331736 
14299449 
580031141 
112148538 
3716338821 
1860949428 
1352971002 
27570729 
31262875 
36431303 
19732234 
2646057576 
2847722478 
15216506 
307826617 
3287911411 
1912298966 
39005137 
17489037 
1449022357 
20117127 
17598514 
14795034 
2519589443 
1202163714 
747765659111723008 
171691486 
17766809 
55195053 
732649152807469056 
521533730 
4040207472 
201339416 
2894733166 
313813951 
735269593443274753 
26548315 
3526481243 
3379046399 
1565908723 
493333140 
7753922 
17093768 
3217485297 
152343074 
4860103492 
38962746 
991399658 
91218758 
720204353810903041 
15506669 
3172405367 
13209362 
15924588 
806620844 
125145779 
3020764240 
594666501 
230492604 
16239771 
36632863 
116452338 
103865085 
43403208 
167105924 
3307521202 
199409067 
872592792 
15652475 
66421943 
346605991 
41441873 
299343530 
20554832 
2423836432 
2336573456 
603059202 
1769191 
236445685 
4592093423 
321698644 
3938108840 
99644442 
1586978232 
187019655 
439000890 
397324563 
3949525095 
61367153 
16110819 
17427779 
562325211 
425404298 
15033243 
47902921 
2164850264 
39832918 
1551366427 
1337317194 
19036878 
272787821 
116784416 
4313989761 
103997133 
50939814 
91699097 
416715629 
959483581 
1732180790 
3883416257 
60683341 
18686907 
15113324 
612035727 
3031179074 
19508349 
256513537 
3405257585 
200219772 
51329062 
117775964 
1307891894 
76956597 
19533817 
33515703 
3039504459 
287555494 
15127834 
736732134 
1259936190 
101171811 
417732119 
15000857 
2784979998 
14111379 
4813699934 
16434310 
3010394694 
4516318155 
143344335 
16852878 
4666231375 
1551751320 
20190079 
36203015 
4093997428 
750810680 
3137209915 
306038981 
89054995 
273120131 
407387443 
1711734799 
3279591324 
4469839814 
20646767 
103583599 
201498264 
3320667721 
16319491 
378228706 
2542078190 
789577236 
1289621131 
14750388 
15284375 
788152033 
550328759 
737791284 
1198601251 
55356886 
386086699 
3721129994 
119153468 
824516119 
2545244784 
1286165192 
557994355 
602813224 
1109421360 
24935066 
14745450 
290876018 
2817546806 
3230052541 
21832095 
14088984 
244627772 
2248872301 
12437282 
388017559 
210684204 
3601447872 
423255809 
11109062 
220238525 
15533823 
2361860238 
303405041 
15640651 
3060166303 
3404998061 
162118290 
3406591816 
3372348975 
474173164 
43239010 
2354013972 
23544771 
1342549116 
15740112 
1109971202 
2298123391 
330137686 
2308485366 
2472850126 
1295896555 
41971057 
326915032 
2755563842 
2228695340 
2698884702 
7395552 
2574256531 
430199139 
523339137 
409013239 
25501876 
1293166706 
854985787 
66486777 
16711778 
113420647 
748213760 
1449296004 
175082335 
513912180 
240737740 
262189336 
236221098 
487760032 
2767724844 
19028760 
740109097 
22757902 
2241491610 
19942635 
25786620 
468701593 
1434175562 
1434859524 
14330057 
16714100 
3369819058 
3240396234 
2312400798 
1159251 
2471315234 
20255754 
2261570371 
61039748 
152894637 
17155587 
14935412 
3242684624 
2905571490 
1665542942 
776562332 
45681700 
373714843 
3253253814 
3342152225 
469277383 
2471145637 
26345257 
24750136 
3250001664 
1636583322 
58645350 
213564428 
68719022 
172418264 
497316975 
3239352678 
2168975997 
582277886 
930881406 
313489604 
1129960999 
250103509 
29100243 
26322969 
47472049 
2284016282 
490999670 
321073853 
22403285 
28813937 
18093282 
68483336 
543883322 
24280919 
1434251 
23343975 
546947761 
2272442329 
146647465 
298653600 
66427771 
1202760024 
1288758828 
961458414 
2836941830 
420400724 
35304791 
78400475 
773722417 
108681761 
23607070 
123635027 
177297785 
245457370 
15113584 
168508631 
19030799 
545969664 
3008464880 
497649301 
443206410 
2266600921 
260956822 
487990723 
28218405 
64094451 
375980981 
52462274 
619207034 
14858158 
2730347848 
15191052 
357661916 
2881236430 
243362336 
486997945 
1726872962 
24183358 
115021967 
303016016 
32506664 
109016612 
26572460 
2675703570 
99584939 
2268076370 
462389375 
133553421 
15781317 
250454232 
204261944 
437235053 
24225074 
2600194802 
755924666 
23607998 
198606465 
2561738191 
262320651 
41385649 
721297262 
1372200414 
18250813 
103710407 
2990633947 
21969930 
229192814 
5990172 
477295249 
151535146 
149295029 
2281125961 
2726611 
118524033 
47933755 
410680007 
2905039414 
94275620 
41628280 
101775511 
1283308608 
21673384 
309328127 
33676969 
2851478389 
34870460 
24239110 
25591011 
1360460510 
406408758 
433332968 
114562472 
2283779258 
2395002542 
498893484 
415643219 
83385133 
458733840 
15652541 
160960125 
456143728 
38762773 
7093352 
279821183 
280314073 
33773592 
15099133 
69318420 
234502650 
23980621 
115516110 
135905236 
19440863 
290696048 
18131748 
45176933 
103578232 
260211154 
17411133 
41117987 
2649778154 
182227772 
1249676186 
14965510 
302077916 
34868965 
600982598 
22059385 
755906576 
64474365 
73286620 
1494655406 
2343794941 
16356796 
28419211 
21959034 
1708393862 
64954941 
20529914 
1921072022 
23814999 
20246015 
200583463 
27844392 
932779740 
16407870 
575489049 
14704220 
77945923 
27185621 
533936628 
95205463 
13784642 
185910976 
633574597 
125702715 
20832730 
807095 
58037161 
493266463 
103041418 
17845620 
152722527 
2734713482 
760716368 
2906309194 
2882413844 
18972204 
2894670233 
17472945 
26396117 
876916292 
392355134 
2867110161 
65647594 
199877796 
14477493 
385037784 
289182486 
16035317 
15651918 
2813036958 
36757972 
2886658437 
981127062 
803388384 
166555205 
278168522 
144834801 
2372046798 
208008927 
172485817 
18208354 
265169401 
252159156 
2254751592 
44939979 
28098788 
105200095 
991485025 
29754042 
14892330 
743452002 
2467791 
460547107 
4310571 
1451773004 
2800492817 
110522992 
189416211 
2278644266 
2238460903 
29580450 
277251270 
5807512 
76343911 
17219377 
5698342 
86977818 
1344461940 
192511759 
370814426 
582199258 
92694743 
814589791 
44562973 
619298033 
2434527086 
12040102 
159951505 
1117197919 
571042857 
27724771 
17663776 
18513101 
13693032 
841709695 
100559209 
2774805441 
53429839 
124246212 
2423705749 
153462493 
14172714 
858939805 
2528663940 
2279401 
1730159762 
95475877 
109145758 
16957321 
67140742 
237010219 
17738855 
2773522470 
2285482363 
129857557 
385154998 
81961201 
5870022 
68577152 
287194246 
14230987 
135117679 
764204616 
27932845 
186928428 
47247580 
2746492014 
43984700 
1329766236 
17518492 
126722650 
1250204256 
154016912 
598232506 
58812628 
1396183092 
106637099 
151280112 
43902069 
2751179690 
2540794650 
473437351 
486817078 
340937282 
20007477 
13766492 
15001490 
46797128 
260465714 
85252011 
33229367 
2316224708 
18593675 
2149663698 
18393196 
36431184 
373490653 
2695714700 
17177482 
2287776660 
18426460 
550933279 
457788235 
390287262 
18771603 
169081481 
821097 
176922325 
10102072 
330921167 
44887750 
2616327212 
2497242884 
2460295716 
15118253 
2611489057 
522353233 
39777730 
379218962 
2341337263 
2669028111 
475007783 
11178902 
26254990 
135990436 
97572474 
16027100 
21084111 
2562491874 
1325475392 
1467609360 
456930921 
189618679 
14835756 
95045666 
1536697993 
13965842 
2607935013 
499160238 
16817883 
235409684 
73439531 
152891331 
189253902 
16928926 
2550713610 
315142011 
257048400 
46110962 
1921365938 
2525192749 
1115065411 
1595946541 
1941699362 
243514133 
2236068930 
2480079168 
33894253 
381566497 
1617082586 
2525050148 
143912910 
14849874 
246583071 
2259422514 
2433568194 
257669481 
25496809 
20958844 
929201167 
266973434 
17030680 
882493471 
786245480 
10278592 
25819140 
16070978 
1340984659 
115689973 
101341169 
18225633 
11228702 
2474749586 
337886919 
2296135543 
16785742 
375235135 
37164285 
65987618 
546224719 
391677181 
93944893 
1650287004 
930781598 
415473302 
280811825 
60709500 
42550487 
180159310 
2473099070 
2450339598 
66455196 
98096157 
44090154 
39109255 
18808527 
38528124 
903958782 
15820660 
2463358249 
15469000 
422862407 
16670393 
120285811 
21902101 
426689320 
243293725 
2225453450 
804948578 
15947277 
38879572 
558148770 
16469647 
194703864 
164212972 
209160987 
298191458 
302129213 
16318976 
13062172 
136454070 
20836794 
1949132852 
167511427 
2178754028 
2328272803 
993249055 
1030909292 
80934588 
18104778 
23328556 
7748752 
2376007046 
21056978 
149197471 
1696685413 
14947884 
939622147 
27740227 
15974600 
30989098 
20657067 
135869295 
1729392554 
2279227387 
2285825876 
242915641 
43780933 
264542169 
91391619 
166623461 
2273284140 
36803580 
4157611 
14618343 
94860638 
714758552 
29732243 
294306372 
109371631 
1393155566 
1071825385 
1530953521 
6458492 
57047586 
126662009 
24422716 
303563782 
50711424 
24031085 
235592999 
584198802 
229194109 
17296792 
26539439 
589119120 
777181350 
904703179 
498463357 
2348715374 
19291345 
291363 
19355829 
25913173 
22074836 
10666172 
2284133515 
347276428 
14879942 
2207714982 
500408062 
19620189 
2316100129 
242844365 
23314228 
2312551813 
355681958 
36732319 
16866617 
208442526 
274870271 
273753448 
156692136 
130586185 
65010804 
2294678598 
46458453 
1345526749 
28690762 
166593728 
147808148 
2263632454 
314549077 
19167465 
473224635 
133067266 
2280554040 
18166755 
17241403 
6044272 
15564815 
555239997 
119897041 
2273213180 
102046114 
19123229 
61623544 
23171759 
37562808 
23913114 
19345435 
25219709 
473419913 
494141946 
61355172 
28218594 
31925790 
237226427 
377522185 
26099938 
435854974 
29020760 
20697617 
53203413 
16067606 
125499355 
70501487 
352570175 
1120626926 
21146468 
2195031096 
2198329626 
18774477 
50412847 
59268383 
202831369 
84858636 
1080197306 
383950005 
154864739 
16295498 
53326596 
2172498296 
378376875 
15938246 
21120847 
74558185 
56891457 
375208735 
720228997 
122757820 
211160530 
34353208 
646893 
268405649 
21206043 
1007400992 
1498334178 
575851980 
19551341 
353308055 
22471395 
75890868 
109624021 
39422821 
233765599 
16027201 
1523704687 
755710165 
65360193 
63243653 
1854812412 
83424009 
276578680 
303130436 
1732829419 
520930945 
1947072912 
103652294 
32547753 
124087958 
18309133 
24129206 
1266281 
366428438 
572036038 
216868739 
16952572 
124002472 
82186838 
59541594 
17839622 
79783264 
319122275 
69691120 
1453013305 
56901370 
16017753 
18280030 
37705193 
556151596 
614516770 
506487385 
29093157 
5031151 
123157078 
109946570 
755239094 
64808513 
933247016 
1858378633 
524487620 
34640463 
349199931 
131915009 
41601127 
15301389 
122158997 
602459137 
171674815 
1231442299 
17868090 
19402238 
96420064 
829568005 
123664603 
308770581 
33977598 
158179722 
1464125821 
219614843 
768562657 
34409466 
140951152 
41182444 
1247375072 
207256884 
8802602 
74292666 
15285875 
43904362 
1676175931 
1025323381 
22962785 
1393164308 
860158302 
104585489 
454342434 
1365585096 
1327886654 
131315938 
15237501 
127727270 
40125351 
1112026975 
593783587 
306861760 
93579404 
1531589653 
389797969 
317251173 
185345185 
13404152 
7209912 
129802464 
1083707610 
63157272 
16638872 
465143733 
547340539 
157477738 
370638564 
55188769 
90696553 
88918741 
326195345 
1345140409 
19816859 
37710752 
485109912 
520766752 
41712825 
168780835 
21634600 
600438948 
54735120 
13341022 
369654269 
548796124 
1002014071 
460272173 
15484063 
54774418 
576070669 
197176358 
382758202 
1183430785 
238675940 
227424181 
423109364 
15292252 
1415332218 
106843613 
419770875 
1563558428 
15813928 
17393219 
16869849 
8653092 
1364396671 
431946642 
718273 
37409669 
18656604 
103930214 
89465917 
364369195 
1020670688 
15116631 
16079276 
2818091 
18705448 
26074603 
604002442 
166233427 
38394403 
48205549 
22270118 
28838219 
383466257 
40068256 
14410756 
24167314 
98976495 
59924621 
18224170 
15180686 
542055223 
22272053 
602317143 
1285041698 
8917142 
21441341 
1247425225 
83277772 
138041439 
1437258414 
79570653 
45516390 
26257927 
17159804 
24683525 
21438902 
212376858 
18274904 
1370889409 
47063604 
263029775 
1198821 
110075039 
70467565 
6352012 
8752222 
1134548318 
349324792 
53931217 
15666380 
127958577 
348426046 
22328926 
14677919 
16258157 
80684643 
11211372 
25953805 
28378010 
241991724 
1070695968 
1148526842 
558610646 
33021437 
20770396 
83237493 
16227629 
22545453 
60893773 
414901691 
105207999 
60959527 
535561004 
46836666 
19620420 
35752684 
18751963 
15949242 
85364226 
122480588 
44196397 
1202831161 
259716070 
50446226 
720761636 
50393960 
1184354442 
115210837 
743164476 
153535819 
15571577 
29223997 
153023389 
11640702 
35315865 
46319532 
23030211 
87985010 
370448157 
56494229 
9264672 
276540738 
32493647 
14860701 
277401500 
235348644 
50022353 
16892481 
16159320 
266635682 
374726395 
25734277 
561740267 
534531987 
105918870 
1022977543 
335473253 
109069997 
242423151 
39523376 
23989189 
275686563 
415833962 
253280416 
1306791 
13682012 
17251787 
589535421 
989633635 
192231853 
18955413 
485102889 
520665133 
209262555 
130273820 
481943972 
467739426 
835680883 
32361431 
232294292 
201870414 
23357795 
262317278 
705768391 
52381876 
2730791 
145784826 
16385687 
55980080 
129992461 
97048670 
7786202 
358566293 
19069631 
14831031 
121317416 
207818606 
3433141 
484991854 
194347664 
832197440 
252248299 
331816614 
331817345 
392413903 
14446054 
21251300 
117576644 
87215923 
228077059 
12819112 
105887676 
5105001 
608310777 
20020021 
390094890 
226720938 
586841695 
38271276 
15359205 
132235973 
30331417 
18644734 
81814257 
506990949 
6792882 
472430831 
18198832 
316162548 
319349245 
299724983 
21099301 
405157471 
15725077 
7071622 
23148826 
15150276 
222490156 
377899385 
442049959 
15967166 
430905244 
261324356 
378703672 
294176651 
15290966 
52949929 
42096654 
113454124 
21408610 
236928863 
252791434 
336660524 
344295386 
92079350 
41129933 
326184086 
355665348 
208782890 
308331741 
19789439 
14546478 
15710733 
278083839 
318321640 
23108135 
136643096 
16999284 
281496963 
94676889 
216366465 
23467560 
254101366 
141628169 
16809794 
17912817 
20000164 
196465635 
312283342 
221580114 
143266238 
14324284 
309449438 
10481732 
201654004 
52584039 
213917132 
105810697 
128320890 
27765804 
15798635 
95371025 
259401680 
17783469 
238742323 
279028091 
35036166 
273410125 
256722290 
276205090 
2065521 
6783342 
138355329 
22054220 
23869207 
244276540 
247672062 
26207736 
157391632 
60966475 
248742334 
111203949 
19358191 
122973878 
250137376 
79836272 
23962323 
29088016 
18739693 
14238165 
19780393 
39800314 
16106135 
34743251 
84445191 
201259684 
247336430 
18569484 
15988844 
49164309 
21217790 
198020721 
21820958 
124274848 
17396170 
113471773 
19416598 
98772055 
16891507 
15626406 
16113368 
14031862 
19948217 
920041 
169859669 
16566869 
5971922 
199732904 
29448597 
48030286 
7934232 
21203211 
61902439 
56021009 
180240998 
14520143 
38828294 
58006379 
5110861 
243284052 
13031002 
19739069 
211520261 
115335396 
236590586 
15084855 
6017542 
44136646 
15020933 
233364902 
185857601 
233336165 
75887588 
208687668 
58489734 
27468198 
98244383 
130177606 
15759202 
86336235 
17860153 
196223678 
214212539 
152024044 
19038395 
44089805 
21218554 
17371549 
83221061 
17235274 
7369882 
1833561 
41310719 
137471526 
183707859 
17615311 
174740894 
163261121 
9224902 
56202639 
202227691 
19877062 
150732943 
19138455 
118975084 
180000404 
19053113 
192589318 
139162440 
19286911 
8904302 
46571758 
11693302 
100266394 
31098756 
188046098 
24542214 
176445524 
184931891 
57839222 
14545372 
15781813 
42167822 
20342875 
77707431 
42979224 
24301675 
19677167 
20056392 
94667476 
17006157 
97260588 
174083824 
175624200 
22213141 
34307505 
161760542 
14138114 
137836269 
17908499 
79570587 
14943734 
23986668 
22883622 
25749993 
159588456 
21012557 
17002185 
14647570 
30034124 
22363802 
14187403 
142029754 
806545 
5789532 
153784150 
70441837 
96534309 
21504735 
162068753 
108369796 
34347535 
133115742 
17013577 
44355401 
25564051 
19230701 
157408290 
7273282 
56564230 
155183410 
108418043 
4409571 
56510427 
6644322 
28161405 
148792604 
16876667 
91056925 
18336512 
37477788 
24572886 
22167056 
15120110 
135316691 
146548246 
15690382 
15776381 
19918353 
16888712 
143571157 
16629477 
135458778 
16273501 
39651952 
29328707 
14109167 
15662761 
12798822 
18622869 
16063891 
48564118 
79997785 
15458181 
17026589 
8496762 
54781907 
99744699 
29941998 
54621252 
65909759 
16099513 
11214332 
14911337 
17709860 
120181944 
7152572 
130649891 
58416211 
23153051 
34278838 
117423309 
128292609 
16228965 
89264343 
121544946 
15098602 
5988062 
124444856 
11404752 
72555507 
18538894 
62378353 
15859033 
122406881 
11178672 
17939037 
48463418 
120201557 
16181584 
32423136 
119908470 
14178966 
34719469 
92183278 
95731075 
20609518 
14844734 
95875062 
29472803 
15862891 
16434221 
17621204 
15102849 
76356136 
103195034 
10054862 
13787402 
20707999 
105203181 
104989762 
56179493 
28022718 
15808647 
14984915 
18682941 
34317032 
18696996 
17468481 
11885742 
14073839 
19636178 
18843227 
9207632 
607793 
15940087 
10369032 
52740676 
17230461 
18697352 
66834352 
21439405 
90399451 
16564324 
53082555 
15714547 
17910554 
7731752 
42301087 
14560417 
50348371 
29863688 
71759409 
78683448 
14422522 
25448081 
19965811 
18089292 
21137406 
17376218 
26024010 
17905977 
41620322 
16029857 
34554134 
16828819 
6612402 
19241885 
57944123 
38259937 
17042078 
14957119 
73689526 
21636265 
814304 
22105603 
17089636 
26858764 
52488565 
72913473 
60620992 
17897744 
13746792 
15705782 
72842277 
39234189 
71654283 
14075193 
49445813 
65707359 
22703801 
17567533 
15726728 
16245822 
61261057 
18227814 
39530187 
17449143 
33152005 
29912873 
34266258 
17836273 
14217740 
13519682 
18655567 
14364705 
16630098 
15612654 
14849377 
50115087 
24844163 
49701207 
38040438 
50779273 
46220856 
6896232 
17062849 
22968049 
8963722 
38259453 
15865878 
15604078 
21007773 
24876649 
23305763 
19515424 
21044572 
16173645 
21436960 
21179815 
22139698 
22845770 
22971980 
25066853 
28543386 
20597460 
16677622 
13176312 
21104681 
21770611 
28434434 
17847692 
17217640 
18985501 
38105215 
21243233 
18440582 
16583577 
18164420 
18646280 
25565646 
26365989 
28184452 
16130330 
15139281 
14069956 
32520177 
16623719 
5773832 
14365976 
20849273 
1532061 
13440802 
15159356 
15125585 
3938331 
15921173 
16804119 
24392227 
28049003 
17851886 
1113541 
20442476 
23469247 
19725644 
15459343 
29023286 
11317392 
19802879 
20060293 
18194898 
15117459 
16580226 
15519544 
18558094 
14807898 
21611239 
23760311 
15500649 
33998183 
33602654 
14091091 
14630696 
14936377 
15009735 
15165493 
14710129 
15234407 
15032736 
15293735 
15165502 
15664896 
15013234 
19658162 
756475 
17382568 
25772877 
17283244 
14801264 
16843817 
17221246 
11180212 
19614344 
14944532 
14982709 
6374602 
11348282 
14061092 
18737944 
13691782 
661403 
28123862 
3564041 
14085070 
14323791 
8653962 
12649792 
11107172 
7494482 
17781165 
