4173903478 
3290035360 
93069110 
19346439 
91386979 
860555190 
809816620667432961 
3385265081 
299802277 
293173022 
467652049 
1452974312 
419769008 
2316383071 
896019162 
2223592103 
567284416 
862015332 
14529929 
19107878 
59553554 
96903066 
454020588 
23821062 
130363646 
790989117815390208 
708008629228716033 
88739274 
16636886 
3240143771 
2264430552 
822517901294845953 
813286 
822215679726100480 
2291964214 
430048955 
700784500658208768 
26570717 
1557315432 
2319512504 
380067245 
885842690 
2359948889 
757652932582080512 
17221597 
779416353019203584 
3221788275 
44685258 
741365752083718145 
4833374507 
468948973 
747878802534109184 
728879776446943232 
798984006238957573 
15049291 
215207998 
21469247 
4746090250 
791684372629946372 
406806263 
26259576 
783136804031586304 
39000115 
64496398 
2940755104 
778005894693085184 
1547290333 
144047250 
281564108 
738404442660306944 
710157156855758848 
1580371135 
2800581040 
382431564 
63048587 
47216804 
2264130023 
755165203931734016 
757567812143607808 
220656269 
711684573680287744 
14342564 
3119988399 
4699964858 
204584808 
123095515 
50390408 
720655286390910980 
740260092096942080 
725058103293673474 
2990804422 
214518317 
36602046 
716040210 
2353857590 
2186926825 
272103379 
3068696627 
323403235 
36810021 
340617180 
1193284296 
255673902 
2925031444 
28872041 
3352807690 
4116724876 
16341357 
34287243 
356521576 
34310246 
1871977339 
3274684562 
214110166 
22080646 
4248709392 
2237049667 
19725644 
3350609765 
429970716 
178810553 
20864206 
3298584074 
1093878470 
21923235 
3415848118 
2714448306 
87501447 
3893668102 
1152121735 
250030763 
333493197 
358482180 
548126433 
1466906826 
2916305152 
29399851 
116364879 
2238024846 
3657339137 
34216888 
1581289837 
2956833406 
1552611979 
14857413 
2196471128 
3431844093 
27294850 
19956026 
55117855 
108693700 
52187878 
974271668 
824389278 
1339835893 
517194802 
36707345 
3191865369 
2315761992 
22403142 
2284158414 
479138112 
16565044 
26266640 
50401996 
1176693092 
3173467697 
2875343207 
238643488 
3092798350 
81029903 
278344813 
61169948 
15742399 
1536791610 
19050291 
44621650 
2796835213 
1883163756 
3002461761 
77398249 
36352494 
204787336 
1726529089 
2968424201 
287522481 
3194821504 
1380416226 
371936646 
555147640 
3165180537 
397479846 
993811291 
1339431319 
2927758254 
198755142 
86960046 
3061837082 
1618051734 
214219483 
20402945 
300025651 
22597558 
2422383776 
23173979 
294950066 
264965216 
12523182 
17713306 
3013036792 
63228925 
437700198 
2319419897 
1020058453 
553210292 
87301998 
390365788 
2190956624 
22055473 
69282849 
586892658 
2374041446 
1700552546 
24561638 
2698217534 
136340839 
801590521 
2326952698 
1644249560 
588008395 
2269340988 
2326087195 
18830619 
264418621 
31127446 
2561389742 
836594130 
15087011 
2666023782 
1613511685 
2990004509 
371104502 
2387334972 
36327289 
35110248 
423587395 
747682134 
36301948 
1135557217 
87474017 
88594028 
590256586 
102850084 
486276389 
2927166161 
237523845 
72293 
245089287 
50316048 
408741644 
19418012 
1502716406 
2738397743 
74029489 
24745112 
67607781 
611901193 
2654629168 
294238658 
2873627309 
2703702428 
246351035 
410118987 
415215319 
27471110 
232268199 
41228887 
155580867 
113393297 
34937244 
19081001 
373414726 
2600499540 
2885566940 
15542781 
29764993 
72196000 
930303991 
256022440 
27101698 
28370738 
1451773004 
8736882 
359138243 
1367531 
2835276183 
426909329 
2732167874 
308649915 
90959872 
20809513 
2816995536 
135563416 
42948623 
20697031 
244722891 
26759755 
25091500 
1137636086 
1972728140 
399002137 
92079350 
14007532 
28631637 
1068971354 
632068168 
2769997632 
2257477343 
69326118 
917450185 
15164565 
1259293596 
2577852536 
17873378 
2602834398 
165881340 
2412928825 
185314802 
15987564 
520690173 
210684204 
2275272803 
41279603 
412287510 
43198443 
292777349 
19106719 
1636455638 
331607362 
2617877477 
14376464 
34920944 
34918440 
34920742 
2149410287 
93296668 
621938031 
316180206 
1120156550 
2359926157 
2539073713 
143056744 
756118670 
17416571 
46494789 
460431777 
1346893430 
40448722 
953645527 
2518325245 
2511119214 
154040561 
158124105 
1618893950 
2474006430 
32743332 
262781430 
1606775334 
1709884380 
198594006 
2347777351 
16399949 
195850342 
872707136 
129665921 
2433800916 
67958182 
42368185 
45626810 
17035763 
500959456 
16392600 
23371850 
25288166 
819838633 
274023826 
708647903 
7532962 
214434604 
83185583 
890891 
16558796 
2409431792 
16032397 
16381061 
1219906554 
16715398 
26642006 
274012228 
2323985389 
239591143 
87165980 
262465050 
1635390745 
1545682147 
2343699164 
75306892 
2352281545 
151037462 
776743226 
2280223324 
2364606757 
32503059 
999985153 
66010495 
260057355 
1635420504 
14559721 
349117735 
18132032 
847124352 
465884365 
1563719942 
77762149 
69347129 
186118571 
2327860633 
374276046 
144318559 
375721095 
1487871164 
2281152260 
43370229 
2281540974 
1418500614 
117169948 
382925701 
31127403 
7744592 
14429621 
1157861690 
26585095 
296558409 
1098879841 
28709874 
2205035407 
457235221 
108768548 
506357869 
1967408816 
1543970348 
1097305837 
1294231 
506412403 
1702759502 
11348282 
140863851 
1154938836 
21590713 
413360371 
2178581734 
1702889484 
169975076 
1851839995 
1024469760 
41157152 
1702257122 
2214619279 
20401237 
48364045 
822265010 
2174707682 
257059319 
1452750565 
249411415 
342071202 
191915325 
1080512060 
2148256790 
15961017 
249778867 
158622136 
245834349 
1157793954 
1377111817 
20219585 
8936082 
297077583 
45211385 
731631666 
225087273 
1872264199 
302372622 
155585373 
1060984272 
257740269 
596821203 
541158674 
1630541034 
151664782 
42813442 
381646547 
560840893 
267721503 
377367362 
27261369 
372575989 
132558712 
67133275 
34435945 
584277392 
914599772 
23136208 
406760729 
1360566302 
408148574 
125792863 
1542322034 
20097362 
15755669 
17379685 
15933690 
14957318 
14980820 
15535860 
76993059 
388307664 
16651784 
21318061 
129907307 
633956087 
441389311 
385532684 
407998993 
160951285 
1580373655 
632301127 
24461387 
629752588 
836265560 
18709155 
158838945 
1537239396 
610581024 
28228682 
611044728 
28177043 
90484508 
417104356 
606639206 
266791973 
809766757 
874916178 
911069802 
24906617 
244530637 
891794228 
17474961 
26030962 
161023696 
384396052 
17874544 
31316948 
1334028176 
928452259 
572225386 
15012486 
22676447 
1330457336 
317510131 
251892709 
449321658 
301550749 
25511316 
47252003 
14066645 
211365918 
198343124 
92958361 
299231350 
462438574 
31143494 
97988177 
945882992 
1249744753 
489656606 
20281013 
112828469 
15755519 
561331126 
19672281 
26091374 
341717260 
148561774 
2569261 
328681286 
43166813 
25387188 
1154099172 
136135759 
312346087 
870898890 
36442903 
1172823632 
101496295 
247277788 
11578732 
290010135 
141203407 
86066129 
1069517304 
505184844 
919814574 
164814905 
352783805 
355054066 
611993150 
538573643 
24293190 
17815649 
70279712 
1040601126 
28215223 
774393817 
140907921 
260705471 
601298466 
16098248 
152861525 
13213122 
165902401 
16017475 
484009124 
43316017 
528952365 
236234671 
135251333 
18198110 
328341179 
306947160 
145487145 
755643398 
386127157 
866202044 
33621878 
500704345 
14540373 
116301978 
21242484 
930495997 
18369191 
1222751 
816324606 
386077883 
172988229 
751812049 
48988950 
211363503 
214935792 
26395861 
347982473 
151210100 
67360631 
58281450 
487798743 
18452259 
102967287 
26330565 
764165490 
364625828 
100623587 
361992081 
190243493 
22084427 
328994767 
18395623 
20978103 
160951722 
300348649 
5695632 
12123522 
71380703 
868235822 
22097803 
862402142 
65686596 
580106273 
159216545 
463015142 
214219361 
558696089 
21655830 
90414897 
34462338 
73388665 
794249012 
78084813 
718107205 
198907027 
191699093 
57599394 
755802470 
44516591 
702054002 
27551575 
165844263 
1140451 
67367761 
262295134 
86352477 
82137147 
160948622 
26575146 
236969966 
255253438 
599298093 
108620647 
633886820 
467847447 
724574521 
722542411 
385508195 
82929382 
224006727 
45460765 
325930839 
624644819 
411839613 
205097210 
24848784 
21105032 
82981129 
110524476 
277700210 
499425574 
50343263 
621183995 
160948936 
165711614 
314383437 
23055689 
386146285 
71431250 
46220319 
14955353 
25251255 
353788982 
172492960 
23813125 
24599669 
114238005 
259522377 
115223948 
159217769 
381762680 
69326792 
314121786 
232571742 
255154306 
143136863 
36618451 
543564541 
58860877 
612502189 
602749225 
33571177 
181371217 
615443591 
613968996 
612155334 
381273923 
607289206 
38169066 
424279429 
3108351 
29802237 
16617905 
22938645 
165145540 
35842801 
223547019 
17192915 
50907690 
97274031 
106817068 
25867475 
16213646 
2768501 
51346400 
17409240 
376211520 
335725885 
52529345 
80937511 
40990194 
16331010 
100349032 
17994869 
490878390 
539462986 
404731581 
20700604 
280656615 
34529117 
24933893 
407071001 
33125742 
26717329 
569479409 
401572148 
14992893 
15808765 
94410278 
86401197 
198551779 
253215692 
544517731 
228791076 
53165610 
274131441 
311776049 
17746914 
365640210 
242785840 
16055655 
54685547 
51263592 
119127602 
74844579 
74912451 
24287899 
266217785 
240827544 
159214976 
35800079 
510526745 
305141546 
16097616 
296294085 
29484644 
17350250 
108633647 
406561405 
228923088 
169614842 
304374870 
437704652 
378009547 
253792443 
21225519 
404155465 
398327379 
35789875 
407044734 
112236047 
27801096 
114050808 
94196635 
35777497 
29786313 
240506490 
277198961 
342803375 
356188780 
44705716 
319321527 
386110788 
454177716 
426006487 
209413017 
72169722 
25130365 
233956663 
117189498 
207653766 
14434753 
217261340 
362680350 
28169230 
214670006 
358345140 
407439896 
214571654 
416414845 
214669154 
165712675 
214110161 
214572948 
376946297 
45960001 
161728266 
430227485 
22825016 
108415744 
333595263 
75014385 
404894487 
93652871 
353615229 
214219400 
226119951 
63420653 
212907833 
158062869 
154979647 
274291562 
246638558 
14165525 
112512010 
239636818 
321494657 
30042670 
15485441 
405703536 
404839405 
404981985 
249638622 
31307920 
71049139 
167219309 
344414162 
21826264 
362403245 
12794362 
161698013 
303898942 
15727981 
55253484 
402178677 
37755425 
16367148 
16726810 
343447627 
385970629 
46356399 
101103617 
20645605 
42093581 
130630805 
40918816 
378605867 
213478678 
16114437 
19118535 
175529880 
50430107 
23159207 
22151916 
25523567 
75019567 
214936431 
158470352 
62144220 
225446252 
123846836 
59110369 
243754354 
24114626 
78530339 
139818783 
333628027 
290010766 
363566337 
244800486 
362051343 
248768783 
299798272 
85920509 
355737304 
14511951 
235040249 
10575532 
284533181 
23707894 
312129393 
171151039 
15392282 
16787690 
165712062 
277252094 
161717130 
260907612 
22148250 
110473895 
316399062 
310282387 
327795146 
87416722 
321577847 
321580129 
310290668 
137429644 
22633673 
37033144 
52825544 
201335291 
16394530 
14552278 
161728812 
226561689 
191961537 
161718094 
110490947 
134292794 
27997633 
312509983 
15410150 
30100884 
17010786 
82660300 
178307001 
137812720 
64099956 
175229552 
66661121 
13308502 
145103956 
17648905 
66544413 
83023845 
165887546 
18871237 
20631962 
214110199 
20632121 
25395195 
120167590 
25375980 
19188543 
22173627 
38188198 
39812795 
53297035 
17371663 
166321582 
9907252 
64857643 
38590041 
21411381 
297068055 
280519809 
294132463 
165905136 
20082465 
257179634 
211014573 
115749048 
267311463 
22540123 
165848279 
144927403 
205533864 
283333392 
20608910 
27064761 
290875975 
182509356 
25596576 
58528137 
16580226 
277727413 
90413778 
165712253 
124176789 
108687260 
183729526 
49769300 
247388876 
253209524 
27649741 
160950700 
16303106 
277165873 
47215369 
278124059 
140519774 
118183607 
161028582 
36498980 
133731582 
159222308 
46686567 
29323466 
266038494 
27825390 
40164132 
48820442 
66830686 
269892433 
23073586 
16055731 
59152415 
236842868 
31280223 
250797735 
261376979 
32765534 
160975085 
270689028 
36786485 
188647212 
20570880 
89376603 
227037683 
257681752 
234519663 
267385843 
266714270 
33337749 
17631739 
15220473 
250357776 
81876967 
207655140 
191893059 
120943272 
133089824 
36169584 
242146618 
18671019 
43366402 
78798954 
258996619 
159214353 
259379883 
21220931 
258425646 
25242694 
21633644 
165711848 
110503465 
73271110 
217430745 
248917209 
160950391 
221061994 
10926202 
190291409 
247323151 
253992804 
111349686 
49746494 
231057394 
238649532 
160022929 
16185140 
76452875 
103185664 
246225241 
52070270 
130649891 
115118692 
236475957 
205418342 
237850460 
241447642 
29554036 
69181624 
42057441 
37590426 
25300308 
47438401 
17856104 
67009910 
169616875 
52040033 
40413706 
7885972 
243788227 
212558729 
131351549 
81867239 
39145830 
28534252 
85396297 
40146544 
215991407 
2387241 
69920288 
239846213 
34345163 
24363392 
15210284 
238262547 
21163166 
183035234 
77067134 
26049176 
19915096 
137876912 
57931117 
20168875 
159218471 
15108530 
19797615 
188510827 
22863960 
16129920 
16252233 
48399270 
83396915 
128248754 
174698827 
31034221 
23117553 
161700557 
6122152 
15514218 
234141596 
23941199 
153683064 
30740670 
51524620 
25592383 
61907662 
39818483 
214162288 
118796348 
28586374 
33976579 
23337357 
126226318 
23222858 
182073999 
14715605 
46129247 
127640499 
34798833 
23805874 
15009001 
226711265 
20966809 
754485 
15253419 
18457456 
30875781 
227431518 
4641021 
104053591 
126150754 
2557521 
219996392 
22966972 
50452197 
226335474 
222140591 
21447363 
164393317 
125695974 
14063426 
46318078 
25107962 
99811494 
50325797 
174414518 
70728069 
160994217 
14936607 
31509026 
774838 
22700493 
19781646 
122227109 
43221627 
206237097 
196180338 
9907172 
21107834 
23794152 
127958577 
103132526 
156332780 
19539658 
32453930 
145809493 
55604811 
153916823 
156384321 
143125690 
189983980 
35281173 
17951403 
24126385 
14364720 
18243458 
17411481 
21786614 
27927955 
24894506 
130670685 
15129616 
80843590 
20864904 
9125242 
160947395 
29976739 
20613450 
213461796 
201743157 
20275150 
47771957 
18739766 
50176450 
57431229 
16629394 
90420314 
14226495 
15439402 
90622200 
16696568 
104917224 
193391599 
5780702 
134384957 
6043912 
58581348 
188786369 
206720523 
22973560 
91390383 
24309769 
19637934 
101593599 
174491217 
23208913 
74644790 
44039298 
151648814 
25164980 
191774473 
154579089 
34722561 
31986700 
124190737 
50404072 
15148290 
49780957 
35847484 
68286932 
21388284 
192379160 
46114108 
202647718 
51833485 
61564813 
165846299 
15567945 
15249011 
36262503 
15864446 
17469289 
193473252 
65973925 
25365536 
116547240 
26799554 
20795482 
51241574 
759251 
6996632 
197564584 
165843364 
6449282 
78525505 
84327770 
98957204 
23982151 
22183090 
153955244 
44615250 
19662710 
20988120 
105916747 
4799721 
61083773 
41023170 
117505959 
20998647 
27346272 
134566179 
116559622 
103564025 
192867657 
190231615 
163727508 
26053643 
30229853 
2425151 
1309321 
29999197 
192688442 
27132791 
14824849 
22970458 
18265163 
90203692 
30364057 
96851347 
43117046 
191136716 
191133062 
22011465 
100892996 
102477372 
59188655 
134759149 
28551587 
151581433 
188782940 
189165623 
14669951 
188899181 
7309052 
187704802 
147697580 
167406006 
67657920 
39366220 
107452950 
19375743 
20825303 
31385307 
79898136 
23396761 
80608247 
144748652 
21257006 
44030337 
13854792 
119166791 
21000061 
34711477 
40519997 
127590478 
182532099 
109361491 
21746623 
62642923 
26565946 
23073774 
32613839 
92147012 
165902684 
126666206 
122292433 
67995848 
117109822 
28474662 
23544596 
90746809 
25609906 
48525320 
16586694 
21494636 
89754038 
17106477 
772502 
28160952 
15455353 
24003151 
25521487 
16494586 
49034133 
21689801 
816838 
100639079 
159684911 
38379886 
149312295 
153118706 
17617539 
35715487 
38928015 
22835891 
109713729 
103891342 
16560122 
16303766 
33588988 
17368500 
38787747 
98410056 
101813467 
67350803 
56477388 
105910431 
9300262 
84386211 
29471556 
22286712 
23092247 
49145481 
34659024 
23375171 
17238812 
40953082 
25496823 
15784761 
69304018 
133745835 
45593375 
28785486 
50389434 
26257166 
14173315 
24933315 
48397904 
28227336 
22814630 
14220256 
87988319 
17918406 
29495727 
18391828 
21906715 
15187939 
85309989 
38622054 
151684768 
52784231 
25456478 
74791999 
24972208 
31611298 
154714727 
123945193 
97932072 
132746385 
22957302 
150078976 
113090327 
11857072 
428333 
8839632 
21870192 
58841987 
28108567 
15441074 
46576295 
2836421 
110517492 
144224817 
72111629 
25071403 
50163374 
138441229 
21167246 
20449767 
972651 
8732322 
104256885 
31447081 
27107069 
64557153 
15729664 
23664963 
14178543 
81108401 
52778489 
61200893 
15846407 
37477697 
16086398 
29875653 
15400156 
16425796 
18633858 
17232532 
17595535 
75464813 
113103041 
21425125 
27899735 
108347860 
26793433 
101576369 
14357886 
25374938 
50042275 
25765864 
133416292 
41853160 
124371264 
31121154 
16174270 
19173450 
122138683 
21787029 
6798582 
44608906 
18577789 
11373722 
88783290 
126406559 
26840470 
26159892 
28637710 
125416945 
91044281 
42543550 
51298645 
25079844 
27796165 
124292582 
123737012 
15233019 
52358491 
20512928 
15401629 
49154771 
105913781 
46642614 
70430533 
35635687 
7348612 
60927740 
105830809 
105908912 
28552580 
42948942 
67347919 
67364568 
107162923 
28206743 
55613102 
68432208 
17871109 
87541719 
18553806 
33528548 
31408115 
24301286 
33610050 
18252349 
22052036 
121252410 
53749231 
6828802 
56391172 
94129050 
21538116 
44645115 
17783114 
79548134 
28221296 
16497947 
115485051 
18581544 
21105588 
45373592 
50390393 
19621997 
17413106 
18436196 
16017205 
56688840 
39546218 
82512057 
65522706 
67356193 
67103467 
111690277 
27050000 
7212562 
27934849 
97036677 
28197486 
61321048 
52433486 
21619806 
45891977 
28826541 
52374453 
26320216 
16317406 
84129740 
90438475 
21812273 
23500180 
93935921 
28638191 
94360081 
24428744 
95515846 
6017542 
14230524 
101803450 
94166093 
14705116 
21111896 
807095 
16381279 
28363841 
80349611 
19403608 
5695032 
16175052 
36098990 
75363772 
22784136 
15727755 
49820753 
45619885 
9627102 
20452568 
80857153 
85252259 
56474118 
17551265 
14951461 
48388653 
29271212 
40941232 
17769598 
50183754 
14855562 
16583845 
29008249 
62581962 
32450176 
19167675 
49145511 
16312441 
67353799 
15838036 
37989554 
19201818 
15267663 
22152745 
39114551 
82144335 
14708814 
17369431 
70528403 
16233170 
34956062 
29561194 
36203027 
24620525 
46186450 
9629222 
14262811 
28484463 
