268714081 
1250117965 
111906894 
2642438760 
321445166 
572788183 
90238359 
1079108184 
96245226 
162663934 
191349784 
395149823 
61003804 
24286351 
3320697222 
2498960456 
2885868223 
749952350 
1701044448 
136123870 
2201635304 
257799442 
136627335 
296623811 
219049532 
278834304 
266105421 
31354874 
2501274093 
201885911 
35472060 
2392584652 
45786304 
1520006918 
963213337 
842331998 
20120877 
1681431577 
1546270652 
345811633 
337502808 
379226206 
335141638 
1251417968 
102325442 
146960199 
153156412 
297302770 
319861696 
1264788474 
615214819 
66714703 
2432417994 
330705266 
2354128850 
89423854 
66699013 
525312787 
20003448 
1305657895 
2795458520 
1401210146 
1863807403 
1322319715 
1463880866 
588730194 
169719009 
148779151 
137099011 
134164413 
32128600 
310072711 
525060895 
581494085 
606856466 
2535384888 
330088095 
131102007 
1274734112 
272055657 
323634172 
332788870 
104450658 
541690358 
341102954 
400770714 
204887235 
325451111 
746935735 
221197757 
27022925 
64019328 
625353550 
422400099 
611959284 
105119490 
173727516 
1134152730 
34025437 
203083495 
265696487 
72663616 
798234950 
95731075 
17874544 
783214 
66339576 
129106891 
2359585705 
623584562 
253065991 
513159565 
233614681 
288215711 
2205082777 
148760908 
1891280354 
2289157800 
404916846 
243300398 
93167589 
390860562 
258923616 
343547084 
259132164 
270369094 
46832898 
296723507 
176224244 
382561193 
487843424 
13768052 
2192464466 
280157793 
1036858501 
121213242 
17919972 
132774626 
85970738 
1565923496 
268414482 
596640386 
1305995330 
1162232250 
867700614 
973978190 
1667675486 
929664925 
141864252 
487736815 
416983726 
227626917 
96013710 
409503871 
236738600 
488242107 
547607608 
237634998 
396086694 
495605961 
95373836 
525821517 
131962317 
16679529 
130372629 
262794965 
40908929 
1319755279 
19679611 
28135839 
98288395 
24852465 
89304457 
264548362 
55728361 
111164497 
786796010 
227121370 
139399835 
551149727 
149915877 
27260086 
73593143 
485854360 
1167554250 
358155712 
149655776 
188230263 
69080331 
422557777 
