55457727 
93552699 
333655061 
719324795167309827 
1687087723 
323634172 
239887925 
1010022410 
1520006918 
324428041 
2731012476 
44196397 
2323945699 
15764415 
111519701 
21347710 
104203516 
40048432 
119106106 
385504906 
235074122 
38924070 
299594000 
49466438 
2263902887 
340543150 
67182538 
74461072 
415056190 
549761980 
2837683381 
2223592103 
288849395 
1438162062 
231445685 
295520886 
583471001 
218129328 
27978188 
19946209 
1598129100 
2877544895 
422353382 
76647644 
2163499160 
3415527797 
276707924 
5463692 
32463601 
19058681 
1939860914 
541653328 
3084795454 
1467754261 
106581663 
19936982 
15951179 
21788515 
139782031 
68868088 
111482997 
39126573 
50323173 
1681324362 
1330126638 
3371474506 
19166206 
766161421 
189283271 
417458789 
550528636 
23140494 
403614288 
353435184 
467552599 
69008563 
736239018082467840 
310960154 
160272734 
27009698 
88719983 
556260847 
2890814013 
3866197515 
4771225651 
2404952449 
2252843870 
811623 
2724643195 
4800268897 
269055437 
2719829002 
260370180 
436344447 
103778124 
1357283204 
387764685 
31035012 
1692067364 
2388013107 
213459622 
27862658 
2868120089 
259420463 
42497770 
28938763 
1902358255 
67072705 
519717958 
23798694 
2448778543 
39338684 
724959200 
1607030929 
737518826 
702145182729371648 
278541378 
278611454 
386189099 
22309159 
213969309 
123417995 
1315308624 
156997331 
135249573 
17738060 
904930357 
36173943 
22935099 
3056769594 
17469807 
14094741 
2830724863 
57112007 
15371346 
28435915 
46285225 
43111536 
67073091 
128092576 
214685698 
348541964 
2559070672 
389646588 
38954906 
1140025075 
590435428 
499344901 
158145916 
287886108 
633176940 
216393392 
3323218479 
767324359 
18871948 
22536395 
407493308 
118261589 
95739021 
589383595 
56186139 
10228272 
20536157 
239596041 
783214 
151525446 
2870078111 
80340802 
48157037 
1873907958 
1562056902 
57157862 
83705825 
182567812 
320993669 
133682123 
181341675 
15670515 
1587207780 
54167734 
135026973 
325782927 
435971473 
2597498814 
21372203 
2460692958 
17105161 
17919972 
28665877 
69109217 
38021210 
360266398 
285196647 
624736555 
313669290 
354710218 
1615420753 
351003428 
861951528 
603212968 
108404237 
54260075 
1651350872 
42092967 
266111469 
22450947 
2796217720 
107175185 
22199141 
48492831 
50863281 
47720230 
276716878 
502318390 
35112263 
1086485478 
234097254 
1383966032 
398404681 
42274437 
2178658712 
2338551014 
139733082 
19356263 
349297814 
304794584 
2893766836 
629748246 
39764991 
25678101 
50148656 
68433726 
344437272 
22839066 
19720836 
31462230 
2398670573 
22433923 
247536331 
258053857 
1095773204 
16745015 
29809817 
1900720267 
179488106 
409732590 
363997411 
124523760 
345669698 
142839300 
20950232 
87954771 
25890783 
1348450855 
908572026 
31604067 
20794524 
51566951 
233749742 
24291261 
23508439 
104223936 
69360410 
2696053410 
19166504 
523349621 
349192432 
59781099 
564686965 
23924409 
25001700 
105179358 
258888655 
433628354 
282836027 
597301471 
43426938 
56600497 
237150653 
76784093 
21308488 
11377082 
1694771484 
84660476 
465998787 
329414795 
115597898 
346611655 
153226344 
42900685 
1895278116 
59601834 
296067906 
1728150757 
502019154 
419686580 
36887931 
52076592 
162468723 
2444659803 
27866299 
40864634 
220331065 
29246002 
30685936 
479727198 
1173622044 
119512698 
14980903 
2421811000 
49153854 
1582853809 
800640086 
1365963103 
809837023 
18132032 
506906436 
836121038 
536741587 
60842151 
17879492 
295325513 
241372901 
136735769 
74594552 
129342115 
58361098 
31036321 
44359715 
559675462 
19426551 
15754281 
506961046 
17923624 
28417407 
34459513 
1397342508 
32494812 
26135017 
1538636132 
226993255 
361605777 
48935887 
51140674 
1922861 
26188357 
891566299 
263452069 
237147973 
26257166 
13213122 
23113328 
50096544 
20947967 
178208857 
113401139 
265758015 
61830970 
132708764 
555928038 
581971753 
16403943 
225959254 
432497940 
862551800 
29016665 
15944436 
37680901 
492566290 
231746784 
525829734 
24080949 
265638398 
450337221 
888001122 
287795243 
69641766 
39861175 
33133275 
389653365 
16672159 
20899023 
466868650 
33615152 
18648044 
262542077 
137774974 
266033106 
25098243 
385583767 
597467050 
76116553 
25084916 
51315949 
26572383 
563349005 
156403086 
28870086 
164140299 
14304739 
14569589 
62870071 
244306755 
74342547 
16240253 
431810383 
366106907 
73171266 
16468653 
117119367 
10684622 
68333461 
60803724 
14372486 
67619259 
35782223 
114075070 
22215485 
265483421 
82153462 
51263592 
172871806 
170775294 
19923144 
37709878 
113152324 
32030308 
102857733 
25370814 
62493830 
129077995 
40745276 
122520535 
118956734 
63497326 
18029746 
77888423 
21255118 
25415355 
38915258 
30877701 
35148310 
27619032 
25417360 
15238460 
38043892 
