811377 
18018355 
431233028 
275686563 
35773039 
14708747 
731167584 
7197752 
80702644 
36972997 
28652197 
2147978706 
133769083 
16583468 
21870081 
177778956 
67232748 
169271629 
887774809 
1504642524 
44988185 
3246838764 
3093573484 
818928162449068032 
1854981890 
4620451 
4515563482 
2300278368 
2273368027 
390176029 
1530850933 
1393155566 
1342861723 
2458567464 
3290070855 
2485930448 
15007149 
714994274392285184 
717893106910289920 
15243853 
52039386 
16995167 
144863248 
25896607 
19912974 
3698619867 
221104855 
1615463502 
822215679726100480 
1536791610 
3418461995 
835054112 
2695663285 
3658948761 
141493488 
2551166035 
14856348 
74386762 
3073103351 
91440477 
27067896 
3227263873 
380988898 
22841336 
372932977 
109349539 
112740986 
53176629 
20542368 
492293655 
32445738 
168728442 
14240875 
10069612 
24913074 
99920355 
48695894 
30008760 
285658449 
20289274 
221792092 
164007407 
33563161 
51192656 
158470209 
111635980 
24745957 
312134473 
249410485 
14062180 
385429543 
22669526 
117501995 
12133382 
1534845168 
16016427 
16930125 
63169388 
25352433 
293131808 
20243698 
211956483 
106508178 
142375477 
168673083 
172858784 
142423065 
223907893 
381152398 
78445977 
267854863 
138770045 
161791703 
202646145 
108376246 
16227050 
248735463 
239949176 
19388821 
36686040 
7212562 
18251414 
111635527 
22536055 
80612021 
5920532 
168502762 
156333623 
19307194 
133832049 
36403603 
151104533 
237770636 
29501253 
249787913 
82453460 
1129029661 
29442313 
193732179 
970207298 
467823431 
21406834 
161411080 
2930065685 
278093318 
19776513 
240812994 
39384517 
343452680 
115749048 
1077121945 
414331122 
263815367 
137794015 
1339931490 
1092979962 
1058520120 
234014087 
1080509366 
1009269193 
155669457 
305216911 
59880071 
22302852 
432676344 
92592269 
60771139 
150078976 
443106129 
17961886 
278124059 
215053050 
22172442 
1209368664 
137775956 
301114652 
45323176 
1580243310 
2432655762 
16327858 
18975755 
199924401 
1078473840 
39868135 
62383743 
2499827660 
2284235972 
69014314 
89369100 
45834541 
50464362 
76699256 
2931603637 
67098352 
24203306 
61858272 
19212997 
161969197 
28396201 
36156695 
377403835 
63209740 
273549411 
16354014 
362470644 
457116858 
2932665736 
17849048 
25152209 
25708791 
331783175 
2884553931 
2314747946 
3003462183 
1963024764 
2881442392 
448259368 
188000721 
2450643739 
19834403 
250884927 
55338739 
46678824 
40267916 
2176815348 
30923986 
19358830 
518082918 
33648704 
304138139 
2674765231 
39643882 
1000783368 
107441604 
382165467 
37032310 
16318114 
234489403 
17809043 
413539669 
18245137 
46637873 
179596315 
494404805 
932984706 
65459725 
362592543 
913193017 
20170206 
235798103 
76339393 
976542720 
53120214 
17480487 
42437612 
1202529241 
14427319 
139793121 
1553333425 
234245326 
733384358 
123254830 
534599111 
22190469 
41657673 
29711511 
295256096 
158420482 
180201001 
92108123 
593828108 
16666502 
125374857 
1486106395 
16000679 
23486900 
335970638 
21336038 
43328497 
16951250 
29287545 
22139382 
561280226 
339399361 
60693203 
1400542267 
364948131 
242506822 
33640141 
23650884 
15456558 
68448471 
29476085 
55237687 
24995679 
976948843 
2916086925 
188019606 
26878188 
26548315 
16116288 
19612058 
23600262 
1265726480 
220078089 
366690534 
194648430 
481384187 
22642788 
23092890 
935594107 
612896910 
248791522 
190369832 
71567590 
1093090866 
818876014390603776 
1281405877 
412008580 
1604366701 
2207588833 
19881931 
21919812 
191968036 
7356562 
41806953 
236532191 
13058232 
12925072 
18734076 
76117833 
34063620 
80758969 
17856665 
62533902 
325830217 
818910970567344128 
57447721 
35395071 
55253922 
20821259 
1543251229 
232914203 
604625569 
22671650 
16102081 
821883560 
176523273 
15952345 
33450325 
41828632 
14437914 
15922214 
61583656 
1652541 
83398167 
68388778 
70550581 
18938912 
184852821 
829082228 
18521094 
158805689 
78694788 
15617631 
14620190 
393562221 
15324851 
221147815 
228668350 
88803528 
455024343 
39319018 
130274805 
19307639 
127539363 
91424397 
41839681 
18731529 
23835469 
20611194 
23603092 
80333399 
166304936 
745684884 
475212144 
375383001 
68500006 
18163611 
14230657 
108404713 
86156505 
378031834 
26312335 
21328820 
16438911 
72593136 
93950784 
601474484 
707469228 
210866564 
491635942 
146293535 
28942750 
366249453 
93271408 
43338999 
18174761 
6449282 
36986452 
21904695 
13296452 
21058820 
17815623 
176856083 
174670082 
16636428 
337912631 
44199030 
23608047 
939091 
94366606 
44873497 
153149305 
34346597 
183729526 
69304018 
512174178 
471941392 
303958525 
113036476 
159588456 
31461524 
25810212 
211258879 
407013776 
469563344 
18803874 
103949895 
90764673 
48724141 
230227730 
273433306 
277206671 
222666657 
595515713 
19365571 
29792675 
34743251 
390979912 
317065444 
159199503 
185334389 
17459208 
43375706 
20162942 
39525554 
17225361 
26607712 
18726666 
15650540 
15648399 
17230113 
556051103 
15254434 
16584443 
214624554 
23593446 
486694111 
89781370 
29479859 
24016767 
25549451 
311063693 
168774634 
111667364 
30104231 
48672487 
296819971 
87279536 
54359015 
161023696 
15924274 
82649553 
209721243 
69011444 
194553939 
24237542 
40410965 
136083915 
331803536 
46200798 
73939990 
342819574 
226205203 
208768834 
334116743 
14660362 
14884486 
298022705 
267542312 
425311350 
121539516 
15256841 
348689226 
18742728 
15442036 
205312896 
4119741 
293482861 
148072399 
398931165 
31485402 
278378533 
278138611 
206141203 
122162380 
60754735 
244632533 
48125246 
148714449 
308573576 
17937100 
15446531 
15939889 
14631598 
337742544 
260907612 
222953824 
346885718 
108660436 
102129334 
34283833 
278776049 
15463671 
17906632 
7429102 
361044970 
26510674 
388468632 
292552239 
325267721 
116110391 
105220744 
25892745 
222932511 
26278266 
21696279 
19612617 
11278912 
16651871 
33769369 
15779820 
15780625 
369232105 
92068229 
389587203 
27517971 
317776258 
34260048 
17900130 
91386983 
366631688 
125380365 
47671061 
12996882 
163998707 
242374336 
18025557 
16941228 
67378554 
281155862 
18029328 
10615232 
63851406 
35014834 
8128442 
33095906 
16618460 
16953157 
244183930 
18928764 
16555863 
143390584 
360012402 
241207373 
245891006 
156969952 
60654735 
31127446 
18994935 
57033388 
38543346 
17494010 
47199132 
242555999 
133439172 
16789970 
19394188 
29201047 
25017309 
18695134 
150724371 
140519774 
72198806 
244655353 
130933196 
40543269 
18368050 
266665777 
132278386 
15824288 
24219515 
17373805 
236479311 
252819323 
236899846 
18978462 
18722097 
221493459 
14614380 
177445910 
60716975 
30907928 
22645337 
169066756 
16193455 
61686586 
88051713 
164254140 
108336995 
154395343 
252322057 
216810375 
179932887 
93955858 
15134782 
78908249 
36510873 
21255118 
63246339 
17800215 
151444950 
214179002 
25752824 
16581604 
61622970 
19624989 
19621110 
128750686 
235708552 
17070113 
306304686 
197594920 
14511951 
87784671 
27003337 
163570705 
243797058 
253604734 
17838596 
31310158 
43192807 
48834856 
121424914 
103888753 
253242283 
167144775 
260335038 
107100424 
151963505 
14928734 
232268199 
15675138 
22012091 
108355577 
46648807 
102455692 
221743839 
16057477 
259403099 
113436175 
16582975 
107208107 
4517721 
20109973 
18215973 
17074440 
15012486 
19418459 
22650211 
20466215 
73238146 
151106990 
87711945 
18334648 
186894262 
85606078 
39580052 
46500983 
14293310 
205864193 
15164565 
16160352 
28576135 
210926192 
264494662 
15941955 
66369181 
109025212 
2836421 
20402945 
114782468 
112441291 
106878438 
119372054 
22138357 
21619519 
166405793 
52031475 
119074030 
23369246 
182978734 
131144091 
143812180 
128594349 
246997037 
234826866 
15311268 
16193528 
257170808 
93892158 
23794428 
16497756 
163891075 
80016025 
6017542 
2884771 
2467791 
218936411 
17346287 
19112923 
68724810 
30318395 
12952842 
38435380 
6798482 
64747736 
36719281 
7195932 
202790178 
139942645 
174059996 
17366486 
15764644 
65911307 
15113565 
20858369 
50121225 
19664718 
18157816 
10126672 
110789343 
142827079 
82282572 
37687633 
108021968 
123421771 
19001834 
63539533 
192022295 
27260086 
27678749 
16463326 
10827132 
29286254 
17001730 
92070775 
28430140 
57364124 
75264236 
138418138 
59110410 
58990034 
28792353 
102490996 
22051757 
36114729 
70130652 
46425182 
6794502 
35120520 
5911342 
65369591 
23451598 
100277512 
110497150 
87899852 
77092809 
22417674 
24156901 
34613005 
16613570 
34113439 
24554901 
17540715 
16452307 
61437594 
185411247 
15754281 
18510860 
14717197 
41285211 
47785875 
129536787 
17217247 
17302828 
94590693 
39762255 
128235459 
137454693 
103366453 
115153599 
14529929 
20597460 
19638292 
97465432 
48398586 
19109172 
16027546 
14125800 
16264003 
17154752 
111700487 
166252256 
36683668 
1997641 
14559745 
41390449 
18908998 
146569971 
137828974 
127514270 
7215512 
18020120 
78669790 
135708976 
19948202 
18038892 
19674502 
18923032 
76348185 
15368404 
110541296 
110823581 
20610664 
40300027 
15587500 
46891621 
14287409 
21186125 
9855382 
54546430 
18741652 
17629860 
44777959 
15923226 
15777711 
15649433 
14677919 
86697288 
37950255 
16116713 
16613128 
17601042 
15134240 
66369206 
6450322 
8775672 
33998183 
73181712 
16543775 
17831464 
148517828 
59204932 
70765264 
29081858 
26657119 
16801904 
63635257 
189133916 
15460572 
15501828 
17658786 
9109712 
6519522 
18058609 
16878156 
25832917 
15808765 
95267732 
428333 
52818466 
16245822 
17451742 
14199378 
21783950 
14505838 
40260633 
24700591 
103155170 
89894243 
15647676 
19658936 
78408666 
17967675 
24752484 
14615871 
17398067 
24285686 
85637199 
17019836 
20437286 
20436059 
50703368 
15691197 
18142371 
14941167 
813286 
17350628 
16028241 
16625091 
17390564 
14174793 
15640533 
7152572 
17447949 
90700063 
15681098 
15954997 
29092002 
40053997 
14074515 
16669075 
78630270 
53029675 
19421564 
19318231 
161811364 
15867443 
160946337 
26538198 
97796317 
21425125 
46753960 
148449754 
119166791 
48395300 
80628196 
15487499 
16244789 
20004513 
36750891 
51261730 
17353735 
14861613 
29197155 
29649461 
150909116 
63185658 
18419480 
19539948 
133370239 
30475681 
68496048 
19555067 
14159148 
17163202 
14499829 
29479000 
32037432 
46275302 
18456173 
19397785 
127638155 
78714411 
98415336 
24321202 
9624742 
20867568 
61853389 
14616022 
18481050 
17409240 
15170346 
11348282 
20076000 
55106042 
6010752 
46990297 
87815050 
17496988 
47129755 
110275898 
28057020 
39997777 
14141887 
87433877 
16727535 
102469436 
94147889 
93518221 
89825343 
55413039 
99992351 
104022881 
52438704 
70215831 
115409263 
49772290 
43338439 
33509279 
63319125 
50526999 
37985163 
19613548 
94392724 
61906891 
62572919 
25541631 
89506815 
21397911 
85359093 
57043089 
10255062 
61123439 
69702257 
14601367 
54953394 
38494481 
31484594 
20793409 
21374699 
20626879 
85982432 
50301753 
44135322 
10803212 
107898455 
21803333 
77249113 
71598162 
20546536 
32629986 
20708511 
19072598 
115525083 
85613614 
25085215 
5392522 
19553760 
45876299 
95218816 
61310438 
14634720 
113420831 
818927131883356161 
16261346 
15000848 
120176950 
22192337 
18734025 
73187164 
90703920 
90483921 
90702268 
90499029 
90698257 
19073628 
18942760 
16584207 
44124628 
20542307 
20566789 
17782826 
22960629 
27477243 
48521376 
38224088 
31143664 
18784453 
34945813 
22776999 
16221481 
117118928 
39285918 
21722870 
21946625 
19838303 
17601684 
44177383 
18732750 
18172905 
19051846 
17560195 
2911101 
54011853 
15605855 
2992751 
15679641 
108368272 
20190064 
31257972 
26283307 
94143715 
71029956 
97052378 
17800696 
57315555 
17951134 
58863060 
55141450 
78733273 
88758430 
82162775 
36147161 
22196902 
90935559 
14111221 
29917170 
95273627 
44783853 
44615672 
76936279 
25226477 
31570500 
14606079 
5516952 
56385427 
35937339 
64761256 
20179628 
17539454 
21684013 
60618211 
80648978 
29338819 
45146273 
80127882 
66466546 
38103012 
37211090 
80179789 
39561255 
22328196 
46689689 
57443179 
52407086 
67514147 
65570878 
30271671 
69420759 
50385534 
49472562 
63488827 
46420182 
81165364 
82438988 
28427236 
82421730 
42707923 
73450158 
46753573 
24697900 
76691657 
27659327 
55307038 
44147350 
16291579 
21414064 
27697547 
20597998 
23520049 
19278247 
16354829 
17351717 
43953585 
22051272 
20775366 
19683238 
24960841 
18136692 
43263573 
40050283 
18917699 
34274380 
14401102 
30093418 
50772120 
21145241 
8329582 
16334480 
15811202 
16632374 
38266652 
18148907 
40949578 
16095565 
14892330 
18202722 
20166278 
41978850 
54515483 
19381755 
55005867 
54518528 
49706919 
26822691 
17369694 
32090110 
49790376 
28701657 
83401165 
3554721 
20722657 
44143909 
18164995 
19930211 
47207043 
65206231 
84193929 
47742654 
22490684 
78910582 
79775694 
20061692 
18741078 
33615877 
80067314 
18031792 
75447680 
21249203 
80463612 
86042566 
18990471 
73188860 
41301142 
72662585 
19292987 
70972761 
22108262 
87005112 
70429578 
20579393 
80872039 
72770234 
16242560 
61762853 
22566488 
38349184 
54655632 
14304373 
8073492 
56399643 
55592378 
43049724 
16896311 
17238147 
29169093 
21117658 
51246948 
43421418 
50189730 
60963051 
54996440 
62595437 
46231801 
63302806 
27991113 
25088527 
17510987 
17051930 
42947601 
57316804 
62644597 
14955620 
18688714 
62573119 
29007283 
21919379 
59925401 
35023428 
18776258 
21210358 
27932116 
59324739 
62529072 
17241426 
20126724 
67374253 
69093338 
53205594 
45438662 
18906574 
69285211 
66111170 
18118594 
70138121 
21432924 
70650346 
37052671 
59142643 
59437392 
28137796 
19980288 
62910494 
30051156 
17093617 
18059870 
20105689 
16616061 
39571573 
21789369 
40057701 
15012352 
44916396 
23789790 
45183427 
15690243 
15210284 
22195750 
43958971 
19658614 
26946495 
1917731 
46417885 
807095 
23798237 
14073029 
22053641 
9300262 
21690931 
29475771 
17939070 
16664681 
38454132 
35829796 
16912739 
16129534 
34994482 
5741722 
21421134 
15922521 
15210410 
22664051 
9252212 
23595586 
759251 
18642669 
17349191 
21668293 
29456901 
27146886 
22141824 
28370932 
18457947 
15640760 
35811279 
15742946 
24010471 
14124059 
16645321 
38539630 
15522884 
23994578 
19606346 
28250585 
19933527 
822215673812119553 
30313925 
20087888 
16683301 
