4699224763 
4160752755 
799573130494644225 
2655830472 
343547084 
1977141019 
378299359 
141864252 
573459961 
216703301 
2920071458 
731531416530497537 
4623225086 
729801525355286528 
4262539993 
3168944182 
537760164 
3040129123 
4333879899 
801281178 
3905669058 
3125581648 
2339789275 
131962317 
3099748102 
102037653 
989642563 
3409831509 
1520429624 
4659088213 
2565473791 
476634454 
1387804657 
2830051135 
2323945699 
2899704195 
703422972393086976 
1154072965 
380369476 
1305995330 
2952458132 
708291864126840832 
258923616 
1017515348 
488908367 
588730194 
843848210 
3301025103 
216607018 
227513889 
4079946327 
456901717 
732069193 
2786430025 
4759795017 
1629554263 
1027468086 
1327906134 
1547513437 
2293388834 
706821212891181056 
3034432560 
4297806626 
465858891 
724223456 
3399224657 
2309552653 
2970616323 
1581241297 
1349082427 
4832778414 
3782103554 
2971444075 
995642455 
4043893096 
930506383 
521340458 
2209145031 
1258398914 
3316509245 
370419168 
1863807403 
1105455990 
538613656 
240791948 
2422742947 
2272856978 
3514240823 
1308555452 
2939990554 
2933082598 
379226206 
2476544382 
244018192 
66903727 
421554823 
173727516 
4277089462 
4761919721 
469517478 
1198988510 
1395988206 
1120654448 
424399010 
118698767 
1052733470 
1240491098 
2888160711 
70009161 
701234052 
581033983 
330235942 
2580527803 
1489156890 
32128600 
485370684 
2305405063 
1253397445 
930108906 
1117957238 
2329649780 
740027058 
409503871 
339143341 
1422946818 
498285459 
128409818 
1345881386 
746935735 
5520952 
3089941363 
182384817 
2354128850 
33923443 
45468548 
393456494 
26250653 
119404359 
2313227480 
554540678 
1352586948 
27750964 
86557101 
94120466 
20424178 
20731383 
288662354 
708360108 
587750405 
15028747 
106808348 
97566975 
23173468 
43949085 
1598976638 
59283767 
21568477 
23588838 
18420140 
84358766 
462338626 
226690054 
372891057 
38935952 
2201635304 
386788466 
366999215 
426422223 
323634172 
443449421 
601298466 
1141461181 
2316464970 
2193607094 
