321597883 
173342204 
3407310755 
18164420 
711146356736454656 
43166813 
50115087 
65647594 
189253902 
269794637 
1451773004 
4837939093 
14558080 
2313894266 
4836099494 
3968741837 
4764536958 
4835841920 
42401672 
121970017 
633711275 
3225642055 
942796219 
15143524 
307590230 
19440537 
783418526 
143043962 
835209006 
1407732266 
2479233150 
4843635237 
3751907122 
1859511758 
8161232 
11348282 
2842068128 
34743251 
50393960 
44196397 
1654188770 
4327872021 
3910252097 
3465002548 
423701140 
32961925 
1440593689 
33717563 
45345930 
250580859 
2221351512 
284679500 
4867472523 
112643681 
15293805 
70716067 
215246602 
2917197530 
245028535 
4567823484 
29933708 
66801342 
1508043804 
569458633 
1868459857 
4184466087 
28814258 
13758962 
73551793 
3276882511 
3241299547 
251564802 
1928939335 
1413741691 
126021656 
721771807 
232254703 
1067439254 
318022771 
2981771051 
230058524 
28943165 
210822388 
2409747595 
16322572 
500633922 
62090198 
2815520862 
44050599 
46813208 
12245272 
19360110 
934685220 
1657000993 
3600658933 
1684720068 
4868215691 
2175268243 
95345988 
2913147182 
18286495 
3350675903 
2863655169 
393862074 
4514969055 
16917516 
2994074381 
3028307847 
2185526814 
14470920 
561450915 
605941248 
2881200855 
1572494443 
91592255 
28871564 
449529982 
2810284280 
124412915 
3236254572 
74869622 
263112040 
40300279 
76403795 
1911472567 
4122779360 
3068738729 
455889957 
4574432952 
78884724 
42921184 
4827085346 
4868101960 
569254758 
19374481 
2610076602 
829496774 
2863702925 
558139043 
843434191 
4844689710 
122157278 
18899968 
130216321 
320975380 
262304873 
4819031693 
3883070511 
361162422 
398162227 
2823250642 
769616390 
177156760 
1960419037 
4815401939 
2235221803 
4869668314 
7402232 
101074035 
19927200 
249219947 
3023992269 
376351936 
4831864980 
214181024 
2919932614 
489432911 
2589601290 
366641046 
546973454 
2264102408 
3966072980 
264506435 
267395886 
61698767 
396180119 
39504039 
269829104 
2766583082 
1132583654 
1183203638 
62159950 
306820204 
2964642886 
568868122 
484324163 
56074824 
38012586 
217146230 
27482535 
790119812 
2306913084 
4836516511 
72427859 
4772311876 
31147259 
14744972 
2937585956 
2983924055 
2154703432 
2542144346 
19741961 
621630744 
4870652273 
47713263 
1407983484 
4870674423 
216757486 
2820772751 
2446044404 
585773762 
4863950075 
4868702775 
437085205 
2350653397 
2224648789 
187631869 
4843563031 
4142585661 
237312687 
4845565075 
316267825 
29884687 
4847386274 
286432046 
1481379720 
7165172 
177983981 
2850659789 
19610326 
1269902689 
282647052 
3131723161 
4809781747 
72971832 
588627429 
3192523848 
3145764306 
246624621 
3004912756 
405083217 
256148445 
462500406 
245141976 
49529042 
385317229 
2281993304 
552546793 
4595080694 
2990191270 
18904171 
486050857 
3384679798 
2883699345 
3009828617 
481380708 
269939346 
4851790845 
823795668 
270479936 
468505967 
111539916 
34811038 
119863258 
282631035 
65892417 
119680342 
14668020 
40304734 
148916328 
4866908711 
51999337 
60361747 
93714481 
4436476513 
2824180399 
4852391825 
582152305 
1017859609 
2898190291 
3315298113 
2401964977 
4495214385 
39395690 
255639456 
4872486304 
17023166 
16120312 
3355954839 
306927972 
60370423 
281245179 
15695040 
2735667428 
943682774 
14932485 
2177550252 
34198558 
23654126 
150914255 
154058703 
20770164 
2571056357 
2985237084 
309708501 
552245628 
1156052538 
15236185 
3292543226 
1387882874 
3271257822 
3215064080 
81793803 
1847114280 
14467047 
239809039 
2369923321 
1159448462 
191041161 
4853026483 
11934312 
22659812 
7048462 
3302585561 
49542761 
985972434 
731389772 
22173965 
37949395 
3012330249 
410058460 
4777628378 
2894598819 
1118577726 
4214192953 
38336175 
1380937760 
2350907826 
267371116 
415810335 
2874551593 
26319877 
225338070 
4562912895 
46858114 
2815487433 
4855003477 
1552692752 
2940509165 
3032341167 
1292132551 
57272059 
35088272 
1214131 
4850025663 
2213448978 
2480044405 
2838321508 
255918892 
219681897 
467285749 
205759134 
4656778048 
183400547 
15726728 
351325426 
1563151004 
82695486 
2896735206 
236546285 
126386956 
4875119482 
4372408216 
72950061 
4396348473 
391678193 
309481330 
287973703 
977533789 
1216787623 
4873016189 
2843944032 
2336198372 
72124794 
60857134 
197302830 
3307173506 
278986937 
1705850640 
4875693148 
2789730659 
386971068 
4791796877 
30684978 
4744744347 
474894732 
575208896 
281171207 
316061237 
232687998 
2426943636 
1552584841 
51385662 
25915690 
3028027479 
3011996498 
4876141403 
576604947 
314110772 
216148234 
4876260244 
4876316789 
4871989035 
2340638550 
3280159693 
4858438552 
2157283352 
2782022756 
25471885 
162952508 
4694514324 
3784686977 
312388583 
537557476 
3871307849 
5934442 
38813224 
346141129 
30429517 
468929136 
69614360 
61319169 
590842794 
869605405 
4860488612 
401770967 
1042510370 
19933598 
172498032 
109621742 
933002276 
2214115459 
874319311 
3192079268 
3349358385 
62489134 
469344886 
112178165 
1084843669 
499247788 
4235421434 
4246129065 
2441689513 
1260838512 
1153029980 
2185516477 
2590232025 
4877311600 
2341243047 
1718013266 
950883410 
248561262 
754674498 
58890700 
4501347075 
459982395 
280236676 
2957578330 
1619805344 
234956704 
72814962 
3167029865 
4758029008 
4185622153 
2672629659 
4818087526 
1685979276 
1613568794 
4875576899 
18382505 
4238243056 
1609984734 
532623324 
3130830131 
2472904508 
13902242 
3418885719 
211964880 
4869696081 
573785488 
216333531 
318667783 
147829254 
2869787185 
874723045 
1652283050 
261570462 
21764895 
1955269170 
14354540 
586043084 
270615601 
96001309 
949196641 
4136204782 
305591849 
2570443424 
132778124 
107169401 
14665249 
3239088274 
1405071 
1703641501 
1267443523 
69137124 
917422123 
2342672388 
3822712214 
139355989 
590263326 
100517509 
95269111 
60159854 
736409144 
310368808 
710721613 
285925735 
2439484754 
3061513939 
218551355 
86980292 
2419362912 
258817947 
4854537215 
4181803509 
1858622089 
6518212 
409476560 
571764075 
630577353 
591960965 
15051829 
636698525 
6803312 
1368320568 
3234369531 
377385971 
47211012 
57371361 
696025468252897281 
1283292072 
269968585 
197788160 
2331817359 
12483732 
82464543 
4541684475 
476454785 
160054244 
2248156734 
2569817305 
256557323 
18487375 
2449831857 
1228842848 
3586474397 
329558084 
174971909 
4626984317 
4872696972 
3226012324 
197116461 
609430418 
124585467 
740642738 
4616160080 
4882820163 
4655399352 
398908845 
417313780 
2901203308 
2992615039 
588496667 
421670046 
129853682 
269117360 
4885640741 
865098967 
4886035678 
39713294 
1311432674 
376640248 
1907537582 
19687812 
2448098594 
93963354 
3122339957 
589569762 
3003393057 
872962394 
449061160 
51776007 
2584573914 
3303831419 
3681364033 
3391735894 
11524882 
40835807 
2331582504 
2839933017 
392850766 
242239060 
68652827 
21170191 
2423574552 
3882306691 
151898036 
1063422482 
23623417 
2279195684 
17557630 
2900439489 
3180589752 
634610294 
499077335 
14958353 
321234883 
4873176795 
96066080 
119469394 
4497667336 
127686180 
79773061 
1912665170 
21954042 
111315091 
27427149 
981940927 
2903972499 
59759817 
99896364 
157749914 
1023531174 
1646320286 
3871123707 
122355585 
4376142437 
3904078099 
450535287 
237647703 
14978718 
2891943886 
23587146 
4883945240 
3260856769 
2226754427 
238241301 
547049346 
52747038 
387399096 
50316590 
568766834 
2976837874 
2884146724 
711625216 
229962845 
4698759680 
2850316964 
922564484 
983105803 
2321016078 
2335384843 
88515943 
975480486 
3329841129 
2464319023 
320241050 
2203759916 
3273119264 
1584061586 
239881495 
2560914446 
269114591 
39166602 
2361826866 
3167404685 
2429649724 
40551290 
980958193 
2252069544 
2453499517 
171075426 
2976640304 
1664755262 
1908984746 
264579898 
2147992190 
625206983 
2378130876 
205439951 
18424946 
322050411 
2946244077 
3268117003 
40530952 
3278007348 
2442233113 
2427344658 
3315331306 
3082216558 
3369931552 
1670317824 
245911711 
271354991 
301932594 
36412187 
19713521 
12151932 
310290584 
2393149859 
39079142 
2218586756 
3383270099 
2168218555 
3091563503 
3381571600 
2189597630 
49620984 
297086437 
2265731923 
125301562 
2796590370 
2341139364 
3075709584 
220928091 
2748649880 
11673662 
3253627466 
3272820788 
2993084836 
3375671854 
2848333232 
3244475750 
16491239 
1140274477 
3299674975 
86776654 
2478514513 
3301344066 
3385745968 
3302396832 
3041983505 
3397865013 
3250662511 
770280277 
3391321695 
935848315 
3295196387 
3303266953 
358007738 
3296569267 
245560262 
2195789401 
170667609 
3299873558 
385660006 
3408826864 
302493306 
806737346 
3309631668 
510837934 
538770335 
881225948 
3424825331 
559016703 
408864365 
1029021163 
160280227 
590303565 
16115590 
3078391655 
1916071080 
3320640392 
15245653 
375208735 
1654665031 
15828763 
1297410462 
3326386028 
330127570 
3251000598 
3328024087 
1427789210 
3120936173 
2296111756 
3309199777 
79723462 
3425887276 
113422725 
2986367974 
273363131 
2758348728 
229071808 
343157640 
3178516128 
2574322124 
551262019 
2340772254 
3511333153 
17229048 
17569456 
2704536829 
298657042 
33734852 
3573945100 
3702016936 
818187110 
2518086018 
2331684643 
3407447061 
2314289604 
184315501 
3700763300 
3836509756 
1521414996 
3351844814 
23317476 
1048640028 
3863318056 
2781181661 
3072873899 
3917459114 
19572710 
3995322141 
261756042 
2921699547 
3363941277 
14875001 
3416104641 
59976610 
3172715525 
4126066277 
4195386030 
1663077842 
4184614212 
4235172439 
17536486 
563109082 
127034427 
170622996 
1383010758 
126268273 
915251863 
8519682 
2601892520 
34997376 
3908386417 
4631548822 
17927410 
3015868371 
715992880 
4731262939 
3010754546 
561594248 
23373942 
241273903 
4783129527 
4729695074 
4319141314 
4510529319 
3003020261 
434259718 
844019778 
4833934581 
2575059349 
2395996238 
3709549760 
4828860237 
2887239645 
30013426 
190440525 
573460440 
4841832532 
47464300 
2199000979 
141900650 
2488384171 
4447289003 
2539652841 
4702234460 
3133574119 
197126918 
3307886201 
24822019 
217118855 
4444072032 
16458750 
2294942922 
3873504138 
4377096255 
4343525909 
112784425 
28430140 
372478383 
778382491 
4741567637 
4753316780 
2707322102 
280350318 
753427764 
240404992 
289081823 
1363786782 
63760355 
14238762 
4029876800 
338016718 
2424145160 
262140937 
525294210 
3313801060 
4388625195 
51675687 
30150841 
3271393795 
2860812449 
89960629 
4354036697 
192128433 
4459289727 
4415536453 
4621425143 
4622701606 
141748686 
612473 
1686651542 
49081015 
90700803 
742143 
531687155 
2755158547 
3063539789 
1176695388 
1316701297 
4697670481 
4511716826 
4621977868 
270481972 
4514401093 
1192042579 
4386265755 
3788289674 
3105064742 
1059117925 
806133 
2832246523 
132526702 
3279597787 
45880263 
97354587 
93781753 
3937999815 
3601210459 
2460331106 
49758866 
2166672055 
1386833521 
581795843 
3409706638 
115929070 
41545663 
4663492094 
4624963833 
4416182240 
3342258875 
4514033232 
4629135316 
4629271522 
4633156755 
4621978755 
367401230 
2810627093 
3639905835 
4439845096 
3185802536 
4552888103 
35728314 
327672977 
4744629202 
4625232022 
14260960 
