4868101960 
3968741837 
4836099494 
4843635237 
3751907122 
4184614212 
4447289003 
11348282 
2842068128 
34743251 
289081823 
18897031 
44196397 
4416182240 
3937999815 
3255786338 
3133574119 
4386265755 
1654188770 
4621425143 
4354036697 
19017240 
4377096255 
3601210459 
2788693016 
4514401093 
3313801060 
2723475104 
4388625195 
280350318 
270481972 
51675687 
3271393795 
1192042579 
4415536453 
141748686 
1733703260 
66575773 
38830101 
22283639 
2916211904 
1059117925 
243856086 
21993071 
798647330 
2158992050 
3033201620 
4343525909 
1422250651 
595687514 
3185802536 
30150841 
1938550436 
2539652841 
2203253810 
2844265219 
4444072032 
168857946 
4552888103 
108698830 
3465002548 
3345145906 
63760355 
57196339 
4745460137 
2707322102 
4622701606 
4625232022 
4625260463 
4663492094 
4514033232 
3342258875 
4629271522 
4633156755 
367401230 
4629135316 
4621978755 
4621977868 
3639905835 
4439845096 
2810627093 
4511716826 
4744629202 
404833519 
4624963833 
21575717 
491170275 
51592529 
29765547 
2973629272 
2976257691 
2510930190 
244013273 
435546030 
212184891 
34262462 
3214924085 
41196677 
2325615422 
461563419 
118023286 
138488647 
97001068 
1515530618 
16002593 
534756287 
248879445 
520186278 
610584611 
2380640833 
13065342 
96410804 
2950016398 
7587032 
29169093 
45641327 
2891786135 
19602678 
433094079 
18549724 
201784819 
48471268 
76056179 
602213338 
80530889 
44074292 
36048614 
1919863460 
331803536 
897639667 
20431922 
34560080 
3646423164 
92454221 
