113726549 
18519661 
2882869703 
19389037 
293061149 
1917731 
1183041 
358305500 
27553776 
5880462 
131305222 
46509544 
25203361 
2798905624 
282123511 
15996755 
24466578 
14401380 
47353139 
16710874 
130922325 
181070828 
7624042 
16618332 
21457826 
90767831 
34321782 
51831125 
95713333 
3217361757 
21806431 
1619451181 
714441955 
187628461 
23741531 
28225535 
600029236 
277729910 
63808987 
3352426994 
252278840 
1355246442 
27022632 
18125335 
720948607 
1635728886 
1884046142 
308701855 
381155279 
10257792 
19345435 
15690771 
2524573672 
14801599 
51205137 
1069839258 
18423837 
540102275 
107146095 
19966033 
20622869 
14766596 
1605338774 
17939037 
17588076 
14850840 
49733717 
2222188166 
896704675 
22685200 
24608680 
39213338 
68810491 
52758588 
17521340 
1154705954 
16305330 
392447726 
25806962 
17988026 
741964688 
1597232678 
102883137 
15030766 
586671909 
129589088 
37877266 
21161356 
17219041 
68399183 
52102976 
2511477648 
4519121 
2436609140 
150577807 
156411211 
14867598 
12803352 
23995748 
789339462 
1598644159 
48462373 
69751644 
54038828 
213467133 
90334660 
35873420 
196917975 
1636515570 
829865384 
413352266 
275645598 
124050122 
862483279 
20753507 
97039525 
1347842791 
431429137 
1086485478 
219205278 
417565340 
299934011 
50393960 
14340707 
8943 
89499029 
70246837 
14985228 
1152279248 
555928038 
266147986 
914957534 
435464017 
601197694 
18366049 
93682399 
76255874 
25723502 
38621473 
326953842 
18950712 
15421067 
30261067 
23418236 
331966909 
729571020 
13784322 
349745569 
22700817 
5693942 
20333987 
37944783 
375220320 
259348680 
202571032 
78708449 
620960042 
27951518 
22872643 
307420350 
117152544 
15714942 
195100261 
117952145 
413364940 
37515801 
18685286 
76266137 
42060958 
362742545 
61966978 
17861062 
32338244 
33365291 
32435769 
276381533 
87036741 
96235572 
19562228 
85832891 
32673717 
32169040 
25962000 
56405314 
61355746 
155653410 
11518842 
14761795 
8963722 
22363802 
110761251 
23116280 
147647742 
22938914 
178363987 
16184358 
10876852 
816653 
48742856 
39817941 
25053299 
2840351 
2837841 
428333 
759251 
9567972 
226804803 
42703075 
1344951 
268529293 
321794442 
16252002 
14103834 
300515796 
19621110 
772844 
14267944 
20609518 
9207632 
24167314 
147695220 
22739764 
28574722 
17872447 
137865227 
158848407 
58066764 
48568899 
42261528 
111660994 
7689112 
69406730 
643443 
23013381 
33231030 
23291743 
22720074 
85633543 
112508240 
10191 
17683676 
40306315 
17224076 
22311877 
82273722 
8161232 
16313045 
16280333 
69181624 
54275319 
34566763 
14134204 
15666380 
16727535 
12 
71273952 
16164520 
10221 
41073372 
74616027 
37974198 
22258340 
42052422 
14327149 
15275075 
18111960 
49743410 
17654875 
37736739 
7846 
30364057 
16467567 
23908002 
53513168 
48445068 
18997933 
22521564 
36623013 
26127836 
56446839 
29307276 
29599482 
52593877 
38611183 
23399458 
15614992 
21125133 
6541402 
46694497 
21131816 
17562014 
1118451 
35300637 
14875214 
7563792 
28855774 
16840574 
7905122 
17080369 
17266725 
14075928 
23680913 
9534522 
24447643 
16574095 
36284123 
767 
22461427 
20333461 
14749383 
5392522 
18548221 
25180501 
44570946 
965731 
8784462 
5971922 
