55117855 
2679055230 
17919972 
20725433 
42058644 
68927424 
357180824 
68677255 
17208738 
75802780 
46471314 
76935447 
433087143 
180038588 
2883172859 
390259296 
189996116 
493015263 
74669397 
354769741 
2306907845 
125613934 
88270652 
70054190 
2375846570 
137760664 
24506156 
197156119 
145363101 
490513632 
377937632 
131752022 
50900394 
353023723 
27562270 
2900151325 
944685025 
56043356 
14262216 
440411240 
58119753 
62375698 
77659711 
20750892 
43185920 
130514311 
85458706 
163752609 
45311718 
23737582 
306233065 
