23578046 
39364684 
775495523142819840 
200163448 
17997467 
84279963 
158314798 
209708391 
181561712 
176566242 
105119490 
403246803 
403255314 
2895976976 
4795344505 
595515713 
27725199 
47216804 
30794343 
75069067 
134138907 
62513246 
16409683 
2180168234 
349300271 
36972997 
283441072 
27673684 
700784500658208768 
321396759 
1486013095 
166908994 
18103148 
35179560 
439125710 
2954322081 
32166535 
40255499 
613056918 
112481670 
39689218 
6297852 
30602016 
3165817215 
410249471 
708072909114318848 
355906128 
16312576 
14511951 
14724725 
149986523 
1581289837 
391037985 
580097412 
47786101 
7376382 
12133382 
739784130 
146569971 
18393773 
583288452 
67761261 
26548315 
78584101 
23395456 
39538010 
19722699 
2863488598 
61306578 
305275926 
1291770157 
13557972 
15515656 
114035804 
65184105 
22479281 
552121630 
237670274 
11348282 
763440894 
65647594 
1418745782 
35764757 
158128894 
2893511188 
58309829 
16438248 
22984655 
18671559 
15489833 
27083523 
20106852 
304679484 
362286999 
214283265 
354036742 
517077573 
1023096199 
18171994 
282168818 
24254832 
158414847 
57995617 
16573941 
2180170945 
18173624 
15687962 
1093090866 
818876014390603776 
1536791610 
822215679726100480 
32774989 
14631115 
2374176276 
262351301 
157335729 
35041893 
113897988 
5162861 
31927467 
20681253 
14360757 
52758395 
19777398 
19412366 
15866188 
15716046 
63701775 
15057943 
264107729 
403245020 
368703433 
15290441 
7517222 
322285980 
40059553 
872570005 
268414482 
2916305152 
3394517975 
156039570 
11277292 
13784642 
13784592 
5392522 
19223933 
14163722 
111501157 
165678616 
2432695033 
23354702 
1020383864 
24216951 
3096642344 
625022363 
1959556592 
14166096 
127139400 
400261151 
77529009 
91593332 
2367911 
29758446 
18478254 
1305940272 
21502768 
23818581 
37710752 
69981632 
178933144 
19730294 
339596853 
23737582 
154280902 
72950235 
58462957 
17886323 
32985158 
53299074 
1143155570 
53338746 
241382835 
76151587 
14222536 
102807848 
17437511 
114026804 
180949358 
380399508 
12438462 
17919972 
363972381 
86613184 
114354410 
130836123 
281180938 
32571668 
9506392 
40981798 
31080039 
44768930 
28109359 
939091 
2840712124 
418372452 
19555067 
197105291 
77645932 
37074061 
2726777680 
7821812 
8270702 
1337271 
65120103 
22515643 
2342321419 
688583 
19074134 
16868084 
2904266809 
197962366 
24020447 
76348185 
138080139 
2802246997 
14838138 
25365536 
245331161 
19867571 
370397292 
36376606 
586671909 
15317676 
1344951 
759251 
72953085 
7937692 
551026534 
350523666 
23393212 
21370989 
1295519958 
355307031 
44987212 
116509412 
23613479 
157140968 
236699098 
230287527 
186154646 
9534522 
47118845 
18038269 
23600248 
153910657 
1436634888 
40974333 
15429316 
1250354714 
28744383 
1339835893 
25170188 
30131061 
743585142 
19380829 
17503180 
18978610 
15307166 
16734382 
16212952 
20196258 
11113 
101802390 
20798630 
12384422 
274119641 
2884771 
16827333 
227137523 
17354795 
17663756 
67728650 
609688553 
35094637 
17471979 
19923638 
23965121 
56436152 
6193182 
136361303 
1182619322 
188489537 
58023048 
815618179 
290180065 
21009948 
21907853 
43358055 
16250265 
937652359 
7681392 
18001550 
19728966 
922463066 
148017561 
62655344 
5695632 
62232407 
14313249 
13119982 
22308171 
135496822 
119506909 
19422129 
18055737 
255649487 
45765347 
22967237 
27699224 
978836894 
33096011 
143558876 
822215673812119553 
30313925 
486153508 
51241574 
22084427 
392394776 
15865878 
34295872 
16076694 
18077175 
1183041 
1175221 
332638587 
125386940 
19637934 
116498184 
16599083 
17560049 
104692306 
544721547 
37820042 
535325272 
16102185 
142466307 
45409605 
117133358 
24713327 
266618589 
37687633 
86400696 
377128152 
18622869 
6375322 
49739772 
237548529 
20615786 
160377402 
26034539 
14101988 
211620426 
113514650 
16042794 
20088745 
259383930 
478365496 
16017475 
483521867 
730178982 
25672496 
972651 
20640328 
13868362 
18990205 
19608739 
5730902 
32237595 
9415942 
1327941 
24042079 
39660271 
319682499 
15666700 
5695032 
807825 
20002475 
123545062 
17681505 
418 
21122201 
571202103 
37766483 
107795399 
61346129 
185487499 
21982720 
59624844 
21665251 
80585215 
15253735 
20491034 
86330674 
166747718 
18649764 
74594552 
34615557 
81355571 
36735522 
219682445 
26053643 
18052661 
6576492 
16367816 
219683269 
529857366 
14293310 
322522129 
354984197 
275686563 
21922046 
8511562 
14735622 
16019597 
14515799 
20153725 
58166411 
560989640 
52491766 
272186275 
15066958 
37729941 
14991920 
17900402 
12480582 
88982108 
16958875 
190736787 
265553052 
360493 
15481401 
240852409 
14220646 
14600116 
120550147 
227391261 
634163 
11340982 
816653 
10102562 
361566385 
989 
19725644 
8525402 
15245653 
15377617 
14256759 
6981492 
43566591 
1190051 
7410742 
14220621 
36823 
13348 
33423 
817166 
11969 
37570179 
36819254 
8113622 
10032112 
761628 
114870386 
17836026 
10609 
657863 
6141832 
652193 
146993421 
256217021 
14120151 
1140451 
19698410 
6385432 
813286 
4102571 
13 
171137610 
263324511 
191346057 
11135812 
852501 
16203475 
49410585 
329465480 
15395829 
533261604 
10026882 
15034067 
168893299 
19507576 
533270454 
17625358 
14892719 
807122 
18149142 
14499556 
6353802 
24599929 
1874221 
8660162 
15450292 
21626062 
17241581 
208789178 
14341149 
17000994 
18990767 
17125728 
17427172 
747083 
9764422 
7160542 
17718418 
14675388 
18634804 
787487 
5838102 
138293290 
365275836 
27681174 
14335310 
3818141 
14472428 
21393 
29294520 
257825802 
24775410 
4519121 
6813682 
2425151 
685513 
14718218 
16240267 
18715444 
15128816 
14130628 
818155 
5807992 
11044262 
755756 
33063 
1000591 
14391262 
4488 
8722 
41713 
3302 
14303128 
798536 
9183382 
12115322 
16179185 
5803082 
2735631 
879521 
5702 
6735 
528 
22338630 
1374411 
19344531 
16186995 
20678395 
4417201 
16123235 
626183 
777926 
10107362 
74053 
14606202 
816214 
14315929 
17999912 
13438982 
1031281 
14397251 
14231571 
3713811 
15103698 
35383 
1915401 
16448517 
11231232 
794329 
24958902 
