20567939 
19028953 
472967330 
731531416530497537 
2920071458 
4333879899 
4289728654 
823576238862336001 
823223075172978689 
3054161098 
4767513101 
20454941 
1400837108 
1654449182 
2960994568 
1304166198 
353831932 
20720530 
235727524 
277288631 
1323404239 
3099748102 
2952458132 
176224244 
2868194670 
803874290 
2722085429 
2473070484 
1643849389 
4324213336 
994348968 
3252949797 
2309552653 
3183801562 
455445297 
2982938111 
2692943512 
544447414 
3110554493 
862121720 
2848149332 
3034432560 
152778479 
19090871 
4211130257 
101857419 
4789293628 
484066719 
401146706 
2872529171 
3040129123 
4262539993 
3168944182 
729801525355286528 
3378228717 
745695548246720513 
15846407 
139986343 
911142252 
130682467 
1441093243 
1057903333 
142977623 
128472974 
114685387 
129845242 
376072494 
96013710 
111946118 
199110089 
1463880866 
2900426395 
1703499732 
15485441 
15693493 
2223592103 
343547084 
77888423 
213009133 
482658470 
95023423 
1251417968 
559675462 
1446460165 
221452291 
825934369 
43042353 
1078287655 
629097517 
2385749072 
991401038 
551149727 
586189030 
278778939 
139399835 
1665731966 
237634998 
1396161031 
337502808 
390860562 
127245578 
760928006 
345811633 
750773413 
355743494 
3386064567 
2480358777 
3426368735 
1399071 
1553706547 
1436064884 
759191683275841540 
1488058832 
2902033120 
768401279831904257 
539382986 
1264788474 
284441324 
2562756069 
1292449110 
1689951668 
311004822 
2277539705 
3409831509 
793431078186999809 
3319545392 
2599995014 
2435429610 
2395044648 
1027468086 
790876645 
2218939088 
2584658958 
719308390405578752 
2808508957 
258923616 
2192030256 
521685752 
1443730951 
3054761594 
1547513437 
3231956258 
1383966032 
930108906 
18353813 
1271224669 
843848210 
3507283336 
221197757 
2918044567 
460546145 
1017515348 
3349705401 
528723778 
3275135713 
2365843322 
177134089 
1305995330 
227626917 
786796010 
126990459 
1132090693 
312230865 
1006237058 
393802545 
486760134 
3363725487 
1547290333 
2922266132 
227513889 
1105455990 
538613656 
600434080 
2476544382 
748137168 
2970833694 
524730072 
4153417894 
130328346 
1187647735 
918346674 
2718639853 
570553263 
3007722722 
173727516 
525037524 
2227779030 
131962317 
2352696697 
26144491 
234092838 
525312787 
1256551418 
456371141 
16926413 
2620038301 
2632716033 
517680491 
395149823 
476199422 
2502086889 
2655830472 
544056568 
1066142084 
3013690866 
1438162062 
2778537414 
1014760268 
999639157 
2232996836 
370699216 
2498960456 
525821517 
2794441796 
1520006918 
2625176466 
2478045313 
981057535 
2830051135 
2201060436 
2789342022 
457692129 
2177420990 
1681431577 
167989418 
207426991 
2401292358 
2323945699 
380369476 
487736815 
2597498814 
1557315432 
1598644159 
2748001296 
298027175 
2272856978 
2443085716 
1594757053 
4687623691 
894537902 
2656544817 
299800115 
2193607094 
3134219981 
1253397445 
740027058 
2329649780 
910828603 
3105440746 
2445896892 
2183099646 
1172924791 
613913776 
370419168 
1258398914 
2209145031 
3316509245 
1308555452 
1047199152 
2717557345 
3094617768 
2624520023 
2936637238 
1510418280 
3894839309 
4605204442 
2664640382 
770610080 
2845771462 
4759795017 
4091644450 
1061616133 
2729591202 
3024453651 
585937668 
1292362992 
1561145676 
708291864126840832 
2505900266 
2422742947 
327010453 
3590183723 
2201635304 
606856466 
358155712 
1863807403 
2933082598 
1701044448 
988065253 
554540678 
454939382 
386189099 
228515266 
3696762615 
2277800833 
1641150530 
465858891 
1409322992 
488908367 
581033983 
4297806626 
706821212891181056 
2178794346 
2617242450 
3975447321 
709917032016441345 
717922380002123776 
4509233062 
736616562396794880 
3435109216 
287360112 
4873264343 
582026916 
4043893096 
3399224657 
2813693810 
562266134 
781197595448311809 
40864323 
4832778414 
2928749441 
2272215468 
758543612 
1898815243 
1012353787 
2600568907 
3051596469 
4659088213 
985204914 
4064818481 
2845524491 
2785793167 
4079946327 
2324671124 
3782103554 
3399981616 
108710104 
519929459 
3241967302 
2615887795 
131102007 
1310630059 
216607018 
2332880552 
552011578 
389320269 
66903727 
215152933 
329418923 
128599569 
2888160711 
54177550 
3007818881 
240791948 
755152143141703681 
3514240823 
16933337 
3309704524 
249724905 
536649400 
1678970142 
2382765547 
50674513 
476634454 
374170012 
590041928 
1520429624 
769489136977907712 
2800436557 
2970616323 
701234052 
989642563 
1349082427 
855847824 
930506383 
2293388834 
1269873392 
521340458 
436411543 
155068208 
2940131020 
724223456 
740302194646257664 
2934211394 
3077917704 
2971444075 
2880499907 
396086694 
834370320 
2267729769 
297692168 
872591509 
532921641 
2434039380 
3960984988 
720068758501339136 
1383078600 
2501274093 
1428754159 
3301025103 
1018588440 
2939990554 
926114798 
1696506992 
4153985897 
340418936 
705444265875402756 
703587446693433344 
4725331593 
702640558594985989 
3975803721 
702532323858894848 
702091302666633221 
103432674 
393456494 
4887322269 
695992520069804036 
1641860082 
2205082777 
4277089462 
3310873718 
50618718 
79293791 
27195114 
393028587 
429222254 
101911036 
302852084 
345242471 
627491854 
787239919 
241251394 
745002644 
129789846 
236201218 
3310811608 
913812620 
22086481 
40714100 
2747938309 
4703152796 
2764468210 
1489156890 
23699191 
2602708329 
4411295237 
1008151898 
1117957238 
3073572286 
4298499994 
167555974 
746935735 
32128600 
2505267823 
843112550 
3727636273 
379226206 
2961578114 
2705585269 
2468963930 
1422946818 
523512145 
244018192 
2541024598 
3782410462 
1222875848 
543316184 
732069193 
1581241297 
3253962492 
1261249778 
2221394253 
22068704 
1155660415 
421554823 
2767466961 
1387804657 
1154072965 
1327906134 
1034119346 
2987620812 
2578922137 
499238848 
2580527803 
1587678775 
2266209018 
2278267592 
2196891614 
2790183688 
273065836 
1564105033 
3386001400 
3378085751 
139989424 
2917084412 
3347643611 
3131368200 
1102056092 
3335714085 
3305682255 
568631885 
1536810187 
1345881386 
3246495490 
603269472 
127360861 
310730506 
1120654448 
1240491098 
325451111 
3184096869 
1393084334 
21475090 
2313227480 
2540664564 
1458339265 
2745074095 
3041253838 
2238576858 
2982002573 
2235043819 
1621196761 
2974886607 
561684253 
709969940 
1443609176 
2474867366 
487843424 
2949086878 
2354128850 
2808663432 
433429172 
834876829 
399190783 
148208049 
121213242 
588730194 
70009161 
940569967 
2216118331 
20120877 
244321682 
321445166 
136627335 
188230263 
615214819 
404916846 
2238552619 
978908012 
148760908 
362559925 
582893544 
1319755279 
801281178 
323634172 
1244421032 
79601914 
341102954 
102325442 
149760844 
443449421 
1141461181 
1087492124 
2432417994 
2369312762 
790080344 
175605389 
456901717 
488242107 
1963823209 
1146728694 
45786304 
961747664 
535789798 
534362261 
499758610 
296723507 
613297929 
426422223 
386788466 
610825704 
409503871 
233614681 
469517478 
251873156 
598919816 
581494085 
557455977 
2576534977 
1206103616 
416983726 
875607744 
227121370 
256986185 
366999215 
204887235 
2316464970 
68210284 
611959284 
1435994318 
956730660 
1414721006 
1153942531 
601298466 
289096744 
270106571 
186494163 
2871708903 
320297405 
214162237 
89423854 
798234950 
435225922 
253544925 
479709882 
131227609 
583545411 
2769610500 
1947315842 
1457171660 
1830525626 
1429009411 
2330299633 
2321418476 
66339576 
471436748 
788110982 
161452925 
595343731 
612009655 
370536393 
991417442 
1707855049 
1034855474 
785361792 
1030711922 
365953260 
226690054 
501500898 
2776184535 
31309603 
113897988 
165511377 
78194111 
17216468 
158843843 
244727125 
334297027 
24964967 
55728361 
2746163030 
2788278199 
2165651892 
149726145 
2778842292 
2274229556 
176566242 
67145036 
29104777 
15421121 
20193866 
2881611 
17874544 
189579869 
2355273240 
500860074 
28066028 
95456136 
293029657 
168415061 
165118839 
482357921 
989921341 
1523817097 
18692564 
211237991 
42955561 
264421092 
22611023 
59682648 
617798367 
231209225 
18459215 
18221681 
66156199 
95109041 
110340239 
2565473791 
17792620 
1244122345 
506669983 
2651601398 
2705123491 
2482263017 
175334617 
1129651171 
2542794368 
1049970806 
2733383968 
1881579726 
177416099 
1912444422 
2666409858 
900790255 
2179009193 
2657724798 
173863304 
332082065 
2330278558 
1613080878 
2324077224 
2384564484 
1555121743 
2684189923 
497343947 
2705699438 
1094552196 
2705619139 
1490709534 
841366237 
380027840 
2705781361 
2590316965 
2336206468 
715285308 
1278766939 
47197223 
2644521160 
1470725910 
217117211 
2682570034 
1635660054 
318283765 
800598716 
2390949511 
125449749 
2567900678 
946685568 
541862216 
246956467 
2334403377 
1220373618 
2694265853 
1544172541 
72718946 
248026134 
2667007590 
78751725 
2381160922 
2269951646 
848657838 
2433172632 
870272533 
1131050516 
260538307 
760951472 
2733070925 
1607490638 
1523750467 
1955066688 
706920711 
998607234 
2437458986 
2234210807 
2465778288 
281411551 
1289653184 
2566801626 
476022705 
1906211474 
1891538192 
2729446587 
240504023 
760994528 
304785594 
617432616 
610659765 
774414242 
2718046906 
807439640 
1143886332 
482327966 
2280022675 
225897080 
132153913 
474445829 
614049050 
721210566 
595008719 
607586786 
596002884 
2731373992 
414731492 
2477547037 
367560205 
2506428990 
605055415 
573006991 
921812755 
479930811 
714160928 
2369117490 
389452036 
471624481 
1945583383 
566794565 
2706418464 
2519892699 
90816017 
2591008670 
1452431718 
2463903580 
490047299 
2151811336 
420418892 
179581692 
2502732418 
277602649 
2377384551 
2308907846 
2653448746 
2562725239 
1548604758 
2468452073 
629715824 
743194400 
2567884939 
204209429 
190087508 
1641816996 
67771221 
1004941225 
2384519466 
474391736 
509732505 
29030975 
2614516975 
1335845420 
185427873 
1449566270 
475209024 
1643937463 
542001577 
848207090 
1405322845 
768201126 
2444783218 
390526998 
341031340 
1335353814 
1747295496 
2192851291 
502328835 
208727494 
285659997 
213011345 
51609545 
1418625174 
954607068 
2731048571 
263474156 
2376827311 
798792902 
329432910 
2456526741 
500169638 
1340620410 
134918769 
1604415566 
534596391 
2453391352 
2513074297 
180161883 
498173248 
286398707 
1340911441 
2638194465 
1880086172 
299875268 
1554889801 
1393667833 
729042229 
299369043 
87741427 
298896330 
895546794 
570339860 
311830063 
65003552 
728931648 
2280650052 
321819013 
25762904 
420671385 
172901435 
580268078 
1002125600 
176309424 
1122658268 
2416181599 
167215426 
346593065 
144630274 
582061442 
1012172900 
1552145527 
2610917305 
1244708515 
827376210 
72975819 
226537300 
384037120 
533645556 
1330676498 
79007647 
582117266 
261859602 
2553920773 
317882619 
557220320 
840428702 
370282439 
42502580 
727585926 
252253114 
869214212 
2186478371 
1669233986 
307463954 
337549146 
358918710 
930684140 
494628391 
1300803397 
2170514517 
1067520188 
1210097521 
401998257 
2275358839 
2603230675 
43733233 
856322510 
421611112 
1041840782 
1367080310 
2333086193 
2421231230 
2679352166 
2574546936 
503907304 
1273796929 
200270448 
1833405446 
1703072916 
494795649 
2728542135 
73215092 
471426824 
2580466562 
1309305642 
2244312713 
1852962458 
2620405218 
1172129636 
459792037 
2430109976 
1288603999 
2379156925 
1360262144 
2565317598 
2279939137 
1614123354 
487394832 
2701249827 
319854764 
2544541250 
77411448 
1671680665 
1924587828 
578473260 
388924836 
533781507 
2691798102 
1155839874 
1858808521 
1117550930 
2662108749 
2195068202 
830260140 
1714195986 
2545083120 
2189488170 
283397484 
2248088893 
2495183520 
2555626602 
2724913534 
2574199458 
392459215 
2657240417 
2416365556 
626121383 
1571660570 
743771660 
402352399 
1354572625 
1068607418 
803418001 
110301111 
1695030290 
2656294147 
2353534846 
1000755482 
1603781778 
2610794843 
486335686 
2654131495 
571948652 
584902049 
1002890952 
1908224048 
636474978 
1083266665 
540406201 
584913682 
2465365855 
434412505 
119132661 
2463072326 
2692182696 
275512388 
950768959 
2647447559 
258480517 
1511457434 
2726816068 
537715671 
315608255 
2331068755 
1893133051 
2247298325 
572189851 
2353474846 
2178999263 
2505199425 
1258246135 
2457469334 
505345018 
1543255142 
2176419177 
170909708 
2561744598 
421585787 
702171309 
421611891 
1034993612 
1018019132 
302948645 
304150571 
2431692258 
185014192 
2722264031 
2596705388 
1150579292 
1326369644 
391669537 
2363643602 
1511460210 
2353081917 
2729206725 
1858675574 
2245272635 
1780395001 
2464949760 
593334607 
2559599645 
1187135323 
472539162 
524901653 
1302655074 
162239163 
1438683218 
2302378381 
388575338 
415976213 
2727544126 
1877171058 
951041425 
2508522512 
1499800332 
459846627 
1597324620 
2180544490 
316158195 
1628626698 
547208163 
713651652 
309766876 
2380872823 
2258478619 
1370761092 
2493461657 
2372946660 
119444245 
2175079868 
2686339797 
991929198 
2591824544 
1263329414 
1852974373 
2605697706 
2731359593 
941579833 
285840284 
2404752008 
2729965041 
574773244 
622890884 
380094516 
381512018 
1512042900 
2286168271 
347125114 
2369333880 
414510155 
484092032 
472096685 
390107237 
1265838061 
176973379 
297043938 
1235353254 
595240821 
2670457031 
1275412795 
278527122 
1476313134 
1708657855 
2238447728 
280230112 
609367914 
400217429 
219079670 
948877344 
1223476494 
1045982484 
37770414 
1884285319 
77586305 
598699311 
456787267 
512521136 
2306101851 
1446302305 
1649606934 
97121477 
543835827 
2474715960 
224792421 
1710412604 
423963295 
476995709 
336333536 
323517672 
389103705 
738190255 
114919021 
2261670643 
625194500 
2558010942 
427878500 
554568389 
96466050 
179790902 
546384861 
266979622 
23447206 
2322710074 
535567076 
336345305 
234192515 
1400982432 
1335212378 
1110738912 
2721438321 
431135317 
880698138 
463986714 
290005224 
384610068 
264489135 
718870974 
364999126 
297693211 
299065864 
509520148 
859118496 
830072862 
240986036 
602349112 
552978636 
609235837 
882481621 
241773593 
58548127 
1107725324 
837848208 
1639078244 
438691459 
432764892 
551386570 
467866290 
253855253 
1510788498 
1408115473 
1626762542 
2281541143 
265082938 
2342894564 
449023986 
813221035 
1126577864 
277492599 
82492779 
195914027 
414545197 
427091048 
1561499359 
407777059 
169541624 
800809698 
627494417 
472526542 
310785123 
242203108 
74365412 
2187270654 
2551760526 
159918269 
176135781 
308224867 
199467016 
489934750 
50175778 
2390016344 
548877389 
173982437 
377130980 
291532946 
221593937 
1432340125 
420677429 
326814791 
548877982 
746051132 
538631504 
453692658 
2421162127 
1462807116 
1860273511 
322697765 
1115781978 
2159587041 
1428970370 
1976890160 
2189320832 
1442603802 
45980843 
452756456 
2609402168 
1053604159 
315250349 
529552010 
330379530 
474477901 
302154001 
447723716 
83712201 
2680568959 
482472462 
2408257093 
581384157 
2303488564 
1140995088 
369265977 
1054026469 
478011912 
1279046960 
2458785595 
441567736 
214301526 
412722570 
1868375910 
1634633808 
452643537 
224753011 
1099571160 
713713742 
1393619821 
1521181843 
85682026 
364074343 
324679676 
762837847 
35671246 
2590546560 
2202271606 
497477540 
60338987 
419071485 
1437266137 
103492114 
308863645 
234145363 
570878858 
160568062 
484055727 
583817394 
2272050788 
281156492 
2574564010 
169367525 
851628721 
551605073 
377641969 
961443121 
585027260 
1685088656 
1382587976 
512695682 
160620714 
1025567432 
2490983184 
1393161528 
169821056 
1083861402 
528135960 
1210106642 
220609977 
935655710 
551210673 
1475773669 
64921514 
574091921 
163769488 
127976551 
1157535032 
2611085402 
1923139376 
752237384 
575014993 
1278871994 
425398882 
137140225 
2324559955 
536869085 
542664079 
577582487 
217595378 
933314318 
309488476 
349413354 
346385979 
151197457 
370544966 
944442738 
251494854 
127086372 
264535892 
151484942 
881083248 
204971234 
411890162 
1349948130 
493421468 
190453429 
356287006 
175158803 
1147021856 
57835552 
619378238 
267810865 
142839300 
498177610 
417690288 
1432138212 
866690600 
494146546 
2574364611 
198657643 
1365318853 
2253158855 
1904561100 
2316769823 
2551740428 
930849608 
2644381193 
322255627 
121955934 
2217974605 
1849703802 
474919034 
944814986 
2381747179 
1924793964 
2173830407 
109918646 
2457018602 
2217539363 
2238422726 
2689909228 
2455515788 
2247525915 
497559217 
164128926 
2400857312 
330707188 
818583356 
276244710 
913578475 
844315914 
2533311722 
363637311 
2154941205 
539158474 
376992827 
752347704 
2390307121 
2578148067 
2578861142 
1484137070 
979576309 
413608331 
1352092700 
746350238 
498718673 
597602047 
338002048 
191642480 
916046030 
400281343 
577722958 
465105307 
713365476 
1594769916 
595088492 
1569725737 
563200945 
160380332 
997494860 
371461740 
363759277 
2618174037 
2673778997 
2631726876 
2430021239 
2730756605 
2718126165 
1695628362 
818532984 
416566380 
2691322262 
1548891338 
2209602136 
878962278 
2398754766 
735016381 
2705264397 
1316762744 
2572057626 
2322930934 
1671386202 
985936350 
1589914657 
2404086650 
1272878756 
57134217 
263901140 
96475087 
1423660394 
1559159047 
2555764812 
1525203000 
2447364179 
191588637 
486871967 
1257765074 
66054017 
400466566 
826365889 
2192852345 
926076386 
41489239 
546432095 
1524305785 
853797553 
1579545090 
2462798048 
400255829 
2470498801 
2490979965 
2531748307 
2666428769 
1598838973 
510803919 
316584579 
391427445 
1901643690 
2211857186 
180812587 
1036089919 
2483001675 
306176455 
2597096274 
379827324 
2377650737 
2445440856 
1594375040 
2476350722 
335697342 
574827920 
2720174464 
704430391 
1372029594 
2349688334 
2346219642 
140517775 
2715157913 
2540607316 
632046006 
594843302 
2433952918 
354653309 
283397356 
2277705878 
762578390 
15900048 
2680762411 
2683000902 
2697297986 
1243651086 
2696950760 
258915356 
602257951 
617609648 
2259024167 
1963626426 
2255941700 
88186642 
2178027864 
1373050982 
2579238731 
1348500438 
1074792830 
2694668502 
2691821780 
1125424363 
1166690954 
472216989 
580201135 
2618489601 
2317122022 
240878264 
2677789063 
2612129485 
203649917 
2159836854 
613528318 
362762106 
1255511965 
496635044 
327538274 
1285610424 
2656763281 
1462742844 
2476468004 
2333723489 
2583438623 
2202125410 
1330177268 
2588500847 
299932029 
700817926 
406752837 
541460313 
2543740344 
2243656990 
612180465 
395533418 
493564086 
141990645 
383928562 
2535117402 
2419648991 
1926800510 
2235546532 
1806826116 
2350850942 
2647059207 
2483722157 
1164381722 
219732449 
275493222 
2212565245 
2305690475 
2670813283 
1969994581 
625259135 
1669445262 
2569744693 
2572741143 
513729770 
2647369915 
2620145562 
1253344171 
2710692495 
487251052 
2372650645 
1574318886 
432121006 
274720067 
586168158 
408307718 
161887130 
2326130043 
453328663 
627666423 
323031577 
1781021694 
2281332404 
203344550 
2619707965 
2679161742 
2616256080 
230813817 
484406622 
2226729302 
2308966838 
289601645 
1859083237 
373658691 
2643721634 
1048667408 
2550686772 
2349633625 
2613015871 
552263500 
916063346 
489552748 
2345455855 
535014967 
636562782 
1671399416 
2289273637 
2392044344 
1549244539 
2730043257 
896632968 
241620297 
1352017614 
2371157006 
144516603 
559599832 
750594481 
2720845515 
2172608808 
483808335 
1397693288 
2340275277 
93743746 
560288191 
1593258168 
2670049288 
622874755 
576591424 
1290450002 
21134051 
2288734340 
1961331619 
2583475689 
1611019490 
238721312 
337639004 
231141644 
823139528 
157412512 
2264526603 
2462177317 
1380854324 
1674298004 
2505092363 
1342764510 
309965271 
1422892760 
835985898 
1637132102 
1679795942 
2148691997 
1023508159 
254216278 
734980501 
2667035330 
50371530 
1237499041 
570843328 
579379015 
1029356952 
1342161541 
2155001525 
161092563 
399624673 
237519222 
754598484 
458807307 
2509672127 
451784878 
493686775 
2288961923 
946813274 
270132167 
451095175 
239664224 
1417229066 
2458310782 
415037578 
1173193159 
2173160100 
385175721 
48838429 
715146752 
2571974605 
1916034776 
1705661557 
1593687680 
35553601 
798833911 
2442771445 
2478587532 
2357155574 
375894074 
1471107912 
20437612 
2722366563 
700075586 
808124281 
2334254346 
820190419 
2559884790 
411647092 
2352325242 
446587533 
35897196 
35504853 
2187379405 
2281398421 
2439510295 
2261607158 
2439237535 
626288296 
1943029784 
2303807855 
77140068 
1558397372 
621021764 
2444328980 
95308996 
186172498 
262785631 
760367058 
615405025 
94411135 
347351065 
2465996243 
2300055818 
314875435 
1319171370 
720803694 
452395996 
397624059 
485429942 
1602002108 
1835777472 
1853052433 
2356567067 
322530138 
81943785 
1694232698 
420525283 
160230766 
311824841 
372767522 
520970611 
284550545 
2180116678 
91480927 
272481881 
254184373 
488942319 
347620383 
232080379 
1976964859 
868633298 
551471126 
99313274 
472424594 
1062024608 
1426640928 
98308881 
1094037192 
745929690 
324111719 
238690473 
311593971 
383552063 
254424316 
445186280 
1271703391 
1463670715 
636725994 
51917320 
358344280 
1345558195 
127136328 
2632839607 
591536588 
485228549 
795234438 
2276873412 
142133718 
2719316291 
2635595960 
729775562 
2688298210 
618861019 
1473672770 
1488188046 
219351218 
1046190584 
56157071 
1507098205 
2273982984 
883162952 
2597464880 
329997649 
2541139473 
2640693519 
351876030 
2553850736 
166082254 
1328081041 
2290641409 
1247410969 
2484194488 
2276499715 
1660897992 
1542523298 
335162697 
1402651603 
2503118911 
37516860 
2224185165 
1727956183 
2415925971 
2641013319 
2594911108 
2578356790 
2483127048 
622376577 
528951564 
2450858162 
2582780675 
549731652 
409573806 
237106837 
2345710754 
494854167 
2716412194 
559674628 
2718473482 
2384165593 
2692309631 
1630674025 
228871076 
2293786664 
377655518 
452698527 
469181738 
981849331 
1380616946 
36501497 
286008361 
446482989 
2510660516 
1864237255 
412787191 
1978860631 
2500531104 
416035691 
2362180160 
2369124570 
2166953427 
1917359029 
385558102 
2262594868 
2621054249 
940664233 
1096067311 
887914064 
931073197 
167559541 
1400921526 
441366715 
1023147510 
2488466154 
713329720 
159704142 
265079117 
781750363 
492195150 
1350080742 
2386662474 
281288477 
2575836478 
1601965392 
277262545 
389266527 
2555824516 
237014100 
587927159 
2535178712 
2159384973 
907884216 
1334317104 
593292818 
73542545 
635905181 
1323761744 
805881548 
264513259 
367004729 
607845831 
1051825748 
2577799584 
480703918 
1614531739 
329875512 
280864429 
746751846 
2227594698 
2457271968 
2584636811 
626419928 
776713238 
2441935472 
67001482 
2282149287 
480782559 
1541691336 
1015991252 
1544101009 
330533544 
2491204901 
552980945 
2493585093 
1466142385 
533952998 
1682214264 
2651940580 
2696284131 
479240394 
2685714641 
2601938368 
2177221978 
2345768658 
2300676859 
609852137 
2592650035 
458056238 
98728698 
196358670 
209381468 
2723436827 
2605258511 
989359170 
700308896 
2630481477 
50372456 
357137287 
2366503122 
281270062 
2604543531 
2329224391 
267936953 
785254898 
450474295 
702067574 
330395898 
2429160071 
2354169894 
2601846538 
544681737 
2544647808 
2723639477 
463088646 
956497898 
61064715 
176702625 
2322817846 
339430795 
2476268429 
573854098 
567842598 
243649703 
248968153 
308890657 
1696865077 
330621095 
70741474 
797131704 
2633776844 
2292025002 
2196894643 
318179886 
387052830 
2534559250 
433774551 
798894774 
768374256 
2664314572 
965556006 
2598519007 
2660648907 
495605961 
2508115724 
233758920 
46564873 
522526329 
123757534 
1033230666 
1550346566 
607053622 
1895791195 
611057801 
273269554 
40779444 
1107613844 
1475973494 
66714703 
132417231 
17878322 
23143159 
293760751 
372648815 
97986010 
312392915 
902620063 
34210143 
64929124 
161344245 
206052014 
42266445 
255842503 
35578907 
26902613 
27709401 
261031441 
285170759 
902872266 
45062079 
269620123 
37836873 
377221661 
416463917 
325805090 
330131088 
27840161 
85970738 
380523679 
170765812 
15437723 
208775627 
29330030 
190821651 
90506792 
25223622 
170886667 
80706281 
18443731 
39932652 
41682166 
430182021 
23228600 
274079979 
213169329 
192619115 
191295351 
165914010 
313916789 
271085648 
49940409 
37148609 
115255330 
525083028 
177438318 
233266490 
35158590 
336388218 
27652972 
165630255 
24117891 
20355308 
49801380 
63192345 
503633271 
20641934 
31064356 
15976697 
238277202 
299543700 
25880402 
262172582 
499611451 
29411290 
116129899 
25187153 
735219781 
175922528 
486163166 
46740920 
65674326 
23260786 
33148070 
260767274 
269561945 
35274647 
31220981 
23956363 
32775428 
143514419 
231029205 
169145467 
64949907 
279393086 
18396070 
26415715 
20600084 
21125133 
39922782 
228564763 
462438574 
99814274 
259030794 
19077826 
86876958 
35675192 
701732472 
991870200 
235555412 
72663616 
66981416 
118143361 
1080529453 
162869667 
60050843 
435525090 
154510767 
29166305 
171299978 
265696487 
78120912 
66073907 
718728986 
216051071 
14518777 
23880118 
5771302 
186718723 
112921153 
237590404 
37534613 
17323985 
308656065 
35132808 
92443366 
127242826 
151129779 
35586563 
18040878 
35542717 
30115934 
81756964 
22657202 
29578613 
21184930 
43905403 
41077287 
102225147 
82302496 
51597791 
23502877 
142438794 
327690261 
23856081 
72475439 
36158995 
43263440 
23795109 
153470677 
73593143 
147305691 
146597870 
23414403 
35982046 
45162347 
30495613 
414359892 
453709160 
38802447 
142540444 
524657792 
83266089 
69500255 
34906343 
24838521 
119524055 
43576412 
245580711 
200885527 
159113258 
228463042 
185694400 
255894737 
100841788 
26027481 
389845002 
94360081 
27792033 
24350015 
233430873 
37969858 
282837725 
35816588 
43091992 
91133460 
110839423 
40519997 
317370751 
22485650 
325311819 
