269543530 
17950109 
36994285 
738080573365702657 
16051471 
9890492 
41456486 
2233154425 
16190898 
50755969 
275197798 
125481462 
37982492 
19731770 
71876190 
62591681 
18731529 
373604983 
466777455 
84447226 
775511159105462272 
25992199 
1228491559 
29147135 
66830707 
394791979 
731195375365685249 
1587139375 
168725631 
374849006 
2915883200 
31949107 
34792516 
69406730 
336116660 
274649460 
256573865 
288452305 
39357410 
38894699 
168778996 
705646604724756482 
190139734 
189335930 
44970351 
1339835893 
2418461629 
20978103 
73273614 
46116615 
59325073 
29369395 
114035804 
36528126 
16888687 
68204418 
15666380 
14848722 
99673793 
1516479518 
22141653 
55748107 
14934818 
1545125012 
339259699 
746780332008087553 
499039827 
250261931 
50037051 
22460919 
732707317515423744 
143113006 
232376381 
1613931228 
317114365 
492691126 
498195849 
2458776518 
50515656 
168669397 
715970867587641344 
15650816 
30178873 
14506253 
63631280 
35885940 
2747517429 
2985407056 
2687811476 
15984698 
19608297 
121241068 
35577173 
564398955 
30464254 
146290693 
156411211 
19086050 
741340446505373696 
737166013326823424 
2921822876 
557290159 
123818293 
152500417 
14022672 
145852539 
10292772 
46852946 
33230016 
2835962353 
4725937044 
27131277 
32238757 
18523130 
16237179 
22473024 
280733753 
202396203 
22677790 
2830700817 
22832029 
24996939 
94039455 
63302020 
414304780 
197496309 
14316232 
31483387 
49717874 
85399171 
17525171 
68458332 
42658749 
1120755697 
154984224 
6211972 
149590738 
2214805764 
586136477 
499073990 
17563380 
210684204 
18228898 
6273552 
45118247 
42825374 
42982250 
28420827 
25925522 
14574764 
2358970092 
2893511188 
17354303 
29860364 
2367911 
15945351 
405728790 
22749632 
22938645 
1173108078 
58309829 
437030761 
2538115178 
238319766 
25343191 
28221296 
99201205 
34295872 
44039298 
570290656 
1300678026 
33041426 
53297035 
2317351705 
2479845637 
113134752 
6844322 
37788181 
20117923 
34498704 
14230524 
100220864 
21447363 
304089779 
52551600 
50374439 
1058847528 
20196258 
149103331 
25460615 
2932188923 
55050269 
329714101 
4885467372 
1391259187 
339420712 
71626835 
189258194 
2802585240 
2451544052 
80937511 
107795399 
763125048 
89002325 
19554706 
1080721584 
18991321 
637338906 
115485051 
3970325098 
74712538 
103602549 
180821354 
234053160 
80096621 
316865635 
104288093 
2753494578 
17446621 
1176796766 
3911239745 
26585095 
343423532 
516062567 
3047974969 
442237496 
85832891 
19882775 
16588866 
1735987052 
19515424 
102595595 
3223664988 
449237769 
18704659 
500015693 
28406270 
22222761 
27908189 
28562317 
3073404894 
36681590 
254830969 
379408088 
24852465 
3259054287 
33990291 
48100887 
4273006932 
20322986 
388708167 
297074078 
2275357344 
16409683 
107325601 
46658328 
18278629 
262543492 
520878475 
2651565121 
3227277190 
185764908 
1380740166 
33160996 
37453630 
25962000 
63112528 
52672768 
857586631 
438128416 
36251026 
177249094 
35206553 
17469289 
394216985 
6427882 
47285504 
139823781 
251496825 
2691552012 
116362700 
21701757 
42343110 
2896893115 
807095 
2347049341 
2883841 
75641903 
249264158 
85452649 
15846407 
25203361 
36169080 
28644174 
3318800851 
19852958 
16171711 
111124064 
34993020 
32774989 
105570240 
241382835 
31312972 
500042487 
502135911 
308274254 
164098292 
40964696 
2816452829 
23289253 
1551991614 
262165020 
279073311 
1238016421 
11277292 
114896867 
80195741 
2441919042 
21305757 
351259443 
100077645 
184910040 
32144720 
27260086 
3023431981 
443215941 
124335068 
468672037 
27711339 
19538986 
23497233 
29791524 
98037994 
28283679 
36081866 
229219088 
169246217 
26565946 
274119641 
23737582 
28208983 
47786101 
413364940 
88968767 
80700514 
62290422 
2863488598 
23480093 
891794228 
608682237 
79923701 
9695312 
7744592 
17498493 
93121635 
813286 
3094502956 
310118561 
21258337 
22645363 
259379883 
132022097 
18101713 
284274787 
47216804 
2986161066 
3288043782 
475212144 
143192279 
16375036 
34036028 
335534204 
518557386 
215952307 
1391451 
512352048 
163981466 
1086485478 
1440641 
580097412 
27042513 
365202910 
65289126 
53712575 
25589776 
253168159 
271547666 
39364684 
49110693 
17853760 
36405445 
613626869 
53269717 
81129781 
121626258 
19081001 
169686021 
19017237 
2866044781 
43383705 
729493303 
20259885 
492399548 
85603854 
28076276 
20322929 
17505100 
16312576 
336851461 
45609049 
28698394 
152801977 
142157505 
48454459 
1390431296 
281362131 
3373356226 
368807376 
3299233505 
18723984 
1542533869 
3303293865 
2749591890 
5695632 
3078230449 
27750488 
16537989 
586032653 
174593833 
57424917 
349923620 
293105247 
94409092 
55117855 
16573941 
2816526413 
2595951523 
151739057 
1190805170 
25190892 
163755960 
26614364 
415116085 
23504870 
23827692 
2362627416 
485531498 
80094297 
17833110 
2347568040 
529752321 
2894893575 
134206307 
19777398 
26904248 
62432717 
275754574 
27678749 
246515294 
392447726 
70054190 
62684924 
90420314 
19058681 
66618379 
39974135 
221935098 
26604904 
47248291 
204832963 
40280830 
172799260 
6539592 
59949396 
64814367 
749680303 
16463853 
382827631 
17919972 
50835878 
104249727 
21768379 
92372285 
428747953 
14345566 
22872643 
19826509 
46335906 
132729582 
200163448 
74169715 
32876210 
39569526 
23010860 
2383431143 
2151685130 
37753839 
1265354090 
42037274 
20015311 
27702153 
410308609 
56181543 
70510383 
34507480 
2646196464 
15443604 
128393253 
327760265 
74669397 
18456892 
1223062051 
2760722478 
239819612 
2205471258 
82447359 
14939981 
31245195 
384685037 
985395878 
31176345 
724531752 
309050691 
15387839 
34047021 
1016456468 
43283406 
292743269 
390846437 
274184658 
2407426380 
53184837 
26134966 
1921061269 
28702423 
23498740 
1450572667 
78951883 
463397476 
541566047 
1714445821 
1898972335 
476194486 
359630710 
43190270 
304026256 
15227791 
33597201 
1310745374 
52866770 
416963802 
31569621 
17435830 
278550447 
15966494 
241204643 
305780748 
15485441 
621370086 
1527779834 
104856942 
250188130 
45012298 
1510627243 
520012736 
1067269292 
342150329 
175954697 
46241448 
1339931334 
15641532 
174534924 
18493144 
890320422 
930625267 
491715731 
23275004 
210876407 
19673972 
71174380 
31641658 
101162092 
56779890 
238706536 
88749392 
379905594 
48672487 
59522488 
20035593 
38518952 
56783491 
237870401 
292599839 
15492359 
277291384 
15888142 
87969610 
54289729 
246481013 
22063533 
94710817 
23428171 
39097715 
24980246 
14511951 
32981735 
26053643 
29964675 
16660662 
428333 
130894721 
133978888 
42052422 
24426175 
65195961 
24523660 
62934462 
39706174 
30916617 
38536306 
19329393 
56934002 
19659605 
33694840 
14521427 
27457788 
