3406264139 
736107129614917632 
378643551 
20681980 
31127446 
723651159727075330 
781173003333738498 
4927862525 
753667934 
43192340 
44568071 
155913492 
18909095 
79321561 
2859579646 
2771297841 
21947121 
20957191 
634759619 
2957699066 
833831573367697408 
69217068 
390883446 
15300187 
567876387 
520087088 
22452681 
2370961800 
2651754541 
3380808219 
2168459394 
19981892 
7848802 
9601512 
1528735838 
736026823 
796009601128943616 
768808329632067584 
483415153 
528977482 
743321731876544512 
2922136285 
836236149958004736 
2820250640 
607445939 
3020467966 
4880141944 
738762456487591937 
45685175 
281111463 
824332206952714240 
4898963980 
252735998 
4406381 
19461584 
115832580 
794244680024260609 
378259736 
793598490077175810 
766734863802044416 
4024843629 
2303199865 
1605851814 
221563863 
482106551 
823367015830323201 
2463749246 
766321778193002496 
126012801 
74074367 
2878619112 
16318822 
3110430743 
2762961187 
776169108685594624 
20748665 
3439102929 
2833112480 
389524013 
3092481526 
1522208108 
624625870 
2956817532 
17998609 
2795941059 
400349720 
2715086306 
153819759 
15207262 
598838355 
2344300976 
2314563492 
93478980 
514849841 
2600216504 
844221759272501248 
842934857122676736 
16496156 
29227501 
55419844 
85952654 
14085070 
14445542 
706586794624577536 
115536854 
25050111 
109715034 
622184613 
55127920 
2503655994 
43554444 
3831370639 
3320507419 
842361832157372417 
3118374404 
841513622673195008 
30031547 
45155409 
19351111 
3010756892 
3916536619 
958547570 
2493368425 
13077522 
163897322 
722607700765470720 
20454896 
1432468506 
2203821667 
56832293 
743559908939882496 
33591195 
35634979 
780380720845979648 
147817417 
107276091 
805500299100176384 
748120638536192000 
296169574 
131360534 
555536131 
20956414 
2375707658 
1392368760 
125099837 
3167925340 
46178232 
738423155543310337 
493124957 
36975564 
28611519 
3255076957 
190389502 
412549759 
23022722 
3148438590 
127579530 
1454934390 
788757997593976832 
79244088 
809130764063408128 
1332566462 
19984919 
841651824306339841 
2562173562 
781922478721474560 
25443965 
806545349565419520 
753337720030760960 
834448316951883776 
1472489282 
27392406 
210871532 
3848006667 
70134965 
4521935477 
23278248 
4561259595 
3093493701 
12831332 
291199456 
16021608 
15137533 
1253247031 
15150453 
95108733 
36010756 
19050461 
17614726 
4519121 
43020461 
299715714 
369586333 
132634672 
2420992982 
1656633451 
397629256 
891713947 
1183887576 
838887334410092546 
837851859402424320 
30130005 
18032187 
741206209429155840 
744209869725532160 
405196709 
66035782 
19659503 
14986598 
40707676 
3172824831 
828252405087207428 
22590934 
2525890014 
602313443 
837028249976844288 
1357149722 
402382187 
151805556 
840064309635891200 
840112941873553408 
1365993110 
3335068173 
109164644 
15954803 
205328435 
839555171780857864 
4883476894 
344831543 
122861948 
511013447 
347466521 
519930215 
128002362 
804310608271343616 
2898969702 
837594144654651392 
810099476300001280 
3031483985 
782108114942169089 
28053789 
52937896 
16407251 
17928897 
17552500 
816093739789627393 
760228995258540034 
839566270525661184 
79022250 
41692369 
826898401103138816 
6287082 
129844780 
2444103572 
800903967928520704 
863708389 
27083053 
2154475518 
950343548 
1077181999 
563483313 
1468488398 
47462668 
2737018013 
44025543 
14968563 
55315805 
4912425356 
2891210047 
288525666 
105207962 
1733356412 
220881916 
500217926 
19808176 
3588503781 
288936981 
476213099 
377952788 
67030678 
3986833279 
819255878360698880 
284107865 
3654718639 
916057717 
826441657667162113 
44483406 
4254346574 
518560859 
377812229 
477030531 
312158775 
22074911 
479759762 
36174634 
1733071068 
2350312980 
510629470 
23603092 
58072287 
92492153 
39327971 
249950657 
3202368201 
160946337 
18703051 
109302025 
702226702773006336 
190388765 
1613870376 
4884528494 
3158138498 
1091109457 
490859038 
792051753470550016 
2649296311 
284853090 
16346529 
58928690 
995193054 
3020150038 
294204427 
1019836922 
2398620631 
796102975592792065 
38604487 
1244946992 
50643002 
17076353 
2867246173 
2831924318 
92437145 
835634579465617408 
824406127505002496 
1707703652 
2835549384 
66418545 
1244161 
1574470142 
560908677 
728840683 
251430970 
745525645 
827258161841135623 
2269328178 
3433096756 
468599109 
29460627 
48272917 
729089051496587264 
1668275161 
2743268854 
826053468 
277140127 
241314338 
821974585 
3303761749 
17850800 
34494375 
14440509 
26090814 
777614357484146688 
824014045514567681 
16926210 
21373416 
269086890 
47002319 
836425361990664192 
2826824562 
17632670 
252161971 
262914657 
411963951 
2472206146 
261787559 
274063094 
1201876194 
1970169798 
3309207568 
333558922 
19989052 
312085783 
24973048 
26688109 
1652975983 
706959212 
746107609741131780 
2347732039 
1908540128 
716790037 
3329897945 
1202285473 
767441769403338754 
3207679655 
2895209718 
557444210 
251983774 
829874711102357505 
737378468 
110263320 
634665270 
68073429 
1485029462 
39930469 
740597986846203904 
1546465441 
2332943150 
16227629 
974092070 
3278223769 
738724855135244288 
726643581243396098 
47396652 
1171057021 
2425726298 
1447457215 
956163518 
83663618 
8938272 
917400037 
1428034788 
1222908432 
15940163 
2348322908 
4784294478 
871262071 
823323989292490754 
38702504 
18393501 
818057424 
16799692 
4841157732 
26044686 
50099142 
2893518844 
1202210624 
360630647 
425126788 
110189578 
65655453 
228019505 
59845021 
17870903 
43756754 
61226587 
1117475516 
130888778 
478969921 
563771704 
277690430 
2536404297 
1143250987 
50074555 
23610622 
63754619 
97060016 
560822789 
216009781 
1537203589 
1281416142 
574047060 
393691664 
223001577 
823577218748190724 
588773946 
734761047005892609 
95540327 
1045893786 
202350999 
87524414 
2420833885 
3366444155 
104699352 
2192870616 
14723693 
514001115 
253166428 
2602549428 
766476805775785984 
3208473502 
808765048965435392 
3488471 
101268886 
97098184 
4203168133 
16619709 
384377450 
1671272827 
92631522 
2611249484 
954614844 
347423714 
713072944008663040 
23965121 
600365481 
790928380845776896 
415001473 
48948436 
57736710 
21525759 
2994334936 
15379418 
770094536 
4869337887 
1590839622 
803169342 
824054405578100736 
305307973 
25917423 
381587941 
2595756372 
1662891 
358482967 
454952766 
251258196 
19199474 
1445020782 
68460673 
4710363103 
498348675 
278120504 
108359066 
4825438414 
1391657142 
716080776 
18655493 
919298082 
3023811 
16207925 
1598979864 
1262090750 
23648699 
826085596464631808 
271335336 
252218329 
208524001 
34349003 
14073364 
9481992 
3797338456 
3219483416 
34392053 
176553418 
29861832 
153805948 
821679303972835328 
19689263 
16725824 
24968703 
17033908 
45655397 
17780412 
1305398258 
500107109 
342872584 
2845784141 
32329067 
197443720 
66462611 
3590173754 
19259132 
17822855 
2849136906 
15447629 
103688177 
18254895 
860334187 
700895733755432962 
2773200320 
722028293482909697 
2771000146 
23547492 
2511666194 
1898934396 
9006562 
829527099446697985 
2595426067 
265065217 
18258821 
27327953 
448357932 
1612417466 
20289803 
2408059310 
553785103 
2750390982 
297380693 
22790755 
1653713179 
374014172 
199089301 
2896164240 
827477566323830784 
3086975121 
80319220 
1107581262 
288878513 
355269507 
376389030 
3109171361 
241054148 
757006829503127552 
18937320 
30945664 
602339630 
128610963 
10517722 
70393915 
546286077 
345436039 
17825937 
193867670 
4546036287 
52734226 
39523386 
174618314 
64961224 
703247872683319296 
59 
4719358151 
2960731808 
518918764 
17519571 
273178645 
305252502 
400092152 
17396170 
486907980 
11469852 
94296173 
90715773 
52712735 
436212047 
2976859817 
2485531140 
333722398 
386311949 
827677049636651010 
2573345130 
2750877815 
840274092 
14362568 
83237493 
422011364 
18369383 
818170174352130048 
20865802 
2441608651 
1284457891 
149253360 
578552536 
14762108 
787718609313214464 
15853073 
18822617 
595952528 
198893377 
12134692 
1534422626 
48120914 
2660895056 
4150857221 
1716121 
102148991 
525854125 
1946286306 
168725771 
36711022 
15294641 
778674788105461760 
264814357 
56791988 
610431957 
3614409375 
2736511861 
17548207 
120856496 
3248438017 
744893150691397632 
2388859431 
4781856499 
3097968518 
755493428453117953 
236561019 
277488555 
1957865400 
169602624 
23102730 
262807160 
334497858 
179099484 
20334316 
2847023699 
14192329 
15878034 
60356227 
260263120 
3318123872 
703739184 
50219768 
389217450 
2542147483 
763445119169204224 
1137736002 
254372433 
19361499 
20163917 
4217808880 
25564548 
45564470 
817542625 
17655090 
20605217 
780367454149091330 
17847111 
2905314462 
2937233740 
2750105810 
824437325597986816 
119967177 
1002322736 
2182785228 
305270930 
291482827 
52152384 
394154555 
340795517 
1078549772 
822245328543948801 
2550416902 
259547274 
549894809 
276540738 
17087210 
196353073 
23977891 
31852548 
822135812083085313 
3025492942 
15937762 
21165955 
47390134 
48617075 
107644537 
826876282864599041 
824334865608876032 
809999009414844416 
1541840016 
3305216345 
15004870 
1732913671 
780722634 
797563268986503168 
224370614 
1364800008 
14437667 
859707943 
293046977 
287896181 
277118010 
902550697 
858988087 
1017779617 
821388779487432705 
20957780 
979035678 
2846828585 
15418628 
12135762 
122551391 
4751570748 
40601473 
565791501 
557353709 
242506596 
564029278 
824285809650073600 
20633239 
8041772 
142896252 
43734519 
17784403 
15359115 
39842866 
48435808 
274131840 
415822027 
1595708244 
19392262 
4449458892 
17837848 
4332515908 
2232104305 
377604222 
2601058635 
17446235 
243065459 
330641988 
128049882 
96139069 
34639101 
1315630507 
824028553067032576 
164719799 
14532269 
3001660079 
444304631 
434442052 
163207361 
531699236 
109340763 
16342690 
3148929090 
824417651560681473 
1923703819 
3892976969 
155748301 
34292995 
2192069886 
480921226 
567600480 
564910243 
18603575 
34487135 
29215552 
816181091673448448 
824277855832014848 
2568956024 
14304618 
18914511 
52732535 
17810394 
60354798 
96808450 
378578016 
629500041 
14220624 
721508670 
824153054731759617 
260023697 
824040625104449536 
2463795037 
2749904113 
35517539 
495650403 
23888321 
271489456 
988172845 
48321406 
824266877258072065 
798659525129760768 
44517932 
824334334308077570 
3409581244 
761257471952379904 
853521912 
818576232027537408 
37723483 
4827631701 
844856894 
22829079 
819578681005928449 
321546663 
703632930 
2176979617 
33752609 
22396371 
300401796 
36940817 
521410499 
2717065942 
20832825 
22867803 
17049136 
213372153 
42764849 
12193342 
3343592861 
24485003 
1486740432 
15279451 
19598008 
19932640 
84382289 
580286822 
94449838 
3070287852 
20714166 
166549002 
262319404 
15234115 
380103392 
2575848049 
332603696 
263797611 
2329796636 
39812418 
15656121 
383207452 
74845514 
168757829 
2357230213 
1716609205 
258623359 
2790949826 
127901738 
33923443 
18950681 
956770418 
53547251 
1548637986 
44175232 
24254373 
16908369 
83636590 
42056589 
201483121 
277605080 
2842590819 
17563305 
31586980 
206141203 
23430439 
190770107 
2873889578 
19075680 
78492094 
427105520 
865003854 
4755739546 
18185605 
4192664899 
736643575203565568 
60733869 
223981354 
1700538650 
515778072 
2445617514 
12462482 
199303612 
5883682 
2449938097 
20635115 
262876314 
53684085 
1363666820 
953540744 
2191317690 
29482431 
1360202209 
2652975522 
350860087 
15917066 
239250548 
183968749 
514023037 
817032905918705664 
858996715 
2471226470 
20449296 
48753899 
39279821 
760273894590730240 
47418503 
114570838 
2612178961 
2903241095 
1026066739 
719517267327905792 
2240063386 
774651668 
489951564 
26819589 
710585378713939968 
3165512834 
1205152848 
3247904932 
428694591 
21461359 
1006382972 
21583191 
2188215336 
5812422 
37735734 
4901598389 
16802678 
33591682 
3404123014 
143761668 
4332773176 
816367086863667200 
2712671540 
455259561 
725024264814997505 
776190082382434304 
147511185 
2768290266 
816679874375008256 
331333107 
1451667804 
794658906253324288 
150813428 
1951518644 
165625483 
3167607042 
26479289 
44923326 
2804821608 
18731529 
76742978 
17001730 
16366972 
465628187 
558335287 
370063974 
144384375 
385611966 
40457895 
852284377 
356909751 
36889519 
309680827 
14529929 
197643894 
703648327322247168 
8095022 
73061892 
255178058 
4779815412 
751811102175064065 
34848163 
217395723 
4724590496 
127359477 
31465685 
17129344 
15224001 
714196649065598976 
14159148 
74451070 
469924181 
3407649723 
2953494478 
17771941 
2983020025 
2542340730 
2230135597 
19704558 
96300991 
89112281 
2435809772 
1358019355 
1132291921 
221595094 
2591679516 
17368287 
805794879590825984 
2600016282 
818363219806810112 
430187862 
900096356 
486919436 
202287445 
16411323 
35195120 
546150341 
167120631 
1228480416 
818309602953396225 
412764134 
3546111495 
64748085 
303943957 
730370750356533248 
515990309 
712035857084104706 
304095398 
20822875 
46063 
15903303 
818873708873940994 
4721409522 
619655752 
24625691 
216379128 
133994559 
15033883 
142687761 
2291826931 
551293948 
3864518125 
23219696 
104340850 
404451830 
120766452 
365274161 
3119642681 
76179701 
52279944 
565791018 
382023613 
30607721 
202270507 
123862119 
29738476 
19957750 
817067073364856832 
1193947381 
717022895923453952 
376953437 
16699005 
48738710 
296431804 
1361488345 
242756726 
1365527046 
189034880 
3038140891 
1936159688 
15518172 
1481137530 
1598485146 
58280632 
25458378 
591282589 
743187927933476864 
712704865072496640 
711215300474064897 
724598724727595009 
2883167188 
540238847 
1452666666 
214149325 
78296767 
2959328357 
4884463380 
132495297 
2458781599 
168695871 
244219606 
90581189 
31928147 
154682617 
744656063958519808 
3283519069 
23231179 
96795310 
19732603 
731927812513243136 
155735148 
741623701 
736367119776940032 
3035951949 
66237784 
35225641 
462235088 
141269302 
165055415 
168706677 
98273357 
222585371 
3140738401 
253162029 
35020733 
508874844 
25843795 
9622982 
721004746711048192 
23557621 
3689008517 
198430298 
131557770 
706133272569507845 
18308879 
45346659 
16746009 
4210881868 
15147042 
738818138351882241 
2833952793 
110548604 
351153307 
2496528012 
814572725025079297 
33406075 
12568062 
304615215 
755821730900299776 
810633937282301953 
814555446199599104 
1105265532 
738000349194276865 
290524160 
3179764088 
814353888786550784 
253101150 
3023322682 
129315347 
20525929 
333820836 
1001726569 
1310904210 
47959179 
72067562 
2598007776 
1019552053 
482098005 
96657275 
38961405 
168912732 
54485534 
4092721948 
515460423 
1079917939 
1205204419 
3387576837 
86365293 
561372021 
246162277 
710152246684594177 
381619197 
746019918 
1193263489 
1349651762 
263157510 
11783502 
3153252878 
79618080 
19495493 
3416814033 
270473255 
2534578486 
20926151 
119479341 
38441341 
360488971 
107114063 
4884856704 
3081677861 
65629842 
2185406958 
60972923 
706545077 
858580860 
90982474 
29529509 
228942497 
184235740 
15919519 
534611524 
2544301213 
709080776487211009 
752951394882187265 
988 
1049006023 
835499132 
3034214643 
4200716788 
106381684 
39153776 
3106835246 
2786133806 
290114440 
200701971 
945961274 
2210425894 
33927069 
68459075 
83578860 
95290473 
178096153 
15784502 
389781146 
32411002 
943863726 
169966847 
812463954198872064 
2596517640 
2259095773 
310035599 
18627768 
802263328751894529 
240677180 
4799218110 
31434745 
5513142 
461150279 
76552176 
3628466533 
347518217 
797262841464098816 
769280358277709824 
15857116 
25477367 
28434898 
757664948 
612850380 
336691041 
621041074 
3145294619 
56774085 
15919256 
65391293 
3187062115 
17846546 
68448471 
807176238 
182005161 
39571573 
18289035 
14798210 
1413480572 
26465671 
82375422 
2290782146 
155623673 
36451429 
95228628 
58425101 
1137881 
46808480 
19299155 
19828003 
963253747 
202418142 
799299479983845376 
28431019 
153985307 
266128492 
234263786 
2377831679 
754532200222105600 
17288391 
410303995 
4179122903 
103935917 
268432127 
14595574 
52141198 
16529873 
16786960 
533188534 
772902913123291136 
189376144 
95981793 
634791908 
248802911 
4885087582 
525436671 
7703052 
49602113 
2985425198 
459260809 
243236799 
32523631 
221456565 
338486361 
4228931053 
260426271 
12151932 
34045434 
33553702 
237009851 
4578965060 
13140522 
10421232 
129690878 
108827041 
2545084626 
26911389 
2147978706 
17078067 
96779362 
15962004 
4606646593 
2691912811 
131808826 
30121042 
2735015113 
3105583789 
91916674 
701549553615446016 
751495203932901380 
16556104 
2482874185 
925523066 
49175101 
18200363 
21218943 
620571475 
2558737418 
560794137 
252620826 
1961268042 
4516921234 
16219550 
264530860 
1126364347 
137790562 
273068167 
22329947 
27684513 
764556324860342272 
2156087417 
47237372 
108758358 
22154062 
827562842 
3317916249 
109071031 
19451856 
711341231754719232 
137784420 
31054861 
54252057 
712619604221280259 
23511387 
802923055286808577 
760549021475713025 
1645269446 
52726974 
50091995 
256849092 
721808103872847872 
156705421 
3210116416 
1183409390 
187718921 
2180263568 
18990612 
862215042 
216112446 
3026622545 
758254157329526788 
809824093398671360 
1654137296 
809153168705777664 
2852998461 
752551309014859777 
21509124 
2207624107 
919678771 
142759156 
112783441 
119591213 
1732020026 
200912925 
398195463 
2462627942 
347234810 
1229223878 
275192498 
15991717 
22687623 
494287901 
94741751 
56510427 
3247350156 
1302781 
58886669 
31527572 
15347711 
280793837 
444900155 
165978806 
3506752884 
22271644 
41852856 
52767053 
780227900431736832 
761593039496187904 
327238449 
800760858204770304 
368572783 
713430247379697664 
732559114639966208 
2857351568 
17216302 
2377401867 
738105768067600384 
773741617543049220 
2488671528 
998689314 
2589769764 
2771101308 
718807968 
564000560 
3565100357 
20343805 
724610798824349696 
19576571 
196415460 
78906085 
31799227 
4624223114 
2485240520 
69304112 
2534265415 
624680959 
1674741265 
758488433174061057 
376384888 
3173246967 
49567592 
25769386 
3193725572 
620236874 
801957369156608000 
35785401 
297882633 
79827261 
89545649 
772535353722953728 
580468281 
264200572 
2167029978 
4749903014 
743856512 
27985543 
292541493 
4577327052 
483389407 
14503291 
3373720900 
2866204204 
851718661 
15199325 
2157691 
1199551 
2546846304 
2285952204 
2186996989 
744892718933999616 
262361260 
389492817 
15416497 
4115393474 
51199835 
14622119 
2276003324 
3546182472 
855872113 
765701555651809284 
776484980268605440 
267684127 
17155587 
2233470968 
760498324952743936 
3875058257 
2385306878 
45854109 
151617922 
23385473 
802564862912188417 
266133081 
3065314062 
17716566 
19353153 
788070667153502209 
17640507 
738027664808759296 
46677074 
1660868689 
1311781 
5145791 
809305110 
3065301193 
60502812 
2727861206 
9902092 
134072288 
3454498212 
613364589 
35239622 
386428891 
62719868 
300394648 
599110041 
23521469 
227107517 
227093032 
260863753 
2309779899 
317341166 
743110328397991936 
2876942158 
775540421283852290 
295927150 
489628922 
326223209 
3314388960 
722601490989199362 
624860869 
27995763 
717165534647726080 
15741370 
14251565 
353681613 
370606971 
75847639 
794408267581509632 
930947017 
76673162 
1510294363 
734764741118300160 
862012256 
4056586234 
565684184 
18548136 
44192924 
26642006 
18310397 
774634993758904321 
260169484 
872862690 
4499964796 
549789337 
24700839 
3229003265 
16922298 
461513660 
4721651336 
36760758 
19754811 
14468916 
1722431040 
2304887930 
756145115463168000 
721365017702957056 
721387751757725696 
1927172562 
108688485 
31131418 
141257151 
2422075009 
574512661 
5800582 
58035830 
59224778 
22737278 
4073652732 
15276654 
2868109363 
766835570 
33232200 
2354145854 
430055428 
377647170 
708290058852429824 
476013007 
22267908 
366000916 
2680763216 
107236424 
3348446392 
214556584 
761842050 
1354890464 
3872034263 
802664390873010176 
631141559 
2388629750 
1117673498 
4801398763 
804074963590402055 
3056802046 
34508879 
2201979638 
29383166 
368649691 
2974839261 
20020145 
25380951 
14411805 
95620625 
12771872 
274030623 
4808402532 
3095200633 
4217021352 
1033268906 
37865281 
1444086152 
39825433 
2881087294 
185345185 
2884034803 
43620684 
4862187552 
2308717892 
3421610433 
114034253 
1259976961 
541347900 
74324560 
1075555940 
341639834 
802947882739494912 
1472965873 
179378201 
1472447022 
522848757 
802541576119582720 
197856058 
3302915626 
736153775610597384 
425778601 
3185420125 
16748038 
193798605 
798958020294221824 
4851530388 
903230647 
22946669 
917345162 
10235102 
22068107 
2857715428 
1311011443 
14951093 
347219414 
2320577434 
32775800 
705526614684119040 
439304692 
364481118 
3027709306 
46152093 
424590343 
2935065634 
793660514689748993 
460692717 
14720319 
88349380 
3817330693 
29580609 
52391796 
2462456275 
913962570 
340232698 
1630979022 
334298008 
16410261 
2993673090 
41390382 
4168801 
731973079581122560 
4786971816 
404349865 
801104292178513920 
747751022454575104 
6680762 
3272338908 
381077077 
312136756 
53203271 
3538473136 
3515085202 
715326996843089920 
2543935141 
1203814418 
782307644677775368 
780485490210463744 
217221506 
156473538 
12808862 
34346005 
2499732684 
286277431 
786302337430134784 
45198675 
479850577 
112871892 
718517238806884353 
487745614 
50087457 
19737700 
70304141 
7009202 
701283481 
404674183 
54395277 
3254099780 
1069185114 
32468301 
278600941 
16419153 
4560413904 
792512798475579392 
2347354946 
3142772090 
783106111725592576 
737834006729760768 
935858046 
16074627 
18486881 
17839720 
20809475 
27227025 
278761197 
139530754 
128594349 
479800113 
114810581 
1725569162 
262035822 
8161232 
221399742 
275166608 
4877105069 
33973355 
3319657702 
3119001344 
38217439 
16266252 
2814842276 
342880502 
51220493 
17073323 
590041739 
4921781238 
2817082508 
88963078 
725090234573176833 
18884293 
398880512 
807843612 
50670228 
17227432 
601405568 
45132254 
2588754918 
2261261 
2330379842 
34843478 
2977454698 
2376444547 
344183143 
721806775565946880 
229385617 
36109143 
137207528 
774433951737901056 
24755505 
162031341 
1264596422 
762863599 
4139443158 
23776215 
716701908921024512 
35508249 
2836625812 
1349566238 
718138563804733440 
965487716 
3008834569 
72304395 
769596087598452736 
387811524 
102420497 
73003960 
4220244734 
3099081217 
58154652 
257869723 
246277522 
25644429 
54938044 
851341100 
3024282240 
743216635033456640 
3246173246 
3432379762 
780822557062680577 
17007351 
789660087119781888 
391845462 
2820082340 
85742999 
2834246161 
903031849 
956955703 
1879978364 
637339918 
1221471 
339132508 
36360033 
1028376642 
2999294063 
2436455767 
16901643 
28480348 
2242915040 
1339550364 
38861755 
159154309 
325252519 
15755649 
815415661 
522572930 
1724205870 
461722672 
3335693170 
14792169 
24550521 
20417577 
17410607 
12160482 
2495246707 
225949864 
41480222 
187457899 
2614080198 
20664375 
240135871 
44648896 
22288209 
957585588 
59143682 
58666964 
30090529 
14295896 
559108956 
3118947497 
166042524 
1434123408 
24025513 
27557391 
14661912 
2468184390 
103692503 
52197896 
36764623 
19041312 
62839776 
2515675021 
27990211 
126979461 
581437812 
48524435 
1169397440 
23745611 
2252850199 
1902330746 
323010850 
146879880 
23084643 
108342144 
2615615486 
4106278036 
23094787 
512470789 
21314514 
43945628 
184298064 
39900120 
34724341 
12726792 
413856248 
1001906756 
14079852 
104904750 
192955168 
1022066664 
74714713 
19350511 
95697765 
115446683 
360714671 
14525172 
386056280 
14391096 
59234141 
189943870 
2151620534 
23775923 
901651 
1470470532 
4467828193 
25375836 
16002235 
17301682 
31327722 
2203346064 
153663902 
836644759 
28578875 
462580951 
27711856 
423924980 
390222153 
1230979592 
22191543 
9252072 
345615190 
20593217 
11234562 
3119449389 
1601957437 
15170346 
93689279 
344955064 
135304832 
15704971 
16105705 
95315665 
210878965 
20604228 
16428731 
258847118 
138551220 
104342107 
25754721 
41903059 
16121125 
131250729 
166154026 
104326687 
781725127 
2665601 
474449405 
190906140 
1458620394 
347909506 
4915170635 
2452149355 
19702726 
136054680 
908209694 
429925893 
37831300 
1074798661 
263830118 
129007138 
587931264 
123157078 
119466953 
364453749 
82112626 
41673775 
10423712 
21599186 
301191440 
238653225 
3229296690 
330473319 
127739478 
1394892254 
3403330785 
2332354080 
305358680 
239691788 
15493365 
499047890 
17901366 
20525702 
68759486 
245983319 
17369951 
127616309 
59303878 
505395257 
426962930 
19627475 
16929566 
377191944 
361270800 
128935830 
172227060 
24587951 
7918822 
370238655 
37675183 
851600329 
146964785 
258416519 
2458931390 
761287993722306560 
167048236 
16129920 
506429053 
565048727 
59910734 
15484063 
17385903 
2431984819 
824157 
14629299 
48723638 
51288508 
2554656170 
16687786 
25522083 
54594148 
19255147 
46616912 
227919023 
17090751 
15073513 
88049720 
6449282 
485777425 
75051887 
3316157009 
2232080822 
4223088532 
44418085 
53454719 
454985814 
203994346 
1386235508 
4594987699 
705432965841559552 
44597453 
184592351 
3092172995 
2832451299 
103599263 
22786004 
381719739 
973156952 
405119684 
2740441283 
57362245 
4137673882 
779399403966599168 
16513277 
1703538271 
459642527 
584168123 
132998183 
2230193646 
13801522 
10813332 
3070787047 
4037484019 
21578875 
183332996 
369148837 
3410351607 
3377867170 
70470158 
204614486 
119818328 
2990582293 
4678292772 
18518276 
3835827933 
83396915 
17970975 
132829774 
735139327601037316 
791265333868793856 
3742498642 
58786135 
560115120 
791621568182964225 
17167290 
758676777845846016 
14850036 
721428816971894785 
2208013446 
15176566 
2413057027 
742310572046311425 
517876210 
950637926 
198236459 
3169004148 
771567731124559872 
1453034130 
33971407 
2997628958 
788595441063628805 
123310108 
2470130286 
141749260 
34968878 
3031364387 
41263827 
577403888 
243629903 
15972374 
262653256 
86805511 
707240003877916672 
42407883 
47724293 
15475391 
4020555497 
29257799 
89533519 
41373255 
31464977 
455106609 
103504126 
214483369 
3364726881 
2639853499 
115971498 
799068410 
304561182 
228437800 
18679701 
566738418 
121209904 
86883877 
93008749 
501231587 
763718509805305856 
3290364335 
528949429 
15357521 
104290041 
341667627 
776470525933522944 
381795469 
1280159792 
17344825 
3236302198 
3361978907 
1673242027 
120128588 
16631821 
17412375 
162158138 
4870051037 
783564752 
214544127 
17769853 
3286517174 
966935694 
43186239 
857243910 
775094100181692416 
37376499 
243940449 
132915894 
1629244514 
30243170 
382506815 
240058554 
18293999 
61798186 
16621483 
764339051172200448 
88569014 
559822264 
18082219 
102417054 
3365751305 
765192886593781762 
1573249092 
199799544 
17279254 
4399947496 
711002981743722497 
234901632 
775887139041140736 
771352364989100032 
129668235 
714914556359737344 
751163231889010688 
774287802808795136 
794800117 
1367120060 
169596158 
33669105 
36531976 
175511941 
1061034272 
3173387457 
1470319741 
3024072907 
703302722632593409 
26250653 
771345322308087813 
67232748 
543184554 
147729196 
2617272552 
363382263 
394759287 
50037175 
30358505 
470368043 
241097847 
93694952 
321698644 
46750469 
27999156 
3454003572 
2668359810 
19004939 
3397939595 
159105321 
460671852 
1486313118 
850063615 
19341003 
599775590 
48121347 
2433275246 
2334725502 
16880858 
1904209188 
3683576065 
632359528 
1279597046 
58812606 
57391774 
3013805593 
15291042 
16352127 
264058222 
110854564 
330961032 
547062997 
43333187 
755536797308973057 
68101030 
711756072248172545 
213339899 
2826893978 
519965673 
210152336 
587457898 
1516693603 
31190392 
21507394 
523417755 
2671474818 
19089077 
132619957 
16538210 
97261380 
2919772936 
708745630806462464 
19382016 
14938176 
885437054 
18085530 
21659631 
1929009768 
18933832 
5449422 
100789370 
22826527 
2469421432 
14282169 
20105978 
15650636 
1364473825 
17322854 
2544008516 
235727479 
757024179807858689 
39486632 
227400774 
770250986640125952 
757604157369020416 
22781143 
3246313415 
764517854599184385 
2798888582 
18831946 
574023889 
216187106 
25914426 
4902396383 
32774989 
6108862 
39444474 
63324459 
4699515990 
167446448 
113185811 
26302567 
14535802 
727968082908483584 
1227932144 
4149349902 
19270440 
20658388 
798070706 
2409488466 
765796871541522432 
3122499074 
52404597 
26819424 
20495498 
63735119 
794652397 
385072666 
606412878 
262439605 
3064457452 
715021427745775616 
136441843 
259396065 
2750519581 
1550468065 
1325326728 
1160493390 
844335031 
1074044316 
16968876 
130578560 
77028458 
29733577 
1058680478 
28424129 
2915760382 
460603323 
351866175 
46289472 
524855895 
161811364 
213932836 
24568674 
2378922266 
705396370828611584 
180832036 
47961633 
3284808572 
559799828 
149283816 
935840869 
613088225 
20341657 
18105473 
114870386 
257573181 
15215771 
24913022 
3331224411 
712707313757360128 
764306024400510976 
4001116247 
3419920697 
732983894040051713 
760148783648899072 
4838523926 
4889522498 
707635473347452928 
766306979040100352 
264251008 
588535920 
36452048 
303563782 
49751753 
122112815 
342361940 
294264494 
807837152 
768546167722344448 
768200510566522880 
1454074664 
3219739462 
274325818 
2553151 
375227729 
520344647 
132689217 
518497840 
2173400017 
2206196723 
1551837289 
34981840 
3047537818 
2958797563 
239672582 
16392208 
1545125012 
148297916 
734835867722735617 
4765413048 
14631976 
20182040 
2292070550 
3401497234 
23654009 
701661333285113856 
2975010277 
705749962 
4838873513 
24627132 
31532020 
14715105 
80366271 
41161625 
470767768 
56682581 
4330697313 
4864871778 
1672071319 
2762016449 
1601808176 
1936658689 
293768205 
33531824 
61729247 
144972081 
33064939 
19030154 
968763992 
119985565 
3184410018 
14353841 
4385414473 
634700211 
62212733 
253589947 
33274835 
3431679554 
3418617313 
4913560153 
731175003908145152 
284155407 
1115181031 
277338536 
40942546 
33025391 
519025164 
2924540606 
43244442 
1461342943 
760557635972239360 
4725618929 
28475697 
403517702 
27046692 
738715904721051648 
171968009 
72990822 
735999601925197824 
1444015610 
219590088 
16662356 
86230384 
28567736 
334978791 
433096729 
758322614842429440 
209087875 
24314976 
2775408170 
742739694908256256 
2155460838 
118601606 
1172319920 
321560822 
480120122 
3064982532 
153966123 
20617476 
86141719 
32420038 
490532717 
380340388 
23946417 
861808549 
2731703689 
618386703 
4429402335 
104910709 
906152580 
141448240 
146541046 
2836630462 
362053896 
38627859 
46480087 
234550955 
1242640760 
347472224 
2654275535 
3463088313 
895236620 
33010305 
392480196 
3253005610 
113401139 
304538871 
3072272148 
4924738211 
2500409354 
33510860 
3637934367 
317177186 
268422006 
753692879499976705 
30229853 
1504468922 
1559387898 
1377698210 
126452322 
3111035122 
382261497 
18712969 
381633083 
254231105 
17243913 
359969168 
84654129 
192028113 
1698601988 
4880396027 
106779916 
2277890340 
3195547497 
74508260 
3257012125 
21897281 
720999142986792961 
743172400804696064 
7081402 
1606653402 
25843970 
148742736 
209262258 
3354094101 
20155208 
539124160 
33010723 
2267841391 
45268766 
51761595 
18069710 
2564198618 
63185570 
22997361 
3413311693 
189770284 
67070174 
701107605993869312 
3044724849 
3146413624 
138471877 
2976600178 
636363261 
51222401 
16963863 
136098434 
1145902153 
2828457787 
3394395353 
787373558 
3366161116 
3230619157 
1576276220 
746397305666838528 
735790491590098944 
311942766 
3774100399 
572243795 
14412888 
4195931548 
172343809 
64749746 
732077414969425920 
147679369 
170163241 
17127433 
3958051175 
1006395138 
2303800266 
748854597310177280 
748892600531230720 
540502380 
520120874 
748146802138955776 
95820267 
748894477562081280 
18306002 
116486344 
404132211 
725370581458231297 
16419715 
37108214 
109146608 
4509339913 
270994500 
90236179 
1514479104 
2932822620 
3287113356 
703559772675510272 
2726582343 
362092916 
344937169 
413055684 
48398163 
2856927247 
20074963 
425941102 
394180016 
737822357885067265 
137906354 
4905481676 
733327185231130624 
52752294 
735855041454690304 
329855057 
21374730 
2473869824 
30182005 
3288463654 
308795938 
3155408519 
547706953 
4500218114 
12961982 
746758357172641796 
521795009 
742769911 
2283559014 
16694797 
20055358 
746390591836131328 
2677293847 
64430936 
3049482366 
21522109 
66185823 
3351784619 
142065049 
2730991075 
4070464222 
355036400 
30121948 
2884316777 
3219295149 
81243851 
737668931524169732 
3135349648 
18691911 
240802366 
718522364724670464 
99043972 
720679148604133379 
2539508468 
4789065184 
2326133948 
430878904 
71679872 
3163312514 
1883356866 
1703585702 
102271974 
3258876413 
1408450459 
366199636 
554736014 
16645918 
1451355872 
65828608 
281878733 
1040420432 
4159256059 
2297206136 
3896417654 
4037461816 
2434729068 
405732597 
1885115232 
14645160 
15210670 
3025701626 
19665244 
16894592 
22136072 
28133945 
216745845 
21224647 
48785160 
143882311 
739439863821422592 
259331854 
36607254 
17623512 
807692016 
30255833 
335475573 
1570654669 
381347159 
2798873679 
2147592638 
734861371809107968 
708837332997296129 
266187763 
40688828 
469291246 
722521270642941952 
2977541484 
1107363032 
3001718353 
17582746 
308082578 
2211303363 
278256578 
247154505 
2864367904 
87403396 
67032900 
132601246 
3285808896 
4173716952 
2756857185 
4428749055 
113678423 
3773655317 
1605381943 
13922592 
3127084935 
3321651764 
156384217 
3286059752 
28373292 
4850155135 
4865442614 
163546163 
739634588557803520 
374088455 
702603276341133313 
1550842393 
53987594 
2411396635 
518254771 
4673451127 
902919576 
702211720547164160 
267387576 
88135655 
34726980 
247334603 
22553748 
4842482921 
19622212 
16665793 
361375557 
232323460 
102136313 
301181999 
2266348254 
255566443 
732578276422627328 
2474361408 
322866225 
1732472689 
141332043 
12091382 
175052192 
2173718078 
122259873 
125751534 
1442324226 
976460407 
2217897050 
356985358 
103960576 
109099014 
2435518230 
19050314 
58254557 
3394022773 
266616240 
1543881498 
1899326143 
16031679 
2831854188 
3384660861 
975163916 
955063370 
727370782507163648 
435788543 
121792016 
472920267 
2984972155 
524484598 
3008437440 
733067312 
3219359770 
3343098167 
29722241 
39814266 
237474627 
93328098 
16713948 
1009749229 
2250845527 
20886803 
4787571753 
49459666 
770514354 
715611304887656448 
469574506 
714609298375049216 
501917170 
16595695 
392753837 
307982591 
1878473497 
360643785 
2900480087 
498156048 
1075417448 
134372101 
65535700 
48040049 
23556061 
117877455 
3177905009 
53775093 
21125002 
21553839 
2360385236 
28976901 
15906702 
22997510 
727954707021496321 
20650353 
153590959 
18351019 
15120245 
3420743013 
19349094 
718819371808755712 
86197429 
23881539 
241747976 
144892700 
31576460 
159274948 
1136089164 
2273596585 
434971881 
262956113 
139943564 
3008812142 
18738555 
1362404821 
468267471 
2872657674 
533877249 
483346914 
558122334 
102451826 
27734496 
103019546 
1659126978 
714775615 
75263172 
1004876916 
722257575115264000 
76862633 
4739157457 
75649786 
66816673 
1138102220 
108735503 
705522046986493952 
1504953528 
865600770 
19302331 
942750920 
103095293 
22986573 
30342913 
24785992 
69407982 
3923049935 
2350395900 
44188896 
15852436 
536743611 
15863393 
62628917 
2809648781 
1536938744 
866995141 
48476539 
38543346 
31801993 
474702052 
92681638 
188264326 
3305437752 
3280701798 
467866117 
175506869 
109066590 
3289414339 
15009111 
1726613119 
11314202 
3680435535 
2800399046 
327566237 
714629671321600002 
2885358845 
703260518820159488 
4874886263 
21201519 
55731848 
531684933 
19916163 
391733864 
2934129743 
716000101269942272 
398145621 
4518947594 
20156224 
2227064275 
443984831 
494543468 
2994947395 
251425064 
391612438 
273050757 
16435797 
9282772 
3319089207 
2607829404 
2518628856 
2611786073 
2281088791 
445163026 
3191438504 
425525016 
2212564171 
18501682 
850507753 
58601435 
702269966532280320 
381189530 
751796556 
1101426252 
716748695300128772 
19113622 
2701809174 
2993749106 
1973439282 
8810122 
717817510716903424 
1360060700 
152276996 
3120277673 
762817969 
535935270 
14315283 
20791178 
3160410565 
252375379 
44212534 
399178611 
2172168247 
349394162 
314127683 
716468737 
23724451 
21023807 
2844264850 
260929607 
1851825396 
3024343201 
2927757120 
240427862 
349853958 
626793999 
609462162 
3151953086 
1691968952 
54993188 
2577852536 
414291241 
719234291927031808 
121970170 
257140251 
2782852693 
2305050992 
716991722543267840 
261350011 
57951687 
462562883 
2773783295 
3051943070 
4917585692 
14325406 
117224069 
300521577 
2835348956 
266731430 
1532591052 
2376003146 
306262645 
4921336084 
2154381190 
63822521 
2927345130 
558382632 
3315897033 
3601566802 
4692029546 
607553768 
1886575050 
304392714 
1176052106 
292628969 
3061756273 
2966941428 
262680071 
1033366699 
1387530410 
705487043955130368 
1373255234 
3881000536 
6460032 
18050102 
3149257869 
89788214 
1828562480 
14956675 
710967039297331200 
715965143155412992 
4754637612 
700416805949452288 
18632679 
2966783441 
15093646 
18279326 
815312052 
3710642235 
466829366 
17059095 
298308173 
849410360 
3979280534 
32464338 
765883014 
175076055 
807273494 
469464342 
711207003314659328 
16180205 
479938672 
711561454768431104 
18029328 
242561709 
705424733123121153 
191629994 
37933858 
167088540 
17355423 
2835276254 
2427889387 
33960482 
631481692 
4869350249 
4921848072 
47472885 
710841102425841664 
810473646 
19077811 
86414094 
18174520 
4450541 
23409407 
28219627 
33609160 
1009631790 
67604356 
2480505330 
1576312123 
1832318592 
226426787 
4019705747 
714878189722603520 
107438654 
23387006 
710862927192981504 
2195026596 
2174758964 
16892009 
19624836 
706571954656931840 
9410172 
37713847 
18607638 
96173296 
2738683054 
668563 
3331668869 
2754973009 
781738789 
2368002708 
25076305 
49715798 
36461395 
18512339 
2177134880 
631245610 
81478236 
713053688328282112 
476992699 
65551087 
30575374 
4333301547 
2206203852 
4709625230 
2251060794 
17019836 
1138124190 
1630449709 
530825909 
390985197 
293458453 
14116915 
3060259919 
2252586265 
242873057 
132622283 
459551103 
138445741 
1565943673 
222014856 
36439939 
2923007800 
37969414 
17423992 
34014022 
97594965 
247420145 
26548315 
2258525942 
707748492895240192 
1507008385 
607557318 
3047671993 
36131632 
710566886430416897 
517958404 
601352223 
31734795 
34991117 
120669510 
4830156778 
22515800 
2612185416 
161721745 
2615946271 
405626507 
2786529439 
701455507953999876 
3395999236 
541114192 
380649167 
108917427 
2577643284 
398216598 
3621222203 
1931309581 
455480551 
2382875857 
707718749026177024 
15357193 
2247984685 
2868142461 
386031966 
19539729 
435997757 
538691394 
1061494946 
1418589001 
337502206 
2280315672 
19155739 
1400007925 
4751555761 
4893782303 
48237766 
457862839 
3167639714 
18075185 
19304692 
284126460 
44495316 
18813840 
1732362296 
2153403650 
1126873429 
4925796033 
137389352 
47437077 
630858862 
80847144 
11404352 
4897913937 
3611604142 
225125240 
204075017 
67038852 
402785075 
431091663 
312731177 
174145542 
24578794 
705132143744188416 
2425843530 
2316992036 
47382142 
870537878 
4130649436 
456841645 
18019555 
1445167045 
349754006 
484415967 
284071322 
2756951092 
2201277025 
3214494015 
405136763 
37040329 
159549621 
16867101 
169927909 
3047922068 
1108676095 
41723152 
17898053 
2398145455 
545440456 
3169286557 
34989477 
11740902 
1126932216 
2885212144 
3134091596 
268055852 
1169258526 
313419150 
2353426345 
1702627837 
29564281 
2916844244 
1115643691 
385671660 
16936434 
329989982 
50085168 
19796978 
702340464544907264 
3447480917 
22631410 
4749400740 
4795459636 
210537196 
386584162 
381650735 
3281186311 
3185364144 
3313884049 
1692737862 
2825497513 
448555024 
17811996 
2434851602 
4807751892 
701488181829623808 
377734000 
1901325403 
107176266 
19123791 
1215791515 
18164272 
37590736 
4808226225 
1360032649 
320473366 
3266928769 
217105388 
2462028236 
2813946535 
3292079499 
970632757 
205411379 
297996978 
102456961 
3051657986 
2478729888 
259444779 
3305276498 
8935172 
83951211 
3517302921 
264429757 
3050335960 
962005363 
3302474898 
3445071 
3108988356 
195915649 
54377889 
1367452274 
15987564 
44112211 
2300917669 
1370938537 
3745530921 
2473006892 
30753963 
2922553544 
174801091 
3118688900 
172777508 
278233009 
2844588813 
355888942 
2332086320 
156741150 
16830608 
122784591 
21337173 
27762520 
149769734 
8083262 
22038660 
17021844 
41662265 
358880317 
2329302656 
27130274 
1484021772 
4898326070 
1466097926 
3955811248 
1499810970 
125991573 
16005749 
82902205 
4323507492 
844950456 
479742102 
206255858 
3098205584 
29653748 
450830239 
76218877 
938094224 
1116667242 
42095020 
16029910 
3196543440 
2565265224 
4082890941 
386507775 
91432042 
444284249 
2747629861 
4875263718 
2505359724 
2519442798 
540426955 
126166612 
29054836 
29136499 
241629241 
147678012 
997857750 
128352535 
2450910696 
16446547 
2211730470 
3012612935 
172507425 
4750359552 
166188277 
15446092 
64141011 
133081159 
1907840569 
3300952347 
17541185 
193305148 
22218733 
50756462 
30989849 
18221144 
483488562 
443372496 
1246750776 
187365453 
98938308 
2654162730 
130246936 
4813268559 
4861600271 
91176799 
4843460593 
196235490 
4805095550 
289366108 
27937405 
2515329230 
69719381 
1098415652 
142925430 
2861223577 
4872332409 
3823601182 
47768150 
2990602303 
4872719098 
703237471 
15416816 
3630000377 
4856610876 
103482626 
4800278833 
4764655404 
2688573054 
4033311856 
352461660 
4861024928 
3026561675 
68073698 
4770192314 
123596848 
386062616 
40116885 
6845532 
80669530 
80123150 
4870436903 
138090747 
51241069 
18041057 
4306997654 
237579250 
1516526150 
2317976996 
608718058 
96783382 
4789533014 
198486872 
132585588 
19185921 
2748262294 
99430714 
767913649 
23044822 
540201545 
115459470 
16796717 
95983520 
290790547 
3018908613 
2486452056 
3353213375 
703314230 
3119426110 
18615231 
415531692 
4824267688 
3288668898 
2341844176 
2880067980 
467876704 
67324224 
123767543 
4235026421 
3751514656 
377419742 
3103213542 
47939924 
71051575 
267120641 
88427365 
2991237907 
2833106288 
4714626871 
101526896 
612415722 
2547065347 
854067690 
3222900762 
79371127 
107534936 
71557674 
1286202108 
450430690 
166175377 
4558136840 
26791595 
19617499 
92383771 
2994657838 
189280785 
4781842645 
3895401432 
2777345376 
81196820 
21774229 
253373829 
4844435728 
81144422 
4813702813 
732402528 
90992943 
14144487 
18696568 
369580333 
30130169 
16949998 
2240612102 
1912234273 
74152013 
26000876 
15119173 
414936779 
260974901 
3431122335 
2364627817 
775726578 
434689446 
52847751 
16010317 
72631949 
47954642 
326303199 
300552750 
344739615 
16354014 
12763982 
2826627203 
2329065619 
938925110 
538400308 
281543876 
16201783 
293750778 
14765858 
44242725 
391045134 
4070498114 
30290980 
282707873 
399210778 
113639037 
3364286894 
2208008226 
4275351852 
2967782737 
2745226392 
767 
1450254848 
2485698235 
17106254 
26842514 
155288522 
3355931775 
297776406 
90570778 
2165243010 
119813186 
16700851 
11148502 
3031901333 
607549029 
2357564504 
32181379 
236570799 
3416496863 
30696989 
94586285 
4205020218 
2307658928 
399139328 
432768808 
4202968179 
247651411 
492815783 
4735947312 
188934932 
39762487 
2740242358 
443228461 
229967065 
2194502490 
16028284 
1548058548 
86571890 
4336740857 
3124126546 
1108807484 
2962994194 
718916928 
378728728 
215694545 
362697734 
3439236345 
98200500 
165601494 
869982661 
304057551 
470828443 
3302637024 
2364280914 
1713505176 
25089425 
2750824940 
389576735 
124242448 
1154837329 
371328288 
21505125 
2172177818 
2841714208 
3333282858 
3218825124 
3464904145 
3434338949 
979472444 
14769239 
239099608 
4712949201 
4333348036 
25605855 
188755389 
1207116841 
28376543 
441295239 
539140859 
524595411 
76966092 
20830344 
17590689 
126030295 
1912815775 
3848569273 
519581858 
37068486 
17812088 
18459813 
2285469626 
291523600 
22939513 
33440208 
537812209 
4579737860 
103615194 
1912037154 
3107789363 
67415935 
17174398 
312709853 
3515719109 
3087181355 
19136405 
20083005 
4561212810 
308613286 
227777862 
98961271 
689293 
259625988 
103618959 
4001775627 
372986789 
16240456 
3052099927 
121939605 
28811875 
67050814 
19762150 
737308158 
3296469436 
143535660 
341874015 
293540860 
87566782 
475942577 
342788984 
18969736 
2317808179 
275215221 
17251787 
92601300 
412303032 
15063684 
81972779 
57320439 
274268394 
3956671218 
1537167073 
3997301147 
4518777629 
4517357837 
4521121397 
4098399148 
2277532878 
2563823443 
74750225 
4594934366 
1594158871 
3971347152 
4596332119 
4196113517 
41131022 
1396007034 
2196888816 
3068877460 
2580785251 
223953813 
4510826774 
357228259 
24288571 
30087621 
106493650 
65703854 
25925079 
17341069 
454084038 
240737573 
105050099 
624774427 
458443346 
547450333 
3119430869 
3364609029 
726314210 
2967199539 
4152117717 
3882877474 
59613939 
20175837 
2708033720 
138221053 
3145996623 
270372236 
444439147 
2558465319 
239030964 
21744640 
15567808 
3938395408 
266212209 
4406447788 
182957058 
245893504 
27787064 
714140030 
344421195 
95794548 
1726715978 
235274800 
30448249 
2646120330 
255442480 
29562655 
216979622 
86593078 
18263241 
269956003 
3318097315 
2367509426 
113799598 
19167686 
3221455636 
216459817 
139224272 
69304408 
873801187 
4420581863 
71032037 
25622174 
2736331149 
2901995989 
23730438 
2443158008 
50203667 
40510113 
98395301 
183480605 
4099125191 
19686627 
39370959 
50186925 
13300562 
16206631 
32147994 
17726407 
49856223 
3296254563 
1587384966 
217129058 
2917685440 
609755799 
2755498537 
3963577822 
3508319593 
734679012 
20095255 
17298295 
55360244 
4332401007 
590251531 
23074295 
2153389358 
3517297274 
1618319173 
256166589 
15128626 
26396117 
234018462 
3455760192 
262056324 
133880286 
120047491 
193432886 
74677491 
1391781 
82544380 
112015650 
562273415 
352893059 
205977140 
418949992 
1520994547 
26883962 
257586266 
64508508 
1667977166 
2374338853 
3850041315 
3301739556 
12833212 
977062896 
40054423 
1978049406 
356016672 
2937244403 
80673680 
101598894 
346699312 
110789343 
14327149 
2283195230 
3908344154 
4329499437 
78002555 
2363761 
155340097 
889180130 
14801268 
18148527 
3154536229 
246601673 
242155735 
4209864273 
4347775514 
1434436141 
285895207 
73006981 
436960377 
1660858754 
2900161239 
901622635 
4167525304 
38849895 
2701605096 
2528179987 
3301792207 
28607235 
3750038292 
3385195672 
167546122 
3349910599 
2313945602 
18063719 
497419211 
3332736134 
76373 
4120923993 
15342216 
17536486 
3659989876 
27540099 
2186649751 
31207978 
3292320497 
2798525289 
3846425777 
440318111 
14106026 
86359331 
15231550 
3416072949 
3001472331 
3679566437 
3751553174 
179940298 
4218976577 
111086481 
16171950 
619929404 
20431922 
172719199 
2295183948 
18648926 
317105356 
3180939337 
762713676 
979132934 
3161184487 
13218102 
30257834 
2338105459 
17282908 
217065550 
392503591 
87022555 
254328868 
218299096 
41555739 
3406054503 
625253373 
1104111013 
117119178 
106233207 
3542089334 
18976983 
184781328 
2363266844 
25230813 
26991228 
15048198 
104991628 
428919141 
2754441885 
167691830 
189100457 
1025174371 
36190866 
822338022 
1913013554 
286360143 
483426850 
17881816 
3095737305 
3310567630 
17091898 
2428829443 
69012419 
3622204523 
1176804030 
38373082 
231033623 
17173775 
827606370 
628614408 
4114318992 
18167623 
593973995 
2207527682 
2954320606 
128930367 
224302874 
1551274530 
14697156 
77085985 
784934118 
3176815015 
113132942 
2897803518 
3064503418 
124236245 
36179757 
787238274 
4048817884 
26485107 
2737349269 
59101906 
3225052971 
2762612913 
461767894 
3242518686 
3118419306 
36712982 
76677553 
69110640 
298744936 
4046756062 
22053641 
519859974 
17657364 
3983124432 
3321515028 
1604444052 
364957467 
2810063136 
549686307 
2614821070 
511074347 
3028464559 
6458982 
1145790265 
44686891 
2353156674 
2679858710 
107222784 
1335344467 
806820828 
2198082666 
919671228 
18487694 
78167171 
599790724 
38454921 
735526104 
289946122 
54369374 
3317214567 
1971862075 
496376099 
206307567 
1064153029 
2835616351 
78384022 
1924171789 
48457354 
14668269 
38735388 
232325428 
409401413 
3157238709 
1390898862 
3033744525 
2909625840 
3252210388 
2950508623 
38844968 
30959257 
2480314428 
431805299 
507469370 
2546833752 
790078801 
2943502679 
993445987 
208755817 
140888759 
75327608 
110742475 
61380664 
866689105 
34099303 
2911774196 
61542324 
70210221 
3280642398 
933239456 
3882628515 
3804837917 
46971764 
3504731722 
896429390 
974170741 
2384196787 
2555393090 
1729181658 
154978974 
310619600 
22326665 
1904453898 
417309264 
106137297 
238379671 
2966935953 
1837794992 
3298313142 
3194124158 
3108362997 
6073502 
300184913 
155412181 
3410938901 
624852734 
416569736 
1638001536 
2230313880 
16555200 
2654908555 
3626091917 
3994666649 
72967397 
92811584 
71286461 
392417778 
54441907 
2149328328 
73222791 
582011869 
948298759 
517974330 
368560714 
143973333 
1548728971 
90779834 
140580280 
274673463 
2789831694 
3309529241 
2649639420 
30540379 
3167428625 
2936346314 
2724510362 
21217251 
2356470552 
312827730 
253306038 
758403998 
3311066419 
3873524658 
3741601817 
2904042664 
2992506227 
32561109 
922144531 
3663037578 
3911934273 
1694735389 
260590025 
3388533430 
306213413 
3236855408 
73693052 
264349915 
2828883196 
21057630 
30659387 
254534047 
3295405803 
3432956152 
2364625915 
3903564323 
23050826 
3315748647 
334753350 
3299749796 
31311757 
870477290 
1545888662 
2798446670 
2165181695 
128233812 
549370777 
18481012 
430848374 
54675156 
1312929613 
306367291 
2993381069 
26303584 
29110865 
203181642 
48917686 
36445431 
589496431 
18947754 
407382521 
356675627 
310417297 
3787759633 
882162362 
131210224 
73843 
16736682 
36365496 
543545884 
2799823474 
316270829 
897144162 
20787137 
556149771 
829026120 
2875493402 
16686730 
586749256 
2498991560 
1563970783 
2159973187 
35101611 
214245942 
800487793 
125448715 
98638047 
584117981 
22270118 
334416500 
74454029 
90653663 
1950327224 
102061279 
305755655 
17175139 
3200044228 
82400913 
3088903947 
3297778964 
807520944 
15926431 
49012186 
14940354 
2460289533 
9491152 
988765208 
735438932 
2785174452 
3040088803 
81851083 
3079701749 
410232198 
1224522247 
411853940 
384597895 
273678495 
107503624 
33497006 
27093057 
3156740924 
372546362 
87760251 
461572013 
3357642479 
2365526889 
119625403 
260418055 
8479062 
23380714 
514863146 
2848348065 
14193053 
72470564 
69346231 
132009195 
564170059 
1219977144 
3833603716 
3739620445 
1665531 
386686336 
169120402 
390320946 
309216771 
2825726312 
349150443 
15163255 
613614455 
296430814 
262808373 
1855461638 
20203676 
456930921 
2389193384 
90661198 
330930920 
2904676900 
109833285 
17298709 
2312567720 
30429184 
232416379 
205750967 
206891224 
13492102 
31018590 
425042191 
220675687 
523679475 
16933064 
71251856 
9274492 
10203582 
2745084999 
514646075 
378206995 
119398111 
3314596242 
49197991 
18986643 
772780843 
58809858 
243013148 
3524748575 
2540521802 
3662855120 
3278744634 
3111147909 
226662318 
1107457585 
54984620 
1364920530 
202300371 
2250938569 
103895004 
3174816476 
3040799317 
2253454989 
590256908 
3014617600 
38529570 
40590692 
33982772 
61190460 
1636306297 
3515936903 
19828377 
1395849770 
3195405612 
113439399 
2820270236 
448210403 
915518480 
36116203 
1216069298 
18004650 
123002754 
52698165 
2616067381 
238010645 
531964992 
1554084318 
1688496720 
2800940862 
24286061 
3473793074 
2369567534 
21512593 
2279514450 
2766583082 
185716178 
20437454 
3622229074 
96592441 
47249847 
19656253 
730028551 
2940040314 
3416029954 
15084800 
179657772 
3220702195 
433964452 
22053815 
19191534 
28081404 
121084279 
3253082966 
3040472486 
30867853 
3220126161 
438776203 
364895746 
24908465 
2851818586 
719552912 
24010252 
3507377356 
80068013 
1202697410 
122776334 
1452573031 
88722367 
240409553 
22783930 
20627332 
132951057 
148450001 
42933240 
3302107374 
41668516 
1043232559 
2379257335 
844825399 
22062980 
425284888 
2688148651 
468641334 
2214405182 
3569415077 
383934510 
1131903278 
3536653456 
15183001 
122533830 
93111391 
52946252 
615772324 
2282028768 
500047289 
171260676 
3197131605 
16516170 
1426182624 
3214656472 
305052333 
2707629612 
246989747 
2282706721 
939247430 
579407682 
91193345 
3304782905 
21668580 
85732762 
1470643124 
234504670 
2879656956 
3047256758 
834624043 
133022865 
52473445 
950783972 
732074215 
2784229451 
32378628 
104406880 
254245312 
2802109073 
318173776 
3201724023 
1142713070 
3288665364 
2342493836 
55281790 
192956672 
20100366 
96165024 
15456128 
43206323 
8002722 
1425913446 
972316837 
1623177116 
3063999273 
3377408529 
3320579622 
3483829756 
2824462851 
774295855 
3257591904 
25840761 
1900629534 
46871334 
238033596 
44056466 
24910049 
288602012 
15806750 
98388864 
515636965 
3402909411 
124940791 
143939465 
3011482592 
621936308 
1095834398 
2177373126 
18070613 
1674110779 
183333634 
32338529 
263766171 
740829690 
309806288 
519868693 
159059829 
22508473 
74460479 
2882828667 
2163692732 
84757603 
37054409 
3432042676 
3168161854 
87460392 
360062435 
496059116 
80375074 
473331671 
3192972015 
17073742 
1454651982 
3091316093 
344896093 
95680758 
3170894115 
912595627 
2816394839 
370373965 
616879823 
2469878258 
2683022894 
2879785055 
553156734 
3309420328 
362107853 
572697252 
3294291047 
3161275862 
18139472 
3301847243 
20632578 
182466700 
3342267359 
417544907 
21225243 
93508840 
40893223 
965318671 
3404291211 
16016228 
227281502 
1229079313 
2851000468 
113949319 
70889396 
3266258420 
48210859 
139828509 
3167688610 
15678511 
546113645 
148567358 
3402123658 
3308448288 
1935592723 
3255634058 
3341362521 
29580578 
735108414 
148474439 
188370598 
258918216 
48364045 
151548026 
1140018301 
19629840 
16162149 
128659076 
188412002 
510907377 
389606376 
23597396 
22107517 
32939851 
3181909616 
3240162444 
37172065 
1533789583 
3034661679 
3380606488 
1102067102 
2796819467 
150684909 
22519200 
516048308 
2904173992 
502851705 
2364015900 
374361208 
2895966313 
15154933 
2664296372 
3119514130 
237314127 
2378024335 
69061044 
15853793 
1284765019 
3029277291 
2649213481 
24887083 
15007263 
19200401 
16130622 
15246964 
19291337 
269905140 
297597205 
2784649869 
44441222 
2921572017 
289815544 
431915457 
35356736 
121676136 
2966701129 
1439131 
12193072 
19615424 
1555792410 
491421325 
2396971062 
2620481387 
292663862 
979032571 
82467773 
90548758 
29777162 
93798204 
15754742 
51240839 
50363926 
594151144 
18358219 
17903977 
531659920 
59249179 
295227803 
250295256 
160726477 
18199536 
16828819 
60923421 
136359464 
17468642 
14370968 
278566733 
1421282436 
613491892 
33627557 
186927500 
593711620 
551906323 
2530972808 
1883112559 
585026796 
814361652 
582086890 
532704535 
54945432 
381603450 
3099835444 
130742583 
97227617 
1483491397 
3384963694 
81942079 
3302231069 
429488231 
133802422 
348894530 
14637560 
125757533 
35601563 
2340964597 
2463688243 
23112729 
454930108 
2320259366 
22531054 
18241124 
2428776326 
2905563562 
2586733693 
3341769346 
6092972 
106507775 
842669612 
51149077 
1019986441 
3288882808 
63202894 
312068542 
2555506308 
2493808112 
18904247 
2225669004 
2194233979 
140235891 
344122364 
2992437519 
45666147 
34502387 
2895950154 
172852142 
2887423941 
2374598376 
3246840194 
1564289864 
3101015701 
11679342 
1350733688 
17219156 
791252 
1201963446 
3227539764 
1222081195 
3315779566 
2161679270 
87604576 
1386784260 
885734112 
1569008232 
2918023842 
2358451860 
3242673075 
3195622220 
317986954 
146989988 
3074536276 
15088192 
40273996 
240393970 
49785556 
97234383 
1553464032 
2490479930 
2723699841 
2333888490 
2225333814 
153825034 
3261527635 
2573199798 
421254136 
9871222 
231055503 
919590252 
2360024274 
347601781 
2584550558 
2829949518 
900408883 
3258981283 
36397259 
12644382 
279326019 
1414256335 
1247621274 
3374013172 
44910470 
119824996 
3274905116 
19055698 
3362663481 
1283701891 
19039279 
2831939384 
2344069465 
2592229650 
2858188550 
2970279814 
140892603 
3141988580 
94573248 
412706063 
310006225 
2739099484 
245159026 
993725407 
342425172 
1172533962 
3190945572 
2677730479 
40974333 
2293415520 
36508543 
16564324 
2874048166 
2724584252 
57682372 
3194639754 
35773039 
15164565 
2416110639 
2752775016 
286209959 
310869334 
15375905 
3232891862 
740568326 
156306739 
43474974 
3262643112 
711744172 
23712554 
549580764 
3116266270 
1564879460 
154615267 
24089735 
2574559213 
48094760 
2936701356 
3258091566 
21245641 
73850142 
317379850 
3133644265 
437004054 
2870153485 
78660349 
59687987 
131042619 
189323809 
106986788 
65565555 
317271928 
2690706177 
2394353328 
309988417 
2341008842 
374534071 
311515373 
13194342 
103332244 
190516769 
221407652 
143080032 
28824426 
50127993 
2201798947 
1109981658 
773841871 
1449858847 
50850618 
88621782 
3321926561 
3107541819 
1080697760 
24714282 
262876323 
1486254234 
3111774553 
2547986694 
358232081 
21865035 
132236823 
1613215675 
825948134 
3270462128 
45026530 
3061677600 
257660675 
15493001 
18704894 
2259476352 
1916363274 
3251163821 
526440392 
1077121945 
20104539 
162841703 
3044993235 
44294876 
113721093 
17882320 
244214563 
3299265219 
3193706935 
3362533377 
31176141 
18344160 
2746895570 
371666559 
170134900 
3247338553 
113074596 
127755546 
2809364255 
3122003322 
21570322 
2741031964 
3361093318 
1961825048 
17533068 
415064390 
2218686415 
782426713 
513830156 
76791711 
36655205 
238587464 
2214388272 
2153551561 
457679114 
307996505 
154538282 
2847134819 
1508095369 
2305473998 
67140324 
512467415 
55021400 
26500119 
3350251817 
