374119783 
77232328 
813286 
2974040339 
1536791610 
202530190 
55262333 
2863164311 
84924499 
1391450293 
246644637 
155705264 
720264430961885184 
36746176 
557379987 
854081966 
2709177807 
216776631 
3905809475 
77615964 
180505807 
500704345 
813693235 
172146261 
2838964061 
2647904004 
953938580 
389189952 
1693663700 
2516923363 
606803009 
599574462 
3130984864 
418170917 
567677863 
434550243 
22197119 
612891072 
413501180 
472363563 
78143697 
906702475 
756625848 
565817926 
720425088 
609560624 
148954154 
88060253 
451193952 
617577105 
1589593308 
139583525 
1468700330 
504978779 
301061261 
157140968 
2193569062 
2239810304 
381884083 
382267114 
348192218 
1237762339 
63103937 
842557183 
331785437 
40931748 
870931148 
314686643 
889953666 
1237781778 
827968812 
377175050 
977386790 
2918284235 
3054729209 
3040208621 
555981308 
206435365 
862325486 
2705157156 
2269777365 
2147718211 
2245920516 
1706007655 
1702420010 
23515451 
1685964074 
1281759979 
739311908 
146170115 
612928200 
388602391 
371477997 
55455204 
471400917 
560086731 
403086650 
400804879 
481519906 
390451052 
1098849271 
3091938796 
472347546 
592967010 
833785777 
318051849 
175732196 
620188230 
182496924 
917785428 
117574852 
111033653 
16601933 
14441010 
474492152 
1476157230 
921862604 
334162750 
447773444 
83489793 
516151283 
240417270 
428558653 
521700264 
2950013338 
518148929 
1514908195 
248921740 
616327234 
