1347285918 
9532402 
5943622 
202003 
6730222 
436109832 
3108351 
1652541 
49304503 
822215673812119553 
30313925 
742143 
2467791 
34713362 
11348282 
20562637 
7309052 
17568791 
48364045 
35773039 
45565185 
2303751216 
2347049341 
1020058453 
2205386796 
972651 
18517442 
19771382 
77222128 
554793513 
44569879 
18812301 
319228276 
1085146489 
475988505 
90705616 
6385432 
23997019 
29147705 
14924166 
93499005 
39291652 
89995847 
16783025 
19052278 
20874450 
40927173 
2557521 
18215973 
20455625 
14412533 
50325797 
24773177 
6017542 
14780915 
16012783 
73190286 
14293310 
807095 
14096763 
18622869 
45564482 
1140451 
14940354 
15164565 
14669951 
239563902 
20661539 
20109973 
252763592 
22955113 
563649001 
634476819 
91356609 
91355798 
90484508 
16359843 
277165873 
16379018 
52070270 
22520148 
21870081 
68505719 
49474147 
322900844 
25643910 
14173315 
7744592 
