10247252 
3261013612 
18844876 
3516101613 
151351346 
66952772 
2587516082 
827600180165931009 
21407730 
15978297 
108640170 
39825297 
401816355 
1040818812 
57734560 
22504668 
147781545 
4833135058 
321738111 
18822540 
132345262 
57806173 
42441676 
19415379 
2198106354 
1376711317 
17941459 
49621779 
19083212 
15647676 
15649433 
16028241 
16669075 
19658936 
278597810 
3606905234 
2973879034 
825531153511747584 
790392996839641088 
18091706 
4170491 
15280868 
729043779907297281 
44024932 
308917839 
80151950 
11238462 
4421432953 
155296819 
28020177 
255155890 
58530591 
724376084716904451 
45662367 
215089799 
799364936560480257 
1323614754 
308116511 
2868898453 
50111361 
14847675 
334523821 
2914487847 
786134285908606976 
17305671 
123767543 
755417019751686146 
150526620 
1561993004 
3268948237 
3025463301 
1201725708 
805185787 
4778838852 
767780717635833857 
16671869 
2309000456 
3508284493 
20748873 
231547812 
75051887 
119646271 
351578264 
624027430 
14578954 
1577275921 
21110356 
4095623653 
2877146470 
3222573932 
78589366 
15830958 
82649061 
773207963766927360 
16933331 
366406586 
15302433 
150962887 
66552026 
19270440 
3276945762 
150737110 
14116807 
45254966 
3242275465 
2688405998 
289728141 
19912099 
50926757 
171510511 
31196202 
2397609266 
833881 
309907767 
3102292272 
426180746 
2950853941 
73647608 
2166951504 
194710399 
3158177340 
1965677090 
97098793 
93871789 
2831430643 
2991196323 
2645824949 
531291518 
1703091768 
1252578056 
803304152 
994223300 
22166195 
236847101 
17586118 
1732624986 
2891017044 
3374112723 
59225087 
188861511 
14289603 
952914523 
3073099049 
48920632 
2612388618 
1496855334 
88973080 
244616769 
4833293404 
702153897272614912 
354431694 
590450944 
3180978036 
335364907 
3433536552 
86072750 
219798921 
250487493 
24801198 
387411821 
50939577 
16942611 
25323003 
1606941049 
16743886 
14560066 
411110060 
2676697789 
15184929 
1058576011 
19240845 
16174412 
181534917 
2710460016 
870974618 
209085778 
4870134388 
21846523 
1244787590 
381946065 
401525763 
3240287871 
545366931 
2654755843 
1403364408 
180459156 
113474113 
370574106 
2695245037 
41668035 
1169762798 
337764585 
2729818724 
2599705015 
155202983 
15416816 
345591340 
3240385912 
29375475 
2807870120 
1321245378 
3240190259 
3240325433 
502895503 
3240272615 
15743915 
2832697342 
138036054 
2350318927 
2361516942 
2254572696 
321698644 
3131690026 
3842817989 
4786581027 
17350542 
228077059 
18161668 
33669105 
10904682 
520626355 
705032149485948928 
1877861454 
124502297 
706163476885020672 
15684019 
3192402548 
18241604 
406290234 
4414947622 
80002483 
698928678621880321 
2995244888 
15377115 
97782206 
204633530 
3438131158 
14346219 
68467132 
33802308 
22165973 
64652564 
15329511 
242159817 
28622733 
388443367 
70676226 
2810064540 
26789088 
3646008742 
2995259119 
3648378016 
982992144 
4472672663 
561337745 
420284703 
705121257017237504 
4861895304 
3286874018 
14855279 
2392186331 
161982611 
22553597 
54775917 
405028196 
789652910 
1352169193 
228258302 
1711123855 
27451967 
2412580496 
201894596 
3293798355 
81998705 
10437802 
2329252147 
59286750 
3262855290 
17519089 
251097612 
278673907 
357893482 
36131663 
437674175 
3123346061 
23815946 
2804032454 
178203295 
2355430370 
2153883602 
61074493 
2449971938 
14177081 
37137327 
17739062 
90581189 
40943685 
14178674 
54969934 
3046916022 
2266809733 
246658093 
2416597153 
65157768 
69352934 
3634566075 
3782374587 
15166145 
57454639 
19736257 
102148991 
65997855 
3299872886 
837063992 
57718090 
213452309 
21795056 
2574095556 
327482747 
3427261 
921173612 
3306400466 
40023305 
4273605074 
571524686 
30365839 
4730695158 
10886522 
95948501 
17947981 
14433036 
16793307 
3020414745 
33437087 
25343565 
171783759 
426094742 
3164397960 
262004550 
2443090153 
18943191 
6150062 
86614921 
71431412 
18690859 
433360809 
233803887 
2289565736 
2583640904 
26141105 
9410172 
2597553571 
155597192 
16230307 
189848130 
1028536393 
38996788 
280826651 
2903141678 
15968674 
21669368 
498252510 
56280738 
17600294 
96686455 
1155115538 
436767511 
14923012 
28796038 
174524912 
14627642 
2651067600 
1949857346 
1314107029 
1378137307 
499283320 
56338775 
210269467 
1033626252 
15259875 
2540851 
3303514776 
36752872 
133004897 
3413509715 
3947874749 
15863055 
235624367 
85665264 
18963870 
820793077 
323265196 
133469060 
280076605 
1510275883 
38262366 
636505408 
18375963 
34050481 
246788210 
138706264 
3403704074 
3432308015 
117805892 
394892577 
13520532 
57325090 
16958077 
1514114840 
3329841129 
3118429426 
28168085 
40515777 
3325377563 
381919729 
15270502 
45118028 
16634579 
165873570 
25536625 
244142339 
893331902 
3091339048 
3260516888 
1883059669 
359010846 
34951366 
41158422 
15846372 
898114111 
21938352 
2792512009 
1466189479 
32133121 
16514549 
5228951 
15735797 
25926227 
1693499504 
410705457 
7691312 
148029966 
2868246448 
143725393 
154689916 
415801451 
351249894 
2317441297 
306343467 
240912154 
299364430 
65117552 
3411201501 
48899839 
19052450 
3391797783 
123254830 
3355496177 
2473858916 
292748077 
3239306522 
3143831026 
318254507 
3188522622 
1314189654 
394383957 
3022669126 
337312823 
2977568141 
484721967 
42299737 
17511065 
3341508545 
2885168961 
2463457963 
10758642 
3307058339 
37553950 
37941289 
48516693 
36713515 
1580653584 
349762499 
2717800494 
3242930359 
1688537010 
1227722214 
3193978687 
479735446 
1623009474 
2872382592 
3069907316 
20924564 
18512945 
3115757254 
1857985849 
2849991904 
2970258455 
296380291 
2984749997 
21731130 
37656390 
335266077 
3236630260 
444386987 
398073641 
2863092154 
214516883 
1697472422 
2792688922 
334323423 
374098365 
1498388114 
19805321 
348711730 
267868827 
43417307 
1621066993 
1433427858 
182130371 
21457382 
210684204 
62855576 
3154301465 
298663128 
2915446249 
1961055566 
22629005 
216502053 
2750513041 
312211666 
2951486250 
71129716 
181026556 
18876464 
84091023 
126044384 
893276840 
806006346 
35004940 
8865162 
3100528434 
516083477 
60705327 
15210060 
21823991 
2989943442 
2293502731 
15195171 
92148143 
355607090 
16385117 
2532632862 
155629096 
1385748908 
2597186634 
11673662 
2927398014 
18151673 
25765277 
286233279 
23596750 
31891798 
1258586034 
1542400573 
713289332 
507690638 
29291785 
751516262 
38731937 
1607374676 
483766139 
18721583 
2916106794 
2886322788 
229007905 
390376405 
2971105307 
470760852 
41211760 
16580053 
169190193 
1619217546 
2329334684 
85860474 
994293373 
252868710 
614758638 
79635892 
725625818 
1015962704 
472403607 
17972520 
1689606158 
476757458 
252890019 
417404717 
545237309 
19215129 
19029306 
2486034890 
1870111806 
2532942559 
621160072 
2426067176 
622058903 
39608725 
2949692099 
26582238 
564887075 
816173088 
550738800 
26493362 
474851591 
464686192 
9462112 
355001525 
1030794122 
589116775 
432795923 
266651038 
869512711 
137159973 
312641499 
626332985 
16640844 
37757359 
596929383 
869923074 
20566418 
2329236396 
37970586 
2870902072 
231998476 
22065251 
20456500 
255686382 
842996982 
16777641 
618540311 
539035925 
37821447 
336075571 
494046648 
1960789190 
214817215 
2307675307 
388793577 
198594734 
44946088 
183484840 
241273289 
323305899 
41866786 
23105887 
916555370 
1914595681 
117851094 
41376086 
2258204084 
1324835696 
330063439 
833395710 
868637460 
32219625 
2416693009 
277368213 
107523645 
15954803 
257622000 
2423062267 
461013813 
403084593 
18514142 
2270385468 
287444328 
101829799 
122138335 
2260288040 
2666961692 
2649500262 
16004254 
108606297 
120103350 
2511470359 
384361899 
13678192 
2402172481 
220766386 
1620886764 
1884529722 
2327482747 
2835335584 
29040062 
259649352 
1887706176 
255137576 
105234548 
11667542 
101847292 
92610135 
21232464 
705755959 
29132386 
2742962124 
1428434406 
1363688490 
20228233 
1853513400 
236860589 
26659111 
1677509964 
1542289178 
2251170354 
273603872 
31257471 
1653730938 
24686141 
15859039 
2153455986 
1099436180 
533540523 
74960462 
15856971 
149981362 
2607904351 
14523517 
2532619783 
2376916724 
188970040 
2800787338 
1617314359 
24312698 
872164718 
102758473 
860566051 
176609866 
2224582232 
357865757 
56399986 
14524485 
1172955696 
398307434 
21567608 
376753045 
1710242622 
82884121 
890239580 
1465919922 
22409843 
123675573 
35067421 
48599588 
118269391 
27807073 
130079738 
19714149 
1889823812 
2785121515 
199912323 
437291018 
340724332 
105296966 
34629260 
1535551 
349696576 
410709853 
14069063 
14938376 
1699592142 
45653 
18867844 
43784863 
2315980184 
232342189 
2810322554 
14754224 
523788637 
269331271 
16031015 
2557615248 
23422086 
59520259 
488152532 
22965779 
17889845 
368943323 
515649383 
1131390810 
16441100 
29281762 
34484200 
2398289588 
21782894 
2647531357 
384239522 
2329499468 
25635355 
2768956066 
196405628 
105242077 
801126176 
351730761 
561172973 
39050361 
2693310612 
2402568709 
37905924 
2446161626 
145305040 
18078701 
1510870393 
2764686255 
2670612996 
605660527 
84699037 
2431583503 
24842737 
2330530663 
427958206 
369635234 
2788241148 
853940772 
491027652 
43947211 
15534412 
29702889 
21991908 
237420997 
321309690 
74484200 
38989684 
965592506 
82137309 
2162002356 
248855595 
99561903 
361265177 
271046307 
2590481934 
58382426 
28136055 
432536012 
713246582 
2166681619 
214619485 
27493911 
2485760120 
2234001157 
366587205 
262180194 
1480922671 
43133380 
472829432 
30924802 
407003104 
211595978 
2253798583 
2561533087 
52259660 
453548744 
1148870257 
1279324171 
618270157 
20387182 
19358776 
487907112 
206387466 
137597235 
10431292 
459161511 
90702675 
63964057 
231269578 
2181967482 
21128914 
2586028802 
224382962 
543012866 
267301764 
633136834 
39651447 
241937865 
809313835 
1180690164 
47359599 
113041487 
18431411 
16515241 
184389516 
43530054 
318740903 
226396883 
1870306951 
144657491 
456295047 
291466862 
316323918 
316107659 
16194080 
1952076517 
105669501 
387181116 
1090588910 
28683209 
84250783 
1549601029 
19713521 
459737308 
151923344 
2193164239 
537860318 
292728734 
1920498750 
73999359 
2743142627 
1576828351 
1335002192 
1547067487 
351320489 
294207022 
268403705 
191170083 
605569140 
52106048 
1895605044 
2725196797 
491661731 
76004365 
1721524189 
304632562 
45067827 
15782804 
2430660650 
1418728219 
14486811 
26564529 
159748060 
183299233 
14914613 
1650821137 
253006461 
2344310946 
26101124 
499275946 
98251054 
16884138 
2609307783 
74239682 
355773879 
14935651 
1534359055 
210653010 
1407061110 
438395455 
2436093974 
1897982936 
2478065994 
24343863 
558856151 
248090088 
2393324262 
2306738563 
254859605 
2325625464 
921759169 
108498637 
416322549 
18929351 
378180310 
570365839 
24035547 
1173621805 
2594984472 
16075150 
33098495 
208882096 
14109680 
2318886336 
339677587 
1040487691 
1170185232 
501004901 
1537820934 
128242246 
2339735960 
151079975 
292715332 
2296857139 
2540852360 
31482801 
454402657 
2343816546 
133694919 
14503808 
197656452 
18040878 
36104367 
462290781 
177842596 
703835761 
576002913 
31126388 
19826036 
19411899 
156045533 
21138291 
378206995 
366721494 
323138380 
1587600373 
1284635486 
19623362 
16664126 
212098216 
49664991 
2676295387 
2520220982 
17133993 
8622162 
97259953 
1398220591 
15129104 
36115003 
24005500 
17224082 
37843437 
116533346 
122666254 
385332017 
587892511 
1435055737 
20222744 
1931811601 
262749118 
2583710353 
342799722 
73837113 
500539728 
21591143 
393152486 
338968305 
390967512 
15380393 
11862562 
1900772995 
164386441 
61322781 
56724761 
24745472 
15412070 
59320919 
427059209 
90777425 
237461674 
50836936 
1657784486 
187282243 
160383383 
28484970 
407103423 
2380616155 
2292931903 
17414143 
136013508 
71311064 
507825481 
28993065 
2575338769 
236097605 
27029537 
83236641 
450951419 
74164194 
34931375 
19935055 
46088486 
27076042 
2589616092 
16742191 
805317522 
185259463 
273221070 
164918754 
733077114 
146604938 
2436322794 
1969630836 
2571629876 
17499960 
112271611 
17644108 
952663764 
1332598520 
366826936 
24537018 
43646720 
387692038 
2273684245 
619314052 
18362288 
625690861 
176773270 
1648923498 
274113911 
18972562 
344761593 
2598049087 
14844627 
29026691 
1041945721 
2442830706 
32649565 
15451796 
39714993 
212093094 
20766781 
413351386 
16082504 
16255927 
412448453 
41290905 
303050486 
367348516 
54666676 
330622798 
37015940 
32997308 
8307612 
109050121 
756191510 
1173606223 
2474670204 
28349084 
2542038396 
1503886063 
403171779 
197222147 
577536655 
1899187422 
30794927 
50305913 
291307620 
815251651 
2468088991 
988961 
2604459826 
562974115 
227462985 
44836253 
254247433 
2375116226 
121336088 
840561 
362717216 
1578693229 
29354496 
2296923882 
1340688655 
30595320 
827451793 
1904287236 
221793413 
333486532 
2439084612 
1465484954 
309418030 
1870162820 
974646930 
588492837 
1053365834 
290324603 
28407033 
257317284 
2288069418 
163600612 
567419450 
558387094 
18816552 
32187100 
1492123178 
1434534536 
613497601 
35427495 
2554361180 
487258078 
2335508774 
23020765 
24127164 
34282709 
11102352 
87471568 
1225559930 
933390458 
259613476 
17852602 
58569413 
75069715 
14595011 
1192 
126278129 
132985682 
1715841102 
48564052 
124826748 
1870104218 
42208855 
269938879 
250809514 
356044320 
1400219438 
22969958 
165320704 
14320650 
17766337 
252391630 
218929427 
489796568 
109681563 
2216011385 
1220073734 
17944853 
14062221 
16745770 
2474215076 
90009031 
87852625 
144558306 
425644857 
43343116 
2385564367 
460457856 
104729117 
1477214874 
31564169 
2523570906 
43797762 
14346303 
145780591 
1646018815 
95258646 
1061600562 
1189245523 
576311383 
28096105 
57474670 
207323988 
2560416862 
1609292803 
91460306 
986106360 
309331444 
2447974987 
16511710 
2319106964 
1187947322 
19758510 
185712494 
21711719 
2414896705 
38993127 
126702857 
184221744 
68112221 
1183499148 
2508517982 
39415332 
189230957 
2462186486 
2282548985 
105207569 
17188950 
816056466 
2442809852 
403877140 
390905408 
84590159 
172840984 
105588068 
175737255 
398727440 
229888557 
143590605 
716864317 
39817100 
1055184522 
39105959 
23181333 
2450521855 
33160996 
1575731102 
1478869458 
164338910 
243027721 
1655588558 
150747735 
41995398 
2493502592 
2427694304 
415659520 
2400087618 
108286674 
2488924686 
260951189 
2485554414 
14748002 
18350887 
23255247 
1851699354 
19417532 
209831399 
897803028 
15777703 
2226344761 
2161992061 
507603267 
252715130 
17879034 
632253 
80332304 
261792808 
872125404 
78173033 
160317108 
15198582 
1108725331 
1115868596 
221026416 
22745680 
14458130 
14415783 
2168324624 
21651074 
1244576136 
10671802 
705223005 
2356941156 
20606557 
2171331630 
182863183 
540406534 
15452859 
601270110 
136208045 
2468010902 
2360882965 
170971905 
2343713774 
12640502 
15196427 
584265178 
353271010 
205064642 
554508569 
2462660042 
177209025 
22158013 
5374212 
253311658 
364608545 
35067659 
76727767 
357016200 
199682930 
35867792 
16050296 
114085960 
764563094 
5588492 
139881270 
18847824 
924024240 
1284123374 
16814500 
18987286 
2454989422 
22533761 
621525959 
16468500 
2153406235 
18304836 
33345091 
283725491 
134242072 
2439326930 
1900200631 
2265967296 
57440214 
5479282 
311497771 
146714531 
77540948 
115222035 
87989672 
14539215 
140894914 
569229676 
853102308 
1516724623 
483195215 
622331187 
512288180 
51979013 
48881346 
76041689 
1360314326 
2362702549 
232943633 
79289712 
35871249 
2426027413 
306188415 
2422140470 
213320007 
10100552 
316042041 
393561925 
19081151 
857001662 
28651606 
264268489 
28344368 
250416435 
287479451 
47030292 
765281239 
499395174 
330509397 
41651152 
17652521 
473613093 
20060772 
74961080 
11279802 
1691435707 
2337736026 
55267464 
89349029 
445750876 
2431663564 
1926014178 
52416163 
418214001 
2369574824 
1717400930 
151829934 
21714938 
208308703 
431754564 
2320812032 
16526407 
471794000 
190734927 
1605370164 
369627599 
132038130 
14345357 
403942389 
2190041 
20605388 
15134624 
124827833 
317378810 
352477523 
16948890 
121844748 
388234560 
149424356 
84460462 
15009098 
1547221 
25465168 
346498546 
1794891 
1914789108 
86071272 
163582516 
634323918 
980430397 
1242293862 
1280260165 
223712827 
261732360 
321295983 
30045396 
1117942681 
25439493 
113733511 
348785069 
29913905 
293011736 
163845303 
339221527 
351534420 
120067414 
133418443 
18583927 
870546486 
32412959 
191187084 
144611175 
329789346 
171649945 
54501212 
14972862 
17948723 
38259213 
1190948114 
211741721 
600228394 
495195803 
2302972692 
1928299009 
1086746018 
1885910846 
65653862 
144902437 
1174242056 
948180102 
243333357 
24436600 
949616930 
313718162 
294784306 
1686914515 
220154039 
20673615 
21226307 
2970511 
21458580 
22670695 
84431595 
848405736 
24226455 
872549790 
34639470 
553396754 
2288764567 
157571003 
349186941 
422216482 
1486683114 
22699315 
15302162 
14282169 
188704811 
37021391 
2305174057 
583322031 
10170982 
2236694947 
16111043 
58912749 
6710072 
2715971 
307925670 
1166887472 
113978954 
2189008729 
38243325 
17192820 
1853824369 
1449000090 
533321299 
848901 
410566222 
1972974349 
280192329 
22060516 
1944945800 
402122177 
286357337 
129175072 
234409270 
2170683974 
633287684 
487757841 
20944649 
737308158 
170372414 
16075573 
73147282 
1285451 
75004922 
65603282 
436123954 
53907125 
1651827487 
25845215 
1470510931 
411533831 
216631107 
271108204 
532376690 
576089830 
1921802492 
570637896 
63323388 
46476526 
1682574037 
22690038 
91234271 
16222918 
18336710 
14105540 
61282790 
37465594 
33040458 
339552778 
1586990881 
12971852 
2243568354 
14914457 
375369703 
20197590 
309912680 
535757259 
134963200 
314136906 
308815753 
18353465 
408015498 
23490365 
15925666 
77897410 
1388942400 
1941350257 
38804737 
2225875712 
21689822 
5528022 
34343816 
7512962 
33806469 
24955695 
437709799 
390562472 
53112612 
14192589 
90379747 
853668180 
375558242 
751871634 
266980862 
17435631 
14400622 
2218543771 
22153 
253159954 
16128734 
17446019 
414977064 
299850812 
216094124 
49860285 
2190451911 
1001085350 
63479346 
8737052 
284301120 
2207583432 
472253949 
416370934 
115736043 
20685642 
18298910 
2192821369 
70851663 
931395054 
48473299 
44294700 
558656715 
204891802 
1382194524 
415367164 
190591843 
28667639 
310062263 
61376482 
250703850 
18650025 
258501664 
42062792 
1876606494 
1184220842 
278743873 
27737705 
91836413 
1101240744 
45427893 
109613239 
107870614 
1836532806 
706713133 
20918038 
39532203 
27375606 
74759322 
757229610 
42116240 
279366863 
339799979 
35281083 
30973 
154028983 
294092918 
1379113518 
15687864 
28601983 
388013211 
16436557 
1269627895 
1635936432 
132041134 
764685140 
67187831 
50171392 
400329760 
115578122 
847289035 
150077234 
259959081 
79576983 
1051523178 
1403823829 
392949417 
283306023 
79964896 
415681606 
133923294 
288884448 
540195589 
212376906 
386012352 
887155404 
1312364892 
905052810 
516569861 
82500164 
117783884 
112607220 
2153997751 
366861606 
245185591 
80310122 
22552614 
15242207 
18383401 
14097502 
147299190 
249537996 
14829409 
1732304862 
877938192 
156331435 
11820392 
16192359 
67465733 
1690649833 
23090381 
223122226 
111376298 
413236526 
102405795 
532397321 
29010023 
325139939 
28045033 
182559793 
17339508 
22981545 
22784267 
169997085 
1491659342 
1175602717 
31471175 
1954952953 
309642648 
125407344 
16271460 
46347589 
33192533 
1933153614 
25379483 
361947624 
42819565 
430339276 
907406190 
191514152 
17231093 
268597102 
61012129 
226951679 
17641457 
17925141 
566506154 
18523795 
934774592 
22806147 
9700152 
15866800 
22235918 
1528721358 
436121266 
14924298 
77290708 
340464771 
209383326 
88461317 
370966158 
181205042 
75663147 
49538700 
856841 
142248908 
11963282 
1781829914 
987187945 
80731080 
807559742 
365503829 
213917132 
59569744 
586467088 
754873 
14236459 
989677742 
16586626 
239800343 
33067602 
1177330182 
20600084 
25332093 
1615953169 
48306373 
1165454892 
323972810 
90754769 
21000372 
88973663 
142752743 
28008214 
1109950321 
306563441 
28420055 
772528886 
176804263 
1604271836 
8465962 
437271615 
81209812 
39692343 
466482296 
37970632 
132708033 
604772054 
58525147 
62547944 
39254278 
906427740 
394134197 
62300422 
237151289 
15837561 
289735767 
9493162 
484728094 
78166171 
30334730 
988317806 
19135836 
26922179 
252448338 
159534035 
760307462 
813512 
27261369 
52682906 
22163503 
171324328 
17973247 
66703604 
178892386 
140202806 
1086538034 
1569629802 
275043456 
291859435 
8416332 
197383976 
36008885 
1093727426 
414880696 
572157338 
68333543 
16417614 
16309037 
377133267 
506125896 
27784163 
91794368 
132450617 
299989603 
256053691 
265816577 
3148461 
993254130 
602190876 
1617087110 
88830574 
248820327 
434311336 
24636191 
14243091 
570312567 
14523981 
163628467 
27874776 
241818989 
20343199 
243038968 
62554155 
249395206 
474000653 
162611402 
414854490 
1212277994 
179565511 
172821753 
1265730433 
130679093 
348843518 
132304506 
57758942 
190116217 
379160602 
36847365 
17367875 
81426378 
1357687940 
5878082 
18143866 
256905395 
36108832 
448069317 
472132412 
27831906 
142797460 
20918620 
70762312 
43831063 
486476991 
500128855 
1049364948 
255245279 
1025593770 
407150262 
16816972 
724444382 
14061876 
420142891 
17121462 
30921759 
13165462 
20022054 
106411990 
1526304787 
123893252 
14140509 
35162626 
1578471 
209991035 
118824116 
5618162 
18997933 
30949251 
368670675 
369019539 
438824917 
232810645 
49818607 
124558745 
24099167 
233087417 
838600446 
43874512 
22211440 
95273513 
420987009 
722397229 
31491013 
46321755 
457641598 
18089796 
1443972728 
188188387 
35448314 
827928680 
39936492 
8723442 
107478473 
14396124 
602389505 
164515947 
9147252 
1235678131 
27791833 
1498904689 
109736769 
266366430 
15030191 
191971066 
30907284 
37330577 
37035961 
108595173 
37222564 
70609679 
25439140 
202794160 
35310930 
14200904 
6545932 
246567410 
436143123 
74615291 
22183999 
20193452 
220248484 
24103268 
42355616 
160589329 
49510502 
425858796 
19406856 
16943688 
17222615 
1483114580 
84253390 
74798714 
94210489 
21632683 
20542210 
8879162 
18447899 
263309085 
258948902 
26455411 
36144810 
39940842 
19672289 
42445185 
191914406 
293860077 
8349142 
437029642 
134270896 
440289857 
58503168 
39683621 
26991886 
108214303 
737362843 
67150863 
283824663 
575444529 
67197846 
1254922544 
1081281 
939605358 
229188153 
233657062 
111525490 
489745965 
55421680 
46296097 
409852436 
12106072 
1031624976 
333520206 
564006128 
7263572 
95970619 
325151359 
362826609 
574771597 
74204659 
99010608 
273070634 
192390073 
42630325 
22108133 
16054602 
15030906 
39141163 
1465676118 
39819267 
97532294 
93281411 
73655357 
24578710 
765140 
129266166 
28911236 
179219391 
1260925274 
1253853570 
26997040 
181348415 
53516251 
15222023 
19824059 
455032074 
44422756 
18794068 
1250032417 
14335413 
133112788 
17456146 
125320495 
1298279293 
29895600 
131262527 
150701601 
45114987 
292091148 
161585848 
34086251 
274587877 
341592345 
253350432 
311137675 
5628012 
64795567 
108334210 
140194960 
17904334 
50294938 
1325390748 
148866388 
203208013 
12693572 
16116296 
318743706 
384460035 
14798210 
1258024988 
335192732 
23664492 
992724301 
62860651 
221790121 
233077861 
96208906 
89971627 
21085259 
381254776 
247971836 
46319532 
952871294 
16975600 
14228889 
30274656 
100852913 
26769515 
410727634 
1064410886 
1149090272 
87233696 
405729703 
1055770154 
283172401 
1099237214 
18746801 
162726152 
216746262 
198263839 
25242962 
552836806 
471594446 
8708112 
71125180 
354582942 
41204117 
707724428 
46946560 
74157919 
15839043 
42410235 
28367825 
59064702 
88554449 
22264382 
20353991 
182421263 
114250917 
171547428 
310240310 
16810137 
14269684 
15706235 
187974147 
314380667 
208131770 
25815656 
225553867 
275213572 
329802695 
57789757 
18040638 
325055965 
1327475881 
1343516959 
968575430 
278297689 
73401417 
1172503992 
120849474 
74554382 
14362061 
67623677 
34361968 
15021053 
33460443 
209692535 
311614578 
719065658 
22492279 
10824662 
17343167 
25993482 
89711994 
21403204 
61656492 
217530555 
559970849 
15096641 
77907514 
28255517 
1283679510 
449216654 
34733255 
475105904 
554435689 
280678037 
265034249 
84684588 
20136940 
291843909 
15927686 
343392886 
156330071 
17780993 
80399136 
31625833 
14575798 
25291961 
1118156424 
278755701 
240842700 
945122066 
21823116 
16415838 
933183702 
756358345 
1249371583 
50701318 
16739711 
398039721 
112464660 
126063703 
104612441 
242414081 
16570335 
17026974 
44396437 
15639959 
705998078 
264313703 
1247591 
14386696 
599406974 
52478264 
30933378 
58568319 
389060967 
14443215 
298175098 
10433592 
15439881 
62427095 
610793 
14390311 
940458726 
272066348 
16099980 
78637890 
213087244 
365035586 
39585890 
598894878 
70412401 
578164294 
1128690013 
213722368 
18021817 
705409230 
346924614 
71317012 
37903274 
15602091 
68206034 
109598109 
18056065 
352289827 
630349063 
17628469 
360304674 
21331373 
22222967 
14325066 
14335041 
267253593 
18022647 
73933196 
1152250472 
573617078 
125601099 
117848936 
15459885 
129694246 
290111443 
19468547 
17439693 
6094772 
393607317 
9894242 
87996215 
46867496 
20784186 
41515422 
16246557 
80749046 
731073481 
1030838413 
16223510 
43933609 
626239175 
519026181 
18583417 
17744351 
6320392 
4946031 
15624338 
17801479 
42191277 
20504767 
65258793 
14693400 
234996840 
21903576 
304912237 
599061707 
23316493 
62618348 
14950760 
415755526 
331246514 
23086855 
32120285 
18538326 
53630162 
101608451 
14751771 
17718950 
202624501 
811051 
7244502 
576252803 
29012353 
375918313 
9965842 
15953047 
565511165 
1031148140 
50333119 
444940567 
84885461 
231357504 
78706788 
240932621 
21889479 
17592890 
34429095 
22411342 
807509851 
14060968 
732713060 
479459842 
813122 
14599730 
148587486 
376317377 
55615605 
32135038 
20425642 
43626512 
15257682 
69361042 
968996072 
18025599 
432832176 
14578034 
302898628 
14910806 
252276047 
16703058 
8658682 
42840036 
14995484 
15351784 
15384727 
236859212 
173890331 
95859790 
246324510 
159543898 
227748811 
232925666 
38427383 
14597094 
229702385 
23878099 
27002573 
39608482 
22108849 
18595270 
27715968 
616122836 
15763865 
18496883 
509902359 
245408496 
743596616 
847191398 
431066992 
89005882 
406829217 
16187054 
124275996 
124512446 
14573861 
283669040 
14246643 
805524859 
41803502 
498392326 
30044954 
14106080 
196267196 
24911491 
17103794 
240513891 
352570175 
165299422 
75885864 
384017928 
43200438 
32467846 
29266575 
371816589 
471560358 
584944471 
16114141 
18014625 
259320517 
44870998 
5660312 
23954775 
42270421 
386792854 
108422800 
606630185 
123062306 
15826822 
124289883 
14850309 
18781135 
1294311 
19031450 
211830363 
245459842 
241161786 
78773771 
858210757 
16137394 
871076738 
76348185 
47475128 
766258429 
263863016 
16385353 
27470904 
31390887 
43502102 
15311326 
917545698 
886409028 
130900724 
978794990 
37877645 
286987995 
446291458 
829488734 
718410818 
51908250 
18394056 
37957313 
26780574 
308789303 
29807370 
441208401 
17641055 
18104730 
369215126 
22814246 
25094510 
48443722 
594515183 
312732180 
16495397 
249001034 
257137016 
215614686 
37922603 
49317590 
816448069 
20819652 
522727671 
455833621 
10623 
421075292 
26289498 
13473242 
21209357 
25566683 
412777678 
289325124 
278166943 
60427817 
27689907 
361683247 
210423504 
15252218 
241944538 
257505626 
857199571 
318716508 
20739905 
7541152 
165106229 
16711026 
408529149 
858610208 
59641421 
44150150 
26024221 
350546877 
399946087 
373148196 
30580649 
445622662 
208847103 
75216838 
30489994 
401710943 
22018780 
58283 
24785956 
16089653 
367247994 
20675364 
408165972 
15052861 
38668559 
22590420 
16585234 
376338218 
356199275 
17848135 
13141402 
256627851 
3912691 
253629728 
25111462 
17993100 
14145195 
492833134 
19329336 
23216003 
475274797 
430338239 
14337714 
196031808 
281343000 
79082352 
69770918 
18284793 
40241122 
548560272 
190751017 
104867870 
65171149 
236996965 
36136441 
23165213 
122759220 
554133789 
14484850 
249136128 
38066397 
26679448 
35830735 
247562111 
288450719 
581995738 
12500102 
35606154 
45903028 
18710341 
49866139 
21327898 
38319124 
33057154 
493275793 
87288616 
64131419 
50774064 
154645392 
65232726 
15007363 
43324005 
821181122 
34334040 
230929177 
240389285 
148429558 
122264711 
479132341 
25057384 
887941171 
32283017 
109635521 
213627343 
324597775 
4417131 
22190585 
115788863 
42774140 
22824243 
221897815 
22030095 
14564959 
282671020 
125737840 
407833323 
346814319 
172387850 
299712631 
27276907 
22229703 
27078579 
26187809 
395016372 
45627569 
36590197 
20225472 
17742916 
73395527 
15653083 
101923126 
15702055 
176406752 
139680498 
868651 
273498860 
202987541 
29595146 
47202256 
478847666 
211800056 
173997454 
368309238 
15693323 
32729111 
20268186 
111794897 
342067039 
27044023 
401093656 
31235862 
45846001 
114016006 
221175349 
28265719 
107852396 
306487463 
397962598 
842192785 
99789799 
269441846 
224447616 
50080995 
46186400 
235062161 
106709388 
861810853 
36360916 
57339410 
79638576 
18307847 
14630267 
482504014 
9542812 
214584371 
16043016 
35008653 
15140286 
30670084 
390462512 
87623185 
124552431 
88882302 
10099582 
17361905 
457272156 
32201563 
139811180 
15205183 
409817477 
267129292 
104973208 
139810443 
256793962 
17499507 
564121199 
14327979 
72863207 
381648937 
45386880 
360224409 
48614416 
3656401 
97691041 
11775802 
23990848 
429236839 
539099161 
68837815 
24072539 
81965712 
176442694 
326813100 
43217411 
18242919 
212323439 
119456182 
17478219 
15735299 
364412529 
20733757 
59160401 
319901243 
145600904 
182435596 
51466642 
18583732 
14192558 
398681875 
486970562 
56752579 
15842618 
51176496 
791156725 
810474 
49761640 
163907170 
20286480 
234542822 
55444642 
602039862 
155697124 
11979122 
75583402 
350838755 
210798348 
183105014 
219354504 
534525609 
17500520 
8645442 
780991 
52500519 
22860910 
265089711 
559890253 
617476052 
98936882 
19995732 
300576752 
25384890 
435502451 
111035773 
18746315 
259494195 
45818851 
108348897 
50210851 
28114176 
14983940 
19099670 
336399061 
99148466 
45962167 
14056454 
5033381 
15937265 
21081237 
485120658 
35767916 
28397634 
22955911 
171119403 
14058790 
14526582 
222243395 
394574328 
62000272 
567346813 
381527896 
15475558 
391150688 
65059654 
19552126 
33774978 
9175912 
13368732 
14951992 
21975870 
377685117 
219040877 
380502876 
240943344 
14544686 
468466759 
17413198 
57804691 
223276029 
382982556 
36815980 
182237391 
15690267 
176490659 
81342525 
223629536 
373013938 
192903378 
77892977 
356955688 
46190257 
20118774 
170779407 
329730798 
16646918 
54583615 
27781567 
390388984 
75314847 
36667104 
30484294 
35089909 
59307395 
138615382 
77942083 
188102608 
811261 
135120971 
147518360 
253273104 
438550098 
316788077 
145671206 
258174099 
236937010 
5708702 
373640615 
15724606 
26776649 
296982974 
328290875 
519609816 
16634227 
16729357 
24871338 
227125851 
26537538 
541937007 
200983625 
72743334 
344717155 
284056842 
133245413 
19289178 
174511922 
27142788 
73236658 
362195656 
148418872 
16985914 
105253557 
613373862 
301498241 
188132264 
177332264 
18463892 
581707871 
34301171 
6323932 
18513346 
285833358 
79184073 
61318348 
191293749 
21468100 
235140283 
129756829 
803856 
90665564 
279008249 
38717526 
509019607 
16960278 
16208379 
18207929 
15394753 
18537918 
15103223 
37789498 
389725555 
18057059 
21830026 
23271911 
490932793 
26181097 
1185971 
567737464 
200278795 
418049779 
9763042 
79809731 
143906884 
36735694 
15119667 
12708622 
17125393 
274772424 
50485184 
246557423 
25358701 
219538512 
37843248 
240527238 
43402665 
77466617 
16280720 
18754728 
17997511 
51350308 
627916090 
102436252 
369588994 
551072285 
158466285 
19428746 
35668533 
155353695 
96223361 
281162612 
79245797 
18372169 
243016484 
16789045 
15393330 
104439002 
357164859 
22876661 
606579387 
33226034 
317485987 
156327895 
58489629 
22556145 
169044506 
15886862 
278460728 
29203805 
593949952 
344835921 
17804976 
532856740 
117477071 
38069894 
363192902 
273544629 
70461418 
14986598 
23477951 
254496913 
526825804 
66735900 
14875084 
68940866 
544419738 
33563560 
564635699 
557764300 
14921361 
98653291 
17092549 
88561123 
108074749 
21043546 
35107182 
42661419 
130968833 
275251814 
85001062 
43635444 
94695195 
24764169 
51018366 
14371388 
199959370 
589322395 
168029946 
297655460 
350149915 
22205646 
18711296 
201271679 
414768153 
39176439 
23101335 
92564253 
193458094 
293102560 
39935614 
28945442 
14402062 
71581844 
28109943 
528861036 
43936384 
378951643 
24705084 
179613673 
15520927 
106505095 
17879299 
19868796 
43938658 
114631504 
7412032 
32494457 
26591324 
25856905 
12548 
365648969 
18137013 
17128845 
15950891 
105305259 
17143775 
14563253 
23997947 
235248879 
20027233 
293693665 
59002988 
59050302 
21535622 
121564795 
20192882 
491427375 
263989626 
390412895 
287163355 
80752823 
234436512 
233559904 
19255171 
7943872 
260050510 
16809875 
23411720 
197448979 
36677276 
339799852 
263463420 
16408253 
225009243 
112598736 
25460141 
90677689 
114483184 
140068074 
19040468 
518602986 
22020624 
510 
186583547 
50679155 
206342228 
15381905 
201770816 
228586914 
433376773 
420595608 
14712459 
87649805 
91993977 
341162122 
58199261 
232682267 
403849766 
166775874 
310311237 
9723932 
308697547 
24736901 
15478132 
456385945 
16098050 
14074907 
71048024 
235367008 
175196081 
291711902 
370356158 
227316254 
370280780 
262124425 
248878719 
117794312 
45505753 
15595963 
15040652 
96207241 
198579639 
14421866 
213174345 
40140881 
26882502 
410997210 
264164212 
14467739 
432546582 
14781333 
444703786 
213991479 
326533343 
14266042 
21401160 
303796407 
334499556 
197574775 
187378947 
198699773 
28523687 
212725127 
33955981 
350624714 
19351899 
91185652 
14579415 
183327306 
45241685 
269860573 
105722514 
117807052 
21434557 
76225463 
328860683 
14663179 
86002960 
164814132 
5791982 
219755897 
353318797 
69001280 
100095816 
27533628 
335431562 
370314854 
181703556 
178747331 
296638514 
15870978 
15841538 
74348133 
22296213 
181327838 
234720085 
227160844 
14587544 
21375278 
26252159 
75704938 
351077597 
40016029 
268482314 
20963273 
31420709 
213159134 
188868079 
28286816 
222277151 
52615990 
17259120 
18450864 
52145644 
91656908 
198027372 
336264152 
382758342 
177931290 
143265503 
16422305 
19307271 
254919815 
256068916 
370152417 
378729921 
19799069 
177203517 
57743337 
349034508 
339587385 
20876245 
18704352 
31107065 
123924544 
33057691 
292125661 
362929869 
170389366 
208727624 
191624416 
17219377 
15240784 
19824430 
366047007 
14423035 
105214507 
17583653 
38808027 
246390988 
807815 
64256643 
88121927 
155659117 
6236442 
15632345 
19087648 
767812 
14222871 
267874197 
56168018 
14260330 
16458844 
332596209 
67753715 
21130012 
14015152 
15116982 
343392049 
102828263 
18317930 
263879182 
31807752 
374516309 
326544898 
200744227 
86285120 
365208443 
161736434 
172762798 
85186837 
24239792 
166933730 
42893178 
55391997 
36640893 
28364868 
322818640 
222636878 
17483762 
168561272 
238186269 
68873359 
30197656 
239435826 
59187351 
92955665 
157221678 
4064491 
263264112 
148738181 
359127474 
296456495 
19455487 
303332299 
62283529 
15512107 
174650973 
299510729 
14558430 
46827112 
42680682 
268355790 
31009702 
81647625 
40210887 
232484970 
338483998 
27471123 
29886605 
17235677 
175637969 
154791441 
26573240 
17344208 
12587862 
246899999 
259923435 
17301914 
10384842 
288934745 
17021499 
189320844 
293608658 
213208852 
345477587 
17472086 
87369180 
243088415 
283070076 
80095231 
224923702 
103969563 
14480402 
34296516 
129232112 
266221769 
174811472 
17443840 
350015965 
271601888 
308446923 
20818561 
108651269 
16268411 
113420566 
21319771 
159942671 
11886542 
53094118 
125864274 
103639676 
49707592 
83659451 
51418905 
21617049 
18056093 
138841554 
18034656 
27787027 
190229279 
33598332 
336682719 
338389855 
47949317 
112921817 
301778998 
247982604 
182645094 
293975093 
225846889 
279377176 
290927427 
84846583 
29294396 
18322904 
191045082 
140715769 
31005278 
14887358 
16153984 
17630346 
123048572 
79276209 
247553559 
136846940 
103747860 
19030138 
247401770 
24292018 
28031609 
20629719 
22328404 
191538603 
77594700 
39769041 
17506774 
18129628 
8389092 
312919278 
148832169 
177664329 
164444085 
159401560 
15978380 
246344553 
242195145 
36565949 
205532275 
318826840 
111698764 
327488512 
51669326 
45624432 
21050715 
68292145 
39292717 
61449317 
18629140 
15670127 
67664586 
333061648 
23597630 
148455721 
19167544 
15367104 
242647203 
170961260 
286409029 
28144436 
263306434 
91871587 
29298826 
74887389 
84035820 
18162573 
14860968 
245459442 
17374293 
43509133 
130202886 
157750380 
189474615 
243317708 
24271141 
173679795 
105214847 
210818720 
15340496 
32649751 
273555558 
16723838 
314682547 
19482563 
18008676 
53443633 
83996423 
18307491 
146909724 
17265778 
23625856 
16405139 
19989814 
180577385 
18956140 
128216887 
78298637 
64760371 
67056029 
327515916 
23967894 
148397133 
19978041 
168230884 
282505467 
27383694 
14095512 
113728847 
41916943 
49101500 
18918045 
14248179 
206728573 
20099281 
310426966 
18628014 
266601281 
182104983 
15643526 
228745648 
16907975 
185066129 
123708893 
91430963 
14288501 
100296392 
91260754 
19737457 
310550892 
763489 
298215186 
101760242 
62678824 
115444188 
33561720 
36549277 
20215160 
17928259 
268264102 
238738242 
15923965 
92132431 
15418064 
130925051 
20681205 
152777823 
15780638 
51755270 
319284917 
15755923 
15199662 
163835030 
140191988 
242575178 
18762463 
180077597 
232814158 
284260713 
15878786 
28703779 
71635957 
31478964 
208061466 
43309668 
44170831 
19477159 
277092427 
54675736 
44970286 
50779251 
218778335 
307702142 
245929538 
56669858 
225700849 
301106478 
32377173 
126480269 
21833258 
33046590 
12768202 
94124100 
61784369 
16662077 
28011537 
295126372 
15698087 
290722797 
87593636 
147808563 
14833210 
30801513 
126411846 
117569376 
281721132 
62178427 
114782640 
157899694 
41236457 
132113139 
10284802 
22188414 
160522286 
242134919 
2787551 
69914357 
297981152 
18118659 
23546638 
17888209 
50706158 
21561989 
105623556 
27884629 
19401248 
57396855 
35295085 
182980425 
10290552 
19245986 
16890901 
24288031 
14170736 
14914091 
48078174 
15384347 
14344095 
27727035 
14865439 
214612435 
114819306 
55666556 
16261638 
97898613 
83040785 
18792477 
49715266 
114049072 
242083863 
32659029 
181496613 
124873393 
188984590 
22071503 
254660899 
297134553 
21904953 
18554313 
184861637 
182572063 
17786788 
16060050 
30682728 
21924899 
71861590 
34890810 
21869586 
309560373 
116965032 
58824486 
153136930 
210579487 
163535738 
93487121 
18820856 
80680675 
21371968 
35892294 
248956908 
221707278 
7321242 
167097989 
27257426 
146942419 
139436379 
202247007 
43538481 
298124785 
286372871 
164366897 
110744595 
27764395 
14707368 
122674882 
259544679 
273263747 
2771421 
89262486 
34049014 
19650336 
17973095 
108015974 
251157718 
215907619 
15466386 
113249086 
16244040 
117506235 
53085435 
141737727 
21174113 
18948706 
218373544 
37778298 
100774167 
95740797 
18755849 
30529918 
84388888 
22852321 
262785870 
53422093 
90333649 
25373949 
32679956 
50525671 
54179932 
57069735 
273214287 
125033505 
149993722 
15353236 
122479925 
43217827 
157379461 
52337241 
148720003 
306020673 
238790357 
239212535 
190866700 
11775362 
263750375 
220752534 
47736537 
288679645 
16112641 
20775039 
13212042 
187968223 
33711098 
134710966 
74501744 
45602649 
64367018 
25588792 
17522884 
54646304 
19100355 
230012300 
111893445 
297608205 
235119350 
303359516 
19250651 
17954335 
65131186 
17366090 
29030168 
109976925 
36407807 
108704898 
303188895 
139510761 
20004721 
14620504 
221977530 
52563179 
94593636 
34078825 
249290045 
189082156 
17980088 
15948159 
122888670 
256411043 
281800967 
193689467 
218189084 
22233470 
19520006 
288545427 
14160697 
234732008 
25036009 
22752327 
67476223 
32207019 
132636317 
161254406 
16247730 
22773016 
122953989 
20145247 
271599963 
31457690 
281800872 
5566952 
42265227 
14684630 
286352949 
145294106 
73040983 
202951481 
2754521 
41792496 
63021904 
166219122 
48045448 
247079553 
53373924 
42354147 
97746729 
249832204 
254590305 
255693932 
182095469 
29655018 
207669798 
16096104 
239122501 
170427873 
107157060 
153338999 
48827908 
57418562 
39202327 
183338984 
15927998 
18066875 
15488117 
111089296 
260769885 
39775897 
131853207 
88137608 
15832211 
214363260 
285941523 
29236588 
16309481 
21344086 
18649217 
15505550 
122810303 
282288022 
16825062 
231945850 
251784934 
174686470 
31175661 
72648916 
112512877 
214429374 
39780770 
16837019 
32459360 
24883634 
14548621 
86990592 
173259601 
296321195 
33654678 
5513942 
275338785 
17972230 
18420252 
21462444 
61624933 
276921561 
17899417 
61920723 
220560106 
7082702 
48362513 
108139457 
16933525 
18210683 
58866657 
31213362 
14979616 
25354531 
28609612 
82615894 
19503082 
100614511 
156184484 
181663637 
179752291 
15945085 
283049345 
127668402 
19691332 
162252203 
26071813 
19760382 
130182190 
18214840 
147135543 
281046480 
16156302 
152342521 
292358971 
23965722 
75342518 
230395317 
21461420 
206358757 
142379581 
10814422 
16061390 
14298573 
242595842 
9812912 
15019961 
62725604 
57719445 
22634512 
14082853 
14129427 
276395971 
64872285 
72628656 
94468634 
19017099 
159695505 
17350035 
29392243 
28115822 
27473193 
23959776 
17453563 
23469686 
110821538 
17545037 
63023011 
14280977 
121412321 
26586924 
29221255 
22677701 
245489068 
14130628 
33609749 
231499353 
177038682 
26048425 
171352051 
17404895 
14587342 
133012175 
120115417 
15213350 
288440453 
15194231 
14905019 
105583837 
137073057 
119476017 
52159586 
119984497 
185826100 
21296604 
243791928 
108250626 
19413885 
235753756 
20184061 
62092810 
18814878 
15726264 
185885084 
85618686 
223524009 
180439064 
128647332 
80640579 
71873878 
14465607 
260775687 
200192475 
269589438 
8496612 
50669904 
199738451 
138498379 
240690931 
64492369 
19957049 
237554832 
14949673 
38600665 
59136692 
16909552 
38479093 
273246585 
49451661 
231239078 
23412000 
11879272 
246607944 
18344173 
16135709 
37612346 
179091368 
107560837 
18640926 
17475108 
63728431 
14242185 
34536858 
242011722 
89183429 
91826990 
75417724 
253444178 
253240910 
240354622 
234944200 
22570771 
236523269 
18051225 
109635853 
16263161 
17880018 
18345963 
123374954 
9306542 
54137641 
221160429 
30626352 
195900371 
14922068 
258927634 
241787677 
151372306 
17366158 
18585528 
169655919 
128318598 
25887274 
19770339 
31171669 
109526674 
241350222 
18854635 
90558964 
222719082 
17137619 
163956580 
82972323 
45499645 
64233857 
116065011 
39897996 
63587458 
21290401 
14968194 
98799288 
153079874 
6555812 
35418609 
59268383 
246596171 
16033445 
106564474 
33117865 
16245246 
18597908 
33174947 
22746886 
14870804 
97188064 
72661269 
246220883 
773781 
38518860 
42721370 
172133151 
70401918 
228346840 
15855422 
194062729 
33457809 
21839334 
235747573 
243446902 
28320555 
123752501 
76227912 
13558642 
207332339 
273558427 
182987447 
98714549 
274548598 
30142892 
20271822 
16547038 
13057142 
15482351 
34537273 
59291770 
44913604 
220966944 
214272307 
25289693 
18247515 
20863027 
30668927 
23226147 
133492415 
75661839 
145325021 
42240576 
17100768 
21444262 
196136932 
18044059 
140028928 
71149658 
26668603 
19364233 
239237477 
38207302 
16886925 
161792261 
41388309 
27728768 
176464736 
18921343 
22583741 
257455841 
17794375 
20719358 
242224280 
203768967 
55731979 
82106689 
20942425 
16420820 
216973007 
55637857 
103945280 
233409410 
41842768 
33370627 
16223486 
76840708 
2764331 
46786678 
211854428 
78758554 
17984154 
161759592 
25493397 
15461836 
114899946 
18560698 
14589191 
14165053 
13119862 
62845490 
14875041 
149271912 
34011150 
62905666 
128230252 
238065796 
14591033 
200247610 
47671000 
12650332 
24247270 
24604883 
211145535 
126754289 
68070419 
12343442 
70393730 
254622729 
21125645 
9158962 
42917511 
134917278 
41452451 
75353483 
254436439 
160502420 
190407296 
22429169 
124742769 
17834220 
15073966 
51401556 
57578808 
259312792 
256265574 
17385332 
114467024 
169970345 
18358521 
262707226 
246568497 
178997867 
9142642 
45450673 
16900850 
22490140 
136019079 
3462401 
262994909 
111662835 
18480494 
62929750 
250227262 
101947057 
11196792 
12122232 
198922927 
44422479 
140647440 
116709307 
176418779 
14056286 
18491049 
15754040 
14665011 
19026127 
197992791 
206169983 
27434828 
13073072 
50089181 
225022318 
38187092 
68340138 
214495720 
247149591 
21791978 
17945015 
248787808 
172722641 
206466677 
100292056 
30837289 
31360562 
41394123 
17450437 
16391813 
234415968 
16869952 
15652889 
81675307 
19670492 
26976322 
228843293 
155549680 
227008838 
57220385 
35068546 
240926940 
234813682 
121879760 
150096442 
32848748 
13628922 
24923319 
27739018 
39604342 
15156246 
260934799 
13253992 
14497005 
104586287 
48481663 
21073071 
55954221 
186727677 
79581485 
18698263 
120001986 
190292949 
242660601 
8965762 
18446787 
30962170 
36459796 
18460199 
15749357 
119652387 
26849578 
14134608 
17628827 
14800619 
132404534 
210587185 
17880510 
15392017 
18941643 
27659596 
234931718 
246354291 
197894410 
14278302 
123925024 
35779792 
14304302 
19089993 
18478480 
15928027 
97892077 
18621945 
52510345 
87712519 
90316641 
237837869 
43141927 
256900373 
28610770 
17033708 
210967324 
112711144 
16659187 
163534042 
108639369 
20559450 
17603231 
89103805 
28428838 
15842919 
16468763 
35354046 
31830665 
21812771 
212687768 
14111400 
7744882 
156902273 
19119804 
14433841 
96598101 
19914235 
9116332 
54189745 
12965502 
14131109 
45619287 
19356023 
44938490 
182795116 
200193500 
164375201 
14316355 
18706883 
114519095 
225131027 
200596036 
41350830 
26734716 
85683923 
19684844 
29648224 
16694698 
20664195 
2063781 
62404075 
24605959 
29807908 
16536804 
28111879 
23405905 
194326465 
250140146 
7871702 
110829300 
113677103 
172592442 
206272922 
22516489 
17461802 
19732334 
14364397 
15957929 
14334625 
14660376 
12088232 
14650067 
136753097 
21240511 
39369840 
48164887 
216013791 
240776356 
15067535 
92040854 
200891132 
127991145 
160313219 
14857106 
215689270 
63812552 
76093100 
14675343 
18981448 
34123997 
115479088 
62052130 
114686448 
70045611 
34608345 
242409496 
104672238 
200040404 
93472873 
28626286 
14792680 
125682098 
140882350 
15161336 
17761656 
150834428 
176702878 
75737818 
77890226 
13359972 
23269611 
14234689 
62124883 
45713580 
144689467 
111485965 
155908569 
14690899 
15483269 
135765353 
29181774 
14953865 
17543438 
240723255 
104576988 
14133162 
164830389 
244718094 
225169068 
197573268 
206791197 
200286648 
59679917 
58553341 
16100989 
14864150 
14320910 
213363845 
67751056 
39841640 
28130246 
201002448 
137504345 
15811110 
201709952 
176046934 
92540746 
246515965 
19965241 
38896535 
39121200 
47425708 
15380520 
209909309 
16173970 
222187003 
32431082 
33136912 
173456178 
75187300 
246441740 
18157068 
137186739 
79930408 
73284188 
23331431 
17129454 
23744567 
222017939 
236820931 
233082826 
228873340 
201807820 
16578443 
230944930 
14940588 
34013767 
226641038 
212473007 
230564911 
23058226 
202063187 
38093306 
91186529 
26557369 
202267323 
87274884 
27884491 
17993465 
24939261 
19708773 
19636553 
91071674 
23994540 
5249741 
49451814 
106074807 
18608106 
17284239 
33053988 
237854311 
194204803 
18641535 
39616153 
77281504 
200467234 
25613262 
16476911 
18294514 
211889223 
144607187 
18508819 
206257166 
46222099 
28896284 
5816442 
84936002 
18394976 
14045804 
176488840 
21624641 
148446128 
202852595 
185497324 
192895653 
28629235 
214353023 
119750837 
25202667 
51411869 
53730065 
35563232 
170404126 
73993916 
221595383 
17816270 
218490342 
115547642 
237172437 
203194504 
198977464 
10926912 
67783555 
17899205 
22640873 
184394346 
84762052 
31096135 
93779945 
239949101 
234295137 
44573140 
115254266 
19611658 
85771455 
190625585 
8406952 
17473883 
20337479 
15850697 
22842016 
5901702 
150183299 
133927885 
95092393 
38535159 
19505248 
20076659 
207850911 
188939809 
190138224 
237815310 
12806822 
22782914 
15762258 
185349986 
35258575 
18456173 
65114836 
17805296 
23368092 
212711552 
18810374 
18466925 
229559664 
28193329 
83521795 
14903690 
14232418 
37538191 
191333389 
127525480 
10595852 
18730507 
234947020 
37213692 
188092633 
106586662 
189294397 
198050782 
24000067 
211223497 
238223182 
21839942 
55221570 
168545183 
150778314 
103655153 
229669544 
125444580 
231543218 
64659108 
212059944 
25726829 
18323749 
23343968 
36080077 
38170583 
177782694 
23378067 
147238440 
190786165 
99802739 
225295155 
66446414 
226699629 
93455842 
17033125 
28609576 
18137112 
133178883 
179442897 
151177250 
1916151 
80762745 
17855061 
211822361 
80464013 
219281551 
189276359 
16089435 
14207623 
20166590 
158471374 
77282328 
15932085 
195081451 
201760284 
51904596 
19047089 
190355913 
27161746 
19214155 
45589420 
16015917 
24700604 
16264347 
18578616 
27841516 
84061021 
109451238 
168521214 
119589549 
158005282 
37801443 
19000137 
34403567 
97727155 
20816881 
17326645 
17214254 
14920239 
25727972 
29640535 
20526984 
17291166 
40703036 
18643437 
15371730 
15021556 
10212502 
186426532 
24224879 
15470737 
18978562 
30904668 
18230846 
18289941 
47395196 
16459176 
17629951 
16479161 
54439786 
24479655 
227614566 
8715502 
3274591 
21096731 
11795622 
98691124 
64781593 
100818788 
114356467 
112479899 
16565383 
16907137 
8147062 
18953266 
21658136 
26870040 
15474782 
28427956 
15614317 
233326972 
232726293 
117394332 
29613837 
9689322 
230548611 
106146204 
195838911 
62688243 
215492990 
159716429 
42708186 
18188060 
48900101 
217739960 
152772098 
16013924 
73094212 
82155855 
103331092 
33392962 
213341042 
195818275 
218138837 
41466372 
131490551 
23814326 
46159898 
6645552 
139130040 
151380582 
216775904 
22168232 
34559415 
149008544 
70670067 
16630266 
72598780 
33458166 
80206113 
92597286 
133780513 
21204014 
22531518 
221912935 
193039731 
13097772 
198529080 
231410501 
10750782 
19287550 
14856967 
108660349 
34551138 
21626346 
161141384 
44171091 
5819812 
31041475 
14956535 
29719595 
156409303 
16035628 
3382 
13732022 
214813651 
146678562 
34093364 
20299552 
141189815 
28379967 
16829680 
37126754 
19079151 
17741758 
16186656 
99143216 
14807254 
31273438 
52526819 
164353604 
16214977 
57080281 
177671176 
10342142 
163902083 
168368085 
102183240 
6859412 
101019179 
43245028 
85385186 
16534759 
208897053 
17891174 
17743199 
78657256 
62100609 
23846195 
27919009 
157891985 
37769863 
23006821 
16217076 
19566658 
21580963 
17770342 
110016434 
94358525 
133387260 
19259887 
183578722 
56397733 
135692675 
193534501 
15554922 
195871556 
221907154 
18922646 
14434127 
11539982 
17948250 
16161448 
16676761 
9887552 
48678632 
7119502 
18663330 
6745232 
77586470 
14664725 
9017192 
84693522 
16941596 
77740550 
92591408 
14735589 
38925280 
161791207 
213517368 
86112374 
14119285 
62516304 
135604215 
33751104 
82736613 
180269399 
14848408 
94833097 
39336441 
96238208 
19012430 
69288231 
218974809 
24372945 
10257182 
6680402 
21979792 
18944529 
92439035 
11922842 
85875239 
22157427 
17898327 
5974052 
17567609 
21639898 
37027131 
59429363 
39591754 
23711425 
17553103 
27570671 
15852942 
24071381 
199345821 
25085425 
23505967 
85136308 
123977178 
115095051 
17514354 
89817371 
212672791 
14285046 
194986752 
5909992 
95303482 
154050756 
142645602 
38021037 
14773287 
19129129 
40056259 
204056690 
19491657 
21218704 
201078466 
19685142 
74761506 
119841736 
19770337 
16856670 
15237333 
182478372 
7906922 
182620117 
23214487 
15517693 
111200621 
14098484 
63458020 
124158364 
102040721 
22099705 
71873943 
15931435 
5879482 
121358824 
14316713 
14885622 
40612444 
71325392 
193165951 
15441893 
125767119 
18450691 
6436872 
171524276 
89357540 
21117198 
42251939 
32303093 
7792302 
157565086 
26092570 
18684688 
7165832 
105961088 
16349641 
39568359 
14996326 
13601052 
214626969 
155368247 
40696869 
9810192 
19289907 
34010454 
122158328 
14170585 
9974132 
12606812 
17359582 
31179169 
12867352 
80962686 
15363671 
14343676 
79287934 
127156442 
15536250 
124473570 
87953347 
5015281 
6632962 
12597132 
20016894 
56437995 
20725099 
103961294 
132982302 
18139881 
211177727 
