817414938536923136 
835038144516874240 
226711478 
20019868 
2306687390 
1882887830 
51239568 
2472896624 
14183975 
863095946 
1129071217 
2205718776 
20247990 
15383958 
2979430185 
17034634 
3096609996 
360944634 
17685509 
796828257156894721 
20445803 
757891106 
17000457 
299659914 
41754227 
823083 
15792192 
304679484 
4167128548 
3137031 
29292054 
245794353 
723370717740290048 
34695300 
809233214 
3227362300 
725320414570811392 
3152143718 
2413531399 
2434855316 
2433608539 
19444865 
1648629770 
38298987 
3167734591 
3687721995 
24794784 
4851344125 
17789291 
43582205 
462331847 
776196808909336577 
33953594 
339097422 
566090985 
343009398 
22087356 
43423260 
2200927998 
42685984 
1528873254 
14605678 
14347007 
3016117237 
3851252292 
39064593 
460223147 
18968460 
30809687 
712878007 
518961228 
891912907 
58257189 
4826858108 
2289937992 
186555221 
4148135419 
3245714814 
430178923 
14272814 
2404418767 
43380643 
19300082 
523523977 
2798376325 
1018689252 
1428322855 
1972923828 
721162417892237312 
3658721 
88005601 
123863 
621093126 
4886785719 
780381795602739200 
15754528 
988281 
391604103 
17738149 
3315481832 
48143009 
760876829821415424 
3993009442 
45376738 
147677409 
16331393 
73041717 
19959736 
3157943276 
2347415502 
4405491 
2339403122 
35825116 
1011064752 
584177155 
811322064 
556068911 
300423993 
2336011 
65135873 
301489145 
55942905 
35868362 
115933872 
39791125 
748153678343847936 
1375997359 
1976521910 
373885181 
1961223272 
120083595 
3094377824 
781230166395674624 
2906373290 
2522741 
74482020 
905330911 
292997864 
2477159198 
34969705 
297573123 
424016616 
14483610 
1706460564 
1431433304 
290652286 
482224186 
54281360 
18686004 
15041702 
177041968 
5517492 
534367706 
298163717 
1902543794 
2386062248 
775524881161187328 
1322856085 
601181589 
520082376 
952325162 
843837595 
90689083 
6154532 
307162880 
14848158 
790956397 
18730591 
8978022 
1121379709 
740213527961468930 
878812334 
22365395 
3009507264 
4633380193 
3256941222 
96503305 
1956196316 
14220643 
3816294079 
294242551 
3315367305 
15668903 
17013783 
83180426 
415953154 
1688461 
2998065150 
94849669 
950494890 
1408218114 
4539030912 
30030425 
15137429 
37452898 
1595721 
540986936 
742447733680705536 
571379819 
2469546618 
91030285 
76828977 
762909200187961344 
606103148 
3252998809 
282386517 
33839688 
17081436 
1342516164 
1929733507 
14145851 
164336165 
3214606732 
1898257362 
1195166132 
4706854489 
1598821933 
1909244732 
21268213 
22341027 
15807595 
2849852682 
20692572 
103948982 
1574120258 
1102301317 
74793729 
2573845567 
61984094 
2804407273 
333653545 
22239352 
2390519593 
274893253 
870710052 
95522413 
725831589188390913 
760208180316020737 
723591628703719424 
746400122687262720 
36711022 
482657393 
205083867 
34743251 
3372585701 
3356531254 
174036484 
66473359 
8492382 
222117536 
2995435292 
36686954 
3437964687 
847721 
1434051 
2213967076 
2549168125 
133158898 
20416413 
2411181410 
4498492115 
4625358397 
3238219443 
571202103 
2256798752 
22558258 
437907939 
47916714 
100188425 
17861051 
2905518644 
1228325660 
872257033 
19315064 
315586066 
19249356 
104636001 
135162673 
18369254 
38090562 
2895074466 
2720635614 
45960955 
2709373616 
26402827 
106323404 
129937699 
2395090705 
15577213 
564121793 
27361037 
156814503 
391891226 
20104965 
42583325 
44358989 
891923695 
169961978 
1337462718 
1201577964 
3496641 
224127563 
22467617 
11666142 
32130546 
2333833436 
65119912 
17432169 
15412070 
77034099 
1878084872 
2196922086 
637763 
16913772 
21457289 
22715576 
17093617 
2384354214 
9460682 
294210173 
75691804 
486195275 
605805760 
104969057 
602317143 
2350667635 
23735316 
313906900 
257505955 
813836846 
1691859852 
26265894 
63043 
18496432 
546052421 
50392479 
5845642 
18948541 
53326353 
91226005 
351221537 
23656337 
108743439 
22589987 
546860208 
1857421 
136357511 
6323872 
947270846 
2312534414 
17906431 
868476660 
337167459 
16240267 
24439354 
180505807 
55641214 
981273865 
15783127 
158435251 
1906915838 
241252878 
1719051536 
847761 
7905802 
346911616 
8657542 
16623682 
21815863 
282754609 
824128753 
815287825 
221838349 
126524306 
15141674 
29265903 
26080637 
250257803 
112574229 
52328006 
298185802 
1849922862 
16871859 
14270898 
30250458 
15692905 
31845567 
24742040 
2803191 
612076511 
21720350 
8072912 
1189655773 
74286565 
1390097516 
17852343 
904722284 
438897828 
234055214 
22481214 
16425197 
20874701 
165262228 
24280271 
15989423 
155436555 
16093249 
24994596 
188266846 
41675415 
50393960 
62088536 
278208122 
51718575 
622462907 
242831736 
18137723 
75079616 
960860563 
1074024067 
1671811 
241189875 
14335778 
107383619 
9510922 
279390084 
64736957 
144003355 
19686376 
14208474 
48840909 
37025150 
15434432 
5511652 
16637625 
16063910 
20301923 
7851942 
7771122 
24358412 
12199652 
5435752 
106069564 
49465463 
30804418 
336080248 
313563951 
40687908 
17802169 
223048206 
882865662 
727012381 
628525490 
93017945 
14587617 
90625152 
14693400 
7888762 
15487945 
209640752 
14843763 
34732474 
756040 
11880912 
454340464 
17240489 
891306409 
880702188 
19881682 
8502122 
246089480 
281723425 
51589791 
278614271 
19175763 
296653925 
120609559 
23915004 
849584054 
1340521 
14082112 
15147397 
14255297 
83000382 
390390801 
15377115 
275194051 
14572071 
13860742 
16675413 
835956193 
198285459 
215506582 
19067666 
153019202 
711770958 
259906848 
96841520 
4258851 
633462372 
127090765 
344439820 
760904107 
457351004 
539267608 
18248240 
260347198 
56029476 
234642208 
603856584 
20464303 
287333509 
4938171 
44744034 
14272162 
13837292 
561754773 
18907461 
175124304 
9182302 
15677901 
12247062 
17496982 
42553084 
527123659 
15135752 
38611183 
15666380 
113560280 
20809504 
332065688 
18713254 
91211346 
152049148 
500408062 
740109097 
15473958 
68474641 
14620753 
330201982 
52234933 
103060864 
476376242 
36698958 
163875377 
10823502 
14964767 
180192694 
557220847 
386190259 
71165241 
348849391 
14213577 
130569037 
11167502 
467179980 
49682306 
42711666 
43004538 
20736235 
22728255 
556322003 
823905 
204798991 
66444512 
11069462 
15430304 
34416705 
46138460 
411130240 
356513832 
122520135 
121863826 
137202979 
255724911 
341251022 
232675898 
405328977 
484536598 
565727979 
470123163 
565710591 
202281478 
48901814 
8534362 
14256866 
566604376 
567011332 
255423309 
19569651 
559954555 
565795911 
540556601 
112225569 
17484254 
188937813 
70730866 
35066660 
27089647 
7315022 
479051993 
17702816 
17281263 
249497487 
697163 
26775066 
391871811 
353711846 
275686563 
378223565 
368746529 
19740363 
65139172 
8956042 
11132462 
19279476 
781730 
28646058 
277707363 
239696089 
114611755 
210518246 
14987504 
69107955 
14306893 
165863 
15935412 
20622167 
253005447 
16014771 
25887274 
14461406 
20534861 
28838912 
16458319 
7206422 
655833 
266076925 
20731304 
45371298 
127313234 
48441756 
19253334 
16122373 
127630482 
17383707 
160442643 
7427982 
19596074 
127958577 
7212622 
24837645 
25956172 
64509260 
14319160 
66521536 
154008517 
64234808 
142820024 
185502860 
98568440 
17543252 
158393847 
18682450 
20407242 
16303106 
49877901 
161760542 
167512947 
16016033 
136879221 
3560241 
19570213 
23998497 
103927767 
17020962 
6748392 
33950244 
128956175 
16186995 
25264982 
15033883 
69212549 
118934590 
133793878 
62581962 
13434092 
21350705 
17348224 
121130491 
22853 
11184792 
18809629 
14519083 
115485051 
45866071 
79900095 
14660297 
28486847 
29418802 
784304 
15372377 
14607517 
27509062 
663333 
27769005 
30016452 
41027133 
15680258 
17552681 
36179827 
49142457 
55978560 
57747185 
61825658 
57449512 
18072149 
28447151 
20496068 
59804598 
18070994 
95535282 
24496399 
88066441 
100892808 
88085797 
12738912 
15564957 
101008987 
17537963 
95802291 
15738725 
15837844 
97570889 
14634543 
14597044 
39024419 
21982720 
37116828 
27878832 
15962096 
20108560 
5248441 
48529654 
14480405 
7861622 
18274752 
791124 
51813767 
16129920 
48450011 
27747464 
10587382 
28056787 
15064834 
25372184 
15621032 
20965759 
35966249 
16911769 
16620874 
30255305 
17354164 
39699414 
14137668 
14696126 
19552930 
26806990 
14063559 
3943671 
20520465 
25023575 
27561765 
27347303 
20459117 
9723672 
29274375 
24566398 
14803701 
13757792 
12201522 
989 
19314650 
7860742 
22461427 
24249227 
14151317 
23222127 
26649282 
24447643 
26547892 
18970451 
23614766 
15780361 
24295949 
19789034 
21443067 
16315470 
16841392 
23229777 
22671088 
15388650 
15643135 
9522982 
17050347 
15268881 
15064214 
15032114 
15670515 
12795662 
796420 
23170693 
18729895 
21435405 
18404483 
21303749 
22287121 
14288485 
17661738 
14414761 
15854428 
15361406 
19799261 
22413583 
14389988 
20290383 
19079184 
14842537 
16180682 
20458944 
862681 
20536157 
9639502 
20106337 
14318270 
6334982 
18262300 
17493831 
19572686 
17034128 
14372486 
18921010 
2172 
9720292 
15165502 
15165493 
14693823 
774096 
14075928 
14140686 
17523331 
16739243 
19402582 
16563900 
19169063 
7981592 
19288656 
18734548 
21119631 
18443633 
14475312 
16680518 
17626655 
14129628 
10191 
14600116 
2729061 
14224219 
767 
18842649 
14424233 
14721807 
20102504 
17297170 
19808891 
3956731 
20557892 
18231513 
16971487 
21253492 
15034603 
15326961 
16539957 
11852182 
16731642 
10701092 
10204312 
14647570 
19472613 
10109162 
16077552 
1166361 
7688822 
6325552 
16812698 
20792476 
732073 
15397941 
14078776 
7943082 
7810092 
15006508 
16552239 
14149613 
18910471 
14913230 
15626861 
12342632 
15921749 
16292668 
17143311 
17301859 
21026519 
8708392 
8957662 
6838432 
14749383 
19103451 
20971310 
15224275 
16204962 
17830461 
6297852 
19959233 
766652 
8559252 
16525846 
20899445 
19842962 
20522692 
20552243 
20001088 
20832074 
19010964 
17732951 
19014641 
9060212 
19039236 
586 
15447034 
19725644 
5637652 
821193 
15846682 
20352545 
15901190 
17518588 
17661765 
14100619 
8236062 
16817883 
14235897 
16935292 
12650332 
19788703 
15485441 
14522546 
2100521 
10810102 
18396070 
14426048 
17201929 
12666842 
14154849 
5688592 
813286 
428333 
7861312 
14348594 
15249156 
15234407 
734493 
11348282 
15880642 
19029137 
1378831 
14756183 
8593262 
12686382 
14415833 
1183041 
15682401 
15949924 
16616401 
16868430 
17275529 
10865472 
14451692 
15913 
10350 
14413075 
657863 
19211358 
8059192 
18757890 
5676102 
16731744 
19008421 
15487097 
6144932 
15227791 
18050316 
12799092 
18006938 
13064052 
7391672 
6152702 
7283812 
7964532 
4987 
