611399291 
2834618630 
788110982 
2922266132 
995642455 
469517478 
2787199064 
710281897729925120 
755152143141703681 
1643849389 
581033983 
1327906134 
3435109216 
4459665706 
4509233062 
524657792 
226690054 
543316184 
1034119346 
3013690866 
1435994318 
2632716033 
2325621853 
2602708329 
985840849 
1092777318 
1635979987 
872591509 
370419168 
2728488134 
2675509484 
1587678775 
3316509245 
811661502407176192 
719308390405578752 
562784876 
197264075 
2717557345 
154048214 
2578922137 
740567491366125569 
3378228717 
4100391622 
2748001296 
1960283150 
2940131020 
3319545392 
910828603 
454939382 
393456494 
240735095 
1645975554 
613913776 
2888160711 
70009161 
386788466 
1319755279 
1141461181 
2445896892 
1898815243 
1308555452 
4659088213 
3241967302 
4759795017 
724223456 
748137168 
3097976235 
1240491098 
521340458 
758484549408088064 
1547290333 
476634454 
2565473791 
709969940 
455445297 
1323404239 
1310630059 
1254944101 
2366232152 
1380971438 
488908367 
15667712 
1905230346 
20900209 
250188130 
304669638 
102206775 
41496312 
113180682 
185771720 
185089453 
196013643 
746579184 
245567641 
23539346 
28406408 
246515294 
340635228 
19157396 
177058801 
102829434 
23405114 
22147204 
174774292 
29389261 
16300797 
606598251 
68381886 
346353711 
40184762 
577403888 
22460919 
473099336 
778193464106160128 
119912469 
66476763 
30495613 
255316854 
2246302825 
29286670 
1326005282 
1391259187 
153297135 
331120729 
55846083 
166863073 
253029503 
371473091 
20468965 
26327095 
332409110 
1979124564 
17685510 
97498167 
307426028 
2418100549 
34534461 
261749497 
381133460 
347913406 
168939370 
259557384 
133927713 
19738459 
250743497 
93996853 
25624117 
16712746 
245527050 
290939196 
360493 
95485773 
45509315 
140937441 
111037905 
43829038 
21367120 
16573745 
17929376 
16857536 
28183869 
150102668 
17861062 
61145108 
130636009 
77845268 
42267429 
61374927 
22529702 
24024778 
52678273 
114707587 
1196254680 
131072390 
79890469 
307548363 
2415268284 
90084099 
66092787 
46671731 
274184658 
128023009 
48177728 
138387944 
409089061 
260979139 
966204836 
92945681 
160272734 
24496251 
561029219 
420503585 
1290082680 
274810287 
39364684 
23779324 
152966047 
338596872 
318531174 
350128848 
43785441 
86876958 
31135086 
23556859 
280461866 
4273170626 
381783887 
1301847192 
2914990117 
1021419306 
209081224 
66306024 
281098567 
346464153 
2386583389 
2878542649 
1260366252 
227639912 
187664250 
244293586 
75050496 
438128416 
576078420 
2200995272 
111093944 
122018261 
35749369 
113581655 
750924931 
43488221 
222516693 
1853932387 
2498809836 
28371604 
2863347469 
185410444 
15069237 
33815358 
37946390 
74058491 
529547302 
396633778 
67973271 
362272961 
20372050 
434725454 
150455590 
3146174539 
89336577 
49717874 
75923330 
298199572 
52339151 
116499815 
610255022 
22676803 
119199038 
1126948346 
405728790 
155151279 
2301880581 
23873876 
114423418 
169969771 
148945945 
200611056 
777853467436191744 
2396038652 
37344334 
33693118 
3891486154 
47283664 
449281364 
128460871 
77929503 
480525058 
50735431 
217546128 
23315262 
153156412 
24529777 
28301551 
135039839 
314120493 
25543672 
359099321 
403198209 
433804134 
147023972 
955885435 
172887151 
2592634077 
405427035 
361315016 
394129778 
1035100758 
321866313 
73571504 
121033748 
14946999 
32939851 
142722336 
543699683 
2472244437 
70875326 
92211391 
147139743 
100847526 
1688252430 
369132642 
322293052 
204372958 
48410093 
713600472 
848954095 
32546266 
20641995 
1089398010 
613088225 
314591606 
267319125 
289342771 
332375645 
289301958 
15046200 
35179560 
242651047 
1207473092 
258081351 
130159846 
20576735 
234911722 
2807429294 
65305565 
177520355 
2887540417 
15414807 
109013093 
875552838 
217236694 
20008093 
2432156600 
507662284 
142957691 
140969962 
628808642 
82640260 
3244861583 
57188977 
88856792 
50393960 
3172100750 
69229721 
613321095 
700568101 
124258971 
97614907 
122995784 
69914008 
22940219 
850869517 
274119641 
2678072634 
116677732 
28076276 
277434037 
17711046 
64049044 
281766200 
22950592 
758805037896183808 
53732896 
371069402 
2418461629 
782973815496192000 
228822613 
191733878 
786958314 
114026804 
581301629 
101928415 
209708391 
555448499 
117856865 
80474525 
137616033 
119509520 
164236171 
413487212 
143409075 
122453931 
57948579 
136479128 
120990817 
45417534 
140233086 
106753602 
179274592 
43769311 
333982951 
286064020 
3138637447 
2457691350 
147975612 
132533490 
75823831 
22129677 
207888272 
3305780538 
2805358944 
24886570 
2719753171 
129786468 
2936010270 
21225702 
204002663 
269916429 
217419152 
499073990 
104417011 
52551600 
154175423 
187083657 
735954043 
26528926 
31798899 
173195708 
259996461 
249128377 
2334782282 
23935121 
172118221 
33261208 
285332860 
702153001314562052 
77841951 
204149161 
46306646 
136165096 
48994824 
33390855 
472253290 
217400402 
1413726524 
238250804 
330510986 
222177340 
42984662 
221521761 
52135300 
516771605 
48623391 
57982473 
135032268 
333552268 
185384617 
480577832 
101842264 
50220311 
467169923 
182033179 
139242827 
154035811 
1660820292 
29206353 
56299084 
256781040 
139118162 
242567007 
350334760 
2403063588 
2439098062 
861083240 
1417829894 
267009091 
115705413 
739520106 
17944199 
177338667 
2281080026 
97893963 
149733596 
210792232 
106961801 
659033 
179932936 
45675029 
533394907 
368186169 
946046628 
2997446035 
194028861 
3042477100 
186202772 
133014884 
479017004 
2249968148 
1614696542 
3314976162 
1163125105 
138330579 
139385992 
412781038 
1591083258 
350224247 
253415014 
21409847 
152967331 
532929138 
2911000602 
2314959096 
728173090027520000 
152968869 
1610204803 
740216334 
632110916 
169927844 
940080582 
802295798 
734600071061331969 
192354884 
340019230 
121509798 
21407290 
152967678 
94166168 
32917485 
2584428931 
23511303 
225190303 
280701704 
381326347 
3129345501 
129009099 
23396761 
375432420 
23322119 
297486668 
250870513 
99664549 
29525453 
33473521 
2760019911 
1959776952 
723182339786862592 
119699901 
336445332 
175098387 
24787210 
41298605 
59781099 
70663487 
491581948 
165391600 
261598082 
102600381 
52939106 
314441881 
128044583 
67572374 
4285547543 
77714495 
84685733 
296971297 
29675916 
226220799 
364961102 
35990109 
50544680 
56365526 
294499000 
247560825 
36890809 
19054622 
292071258 
28665877 
123095515 
21362105 
19818494 
184241421 
159499426 
39644827 
24023092 
143192279 
39349439 
7846 
18236230 
22641532 
40768837 
308350386 
196795202 
389282899 
27673684 
203873539 
410409666 
3403152539 
46257156 
4607065693 
48964542 
51405063 
30447805 
27471945 
25023809 
2589343812 
785134044 
2397785881 
164264220 
460869150 
72374882 
1581181554 
298959564 
15901190 
2890976532 
19055236 
47869696 
27022632 
30791425 
41441059 
233433627 
333800185 
47290876 
24493831 
36880083 
23360024 
27964284 
26108657 
23280648 
92579153 
63056402 
69671984 
24263801 
39633585 
872374136 
23916140 
246225682 
93091480 
15435136 
21697226 
34690781 
3013511 
408774041 
31329754 
36158567 
25152239 
1059579140 
1222989332 
94120287 
136135705 
23605048 
454287398 
21753847 
2203677290 
34892616 
401346005 
2540538534 
19723258 
398458864 
2538115178 
362786454 
2830872505 
17565514 
1917826916 
56869426 
21228708 
3316203330 
18382902 
44196397 
275754574 
15251613 
30354991 
223047786 
18978610 
30602016 
29442313 
25142830 
369206130 
18043865 
206541722 
19764603 
23737582 
24296476 
28144053 
19024308 
1450386817 
179745270 
24588371 
21145135 
42384760 
545443555 
85617701 
324511199 
166270127 
553700566 
80144576 
65033956 
113078447 
225118032 
52598390 
224378701 
19348566 
20102450 
56481539 
28076725 
15138534 
53977189 
79797834 
16186949 
31331740 
63307648 
20620967 
17026571 
18640853 
15651878 
32061109 
66394978 
70179948 
38958240 
286686815 
78941611 
215138502 
400643174 
208913657 
32729193 
179776014 
179011520 
3652781415 
350922801 
45022448 
121828529 
177501065 
461745007 
725496920 
2220638376 
26443701 
219247004 
2310980448 
26113994 
203261118 
187090217 
317708215 
552632832 
625659974 
412801575 
16303106 
6207762 
1264286744 
429035507 
35348026 
25199305 
160541702 
1367453887 
1889636426 
78058750 
1187763794 
566237773 
63168789 
83293843 
7861312 
104574264 
102154232 
49731308 
68174078 
81825702 
315919021 
216430965 
954427716 
807689196 
153098292 
342391530 
313525912 
353952064 
267305045 
39596022 
33315233 
66601645 
56557940 
50826280 
15143478 
50780782 
468750705 
82097756 
20436712 
23465218 
278059361 
89544165 
277955712 
142842673 
78378281 
339838202 
51428869 
18395177 
17948810 
20508222 
96448406 
479371480 
59142708 
729060408 
265826890 
145643803 
19882775 
19950500 
140364822 
21502768 
80406027 
18130749 
531316121 
33447743 
466777455 
176486829 
1650528535 
30574546 
112457675 
71876190 
29879795 
22655414 
113497466 
151232686 
114035804 
384982986 
1255077757 
69049453 
618336955 
25248601 
15034038 
19537682 
260674089 
119413130 
613626869 
15093629 
27760317 
776860630934360064 
213969309 
622796109 
111615736 
3154252605 
34914032 
19520983 
135019364 
108849346 
30457335 
38403110 
3165290299 
1546101560 
4800946980 
810046146458636289 
32960094 
109702885 
436482631 
196235064 
23609087 
260202966 
123892242 
110368925 
347257032 
58761257 
248883264 
157718652 
273557471 
456497995 
45025729 
547922610 
207579964 
254783152 
286677598 
40102504 
35026523 
59659495 
236557099 
70794696 
295227803 
232933179 
103009843 
326508924 
43982535 
134832677 
64926647 
36882918 
53251561 
42699914 
226009011 
268551780 
72267169 
31495939 
133936708 
546560598 
57499552 
351110691 
62536211 
22091272 
33055971 
82143937 
42663408 
137524817 
771913682 
1289482598 
172377027 
30259370 
371709948 
58777972 
299932350 
263800151 
382510921 
19051166 
44394176 
2901305840 
191204273 
54403121 
138891425 
274715985 
190692903 
349157263 
141864252 
278103138 
325723514 
44483935 
112915037 
454035957 
20015311 
103565377 
772601706 
17542901 
35422455 
115700178 
268783568 
242329006 
431508926 
224958320 
194629747 
521924047 
21040811 
64338176 
112099774 
124382464 
563316529 
69205871 
42336153 
1242205638 
424177487 
19859554 
131763362 
293813064 
230697034 
206049405 
15024008 
566256064 
184745396 
101754347 
1034496061 
46970589 
84352985 
88921712 
103055974 
570230490 
162091745 
433553955 
2186412512 
39523524 
22180381 
94628304 
20432682 
631926517 
142598575 
170977970 
29282980 
219669370 
105971448 
109526528 
34868161 
267486967 
33458339 
35133156 
238881323 
235354349 
27740084 
184966814 
251299471 
23925479 
16334212 
2834212357 
105574103 
1091218758 
18936809 
175161093 
2607645944 
42097169 
278065408 
18171035 
329651599 
172542995 
299926319 
42213904 
292920781 
89260471 
2519513510 
3507260114 
40302320 
151138798 
533486574 
32117870 
357665244 
106823281 
319907182 
54135604 
99570517 
53882428 
229333456 
80815716 
589754853 
24469619 
60819381 
33443003 
16244789 
71091067 
177440945 
259958548 
3351327093 
608388899 
289969718 
52529345 
221522855 
179391701 
14934818 
19247844 
27072201 
189226864 
21973269 
3993491654 
64342649 
136361303 
27844479 
153474021 
15632759 
18334825 
34258758 
20117790 
327444664 
50776289 
256643002 
40090727 
19212009 
16101182 
24668317 
24291858 
37945489 
175174859 
142803775 
81480697 
987383311 
44381332 
37727867 
138166008 
2517988075 
29979980 
39133880 
34901394 
27592116 
17797348 
213905426 
502442856 
15692086 
19683967 
224809313 
310703065 
234443392 
25419402 
33586974 
595174213 
14444926 
108088143 
42319776 
29898542 
17883640 
21933940 
153313683 
530817071 
563389965 
18314308 
27329656 
1665606356 
40936482 
17607982 
25409688 
109285030 
27256185 
54089814 
54211178 
22335448 
27276306 
913773254 
1869775525 
44794040 
23216610 
40033828 
21154526 
461827839 
2165590886 
34663865 
16681111 
339804858 
34357707 
605106202 
39855450 
468001209 
37868953 
16495205 
108441652 
323417384 
23685907 
20010173 
34988284 
358676024 
1720234422 
25079004 
522710959 
21171127 
433730798 
33930558 
333235713 
302242634 
40500701 
43820414 
25158003 
18783665 
171606166 
19192100 
52528214 
222182704 
111557626 
6148462 
250517865 
305217958 
23261363 
175247746 
24340249 
28241077 
159225370 
2367911 
1278986623 
406745433 
436131988 
372274189 
29860364 
62432717 
19749994 
23184570 
31049965 
34705686 
21294094 
59204532 
31256852 
348474838 
145499533 
108095136 
431763054 
473619428 
26614012 
79517227 
20671030 
129017224 
21701028 
236906098 
1972278271 
30169055 
401681146 
606714247 
2610374101 
20522531 
50500695 
404746808 
2272091059 
715104644 
20952009 
206263351 
991824264 
29282820 
2746283636 
35041893 
63112528 
608718058 
97576151 
304551287 
33946296 
569214790 
14246001 
780416875 
257796122 
16691049 
362206341 
135272779 
15451591 
33627557 
87403396 
48269483 
633966700 
270005881 
44960028 
79375491 
38232608 
111257202 
868907881 
49184499 
277546050 
259392555 
238253340 
262041062 
23016395 
20443852 
202396203 
171231974 
122533830 
21148293 
15588657 
21522338 
17017636 
34793170 
36528126 
6779242 
21324258 
25913173 
159782560 
1925157330 
99550253 
20019468 
395787463 
44058027 
18667907 
68497896 
1492538024 
22548403 
121626258 
262454289 
43289545 
612662672 
43522180 
264498030 
185902260 
221573745 
15515656 
101215084 
74169715 
515722353 
126632581 
2469605695 
736417956 
739784130 
87174678 
139876086 
445659911 
68399705 
80096621 
23807048 
31239408 
42455153 
186129806 
28838048 
82239569 
1120402249 
249325843 
560362416 
429570086 
435525090 
66334209 
101695592 
57928790 
44588485 
102382667 
950165300 
58233603 
62290422 
65659343 
115341081 
138600717 
500526402 
53555106 
71201743 
57097104 
580097412 
2715115656 
140699869 
3063032281 
2729506932 
18948541 
40851965 
75974281 
31353077 
349300271 
35269664 
323120520 
288000034 
329746058 
137017726 
819685194 
500042487 
133093395 
20196258 
24083901 
509408688 
52613032 
109275593 
92708272 
409486555 
76294950 
18676177 
55520719 
79915337 
110384744 
121044171 
99918503 
101798589 
168606635 
1288050427 
135180139 
119681723 
316756361 
127765218 
732273199 
378460963 
114795028 
23065354 
466882955 
239411196 
175298380 
84542880 
179036286 
21879024 
153264772 
171117515 
1133920393 
59808841 
45452226 
892245979 
94816809 
36850898 
24647213 
2176998871 
36072985 
86422542 
87318558 
276716878 
97082147 
26148323 
113134752 
23544596 
41259253 
22321602 
492399548 
18091925 
398440169 
256551680 
251716551 
19881193 
288254260 
166366871 
266575711 
409283525 
20413022 
55573873 
193477235 
262359713 
173676124 
67737989 
205915163 
272561314 
55609295 
110721158 
368059521 
59319830 
105251590 
122555803 
26136956 
71339449 
41304837 
79332579 
218606509 
77222698 
158089836 
2226496302 
1139649950 
369037907 
176566242 
84279963 
125873555 
126089211 
90896009 
89699362 
363972381 
27776098 
245992215 
613718362 
36704352 
114354410 
318295764 
30925378 
47632575 
27966138 
73443014 
58834557 
1061281784 
230930518 
28638191 
50037051 
41109736 
551177934 
43302753 
26642006 
37457377 
563940069 
24523660 
215060612 
35985504 
2295511306 
1345393938 
50374439 
1588486417 
125765095 
185314895 
538640772 
444095923 
386244525 
214791922 
1924364738 
34572451 
21931363 
769727912 
468229219 
35927341 
80655102 
108936259 
91390383 
97865628 
101311381 
56631494 
87170183 
57998991 
31348594 
123774113 
111871312 
56913467 
107318424 
597301440 
295026890 
947192262 
490442018 
575188047 
33801019 
99642673 
1652526218 
152251488 
366947884 
139022142 
51376979 
86254626 
135421739 
183230911 
317034396 
113352671 
92726549 
220228167 
1176135546 
94163409 
18839785 
79708561 
132385468 
54829997 
485998915 
78435710 
323026612 
122258041 
3111553475 
282844077 
93612999 
59624844 
369487432 
23544268 
229219088 
75206471 
44215023 
348785149 
22872643 
278072240 
53297035 
303048990 
142157505 
18470958 
300595743 
95386370 
1228329511 
205302299 
27711339 
34969708 
28295738 
195962503 
213855080 
51219631 
27466653 
276540738 
12 
19017237 
29840295 
727050288310296576 
59325073 
217334895 
133424506 
371274920 
31209213 
409713189 
2233154425 
756271337585319936 
754860209877688320 
20054788 
3242495944 
4035503243 
14345368 
26683141 
551433993 
2835276183 
1633811846 
744454819285442560 
8443752 
216002972 
76591925 
274818554 
501617441 
146414919 
114501238 
355874903 
763440894 
144622747 
1217837840 
1430207376 
48990944 
69771400 
57879889 
122928781 
35798784 
21273807 
68977380 
66718613 
144944472 
2843197753 
3971645739 
230140702 
1171857924 
1978851349 
2810785386 
417632438 
84554399 
109241992 
163028046 
467048692 
943119866 
154590712 
372123733 
77810669 
35534889 
525916888 
25231077 
1303126417 
29654458 
2338104343 
44473103 
43018238 
109660695 
19871339 
209770428 
87070315 
16234029 
105715305 
15993167 
114052770 
150517593 
28198365 
20355988 
14754932 
281362131 
185739738 
166747718 
2305150285 
25084660 
21247989 
414569910 
457141274 
38426861 
18812301 
36746176 
57830672 
28206360 
1949906586 
38259087 
174593833 
847123669 
257242329 
544517731 
405793882 
236488592 
249902490 
262881419 
36262503 
9051482 
31119337 
192468772 
26885308 
22900332 
29611918 
63677189 
29910549 
19725644 
84358766 
88749392 
24647812 
107556834 
22387824 
77645932 
1645711686 
179661493 
17359373 
243474622 
27989078 
34036028 
26892157 
314792669 
453574328 
1023317018 
195814782 
76131466 
914588454 
599503952 
125463397 
79090231 
29641317 
831584965 
21219827 
234719575 
368540066 
20949534 
469508411 
389643429 
182199162 
21705931 
20567939 
38476490 
29583289 
16212952 
26835549 
386194881 
104288093 
833861654 
17087270 
68838777 
23997019 
30431409 
509531549 
24966423 
207923746 
19602869 
1330457336 
233266490 
204688509 
494266498 
304679484 
371582146 
15962096 
974384082 
20172395 
570022515 
757303975 
14824849 
586136477 
19731770 
21305757 
502281810 
44039298 
302288855 
305275926 
33990291 
229943617 
30629087 
25395994 
23859156 
952624494 
2564010186 
802939002 
624056226 
222565407 
80700514 
22792475 
482790441 
574168493 
275871993 
248747209 
33235771 
90006831 
30614676 
1715051 
70246837 
87239242 
235260472 
28907451 
70903729 
293722201 
113278275 
368182367 
2149178965 
624462023 
123255923 
1028211162 
200150767 
302136938 
16983244 
283916211 
285475285 
1302871633 
60023642 
105710210 
299531342 
145924381 
135839250 
412681753 
251521725 
59425706 
17344226 
291557277 
260864109 
1086642313 
145969327 
53556894 
64336006 
92717138 
987383070 
2253148681 
243332437 
1450530446 
48785884 
35369214 
15830716 
176485832 
25060424 
23620920 
1058236206 
338535630 
195703895 
618481357 
252060455 
75246346 
99448420 
559345507 
1346439824 
121046433 
2500955780 
271690376 
185527889 
3163548300 
1337785291 
2708915372 
1359277818 
2855255702 
934113512 
108660954 
92424604 
507026258 
271292659 
28283679 
334508085 
128155589 
120420865 
400636503 
30271564 
258970724 
243905905 
94039455 
23578046 
18125335 
30614876 
64205340 
35031708 
277276900 
926875862 
89014429 
204957452 
43298203 
70006177 
27911944 
44527648 
258868912 
6249572 
238050350 
115113945 
131482972 
487412249 
14790817 
86096933 
218167872 
383044849 
265554862 
34097876 
461521888 
516898909 
310172617 
1112722104 
16409285 
25460615 
418619898 
228184292 
16008484 
298320111 
27457788 
206868692 
23083404 
24859104 
121341102 
159311024 
62604873 
90693080 
28265228 
151112363 
89812222 
195508960 
2893511188 
183310940 
288333760 
12044602 
24599923 
21774892 
63822383 
471553751 
295946705 
302974524 
75854417 
62101279 
4628602041 
53414786 
232378544 
295714480 
138376066 
110025421 
2999078270 
111860799 
233183631 
743538714 
514283233 
121677709 
132992534 
508932270 
130991061 
2177710981 
163530567 
21323673 
221412285 
493249666 
2804293009 
1027392638 
361564025 
30974408 
126370504 
44312605 
379408088 
376495795 
314865755 
233386754 
259435698 
209003577 
169243528 
3099613624 
443215941 
223546666 
784680583 
317114365 
501389799 
1480251510 
305694283 
178812809 
245963716 
52544275 
25073877 
188399650 
3038295012 
15888142 
1881225786 
1149386466 
1129248440 
72915722 
398092540 
629892954 
431765325 
3327720838 
1161493932 
34312352 
325871376 
129400817 
78194111 
361961997 
130894721 
33597201 
472623389 
16711003 
79650494 
393488321 
59632108 
60050843 
91408245 
243442402 
34465816 
23019705 
115682368 
17733320 
185449401 
66544351 
310463188 
518557386 
322744081 
6427882 
241382835 
552121630 
168767461 
177345928 
23089228 
355708717 
1222639789 
1195370804 
141664648 
250831586 
193494089 
139848744 
23494080 
35471392 
1222616833 
19248106 
60865434 
183387449 
46452468 
252753618 
240456162 
344634424 
155659213 
18863815 
31927467 
158487331 
17681513 
40255499 
44409004 
154677827 
29546364 
13929092 
107436986 
110827653 
19362341 
24741517 
18091904 
238475531 
17399269 
264107729 
403246803 
380399508 
25970331 
439125710 
403255314 
158314798 
254830969 
403245020 
47786101 
27042513 
25917171 
2439032786 
133880286 
58466292 
47285504 
62591681 
54365543 
38913318 
326889905 
18838558 
24407244 
40981798 
54930650 
28706024 
18156146 
89898430 
1059194370 
238319766 
45709328 
571083342 
56464475 
1147015166 
103069320 
813286 
562381032 
26053643 
15074642 
42519612 
30047168 
332638587 
316389142 
184910040 
1314604885 
32453930 
17461978 
43383705 
59949396 
74712538 
19877186 
251496825 
124335068 
89503894 
225539878 
19329393 
26565946 
23450304 
14216203 
16579345 
15265990 
60818204 
33131538 
40908929 
116710152 
66561957 
48672487 
24807616 
158014897 
6211972 
344779704 
234053160 
209994211 
17074714 
46832898 
263928436 
2153380262 
153694176 
155705264 
391037985 
345488279 
41456486 
21133007 
166739404 
62513246 
512700138 
18625669 
1198406491 
75916180 
55117855 
602317143 
104969057 
154280902 
73992972 
54999357 
18518096 
241747585 
103012173 
34738598 
19562228 
156132825 
21586418 
36169080 
259379883 
19058681 
242038666 
20322929 
14790966 
3004231 
155620016 
366010246 
53153263 
30704824 
28412286 
24275419 
27816957 
365071261 
116362700 
487977202 
18159470 
18220175 
16171898 
27476141 
100220864 
46576295 
16998020 
140830740 
141052723 
20565284 
127910704 
124003770 
274136212 
52437361 
258483856 
618300542 
56783491 
1636590253 
35094637 
335534204 
17919972 
65992743 
67918705 
36686415 
30364057 
30686649 
23741531 
18713314 
26090319 
23976386 
285282053 
23561980 
23690344 
79293791 
149590738 
27725199 
50515656 
31080039 
1130156892 
288574927 
381919062 
255747911 
85603854 
93743751 
16409683 
106854950 
63172203 
28061932 
139823781 
18583722 
115093438 
390377012 
243835805 
20985035 
23375688 
342560704 
602993818 
85452649 
90021519 
15846407 
200913899 
19554706 
355307031 
489387676 
256573865 
27195114 
58528137 
14920785 
23497233 
14230524 
17696167 
24967668 
104249727 
35787166 
1339835893 
26589987 
28897926 
92367751 
27109019 
58598187 
268439864 
185260477 
21111883 
45266183 
338084918 
457554412 
575492930 
19397785 
30782495 
18228898 
28208983 
557379987 
1644644486 
25365536 
23613479 
23617610 
27778893 
16190898 
41229669 
32967780 
27260086 
236699098 
262794965 
215413065 
34507480 
29756339 
280582344 
105119490 
121551369 
268414482 
181561712 
29952857 
23151437 
127635597 
15485441 
27678749 
29091792 
171682730 
171682388 
308716304 
321970500 
17915334 
19743731 
22733444 
3303293865 
266336410 
49573859 
59247894 
2927164554 
2860160796 
255388236 
87118217 
33868638 
18681139 
90420314 
369583954 
18208354 
19555067 
42977712 
28066028 
715081326 
15419652 
65269312 
386420143 
20447903 
756073372908331008 
57024049 
24852465 
15460081 
63663831 
52729592 
23298808 
358814014 
82939583 
210238655 
268479992 
111199728 
19675870 
26961480 
32959253 
21447363 
88287364 
64090343 
38717140 
23388938 
157140968 
79601914 
1432138212 
1963823209 
801281178 
2323945699 
238923113 
92724677 
27737538 
235900469 
23380940 
268941928 
401865882 
151129779 
2916590951 
2811092657 
923189442 
47571031 
283387404 
53807788 
20120877 
108008859 
294344113 
70725301 
296528940 
321106518 
93828170 
349578321 
534399260 
3306484243 
705843391016226816 
789614223538135041 
2764468210 
257936650 
2506480195 
2899704195 
1244421032 
2970616323 
227121370 
2607963750 
1008151898 
3306104649 
380369476 
593370001 
1561145676 
518591762 
36483901 
296723507 
2505900266 
622119561 
2257307774 
1102501422 
18353813 
2827072824 
975126066 
1483237772 
736616562396794880 
2912101390 
2919197934 
2382765547 
2178794346 
2800436557 
2192030256 
311004822 
131962317 
3328277663 
2970833694 
549510165 
1154072965 
1047199152 
581494085 
75193883 
2761142017 
150003563 
239233506 
2401045405 
22411342 
35514147 
599060358 
955602331 
2597498814 
228515266 
81994188 
258620242 
1438162062 
1479568758 
38710678 
79827261 
44122936 
886207832 
63632897 
2324843016 
2156135700 
58431280 
18481309 
1906234147 
128841198 
100563581 
196415460 
138002210 
71174380 
121241068 
36008570 
34192959 
495074577 
1653530443 
567440698 
782709195456016385 
92297676 
2478045313 
369515882 
798234950 
35472060 
76353567 
217514102 
1121163822 
150791272 
1408603196 
90413046 
56773228 
74414542 
581579728 
26518339 
72034591 
185702268 
145125358 
1665731966 
981057535 
2385749072 
266791973 
2924667192 
2384489019 
2449601442 
3864521775 
2903123406 
3894839309 
3199117005 
361965946 
2468963930 
177134089 
947346722 
2778537414 
1446460165 
385258222 
32932378 
4789637971 
752061495463161861 
74773211 
1675176944 
54784497 
991401038 
21577728 
919596510 
74462331 
1078287655 
2987620812 
1547620190 
32128600 
2501274093 
3094617768 
495605961 
310072711 
826333130 
85996055 
557263383 
426422223 
38935952 
462338626 
43949085 
27750964 
33923443 
45468548 
26250653 
424399010 
2617242450 
2786430025 
2849311514 
1328750544 
1014842526 
1012350428 
113419517 
2857819820 
249326493 
790136510 
805146577 
36159887 
984413802 
2272856978 
1863807403 
2267729769 
1027468086 
1349082427 
264421092 
81768966 
37093819 
334350698 
295273992 
48458403 
358863673 
30564344 
133881972 
45786304 
144374958 
66209470 
196955859 
262218224 
503191827 
567341777 
24929621 
84489711 
2616179544 
164326175 
1167166308 
33553702 
319539628 
124083358 
151728579 
282795638 
367579663 
274792502 
786796010 
332408215 
461770018 
2284275066 
246490440 
629097517 
51832360 
261690041 
38747193 
171337448 
188194727 
524266028 
16223529 
407858480 
172274111 
75016074 
333984337 
310109265 
42598409 
1279399273 
23320448 
3817707029 
27118077 
348058612 
322606204 
104319162 
166767883 
19066345 
17019152 
100077645 
23588838 
46440103 
64496398 
278098811 
173721593 
18040878 
233924133 
41055396 
231335961 
14090948 
24350015 
80638910 
114782468 
139188510 
101879887 
25456478 
75365566 
6273552 
37836873 
142966873 
15014405 
72663616 
891794228 
210684204 
1183887576 
564686965 
3001472331 
33160996 
3583264572 
21011270 
2576238121 
2313227480 
1002657601 
1004031631 
625950856 
102325442 
2632284821 
994741891 
1314322759 
193691288 
476199422 
395149823 
646353 
525312787 
1463880866 
1163356178 
163639527 
1888163858 
342811297 
92503159 
56761423 
33459189 
1407612847 
2574230809 
566318844 
573794163 
778593348 
300108594 
154634920 
501973262 
498716358 
100322679 
24621955 
331136088 
168608502 
57613003 
412063808 
260026819 
129145854 
1603901210 
71548087 
199262539 
52310964 
18304860 
85462891 
376075938 
631847739 
214841339 
40884854 
296623811 
93167589 
630103322 
3393704506 
505694805 
489099797 
573459961 
1038462985 
3341350935 
2149934041 
149760844 
67602060 
17525171 
118024094 
22355311 
476234589 
286742737 
66699013 
918346674 
1236601488 
2266343932 
258923616 
89304457 
523512145 
390860562 
325451111 
96013710 
347899465 
203083495 
213009133 
453507741 
978908012 
551149727 
323634172 
270369094 
206052014 
1400837108 
958156806 
73593143 
482658470 
257799442 
427686538 
1681324362 
43042353 
199110089 
472967330 
525821517 
1703499732 
131102007 
1546270652 
2900426395 
456497811 
1066142084 
1649633971 
1912655766 
1264788474 
1305995330 
310730506 
713265961 
136627335 
2544918864 
2223592103 
749952350 
1322319715 
87395174 
393696247 
356497651 
2360236470 
2247525762 
633035480 
2496069306 
1573847581 
536649400 
586189030 
110503662 
151597616 
2275998675 
636658858 
2286732036 
556459189 
1317407064 
174930562 
738831950 
31002545 
734594822 
961570712 
546351318 
329580620 
611426626 
51968680 
500152970 
550463344 
1230994009 
65848751 
2171384378 
1628452442 
603641738 
1126507309 
2233117336 
415335364 
2184495481 
379065373 
453684286 
295305875 
344972320 
47146560 
1535673308 
410362912 
765171902 
2162973936 
110387258 
1645339807 
606933109 
774831812 
869224128 
1271263004 
410923444 
504044992 
799528776 
419675316 
250757701 
620743173 
807816667 
341803056 
87593458 
622103899 
421480815 
627990940 
582671291 
115793475 
1608867026 
1280151049 
1560635750 
1064923945 
1260127130 
972958674 
932958222 
1576206888 
632503559 
580652477 
1335436286 
636166665 
553311399 
40755687 
1223509087 
542104779 
1480830817 
480839754 
2161717710 
1295865841 
1576791900 
2187384600 
216942133 
387486731 
1366180326 
571667279 
1939921058 
750389701 
348650518 
992315954 
451421308 
840048690 
156622236 
718810159 
35334409 
1368547554 
351165729 
302932157 
296830323 
344478066 
407290151 
528887771 
236156316 
621686942 
201088532 
1395748274 
733443049 
228445089 
253829018 
97004015 
249941940 
1044466056 
1025068315 
458232258 
173220138 
551190572 
229005959 
28363528 
2155894535 
373737046 
590542370 
1874318580 
635967948 
514790028 
465388128 
1099244042 
400519080 
1655836752 
369699209 
2165981958 
840622404 
336425980 
921614209 
323884489 
208544542 
1650506257 
564392050 
789564686 
344842040 
1901814103 
451000195 
1656203113 
36320252 
2163113796 
724669177 
1440007856 
1111544688 
1190270324 
1395919770 
470634642 
156349778 
173170002 
1039959253 
338561341 
118531270 
69736481 
599290838 
512775595 
1135238454 
1510033698 
1288921525 
983724180 
1078249640 
453811752 
855906913 
524467172 
216191158 
421970058 
1097197334 
487736815 
810483626 
503779502 
