284058981 
2178349494 
52079097 
525821517 
399605546 
840865033630420992 
86343120 
782308350 
836251261552967681 
4361043556 
291165525 
2250056388 
362506321 
1446000373 
850016905 
831131249293062145 
1006205329 
810897037965271042 
3489164186 
241119791 
245297206 
2417654287 
79783264 
268315727 
753581176758083584 
2558716193 
456946801 
64035776 
3521551155 
14824849 
30364057 
115485051 
26053643 
3332621781 
776778118002536448 
211959333 
294079314 
38158491 
401600191 
910811876 
555054555 
236297684 
3308303338 
123541986 
179340752 
249655075 
397155653 
2611353448 
3243316977 
1538376390 
14764531 
2762803175 
196337192 
2583614846 
4773721103 
1519759610 
260379146 
150403559 
75989215 
265849740 
231448300 
2217321784 
217613437 
198603271 
1208894666 
752996955886850048 
3163717636 
3194974461 
761323047638949888 
1439338668 
241336685 
3119354727 
17670564 
15424344 
148582946 
16072425 
245841182 
800236130058633216 
33178204 
2732695208 
92701689 
110793467 
93034606 
2593166581 
2952458132 
3995542037 
177941755 
467712489 
66315524 
2228207911 
3775258215 
394545613 
18836233 
463590822 
606705001 
364981943 
3329192230 
631824106 
433741857 
22485441 
20507029 
1885756724 
349099221 
249597197 
2376996734 
363013260 
758293780479049728 
1943910252 
1446521628 
749967542 
332827279 
1100733150 
55248724 
148491193 
775404466019393536 
753608893868216323 
500831401 
772771741366120448 
218960675 
2806199053 
3026109106 
15839287 
279450942 
49606768 
130090208 
345066204 
488908367 
465822402 
1275324774 
2493327528 
387306225 
700334444 
2674179048 
792517436 
395945705 
2223592103 
27798256 
382076279 
1536791610 
822215679726100480 
1510418280 
29018282 
604823451 
3088722208 
835745952 
330304951 
755442842 
1246243075 
139773109 
22129959 
356242028 
2829589108 
3315482446 
22013654 
72370065 
228627380 
277013208 
19183125 
227655728 
584336955 
890891 
524531680 
2425561465 
447803944 
1166013102 
2713912310 
732178332779982848 
87007553 
176379821 
262979576 
970207298 
357606935 
157648307 
196730844 
211914475 
2601015085 
3075144796 
633343571 
202279469 
543602348 
263379471 
9207632 
221164831 
315712292 
1693790966 
3380365155 
3881053942 
2647605193 
110470777 
236073299 
57893058 
1173188456 
242537412 
50799351 
36544806 
123681659 
114510872 
358640050 
81430069 
111416958 
2244306842 
899608418 
143003085 
464601685 
52509919 
1027468086 
329710184 
176995863 
177180362 
2839713755 
368674368 
2922286844 
82692289 
4854971321 
4854883605 
337348587 
1197593004 
1347773467 
330869715 
18730615 
35699171 
133801597 
25526836 
36381870 
1525632583 
199110089 
4388231601 
160269315 
48303865 
128378011 
2569603309 
16175507 
39865486 
21186007 
596525761 
790196474 
422609103 
48695830 
89944731 
337701950 
2826275341 
113911412 
59768576 
613396271 
33535466 
3646862654 
57011911 
624778549 
156280168 
173423833 
88703900 
29964546 
15028114 
33548291 
18991187 
114209496 
2417419771 
18991614 
1379228126 
40851067 
2995445195 
55895470 
1560126266 
634161353 
605024863 
2789211492 
346357558 
37632665 
3137566927 
605991510 
3722892015 
328752492 
580275524 
134921897 
4876195906 
4859770931 
467807631 
46376035 
126085544 
330616007 
2208961652 
211261988 
255776689 
448241905 
3420766295 
3308507287 
2655830472 
5594142 
4715314889 
104507079 
65414320 
544512847 
19358064 
43685953 
148432653 
98712700 
4769037660 
239226772 
2551259005 
2883821651 
38660276 
265624327 
352371697 
4725188781 
637318580 
462761982 
3210028947 
66339576 
3653437277 
22289000 
3346457427 
425989199 
397888201 
1322319715 
4557374319 
3901397063 
160666637 
76905389 
160326108 
162374599 
4405725394 
1622548135 
105121199 
1520006918 
102325442 
337815392 
8429742 
43214438 
163901486 
3166542676 
140451690 
3245483107 
14842812 
197872743 
379175662 
2572856513 
2325445944 
48978908 
69412468 
334578816 
141172061 
363544044 
49980783 
213359692 
602324579 
3999257363 
2340558698 
2303751216 
415821545 
1206935186 
419041455 
901538040 
3546629475 
2387254548 
61849468 
745231628 
3014999638 
342227655 
280833995 
197839334 
1514393964 
1012045273 
239782861 
242308246 
334604653 
39985029 
386397940 
162815851 
3750724156 
588315236 
3421934015 
47443168 
31353077 
622951474 
161991222 
529357281 
89183222 
218256793 
45110199 
3663775876 
227351230 
2909817873 
3304029395 
2349604127 
618869819 
243365248 
3945199911 
3297863926 
3621845782 
3927505168 
23654885 
97392949 
590353005 
317022736 
554721107 
43074973 
3190426424 
3419694491 
3238219443 
234459002 
733531398 
101711386 
356770339 
563035134 
17827722 
42395374 
1842533833 
58759565 
1264788474 
2313227480 
164181909 
3146443761 
3079307777 
772995942 
41539381 
385535642 
745539589 
1452454399 
21644940 
3434215259 
2546336714 
1348788000 
3334969294 
32374607 
2860371989 
255115544 
2902651901 
471681244 
3675088997 
24213874 
424490096 
263181569 
349610887 
321481634 
114442628 
19019622 
90230498 
319712949 
40940457 
3099550664 
25071944 
3318750719 
603488474 
3424577531 
2475672992 
247239087 
147205029 
2161539356 
25324913 
214806983 
2664373166 
435683455 
445002965 
3030024141 
194591404 
161807714 
43294102 
202739952 
2589544656 
96759444 
194157533 
162788824 
3365703795 
95610409 
21747410 
2836874459 
386565858 
247694811 
270556083 
70628641 
2510531197 
116646760 
1176906120 
2191420688 
565403045 
29987597 
3377668031 
252474314 
271895933 
314672080 
170908458 
197531062 
21853103 
105183387 
754823287 
405919526 
19396618 
231014401 
980595253 
896488980 
252511141 
151196437 
157608655 
555825362 
1155100718 
481270579 
360556799 
38668273 
174798492 
596593775 
169930348 
2921133922 
3001357737 
2276668141 
436776747 
337779475 
54467089 
135053791 
123111209 
9975622 
150241637 
56559272 
502516351 
375479816 
252480216 
327556268 
2554446487 
215952307 
28221296 
2835962353 
3121237169 
1107326988 
2183099646 
219942340 
58880054 
2300882848 
15364345 
3359586651 
348013321 
471485398 
544517207 
2432417994 
2306842808 
2338108773 
2922266132 
331262961 
761871002 
1674124387 
2459371 
783214 
2445809510 
3213311338 
2348575484 
1087492124 
1105455990 
340418936 
15178352 
468326912 
1455594732 
21362008 
610139222 
2409032167 
263963092 
3326501393 
280630809 
114632319 
23665730 
2979811960 
1623062155 
788110982 
53733171 
2649992983 
308071450 
3229262239 
1348988197 
2857971985 
31381759 
3291353164 
360692309 
1966131036 
2936893948 
2153702508 
537186173 
909595974 
1197603440 
2236736977 
48350044 
3173979892 
249692638 
70639486 
524195659 
2559351298 
2813011897 
580678250 
582907105 
18065280 
108413905 
158580462 
57093497 
2893475883 
1174633142 
2495199115 
257511439 
183589601 
21877524 
255784266 
710459959 
2985626505 
528407827 
2288346139 
116887614 
148824029 
56047169 
253674263 
214286327 
16319888 
711404670 
1078044674 
371468939 
455973039 
579453713 
69722438 
264366979 
325402879 
279606290 
771423138 
815861215 
106130838 
868119104 
126595192 
76711145 
2350976198 
2368373288 
1013848508 
112257152 
3097200087 
28000300 
2977728630 
250056214 
218559401 
136627517 
419177567 
2926170897 
216640871 
329860436 
365344309 
168592726 
496023111 
1103760073 
1426570218 
812200034 
2150938796 
361468994 
1053578972 
87180694 
25084425 
789886554 
532835209 
324585322 
124272648 
16922018 
556972700 
3055193996 
268002142 
1570999172 
2664220868 
989025666 
24450534 
481171611 
587761583 
1167508375 
2556607550 
3027137221 
448976475 
23913170 
1270799208 
3051761 
226148637 
247440357 
345355706 
217030042 
508856068 
15095537 
2315127643 
364234726 
378608076 
1146321446 
2780978693 
142839300 
2610030589 
289228296 
1542533869 
2603752505 
353069004 
72813732 
569397301 
625538590 
487912207 
55459700 
205278393 
158605710 
295323241 
33209048 
174190937 
774435596 
1882790808 
151522017 
407361597 
180358621 
54001915 
1015411836 
161518734 
1108467180 
456963896 
2580852912 
252024751 
292489689 
395937009 
31126587 
104777110 
2221874365 
473933269 
19426551 
22819823 
17220613 
19955768 
1358062944 
17866834 
16877611 
149630410 
67133275 
11856342 
365644014 
167155452 
70202449 
23508439 
123417995 
498329888 
19362299 
219295651 
124450461 
1570265839 
2630622620 
549439022 
209419456 
253431631 
2497341799 
81053974 
472007056 
21638379 
2480671346 
52513609 
171779268 
409724525 
192379059 
1327666164 
880514244 
148024534 
226428094 
2895734134 
312745095 
190087686 
360151671 
114982982 
1015674265 
484785900 
883683288 
1007309340 
255689599 
131967942 
481358189 
416737418 
2927520970 
2198575126 
1520590987 
359781259 
160244513 
2921454704 
252522933 
1962672644 
79438213 
602188858 
2840353683 
1162661732 
71511796 
2322787484 
2826999908 
335972618 
1539358772 
16862154 
95023423 
146932664 
2276584872 
2870641570 
166801440 
392893801 
413565658 
2880180231 
154987173 
18371803 
8279892 
507652394 
1070355416 
2251412797 
1067717390 
986254466 
14885860 
231825935 
2864727845 
143221257 
631286518 
478653461 
1260272611 
2616841136 
223378805 
256952931 
20585260 
355741893 
116512107 
473191128 
726729864 
267713578 
198203120 
149819906 
67341323 
1088926351 
612812533 
1536167210 
23971329 
303788863 
90430970 
112445008 
1397290676 
359855540 
111005623 
431353256 
200229244 
134810802 
23504870 
18948541 
32625314 
204832963 
730581680 
2511159631 
271045903 
29013901 
188657597 
546681427 
192623810 
582118171 
169127921 
326315792 
156668722 
163032559 
414242507 
2789331901 
2313695179 
335824785 
23151437 
70001932 
763608206 
294735350 
119836532 
2785285431 
10228272 
2821095374 
239065342 
84672251 
19181374 
26264871 
895953487 
814221199 
2387450353 
267728787 
1123848492 
26215613 
28400410 
40630190 
39736165 
916690879 
246181121 
336437711 
613779760 
1578431462 
281362708 
771821496 
398412367 
583098423 
2304890004 
2748813491 
630286287 
799001720 
97244537 
738805454 
175620322 
15876379 
2597498814 
129604336 
716928150 
50276609 
35843510 
2189017249 
19923144 
21254264 
2283466328 
413858153 
1328865037 
26257166 
458378696 
517653266 
401002181 
236466426 
2357777402 
171455968 
27660239 
234931443 
18376702 
199589650 
252280164 
54198070 
440097169 
103437264 
290567397 
2428522513 
199664089 
199654058 
989909660 
132247444 
125649931 
321468297 
149993042 
298682518 
240230855 
74720853 
125311150 
199661713 
155835176 
156597371 
219297147 
204265157 
371416156 
415670708 
1441221193 
1336028138 
149042931 
390797574 
406643499 
129746620 
275820298 
123804856 
171087987 
52389735 
524211606 
2582971712 
2428012729 
307944238 
204232657 
153143869 
87036741 
78652897 
250163743 
2153265402 
242675242 
944843492 
174454550 
242249004 
281679976 
367024502 
163270068 
19078050 
630976418 
1335854293 
55807086 
325585305 
403407034 
294792371 
33619811 
204753590 
185586373 
200178240 
419269848 
39328942 
278165901 
156011690 
191767423 
250529130 
212357510 
352962310 
732564217 
200151788 
89413716 
15748165 
200178939 
270326768 
2388659322 
115145198 
2628541360 
370566479 
175491165 
26330200 
14747297 
483222772 
225714443 
153426204 
1385464908 
183001958 
189087385 
769529376 
321891243 
41564477 
40208431 
239521898 
266143854 
203276622 
899827170 
314246514 
16044936 
1270753112 
338408607 
27010118 
355982805 
119497224 
232135390 
516842911 
170918394 
234720360 
19784564 
2357542641 
2429659655 
200184788 
518660629 
193836329 
108715039 
138069911 
240271629 
247925905 
240609202 
44090690 
240570125 
617033584 
90940064 
1586744120 
172281055 
21900434 
23066420 
78290883 
18799279 
257539619 
6144162 
2375388631 
44171091 
551298929 
20551303 
15970050 
36275767 
37773780 
133270975 
18972019 
69505340 
300984785 
99754883 
550755629 
754931137 
312638713 
882963086 
89958703 
2382831517 
546033211 
283985830 
277699573 
351763909 
176829352 
164746650 
238186582 
153765578 
31905579 
275442182 
145963043 
286503582 
454969323 
23191372 
126255586 
189632539 
455377205 
1537481041 
38194488 
108699560 
112548833 
358876900 
56799371 
339905246 
61764717 
2168318846 
40927173 
234731469 
208105973 
1195801032 
987292730 
22014081 
1205579947 
543884133 
51420425 
53368760 
412701523 
21124108 
1026332905 
9224732 
224957018 
309871597 
392618763 
50587537 
38633870 
407360976 
37649776 
1084458320 
242690643 
178722586 
552508721 
55174708 
236958587 
1541987539 
271775939 
22267398 
75132072 
137020121 
333783390 
87404916 
220119038 
45351822 
170204610 
145639705 
110164404 
579796530 
180792697 
22256645 
36279013 
540635765 
288973872 
79764434 
19725644 
138045778 
42602977 
262181952 
185133090 
137372322 
97904497 
824042683 
1539815881 
91229073 
292232574 
9850632 
3103641 
134810937 
2902821 
3103261 
2493701 
170050749 
417565340 
607123079 
284748135 
191026398 
21885471 
368908947 
160626555 
591054545 
2200973913 
717563007 
69689044 
409089061 
311382689 
80549968 
31686030 
776346960 
276075811 
2215061663 
249272021 
1582853809 
225459096 
437500980 
74967807 
158249007 
408418823 
181247710 
25853418 
20720596 
44048341 
1922597173 
243525545 
498328279 
1468067424 
14511951 
538977080 
55270146 
937687812 
187869545 
98196849 
403578716 
125512325 
564686965 
321064970 
157494760 
166559642 
831091920 
186262651 
91189330 
112739086 
21085216 
1428178938 
25068658 
838101565 
295640321 
437838416 
941997108 
116297424 
168180751 
254950913 
33989170 
241964676 
116467779 
524207106 
55178284 
86046269 
162673915 
226316399 
425976807 
585570363 
1086485478 
85859130 
1598644159 
555928038 
276225479 
353337103 
806820914 
605978344 
1537326440 
1613633624 
270409026 
15590302 
42933426 
599949301 
153340309 
128828084 
59720670 
149119316 
20230003 
585914671 
182747810 
53120768 
19507665 
203565890 
239936747 
113649103 
42197482 
1157789010 
97705897 
484813955 
1076095724 
386051505 
142577540 
1691054178 
426984537 
23047010 
234306659 
21701757 
43399681 
1673447701 
149062296 
39224447 
1674828439 
549058935 
11518842 
15693493 
103910236 
357310865 
1481117634 
565687566 
162848116 
129323253 
246776746 
393220460 
625438569 
27712457 
595418300 
179405953 
59067938 
36888411 
737514841 
38672986 
121895831 
111016012 
23288963 
74786753 
332285605 
310730506 
632371805 
485759810 
366907915 
16458727 
54309135 
400028280 
96833864 
121096782 
62322124 
15485441 
1342420165 
46829018 
32083265 
182401865 
365046365 
1657839332 
106401678 
130792886 
213718493 
859879484 
19658826 
1604956345 
112764971 
19343904 
1489996249 
564717483 
124444050 
218421135 
16303106 
405210383 
1493839940 
141134108 
207902782 
114573796 
81757278 
911760001 
158414847 
26349076 
16017475 
25903941 
486947452 
108568373 
265902729 
86344052 
20214495 
36843988 
18080969 
2735591 
15492359 
462936687 
179116971 
78479278 
72459957 
342666650 
1397342508 
15838790 
110245298 
235926567 
54430133 
70330876 
844191782 
754710770 
959882030 
220105181 
25314227 
545529126 
44751702 
864577118 
879790213 
59975660 
376766698 
564380196 
312978983 
63275336 
1305348494 
330088412 
17790274 
333291950 
312584440 
85855128 
22518192 
511497677 
80898401 
297169647 
58557066 
17338233 
39506309 
720936716 
327298844 
401653467 
218065824 
135262050 
292389618 
1359176911 
7174972 
1079340445 
1469174510 
67668533 
338267369 
59131660 
299864995 
271421020 
471287735 
140423261 
143373449 
579940511 
334964428 
72455896 
246208974 
174662567 
88698888 
49939773 
216284264 
19850521 
179116238 
202641615 
300392950 
22006155 
158400034 
529520864 
59830355 
237256596 
125329319 
232752915 
132190317 
1404026185 
382286871 
23129484 
308300937 
542231580 
236832829 
772592971 
176979297 
389751959 
25432336 
117019849 
313444426 
215537170 
239388071 
40276098 
16857842 
403329355 
87634609 
18927628 
32340023 
116331555 
19562228 
144569954 
127290900 
140496713 
40011468 
29723907 
197567530 
368433682 
546497670 
93811432 
56377143 
146597061 
236845409 
629196301 
240676371 
23543947 
20348431 
20015311 
38635164 
439033822 
1356411 
21746092 
160208879 
838593205 
147179013 
29179674 
889574436 
511967051 
156574449 
18479513 
31952797 
214611252 
46766662 
150010971 
69755316 
431334640 
559654312 
305524697 
1260366252 
20221159 
527526077 
16167554 
19798578 
43592714 
506328111 
53390455 
190792984 
105544279 
342071618 
1058376110 
432627937 
363092211 
205269166 
59792257 
55131390 
569050672 
164655120 
540987110 
314427239 
38162888 
1112543646 
631256239 
225456714 
291443893 
191010909 
529358178 
88511528 
44463893 
470538536 
716314951 
112523709 
780845996 
88595613 
536803703 
229623737 
707097078 
38633460 
229399494 
135814585 
176770811 
236788711 
18971185 
52422878 
196997744 
122899334 
197899179 
245276828 
239808671 
219621082 
134383051 
301413580 
46950734 
341584989 
456622880 
448046460 
308374249 
550912788 
367925642 
562920100 
431500500 
204269509 
94564912 
465405023 
295583136 
471083335 
194112242 
193286109 
146066598 
430619466 
51014746 
234441424 
1117609998 
56827133 
441914246 
240171276 
56954325 
28370738 
468613129 
866636810 
596975830 
978908012 
60072539 
32314867 
207927823 
80921330 
64130235 
380224928 
165332962 
33012212 
97622631 
103968158 
775685970 
190655005 
27937231 
323144082 
22183083 
286888973 
154671634 
53365834 
97397997 
257134242 
857785002 
103852708 
205200786 
158346564 
13204132 
177037423 
78922403 
243323755 
328715522 
301675408 
8807922 
23419052 
49661568 
17093617 
270570852 
216229947 
34350058 
122024579 
257551059 
486932687 
2557521 
718159039 
52335082 
130684475 
53344193 
20722940 
220740230 
28780084 
256557285 
218511108 
243614258 
475501095 
22077073 
73195601 
54715287 
52726232 
21473343 
36047632 
27621976 
65341205 
94563008 
190731336 
89913591 
150956425 
397887523 
519312437 
344248812 
294236546 
30988025 
114565512 
91997009 
321324876 
114740619 
