154405424 
171183596 
97800512 
43393435 
913812620 
43917223 
27713200 
15358329 
138166008 
246653875 
23627469 
303806325 
19330043 
16125042 
480930665 
21111883 
20177956 
456066070 
776165159488192513 
744454819285442560 
2618695954 
16745015 
256704678 
770696323301605376 
24109979 
132389474 
22922759 
278519421 
18774567 
1323260832 
1205322793 
609476852 
180990505 
31453767 
1631151697 
478748530 
2876727261 
385203914 
328502647 
3235337017 
256171302 
522704732 
235839823 
445047176 
319309353 
3027262219 
235571004 
349291934 
349719397 
2980212948 
3797491580 
21228708 
13838562 
55487983 
234552226 
586749256 
2825188225 
35999306 
339143341 
3300012036 
23690344 
305331888 
474404602 
263941726 
3342055694 
19630951 
2610263815 
102790509 
581999965 
3249981434 
338425646 
23632910 
41954652 
18848573 
485424351 
1032809658 
30245853 
288000034 
783763632 
14532539 
273987922 
2967431586 
2488902630 
135946911 
309313281 
54084665 
110827653 
26427886 
2842795300 
18336787 
43403778 
469508411 
16403943 
71223470 
138600717 
23652121 
15485441 
304321930 
282133979 
776049583 
19314586 
2693902592 
24074192 
205415788 
21919642 
890891 
18090961 
2248855666 
2259003873 
225548616 
22520148 
132776804 
464832442 
21118970 
1909360166 
31126587 
136311777 
563064408 
38234856 
19362299 
1078009764 
1183671240 
47788661 
261006598 
1345067388 
1322996809 
607374056 
105248359 
474085084 
371447647 
53853197 
180503626 
123417995 
201242392 
22575307 
245840474 
17890396 
21574133 
172997949 
232056240 
464982304 
87770218 
415859364 
488603471 
240734425 
390955720 
374616581 
382243880 
30232063 
23083404 
70202449 
42796727 
78506305 
48474833 
169194549 
264301513 
188376114 
143519854 
43585581 
167155452 
59236263 
51263592 
16244789 
16729099 
21886806 
8839502 
139848744 
30459968 
349290706 
133153889 
79890469 
41280851 
32238757 
30948732 
61398906 
226246368 
89526339 
245494691 
211267402 
18048496 
34104616 
84092181 
24924252 
19426551 
30793542 
22823970 
174533632 
132915237 
32127518 
