3160777371 
18971997 
265967403 
737302248338952193 
461858710 
171357785 
3832541236 
219248343 
541565530 
3121481447 
119374388 
3769571956 
2305536805 
245921099 
465900536 
763197734 
295081302 
272613386 
602595758 
34350322 
403444631 
516904258 
2155089210 
153772652 
206677709 
281659000 
3193995052 
180332824 
724688119 
236131165 
310334503 
109226167 
184506248 
207410960 
370551530 
1318916166 
1643903287 
442281909 
955421035 
145254257 
88301431 
387303168 
455223787 
439274548 
226219067 
1628824092 
205723218 
492163600 
197584991 
181567076 
183665035 
149044403 
95602761 
739074439 
68034431 
