571202103 
334683156 
102687142 
88697805 
15808647 
13493302 
76966092 
1843791936 
12889162 
20168054 
20065936 
3095051133 
1528077925 
2493540116 
587904611 
246980471 
19658826 
56772461 
17248121 
23962323 
27860681 
54311364 
272019676 
15431856 
21332200 
343031082 
151106990 
2287614205 
92201806 
1105029164 
46319532 
3290364847 
15492359 
891457352 
143215943 
742143 
11435642 
419733488 
807095 
752552807560085504 
1652541 
107583191 
240334048 
29495727 
65466158 
16074627 
254106507 
377949581 
1286375738 
171198994 
15537064 
1965264416 
368664861 
20465828 
950398340 
1620497994 
178111110 
1418540804 
514727834 
1349794693 
2903947574 
19389800 
382748292 
981127062 
274754192 
55241769 
3056932372 
3073815445 
6457212 
1428027895 
16785742 
701177682 
3229291352 
201714360 
29598035 
116016090 
576381971 
943585154 
18104730 
245600423 
161268291 
17129326 
23991434 
860282629 
15146013 
2557447597 
51201553 
592010974 
242944187 
530977797 
715825348684988416 
59128257 
20691016 
459872442 
1428670028 
6479682 
34255829 
3321353271 
18713552 
11317392 
2968989617 
310673079 
62862908 
16224705 
14410756 
124236245 
23908154 
18976044 
831567731820527618 
80076673 
15210284 
18686907 
34743251 
44196397 
19725644 
373883201 
462334474 
193330599 
949008008 
2253454989 
2828369140 
280922916 
506201323 
15995226 
915539036 
2960459033 
17798031 
18822017 
88599695 
37665549 
176164718 
451128139 
2480936977 
722886197584920578 
15480686 
557567243 
87818409 
432596689 
42651647 
141947171 
16564324 
321556348 
4619684853 
17423992 
165204211 
30927826 
109257354 
142896252 
48075643 
487833518 
708677953 
1034909569 
17998609 
243364186 
14073364 
93764696 
116529568 
14708747 
701937597128515594 
16227629 
8653962 
15684633 
15120110 
13746792 
48564118 
17567533 
18144204 
2984878242 
4076647221 
61249568 
111339670 
18951455 
26858764 
31443503 
174740894 
427059614 
39279393 
2463358249 
38612864 
317176953 
2347049341 
15164565 
2340558698 
2400631 
3321764962 
1435461 
1947301 
34781412 
314583432 
16895274 
19402238 
780874232511209472 
17390573 
16817883 
208189676 
416646214 
58524428 
2884771 
18700629 
82683644 
15428397 
3538473136 
15852861 
2279949104 
15089948 
3015897974 
195562799 
256664942 
117440840 
16438248 
289653730 
314019215 
17842366 
304193840 
781567081 
18737121 
20547416 
16957321 
621573 
2228946853 
46785124 
21581503 
1344951 
13361922 
3028357067 
8963722 
20280065 
18208763 
1851865598 
76228303 
198020721 
39800314 
48110818 
17042078 
58489734 
14043142 
15859033 
19767193 
72842277 
14085070 
22931893 
14190948 
352570175 
11178672 
15475999 
17396170 
182839127 
20184945 
14647570 
17471979 
15862891 
2291936946 
42710333 
2282979822 
531475064 
32372834 
1339148192 
148321840 
16210323 
185759513 
22676614 
27741349 
84653850 
36071818 
15288265 
18122308 
263947795 
23655205 
381556160 
16027625 
165864348 
381624297 
20518193 
902751408 
14834340 
16992388 
1710714792 
18695697 
808108063 
751635697 
76707735 
486871713 
313120369 
11134252 
419171690 
1379574128 
1968918331 
1289768166 
380107450 
1090429386 
831470472 
374716941 
1006766551 
525334283 
24484875 
2205468260 
1265726480 
1535034930 
17250828 
1561312880 
129987703 
923862800 
28108594 
14134676 
14134826 
119133043 
1400690161 
14286239 
117241835 
166246066 
1243760054 
19298759 
87236980 
849658339 
17207019 
14334547 
17522684 
166902496 
2317405230 
27040628 
16955870 
1278778351 
2350406162 
463765807 
426020316 
295804692 
487840423 
271962647 
56516570 
2303751216 
80849401 
32913689 
18272473 
16245822 
833682037 
108672937 
22957919 
41271061 
47678070 
1549124424 
49164309 
348232867 
285698560 
293596500 
259550453 
14639216 
86640232 
14703188 
135163305 
273011313 
17843236 
13565472 
59532374 
25458792 
16106294 
27726303 
1485288632 
385910999 
1475361 
17001646 
493266463 
24862758 
19722699 
259395895 
155934445 
186272947 
14717197 
234540332 
35773039 
37917164 
5392522 
3108351 
14511951 
9300262 
47415772 
51241574 
21307076 
59676104 
14552725 
21619519 
14246001 
16798006 
4207961 
33978061 
22572946 
1139903348 
15809272 
625753974 
11731322 
17916617 
587999163 
29354944 
55638250 
168295477 
14412533 
326405840 
259387971 
71643224 
175235266 
95290762 
95368728 
148042101 
16129526 
1131922207 
116775999 
362214447 
18143413 
18252796 
16017475 
116630713 
23092890 
33182341 
77888423 
37710752 
18170896 
159904799 
356872253 
426041590 
22642788 
36462231 
731167584 
2869531 
50325797 
18622869 
