242686939 
373248208 
216611933 
508745371 
27678130 
26056440 
324902246 
233162754 
39886489 
196214130 
120698231 
2235043819 
2645713380 
717122384 
1594903015 
1084036514 
2350727587 
1096488703 
1117957238 
862069657 
581312437 
1421767806 
194352680 
821276 
2760668843 
995642455 
2720177156 
1018588440 
2600210567 
811922833 
865919816 
338155098 
498292566 
883491020 
617515432 
2900426395 
874368012 
2778537414 
2584442341 
482658470 
825558378 
839148522 
597592645 
967626511 
1121163822 
1414112568 
439662743 
212807027 
1438162062 
2266343932 
1478138376 
2385749072 
410582796 
1891280354 
1635979987 
2411488800 
2304622689 
2177420990 
356025421 
991401038 
1156820016 
24818581 
2432417994 
925389540 
1701044448 
834988327 
2485800751 
2502086889 
2390553224 
981057535 
1598644159 
978908012 
1641150530 
518591762 
2192030256 
999639157 
1463880866 
268287205 
825934369 
2223592103 
1264788474 
472967330 
598919816 
573459961 
227121370 
733303040 
1649633971 
149760844 
586189030 
1526563316 
2209145031 
2201060436 
348058612 
1896867624 
476234589 
1650215384 
600388202 
1681324362 
347899465 
1305995330 
23696757 
1027547971 
1520006918 
370699216 
273028600 
788110982 
1322319715 
81001513 
76908416 
1546270652 
901668768 
82151466 
2203161600 
1937051989 
1381941403 
126543999 
1960283150 
343547084 
255335896 
1057903333 
213009133 
476199422 
19167202 
547607608 
1435811695 
929664925 
865298551 
358155712 
315622616 
227513889 
286742737 
89304457 
268376342 
90753432 
296723507 
237634998 
168183147 
412948496 
552011578 
1244421032 
221197757 
27022925 
227626917 
606856466 
551149727 
66339576 
211810106 
96013710 
786796010 
341658039 
582026916 
131962317 
418707217 
233614681 
316292974 
495605961 
719352925 
95610142 
136123870 
734983706 
578990250 
288215711 
142371311 
437848738 
520680283 
312230865 
26941178 
385258222 
485854360 
914949624 
54177550 
562784876 
749952350 
843112550 
193144478 
630103322 
155864272 
201885911 
429385529 
393456494 
465602435 
625950856 
137099011 
732188497 
572064770 
266791973 
336338316 
332788870 
335574055 
344443602 
141864252 
273600771 
240990050 
597265736 
131752870 
917851981 
111164497 
116409573 
133946961 
524962944 
278722931 
130372629 
126990459 
382561193 
102325442 
285053309 
122311487 
147230590 
316208515 
188230263 
302281442 
409478634 
253592290 
258923616 
416400023 
268647941 
73593143 
280157793 
822074773 
323634172 
743747095 
457026966 
148853018 
179387028 
629097517 
101978972 
525060895 
420062670 
293241156 
69080331 
456371141 
244018192 
319412408 
749822472 
194755125 
352898773 
230974935 
203083495 
525821517 
284441324 
525312787 
422557777 
588730194 
270369094 
286602462 
304867660 
523512145 
532105699 
293444076 
252387383 
96691099 
85074680 
14367635 
22256645 
20869234 
74786778 
40670875 
