425339936 
21662411 
433319279 
49607083 
29532929 
256248787 
17650658 
1222095956 
54291389 
17994509 
31434063 
328990309 
79024978 
21251300 
115210837 
22068298 
54619276 
31505730 
3061448260 
20447037 
310905513 
47147386 
2316224708 
14119117 
555198400 
58431280 
329558084 
485109912 
481943972 
458460064 
881807018 
169491614 
32423136 
954590804 
25699219 
2229288849 
21126842 
15460048 
15125585 
70725281 
15461733 
51734793 
22680719 
788363167 
18696855 
512759635 
185280748 
198584761 
7331992 
460187847 
16352993 
29580450 
435668110 
20868135 
23964268 
76337777 
102211145 
283117698 
2246559579 
14700258 
232807917 
1613366358 
330105456 
759489564 
382714056 
1657730988 
14227045 
318392752 
14565991 
56757573 
266509106 
230492604 
426909329 
470939544 
14155916 
78138814 
73153947 
14647570 
13492102 
21643972 
200057646 
25150349 
16459243 
11388132 
14404842 
351837768 
17289530 
64001425 
49932141 
14128641 
26986847 
132916753 
297100174 
784609 
22255654 
214055102 
38639013 
14582087 
492463967 
56541108 
242852634 
25084425 
116529568 
252531143 
373416209 
59157393 
28321706 
1489691 
17595439 
32493647 
354281439 
134162047 
19038395 
20280065 
14123751 
691353 
23052167 
17997789 
116763916 
23566038 
13366042 
122080635 
87461339 
262074523 
28403766 
15376357 
14055092 
103275252 
102756892 
20786377 
11478792 
19826509 
65004482 
24763053 
380207736 
21480354 
17797666 
26969345 
113501035 
18774246 
23745072 
108352527 
21865497 
17297668 
10078 
21626287 
17889970 
16504257 
114583306 
15704681 
37238862 
8893282 
149689194 
19966557 
17868868 
161056775 
113980598 
2729061 
112532721 
122795357 
1290351 
27937612 
24434386 
9207632 
52488565 
86472767 
22341950 
33240851 
14761795 
59222801 
786764 
88363368 
15860531 
72508982 
84352985 
127817292 
48476482 
20729766 
54730258 
16745361 
26543597 
46376581 
17767011 
33396367 
108669948 
84351228 
15865878 
14735121 
83876527 
30331417 
107953498 
1051171 
82591098 
16370988 
45541638 
16505812 
17062849 
84944278 
22272053 
