766005894073253888 
780161131847544832 
828277033620926465 
2245787595 
816049503019143168 
2773648121 
555532681 
1191817560 
4489191399 
3171424709 
2784671164 
395477244 
199565175 
718720039994568704 
802014461427150848 
2819372269 
29442313 
216776631 
1339835893 
2542451779 
2225409141 
113696592 
736250348466229253 
729468343 
1187330941 
749053787676020737 
226782998 
159229504 
772616343514480640 
1431315708 
2897938046 
477312189 
369457686 
2852772163 
89183429 
603538866 
2839430431 
757376526815899650 
3194727332 
372181722 
713560470872072193 
14944855 
2242810418 
2820277103 
2587967809 
956445721 
2965146125 
713985534654164992 
4823057529 
427930773 
731250653129908225 
3231277695 
96879107 
38857814 
281890963 
2441512705 
872683897 
1378000488 
2579706949 
3343470405 
2519063874 
418362046 
1491696648 
135686901 
3096813726 
3322082232 
3384354905 
276650957 
3376564995 
23645599 
3245395775 
212211764 
1536791610 
822215679726100480 
3167955839 
820114904 
833165402 
572082810 
1043410754 
520845870 
19263978 
3010712603 
17292143 
394013080 
2386263804 
753591817 
1170252042 
2474529757 
19262294 
9989862 
1387155842 
1532684660 
128069969 
725419172 
2451013939 
2777517013 
39538010 
44471378 
347855692 
562708576 
2482499272 
2577952352 
2679823214 
753543133 
1197067476 
1569024350 
2614486484 
2610255799 
477378841 
15518000 
2446148677 
2609462415 
631480690 
303441456 
261074207 
708490623 
507289550 
466111369 
423069455 
414323219 
486295494 
706069849 
19923144 
2453115542 
2542786329 
1268411539 
73713307 
2324636088 
2477411095 
1210578133 
733906326 
486299918 
1261305966 
1714189729 
2467174357 
554726373 
549943779 
334412263 
2345944346 
2419854428 
550482905 
2212233780 
31122496 
202416362 
346314292 
43989162 
7831092 
19426551 
23827692 
1138569926 
38705128 
292777349 
17530721 
1589706476 
93320516 
762644797 
45792701 
23504870 
18732790 
272570677 
90779436 
92591481 
161418822 
11018442 
52168389 
15880163 
22258315 
6243142 
28245852 
29758446 
23083404 
77120712 
413213031 
204910970 
434545375 
1236601488 
810483626 
95023423 
587748025 
45575375 
57695980 
10671602 
20867608 
16347506 
28223212 
26982602 
100649666 
