716383748762238977 
716401783464075264 
716400818300170240 
716401932294823936 
716400214710427648 
1723065816 
716400856472625153 
716400586242002944 
716400365810409472 
716400099925082113 
716400679271731202 
716401051595726848 
4741835184 
2223592103 
2266343932 
123757534 
73593143 
325451111 
2350900645 
929664925 
2822850265 
1519073424 
334842287 
2196840571 
634714422 
2485800751 
1222547948 
79688612 
1441093243 
1244421032 
1546270652 
286742737 
2806151875 
573459961 
482658470 
85970738 
