2282541848 
863437693 
840825663779135488 
454764428 
787613363589218304 
2157726446 
492912028 
783653663931764736 
1140280826 
2971472099 
1947387703 
706505092338475008 
2575514868 
2863271547 
3001260239 
966639798 
322654569 
825278513527799808 
847066129533194241 
1576001696 
846764158632767489 
824679682738102272 
4089374771 
743741984 
1909026938 
730827098345099264 
840546829871783936 
3398732596 
731363034 
307415211 
759599977 
766174269827055616 
3415562291 
324255503 
1638413605 
209097505 
3984604529 
824035295452688387 
3344093865 
221749773 
1890975986 
249783524 
3388235422 
2924709107 
843485439080218624 
1153326456 
740928885198606336 
2610248034 
3438091637 
815881514965749764 
439092083 
722856932630007808 
2666974428 
2570840789 
1382173178 
3041660597 
2942870399 
796212201463889921 
786332848584294400 
3410880029 
484007320 
341695484 
353352690 
816158781277085696 
3322991337 
2972048391 
400952999 
2525592822 
717468709 
895716973 
4219207355 
1547809038 
82064738 
1730740332 
763412349999050757 
1522235966 
734792975910309888 
277491414 
813872455798374400 
3825361402 
771097246955872256 
831140376505356288 
4623815309 
784114088691560448 
3042283653 
772583381204922368 
146981962 
1868805000 
2598408493 
499045755 
770241483358212096 
779020285987217408 
446948887 
825392002334392320 
906141680 
827857488548593664 
3119823359 
331216352 
778196816340934656 
792462788530671616 
839070675386183685 
847174672659697664 
845343498576506881 
2721941420 
2257701778 
4011324256 
2746091068 
290776328 
820646449386057729 
818493316002103298 
65839005 
787331305990197248 
796077176927948802 
781939212388032512 
844268761398067201 
776160530356637696 
845249981300789248 
771048824999702529 
814436627405742080 
171001867 
797385500776660992 
847341403327700992 
759786114836078592 
882274826 
770525583910535169 
925905152 
838548343630495744 
781229231237922816 
819261592747593730 
720563433389875201 
938521020 
752930326641577984 
3698841375 
148086556 
2383792723 
3419581858 
583606101 
1948691750 
803559517350985728 
2906992829 
3620647695 
755906850365837312 
193832600 
1913273378 
1375246080 
563255350 
785072017217351680 
2960900092 
812693826511011841 
116802029 
837731187410022402 
812975588 
418632178 
1303569614 
243113625 
3301594467 
348399428 
721281947746639872 
1475239544 
768819120913670144 
401997520 
2725941940 
4817711571 
816171525804060672 
3050924188 
2908335737 
746417015641018368 
857936035 
842080079521931264 
808371183876014082 
722788291616096257 
4211077343 
4822218155 
824291194108788736 
520753681 
844878671831805952 
766566021419327490 
185197030 
1186266074 
2724156731 
846108249745248257 
1598818615 
1264007228 
1401641347 
1514712343 
396004031 
4898687260 
1363112670 
846458573337059328 
816823302094209025 
894970326 
846564228718874625 
300138176 
3095203757 
702987353334403073 
846483105233948673 
828663245489700868 
792504175729008640 
847097001229651968 
846875418527485952 
839910612 
292763935 
722035111353532416 
763613916907839488 
847224487971930117 
2938589769 
847111480906600448 
847007213273133057 
847175718182309895 
831942543675891712 
846415212739772416 
846818467038842880 
847104157609840641 
2342486540 
4104239475 
824943669199458306 
314401945 
1013213802 
2902457404 
847322018546450434 
847193161927680004 
4121603843 
847347444950081536 
2877382618 
1160362068 
3770174177 
2277432200 
847202994340925442 
841599387772047360 
739223624897462272 
2537240986 
1565124859 
381121280 
4926937084 
2879643941 
342042617 
116901419 
833436601627901953 
847228266515529728 
814539988331364352 
111942461 
2370080795 
838044316190785536 
838479248025321473 
153535888 
847364522184658944 
847360942429962241 
847188933687611393 
969224138 
846660583365775360 
846764664449064961 
762697824937111552 
847223456684924928 
847163809022296066 
838331871893274624 
2316667146 
847172059952271360 
877519052 
766646042465038336 
1901425956 
2464836177 
738011352103538689 
2943740691 
322255996 
804371445912653824 
796056770661715968 
821908231983366144 
3439511259 
795980529309011968 
819463086008635392 
844976198555979776 
844889117087485953 
818425997565509632 
225794792 
2200269986 
3662864361 
845940295460098048 
2258842487 
545416365 
797210250000629760 
960938274 
845947006837280768 
196147200 
392056805 
4088331016 
845177467421655040 
3657040395 
836535833003962368 
1362223105 
2224781787 
4003730871 
789846929081507840 
3898352001 
3000116140 
727081843787452416 
846407286654406656 
844936493231693824 
3435384831 
745957729521508352 
844924551104483333 
846798798412267521 
450758734 
830055356235730944 
750822270453547011 
604393319 
847081955355189248 
847163041632452610 
209718267 
2380737146 
2615371386 
829571821670391808 
774941159323992064 
846821905302765569 
350271855 
3575163796 
3370612035 
129002708 
702893705 
837667683869024257 
764006021941440512 
841764409554931712 
2719756931 
765553417594994688 
847079379419181057 
779351205042675718 
466638024 
847056025656201217 
2865647984 
391980703 
781844737556881409 
4110575896 
894924925 
2558695755 
846258489718640640 
426208052 
87713721 
846635369147875329 
724601396037836800 
772790178503098369 
797483968090275841 
817382077851123712 
832590704287301633 
820929960378568704 
842617205195980800 
847088587602628609 
841643685905338372 
267360152 
198983799 
793835598075179008 
798868028435927042 
793260476679479296 
2913537285 
793841492317999104 
798687543260827649 
793659143970258944 
798654458897035264 
793707919095234561 
784296777918865408 
847373244541788162 
793446622252437504 
788014800299257857 
798766797486886912 
3026324548 
792724601679802368 
798879115063476224 
792484220300066817 
798868830957215744 
787652052818198528 
793671880225988609 
798909197840740353 
798606035992924160 
18945475 
793524149813710848 
798666970430406656 
817688964199018496 
787800231651971073 
793648257343848448 
793839699282452480 
740948251814330372 
75389008 
829757245286121472 
793439643589017603 
793453303862616066 
793151723418296320 
315762325 
793490238224101377 
798870081094746113 
798902541538959360 
798716278462627840 
793635949607579649 
2285586197 
764545277395075073 
484170221 
1968843913 
335775192 
3344436507 
481138558 
835049480 
1613217211 
798420502444392449 
3099950872 
3353729735 
2821170147 
2897913063 
811285599617425408 
3363813610 
749849225987559424 
595830186 
709301627698733056 
817679750659538944 
824319549688451072 
95092180 
363398040 
808746326406139904 
771629689433567234 
330290144 
415708301 
292872431 
789986935 
840805687735267328 
3946171457 
2953536465 
741129125474279432 
2889037900 
272694120 
1332283027 
600037212 
389977461 
190768435 
170576424 
94179315 
117019366 
4824304552 
291169307 
838863316537724929 
846934338566574080 
846147357133692928 
2223600847 
833386166632202240 
2495721122 
845004878162395136 
2401999866 
301913699 
624235080 
1612816020 
825467369774514177 
614374713 
1063615956 
847383069694640128 
247000209 
202085881 
822034896256438273 
2294284829 
212273089 
220213679 
359981850 
844966317438517249 
66100698 
585718962 
823822422080188416 
838731986839691264 
480426511 
156731934 
4830570315 
486671942 
4228138480 
497217267 
356768191 
829215305956225024 
222192877 
1622863657 
468190203 
425747728 
846321699398275072 
574696510 
2785200429 
527706618 
704387705149530113 
837714381911785472 
894070297 
102774441 
421287043 
783051724902764544 
2205821298 
4517301628 
2950121902 
793635778454781957 
793614408803033088 
798868345303027712 
798706752334270465 
793894082250739712 
798625889160458244 
793763307018674176 
798624598967414784 
798771459732574208 
798633718462222336 
798905074508505088 
793513946582028289 
798899747625037824 
787645583544709120 
2822281755 
793156951773437956 
787614512417472512 
701860263264440320 
793842030426193920 
847368767826874369 
793495445423157248 
798713513900470272 
755009257515417600 
787572810336067584 
798888611005550596 
798686576679284737 
793862132727242752 
798654934698913792 
3435806854 
4076246655 
767800572464496666 
793632188772286468 
798793141943824384 
793803260348039168 
1550820728 
798868463750152192 
793472251240865794 
793508436398968832 
798579569599057920 
798980445497073664 
586992218 
798951545660461056 
798690238310785028 
787633671259947008 
193417248 
1562945744 
1489932348 
344838778 
414306313 
847322809487441924 
362114745 
976907310 
294558828 
3344728120 
843881291258978304 
625388017 
96368748 
4843011148 
4885008957 
744198585177235456 
809369347781230592 
454682943 
104446229 
772393138249986048 
743090805540323329 
2177612978 
2332057194 
710179674425528320 
2243812462 
764814418169434112 
3369884453 
3377953775 
226847221 
833239245984821248 
846637945322921985 
846783610292199424 
3179138554 
3377488317 
3052642335 
813015323792252928 
826440551901908992 
986421258 
3338748977 
3164948447 
846414613298266113 
301422867 
794482308 
114463187 
847062197926858752 
837675172077395968 
3988349669 
846770353124904961 
745684062132633601 
3338716269 
840581820529987584 
711577472026976256 
846406224665042944 
966753955 
448894985 
704670573 
185620365 
4704931663 
357366095 
770831747785297920 
844860572940218368 
716704629006999553 
558779384 
781407359361056768 
244653564 
518041762 
4773287187 
2266646117 
755441014714884096 
838795952228085760 
767349397847965696 
745990568501739521 
737021863189217280 
392925765 
837395565155594241 
761641826566672384 
810958446 
845556445345132545 
771981139691044864 
758777486423515136 
832657032310251520 
2738302667 
2232181917 
4887774807 
2906763239 
2914970526 
4471433979 
2202885968 
839926825115602944 
276022095 
819227082177806336 
814635083332255745 
847341162272669696 
771995308943368192 
845932167167447041 
4664647228 
846084756374728704 
2377204988 
814032304263794688 
334946224 
846595356024590336 
846797001035517952 
388133041 
702576444774469634 
3981632715 
1049856876 
3393629519 
846022121671311360 
1718507923 
808019217840795648 
385649097 
783405494455177217 
846292243304660993 
1926845106 
2155285159 
825757881534386176 
846272760141766656 
809389839070220288 
841986044568473601 
1917568914 
3161419968 
841521850966499328 
770296883864539137 
846137947212726272 
730065478270455808 
3002202845 
2746279898 
550072345 
4868998325 
2921750885 
3362802754 
844181560438013952 
321340031 
216630590 
2213918518 
2969451353 
815985170692112384 
838443466371784705 
844291133580759042 
298582406 
747058975686955009 
1685683848 
846423508485881860 
846268654371192832 
1580879587 
831581564609904640 
327537806 
846486536489197568 
846468020243451904 
770572151468486656 
846748889923375104 
1686361502 
846427331304607745 
799161847744237568 
845254813814263808 
846273650525437952 
846399305309208579 
846332615355514880 
602043852 
2459645844 
3082129899 
772143413831561216 
407799584 
845741758113857536 
248862801 
212215432 
363820603 
3299397569 
702181632187506691 
2312722764 
847122996582125568 
846143119926136834 
3426282749 
389940050 
746288361137123328 
1861158679 
831394326215278592 
2381973222 
328215091 
2549439732 
1578613302 
57685623 
325465070 
847154811342667776 
847149415995523074 
847199118263013376 
1081046384 
845258776987009027 
3025424754 
1551445224 
846867272941604865 
264393502 
2992818725 
3694198215 
3124054535 
323235884 
332902802 
358046028 
803701320993673216 
832681397336748033 
481958691 
803001349516488705 
1551126242 
159188455 
2160551170 
172259925 
31389054 
3348959723 
102713829 
216724683 
2248723773 
831913793768800256 
754427500663566336 
2352916887 
2926638339 
774881413514526720 
462893292 
4832497797 
846830446193336321 
2558833673 
436766245 
453352398 
2766238379 
3817784657 
788332788894269440 
1475661018 
1524349304 
2547386080 
1920634770 
3340121807 
2277896241 
846705157220040704 
807278352398712832 
844931989597818880 
4347149782 
2583752100 
817254025208860673 
847125178068951041 
846750220914491392 
4887820967 
3313559818 
2875828790 
2669769715 
585569653 
126457268 
1065742998 
1104643117 
578358749 
831475016101400579 
712543884736331776 
847213588976668672 
1703323266 
3348058265 
2475456667 
978901382 
817916947 
4517683180 
1209972782 
3136738481 
756436027678531584 
500707065 
743695154 
846784198627201024 
921341102 
777537732797206528 
3152463731 
870212346 
2453704520 
756541641960423424 
614375139 
304587535 
1577710410 
1474278583 
577864816 
845770851177910272 
48640706 
215296760 
445621840 
843805715156406272 
811850017363337216 
630438696 
1276084975 
4571835881 
129483346 
263557242 
2350606075 
66322166 
1031236494 
3033862078 
2910854705 
340409273 
2791869255 
312162900 
828958746424594432 
363864981 
2197715257 
431992304 
1428594260 
718335764 
2536879836 
2641484356 
755873886714093569 
2807318836 
1329748614 
3173306643 
1654813056 
2253804560 
3080933012 
303344766 
3309489855 
2570891734 
766222129394249728 
574792201 
847148429822377990 
4565172675 
212342216 
1593907842 
327039108 
340483673 
4297169115 
2823515008 
3112050736 
890009478 
744633592907694080 
709000117513224193 
3355383093 
2544003499 
708968207634317312 
1974622548 
709045673010839552 
709060138901114880 
344246076 
709056258477842432 
3236939615 
3032969145 
3369069803 
3311841977 
2841843887 
803365754095759360 
1969048938 
3319579666 
711927226707656704 
807752570794049536 
834685373573906432 
709038255442944002 
445580445 
711955268129714176 
172400420 
463324650 
708050338335559680 
709025291629420544 
4777835187 
709011726843428864 
131664716 
2444041375 
3363318010 
2219288925 
1625156630 
2364642025 
709030460186370048 
708988184726732801 
709023600741900288 
709041847226736640 
4448734109 
708970328953917440 
946156016 
447112443 
308543367 
709008938008707072 
1422563090 
3802838543 
709004822016614400 
846416660881948676 
709057754317643776 
709062784936505344 
782320760195018752 
821834116161302528 
1340076570 
1400125998 
610923119 
708974417095880704 
4200896505 
3147761573 
709026815461998593 
2714868478 
346581580 
4285509143 
470439797 
709044081108848640 
733667286188445696 
711890597871820800 
3378672881 
709054880997052416 
711905078328872960 
711914308087767040 
3364103669 
773095491466854400 
847134615638822914 
709048248456114176 
86950805 
742435512233930753 
708046026310086656 
2970534286 
847191986801164288 
847213358231228416 
1382769678 
847199858775789570 
2976044836 
324561475 
847217037558583297 
847199561860993026 
743773830104096769 
349959772 
847214521127260160 
2230341258 
847205582234927104 
847211682472579072 
2340775242 
847191035444899845 
847197937486757888 
4869018605 
847189332758839296 
74791751 
847165237212078080 
847192068837576706 
254694611 
847188990495272960 
847203256933736451 
322694977 
847209406114795520 
847191113131790337 
847202384866672640 
847191707569524738 
847196297228627968 
847196329835220992 
620359449 
847201680248770562 
2817740724 
829658389 
847223905932558338 
843748357 
847215364849238016 
823463361161654274 
847216213449170946 
485505670 
847197394307624961 
4746043228 
801011687776284672 
4112129691 
284954208 
847192966104014850 
847192360140374016 
816692867158642688 
847194023978815488 
369108346 
4318991362 
439144614 
847204289286209536 
847202158919503872 
844387080100818945 
847192613807673344 
847192492399349762 
2521560365 
847205329955946496 
847205411371540480 
846375199285166080 
847206280775315456 
847204859430518784 
2994999673 
847191390337609728 
847200159662510081 
847201668139757568 
847202797179342848 
794951591971397632 
345920668 
4265912859 
847186733682888704 
847257961139273728 
847362604603326464 
847233652219985921 
844873067906154496 
1413084848 
376133042 
847348952626192384 
847324682038595585 
847370429278765057 
847363608975523840 
847347185574264833 
847257168415907841 
3301528779 
847317950746861569 
847356857798623234 
847325802521690112 
847241827979714560 
847328659266428931 
847316667956842496 
2611357248 
847238812983934977 
847372418934951938 
847371761121345536 
600140401 
1395479917 
847360650292502529 
847374884892049413 
847315366271373312 
847350112577650688 
847368862156726272 
847235380063621120 
847338556137721856 
847317590170943488 
847310848456392706 
847347309293600770 
847369443835387905 
3366032955 
847341738595307520 
847236655626960896 
847251874277240832 
847255298943234049 
847357483488124930 
847359336967847936 
847300643836485642 
847357352697249795 
847313731134537730 
847323109573091328 
847230197266923524 
847309308026998784 
847226024743981061 
757731050458152960 
847228149326684160 
847233240486207488 
847359396929650691 
2162452315 
847326364357148672 
847375961733513216 
847338352055508993 
847352391229886465 
847348968593936385 
847352752640413696 
847367359820054529 
791586849189990401 
292344102 
847271940695801856 
841562985097285632 
847354674529288192 
847347107719561219 
847354304994226177 
847311252736978944 
847373453724229634 
847312287702499328 
847328115726483456 
847375578613272576 
845430522260131840 
847320494768390145 
847346471548592128 
847323876665114625 
847354025334890498 
847360563084525569 
847353330204528640 
847348449456541696 
842322591763292160 
847358755645685761 
847369151706300416 
306428809 
847345675150934017 
847335750097973249 
719771936088330240 
847305963782553600 
847376482620002305 
847394220537073667 
729336312608772098 
847384503387471874 
844593205534474241 
312857708 
847405450324606976 
776443496462819332 
847399182839062533 
847417482700759040 
845751480468541443 
847402152305676291 
847391668546359296 
844615560679899142 
847396202786177028 
847409651159253002 
2263386181 
847382857685139456 
837794413682241537 
847387678504910849 
732253508188180480 
820299713563893761 
847384978660786176 
792840028376432641 
843353893052583936 
842838168588173312 
838429966807220224 
847386707842314240 
847383415280222208 
781531249135542276 
444807431 
847364990348570625 
847372020190855168 
776433953976659968 
847385526160171009 
847395908819890177 
779740892592824320 
3369119535 
833742082003103744 
847377049542991872 
847377156501929987 
847401837439336448 
847376372993368064 
847391356477624325 
847397766879887361 
847406704769642497 
847405093217460227 
847381431928012800 
1898425580 
776429450711986176 
847381708500369409 
847384800230952960 
4089064048 
847401193399648256 
847392716472279044 
847386792147927040 
847402701516283905 
847403269097832452 
778318420022525953 
774012231172362242 
847394781663645696 
847404912531054594 
825582726854144001 
847398125631229952 
847389834868019200 
847400957373591552 
847409875265101824 
847379166941003777 
847403517660717057 
804730256129224704 
847382979986956288 
774014014225539072 
846714820388950017 
847377652327497740 
1475532342 
847389752970039299 
847377865490407424 
695639622068649985 
847405160804384769 
811329047317872640 
824941651483357184 
1611392102 
4884482931 
775224584022921216 
2152759003 
979314871 
793165509328007168 
760447264615763968 
722468758745411585 
798982151702249479 
727982302681284608 
216374986 
727248558638923777 
68646010 
814393218976612352 
2157491449 
765224064285872128 
816696154557710337 
835486413835628545 
737013948411727872 
3346463115 
286108083 
2432297678 
840230124595351552 
839402945208791040 
346061625 
816228388683841536 
816989209584082944 
175752199 
844848573632016384 
794181019003920384 
815144281564413952 
2198464645 
819180952958156801 
819661060823273472 
806954857181523968 
825666321027362816 
3213755141 
2284991450 
838506477178466309 
382364987 
3003870875 
725794676893179904 
844152630226161664 
801196100300443648 
745333983039328256 
764563488144560128 
400627903 
2666546460 
2505579661 
810275226839871489 
4881988817 
766908195759648769 
618480000 
832100647826776064 
813119354141286400 
797992703296421893 
820695591793606657 
164223931 
832296631483695108 
1577871918 
142347630 
213041649 
830297814655721472 
792493534700068864 
75773607 
2895965050 
721028288 
716504985522069504 
3295005017 
2464719297 
161988886 
1457412116 
815355872444579840 
411800371 
408528349 
302041334 
847333815139749890 
768600127808348161 
840879430373367809 
808351377512660992 
807140807882969089 
2239756456 
823247107591143424 
757714399 
845574117906624512 
770874852899229696 
4829715693 
3724278155 
1286949024 
845318209515540484 
455719997 
844451548168179712 
3172179383 
795919876774825984 
767005734613708802 
772013162 
841654473743323137 
844469333237649408 
842497368947933190 
2200070630 
775562750 
770493455269257216 
795329641691181056 
917673854 
543647637 
846425012890488832 
758785854466916353 
4084904842 
221490142 
68628649 
3347468043 
762722882300551168 
178101556 
3085007584 
831371135254151168 
734372088815980545 
835489180889268225 
963939596 
823916153705791488 
2582830172 
846848754288414721 
3339880102 
703651788466028545 
311504547 
2163425594 
845756325808279553 
839905664688349184 
2172100453 
2395106208 
319010676 
3634995796 
1749710294 
845045920962097152 
4174546636 
798627504089075713 
4590376456 
238330951 
835932171168776194 
2784287711 
785220527141117952 
448922869 
716937460148801537 
826871675539042304 
824003759403634691 
807212027731124224 
793693596994117632 
804269102189674496 
1246983222 
811493153136058368 
969096954 
801088555971907584 
1255122974 
787002663019880448 
847059875398062081 
28518392 
2754128898 
1175612034 
3871715445 
3423753809 
830850140 
2236757098 
2334531173 
4588932137 
2894969877 
2913790235 
846254655780896768 
526316536 
825339045966389249 
767431823676825600 
887324575 
129901841 
292371022 
798713040900423680 
294019575 
2848538571 
1510960284 
846774776790224896 
847210525771681792 
845679949277249537 
311003995 
827275774319144961 
627666602 
952235432 
795751153212465152 
843830220805361664 
3403218939 
729656516433850369 
845680877799706632 
836889664288133121 
1958353074 
768077482343948288 
847369790553337857 
840344891683135488 
845689941992591360 
845661931612635141 
845681715469279232 
790181288162590720 
880848222 
703571083312701440 
846634680283774976 
843548553637249025 
819209330125893633 
807230599333347328 
737335639687979008 
832885232265211904 
830450625427144704 
844636183753871362 
760784464679149568 
836486633121800192 
710113682144038912 
827701642350956544 
845689592888119297 
4306177949 
838100809921486853 
3578682557 
207037522 
845330668632657920 
843827928760799232 
114003112 
845692014700187649 
758714491697766400 
2873981238 
177390583 
1479101006 
1026920222 
1107435780 
843829219742375937 
846407739475709953 
1061520114 
802548002745421825 
3542681416 
758897900 
767040466575581184 
3384641019 
845298172721287168 
825365279756648448 
209090507 
732102479110885376 
2911744881 
834400587412279296 
2388643975 
3064592087 
756039922222497792 
782604708607328256 
347788830 
2850609870 
4104933795 
185778027 
743878824 
776150121100619776 
774210792 
2951826701 
2577614689 
396422342 
3114366573 
810887692649111552 
2575987053 
846701935218577409 
847339677443014656 
1035660745 
92491789 
847205630020608000 
839078233328992256 
847330254955753472 
847180073966931968 
262117342 
1532168881 
98884178 
847178500113154049 
407116391 
845583186675552257 
846472012038049793 
1933662156 
4151168297 
846056406054768640 
3748531697 
847174792151257089 
847191848351387649 
847186168819126274 
452557099 
842839359451795456 
847210344053440512 
847200910753304576 
2577079027 
2302089547 
847186188070989824 
836656605798219776 
847228977454264325 
2459084861 
844749186113421312 
847211996915421185 
228387780 
1488742614 
847243620365156352 
847218128291540992 
846959436572884992 
341525191 
847158329751322624 
458744229 
272710385 
430665306 
847353131503566848 
843386989449793536 
825817011364184064 
847356535554494464 
770386847654612993 
847167643664683009 
845790778928574465 
140155420 
847358769407246336 
847185140535230464 
1416146964 
847338075399127040 
3070962910 
847198759515754496 
847172588715565056 
791276772 
847345325794770944 
354418978 
847202849155100673 
429846501 
110126647 
847322975804112896 
846795677090922496 
740472307026628608 
847217168127332352 
403052227 
2859732164 
846167474823421952 
847176602773606400 
616610763 
829122437275066368 
847346034019680256 
4434962236 
2298835521 
759046716 
470011513 
847359593768300546 
847203229901492224 
847349890988494848 
808063034421813248 
2558730318 
847206680060444673 
789931180519002113 
829713039968628736 
816742926566965248 
847369266718326785 
847143352755798021 
846483556209709057 
840717309320794113 
734845254369693696 
847389953180827649 
295573524 
760442646427004929 
4870796211 
847440272422076418 
847423098009681921 
735218847972773889 
756502775329062913 
844539776242008064 
847425983695118337 
841532258481774593 
2879892346 
4185218253 
3374774602 
843585088847777792 
746832828558675969 
847434151636549633 
847029598755979264 
2931843083 
263603879 
807597316882448384 
2907903941 
195038856 
847433646587826178 
847428058315280388 
845678120443228161 
847445452853133312 
100828176 
711822721420824576 
847431884099305473 
2675384523 
844593132306124801 
2344102790 
829027147671027714 
846103766843752448 
847447459701731328 
828517417349427200 
2261623974 
811574898850234368 
839612318736605184 
4662632002 
769238581206458370 
712735061225906176 
835934136535777285 
830717354648731648 
828621976193363968 
4018689929 
782314996445376512 
1854542353 
846701401854164993 
831232501947432961 
796247308518227968 
783863764575784960 
847431963895922688 
337214251 
2188966759 
847384105712996352 
2740860616 
1216534062 
847404243598233600 
847404015570763777 
735148582404280321 
711580693525041152 
4866429065 
847366322509848576 
4416364348 
168419831 
902484212 
813786173990666241 
847402983365029888 
847435824354349056 
830400747342798848 
4084276937 
399614139 
2725346487 
842812510164127745 
827180149783289858 
3647834423 
830379390122995712 
791741255302651904 
822947334833246212 
84416469 
2815655736 
726817999043317760 
2214759557 
185187220 
810877952263131138 
840586773747126273 
846781607113637889 
842357225016442880 
4891617269 
243850901 
2291365957 
793044266025181184 
755742759177388032 
791418723236208643 
829296176180633601 
846802232343441409 
3955846601 
771223441278050305 
798818906970279936 
2260320036 
2198137386 
3882249617 
842635216233660416 
790654777688461312 
837317087752237058 
2260799160 
841314271975899137 
788739237243973633 
2994287259 
2945046447 
110687231 
4248615796 
3389494671 
843617783913086978 
841729164516442112 
803336758511489025 
732234701440712704 
2475214394 
4026858239 
846422724230742017 
2778102448 
838836945463672834 
174403124 
146423089 
611372682 
3423894899 
1364300659 
755808600845611008 
838799045275574272 
741629812566003712 
847417008832499714 
1871273030 
847432306004340736 
2490349084 
2985442935 
839822640122638337 
773224700633841664 
1630207458 
847425334370738180 
847438939996803074 
847007294718128128 
2148825124 
840285296344346624 
1487805990 
837611086161526784 
468143030 
847449281220927488 
847394196742840320 
956450804 
521691819 
847434815460618245 
847429838453391362 
4481504116 
278086361 
3881047049 
1396748520 
2787202887 
840679789514129413 
2966457262 
1527726960 
2232960817 
783938641 
2154642190 
2232638268 
821290650763202560 
1600525700 
4901456002 
821849401702436864 
203657015 
4849805369 
801854534255517696 
4266124757 
2204420853 
36340559 
331144999 
542724183 
515937534 
358778426 
489948699 
295322220 
254281600 
2759849750 
3004813315 
3816877881 
560673978 
1702912542 
330951785 
779318124772487168 
937700815 
3254014840 
3439885101 
1256662441 
448065654 
758674356465700864 
159031658 
1496506195 
281587470 
833413844156477441 
560199790 
41694612 
831140604507779072 
2432375304 
790667601227677697 
2978553323 
785593313327919104 
1489981256 
832328038197100549 
772348080167485440 
2567127209 
783376923481239552 
2499527977 
159030323 
2328476468 
811653019557302273 
548515491 
2890648223 
1512488677 
847185990196383745 
4098944452 
847162827412557824 
847181313270579201 
847167903602479104 
2327350531 
837905674420043776 
326392940 
845392238964326404 
847326036475822080 
2280562786 
1048889917 
814708762334429184 
846028095429726208 
111994176 
831917774041706496 
809456124877570050 
846700701610889216 
2212349871 
847335325143670784 
847176564504711168 
834469374018932743 
846363230717067264 
2285678831 
846081488240218114 
847197368441278464 
847198492258959360 
847218226450911233 
847196062653845506 
847185711367421952 
847190199545344000 
310133672 
442716531 
4706284949 
1417259034 
846784694809214976 
846099272261160960 
522337006 
845969794075672577 
847176481902153728 
846798189286055941 
847203282716102656 
226542120 
722812483577229312 
843213578643685376 
818729075388928001 
846016412158251009 
813472807908757504 
846800492038643713 
847172149496434689 
831897974133444609 
847081522721165312 
847178927357509637 
702948307065298945 
3747184283 
847174407344852994 
2964982617 
847157694121361410 
815868440539959296 
847179421056454656 
841928039336402944 
790647845820956672 
844658438164697088 
720507374759460865 
847177260348162048 
463111455 
112880940 
756053950755958784 
847172108698501124 
799788832291979265 
723618806506086400 
1670562156 
832906688621600772 
847341878659792897 
847207348863143937 
845999182133575680 
847170430309994496 
2495943122 
2474355641 
846675547816185856 
847221056481976320 
847346769650368512 
847130399113392130 
847354001318334464 
4150989190 
839843483150057473 
847112956521402368 
797028930695925760 
398730184 
822524124849467394 
847360479647285249 
846790361104158720 
2419916207 
847359901315719168 
825312199493160965 
264321241 
846399689649999872 
840887055102144513 
1405884468 
847378720075636738 
811963714417127426 
847359062370959360 
1009479738 
4710285915 
816760523425464324 
390090288 
847095826199531520 
780529472894226432 
846757291647008769 
1598588689 
846659115476832257 
815983819845238784 
524333371 
479406279 
847013425482010624 
841055334902951936 
2561936541 
389535934 
2868145473 
844080156285325312 
847277349875851267 
847236092558401536 
846376693564608513 
190692667 
800798174050861056 
846978597076291585 
847352233792421889 
171952796 
847340988708278272 
1165638522 
847335440344432640 
615078692 
3501013216 
847365233005875200 
847295174774358016 
846934978214707200 
65416986 
468625867 
4884557884 
846960933511581696 
847374727907688448 
847271207049220100 
847222450320416769 
346870543 
3364841956 
845602729254899712 
68516136 
2270295806 
1656916572 
841653441294413826 
3298402204 
846393973354758144 
810878661255643136 
176773185 
846972154369454080 
833223119552802816 
847294042928840705 
1289204588 
838100618397036544 
838720206704951297 
822185845755092992 
720209366 
326765294 
778637788677799937 
845560928825495552 
814945391963672580 
818852312496095233 
839060910522130432 
847444287490899969 
847385222920290304 
1560594642 
847441895982682114 
840895045641347073 
764427133900976129 
847448082216239106 
847397040103411715 
821738751860887552 
847460255021752325 
846705180410351616 
89010961 
847429602221768705 
847429815447703556 
825781124320346112 
847407990286073856 
847417027627110402 
847376224057937920 
831097448978329600 
283706287 
846066733727264768 
2829787358 
727428135332012033 
126992642 
847434109898993664 
831087866952433664 
118029505 
828173462283882496 
849839750 
827282908691914752 
798889866402603008 
794117643687051266 
827678916190072833 
807501741453361153 
847432414683029505 
728261642744692737 
847404465841782787 
821090263162650628 
847434899678089216 
369440927 
846696422707777538 
793416992 
841237574001799168 
821786246510968832 
846451427199385600 
144778759 
63492584 
4896315658 
834382266809929728 
800688883520258049 
847431309760708608 
2769843033 
3036996539 
847406492718202883 
836997904103534592 
2376172160 
1979560771 
847379904547115009 
815606467625676800 
847410208573763584 
842724455466110976 
969669252 
847398386944794627 
2913802547 
2636687431 
847193122308263936 
801388159330291712 
411366502 
2741936661 
627883185 
847434921660489731 
713079282642382849 
847454580409475072 
847418860017930240 
3147446297 
815055535 
2411172430 
846359411954253825 
847398942991982593 
42840068 
831976470 
330217327 
836171446598713346 
2954802281 
2617038317 
1645190306 
846656353485701120 
846776156959510528 
813700372594393088 
821072095631306752 
743596458100793344 
842699744258506753 
1550329044 
348583799 
2152626273 
758872626487959557 
702335685873836032 
937574077 
3331375678 
307318296 
2508746151 
1547564316 
846720843640160256 
521070912 
446915268 
2906690459 
233298794 
776879845150162946 
840498671020052480 
2868842387 
1916816958 
1525561022 
810139235927867392 
705417072407404544 
3184677047 
769151377104838656 
3040370837 
297334558 
228700042 
2865839314 
304990942 
4201727541 
1513631935 
289331561 
844161762249375744 
808069141752115200 
3727661175 
1709604259 
246449850 
846311569311059968 
3878005402 
847424312235573262 
4888594113 
795587337677840384 
1500554792 
263412833 
1575703172 
585021706 
99832823 
846426535116574720 
2898124702 
773263966739070976 
821087732646690816 
152271879 
839018552401268736 
757700684 
748239820196032512 
712392832636624896 
826826170301808641 
2927432781 
836860932 
847357619345817600 
939290388 
349028863 
2785121505 
104220425 
1152489625 
2977130416 
3177389038 
2387299207 
556159812 
255679578 
747387845694922752 
179488440 
817785191624245249 
1039976557 
3050022458 
1209787556 
3368473625 
2363325173 
4675345754 
3385674351 
3377950492 
708592708944830464 
784436449131257856 
843847915160461313 
844572982597029889 
607594420 
475072534 
846863440832581633 
846809269961969665 
999557484 
3063871318 
353869474 
626532879 
4209534688 
3905320831 
809441297589293056 
2654888526 
258439883 
3101791936 
1011030912 
222559563 
450006820 
839559971088044039 
375379603 
222075397 
208779856 
1146462385 
628862724 
3823797255 
487051857 
579022400 
2416119457 
341082851 
333315881 
4012319901 
2459403340 
3356779119 
819321442911260672 
347429812 
247840964 
615075872 
836973256804556800 
3835774515 
29451778 
565346513 
839535196152156160 
794511096661086208 
3179417195 
144606162 
2679060837 
373308341 
748261304696180736 
1721635723 
829300846714376193 
828794251442061312 
728675138011578370 
345917161 
1680131167 
75637867 
830044440853094400 
836279990299803649 
196787938 
737282491 
830802011796959233 
755111615993905152 
1043037822 
352836904 
119554392 
827974994164588544 
838826697206214656 
840659075075584000 
840641265842700289 
826244995 
840576420334178304 
840886755482058752 
2368823178 
2888576787 
712764927 
830163718013067264 
3351756659 
191475422 
94512581 
432318630 
251162147 
822200477047816198 
452448742 
1943978730 
829635972526649344 
259758803 
785118765977595904 
523020567 
1548306744 
720711852 
190199831 
1566774835 
834751452673429504 
1404661861 
401917969 
846415167890083841 
194126167 
4842186064 
2910025313 
824912722307461121 
469281371 
2246409108 
840644744606863362 
4928194331 
2891341222 
3430422761 
3134517777 
836253778517065728 
986214080 
246831989 
275611607 
815657643444408322 
382847068 
3427830520 
339031491 
732268217016696836 
765218346866446337 
806067940005134336 
2498373248 
1860242400 
817627019445989377 
2276976484 
1660378440 
747086499506753536 
847039025433235457 
841255222458630144 
841586339959173120 
2656665925 
2706485736 
2263182625 
2255145212 
1266883574 
840635062068621312 
2598788909 
844147995511865344 
2313570295 
818330387655094273 
310980986 
847394565522726912 
2735878889 
800469222 
349624303 
825059677453086720 
636409348 
3274988103 
2332402272 
2886882580 
3027063211 
1197158516 
2321482907 
811996831265779712 
2234854531 
843544400 
2182874947 
1339433616 
1452473900 
358213877 
118633327 
2306353251 
504261157 
3079094715 
806113529904435200 
537598647 
780978884 
3309429904 
353298671 
303413167 
765510345624551424 
3387261765 
501196758 
796307979402407936 
1357551836 
771612544398000130 
1383016993 
2529908810 
2680625431 
955171800 
3342021881 
828259274606391296 
152444701 
235082870 
1443343508 
735718347543711744 
66460061 
744888215690186752 
3407385028 
702015533969969152 
997086445 
845179613949022209 
787974807992274944 
1219891982 
4121083636 
4687919636 
153095976 
706163711548002304 
2891247233 
3438918243 
1907659628 
3493766554 
2869489285 
816532760806440960 
843082541011746817 
1861849741 
708574051824959488 
256892580 
2511973326 
3353641007 
808235436 
2788511484 
371520775 
475970618 
217880412 
789889479813259264 
1722686738 
518614710 
845402911098179586 
1575431492 
130517159 
847425788613844997 
829918086941855745 
519508651 
1611132026 
280983330 
827524068807151617 
2859181383 
797873818681430016 
244457576 
735092711989071872 
831514128342777856 
1617652938 
3505077137 
3123205562 
480631627 
2387774946 
861820208 
726007582771531776 
191411556 
348091971 
3111794620 
1061220246 
269910826 
190200723 
775687587260469248 
353617152 
824973285423247360 
3386888153 
813884313741639680 
734423126537277440 
136253447 
1927466498 
3364960258 
3812888297 
736612494094000129 
790676031694901250 
232692714 
414659086 
2677361750 
831843870782652417 
626016294 
772548780042354688 
2636039124 
808098084794273792 
2998780553 
18435935 
2394900763 
4872180184 
3309429881 
2941360055 
2724007182 
3111727007 
757588509947486208 
210476467 
847483209969393668 
300250342 
1952083285 
2313635190 
605332393 
2489661474 
760359697 
2276387174 
3043457163 
164925458 
1612601274 
216430517 
4006545275 
2291620204 
568106172 
824217222935703552 
943338728 
301345676 
2716884729 
2696035767 
1036653986 
3410241658 
847464431445463040 
738809256602947584 
2882410486 
319204090 
3044873231 
3434091269 
455635767 
847458169970319360 
801119533 
1405835874 
1455041748 
214128083 
3127368171 
780511897397366784 
738625741735272448 
2633874868 
2819426357 
808251465760436224 
2940061737 
735968658112024580 
4092404596 
3006232929 
2190951719 
831058533449920512 
3226221137 
86747947 
3338729164 
383316390 
847474381093650432 
846684985243439104 
778979324510605312 
2797808165 
743907603475013632 
847466207259308033 
829435783517978624 
769577986723053568 
822599291223101440 
779605761764814848 
812305409394569216 
4300051041 
811573448711540736 
1474243458 
846824401395990529 
4136967215 
746776325092937729 
797974310799417344 
802181020565045248 
793396297730490368 
761660716646563841 
1572393625 
952075448 
700983745952800768 
522554071 
779308765967441920 
846414127920824320 
808082276085104640 
836282607352627205 
768145423794143232 
407060812 
845153069826424832 
744418078004551680 
3972392009 
814492418967998464 
809820551711772672 
819183044401709056 
1571171881 
763699314212429824 
3349980670 
782880080418791424 
789870572738076673 
2769410188 
845605669491363840 
4062886821 
2350674251 
2647146298 
1307297370 
2951630338 
705025815457701889 
827988537282797570 
3377593905 
1386768384 
844646834966609921 
2729271914 
2627031835 
3783442637 
767023984378511365 
388474726 
2871964162 
788813855145267201 
724963340510965760 
817089118614224897 
799024936136437760 
806427417334190081 
2243765079 
2402576253 
2314451063 
3365856947 
310977267 
125435552 
2769930419 
2912534266 
2380289391 
61472472 
777598093567098880 
4882060385 
835574061510053888 
838778094731341824 
840287594277720066 
805190012476260352 
4854942267 
3642640937 
2959063882 
758193276235161600 
3371442615 
294705987 
4534518381 
847395010337099778 
763860994129100800 
847397300699774977 
143369359 
94292585 
2296446486 
727170982398537728 
438524816 
839907529706651649 
847410212046753792 
847417155075194882 
847370680299540482 
847391002755190790 
2212845427 
833676660222353412 
847434203654365185 
2731588738 
832643643416522754 
2244451350 
3067545599 
3298526686 
756102157301059585 
772870469024374784 
743934586397274117 
3226046363 
494148193 
842255318402924544 
4362599956 
1235306382 
722428440515911681 
154492716 
3385680520 
2449632163 
3251822349 
1959010255 
4275373595 
1531527566 
732660835156365313 
832068027042656256 
2271865124 
1548426667 
806840531020091392 
1535468131 
847489224089542661 
841725363164196867 
2999845684 
1534382180 
326968523 
374724292 
620274482 
1692048895 
1128925476 
818721519882956800 
740542692 
58186203 
105884208 
1316037818 
740494476225982464 
3056525147 
2247732003 
2772721973 
732652593177088000 
267749544 
707270377 
2308755685 
802864122652229632 
756248376920903680 
576294219 
1862961684 
2609108601 
1519990064 
234172624 
2781073086 
708903274498367488 
758076627200929792 
3093266319 
116016129 
2821221279 
793499065443049472 
771254281085161472 
2853491194 
844240396146348034 
1284259472 
444875774 
244892754 
786587449581572096 
833703726489726977 
847346016261033986 
343940716 
84050190 
758981656808083456 
2682736281 
2759397432 
4105728491 
2672931471 
58148006 
780474549708161024 
1878653749 
229251787 
834308449785802752 
847350603009282048 
316026919 
310735350 
847214074723274753 
846791221494398981 
824621960407683073 
4483266334 
3502021937 
2327901180 
847215634509451264 
712272806428450816 
129945660 
3066014038 
214371614 
2343293752 
514096671 
847099600544632834 
3311796609 
840872521079619584 
847468508195635201 
817779753264574464 
847468997297688576 
847497406761517056 
847476872849965061 
847484474421948420 
847079919012249601 
847470226719490048 
846784937923678208 
847485491150704640 
847456932856082435 
4739194295 
847499099154677761 
3027911380 
843383195190071297 
4905975099 
846784800681840641 
847428106893664257 
1668383588 
1425260299 
844114389854834689 
847475560934539264 
847497355825864704 
847486138310828036 
847500305788837888 
830783727596879872 
847436460525363202 
3345230817 
2791887444 
761643499099918336 
4441449861 
847429129473413120 
847454948853927936 
847473219787382784 
846328723750178816 
838121012587810817 
847506956487180289 
767662349994123265 
847489081655279617 
841148925893570560 
847489917210869761 
847473730141929476 
847492437631131648 
847473696549752832 
831889276103188480 
738696402465918977 
847476601545568257 
847510697852362753 
847477780056952834 
102259474 
615965795 
847474554804912130 
312627861 
847456483260284931 
2425950516 
378051852 
730366025649274881 
847456162844860420 
408796372 
847498445933785089 
847492185587015680 
298852400 
847469666389774337 
415010269 
847468334996049925 
310218240 
847483382997032961 
2484815369 
847511353560408066 
847154678232236040 
1662966578 
847437515346673666 
344552065 
766766156820668417 
847488217439911937 
847420323796471808 
847429631162449921 
846983805529456640 
847491259895660545 
452772820 
833080927467270144 
847479411687305217 
847453709244051456 
847510306049765376 
847475445771624448 
847480703805603841 
847175851309486081 
821269452205543424 
4901894523 
847418649417613313 
2169138955 
847510976727351297 
754389413015224320 
3246356596 
2839093385 
404250036 
758573579248205825 
2368720186 
1583056506 
1259546220 
1937462006 
3383809169 
3161686477 
830057936617619456 
2905618132 
2880598813 
464177232 
1512520009 
265036226 
330914777 
1382282239 
840174623027298304 
1558400797 
287682653 
1568992358 
3402614201 
765510968738799617 
3366756537 
831954677252100096 
3793295907 
304649806 
779373575799185409 
187196728 
422480197 
756882505924481025 
4838259807 
2582216170 
1180276507 
763353173834825728 
709851429448581120 
2955738783 
470430621 
553337879 
845914017558396928 
720276703356977152 
807545037676486662 
847211941332430848 
92847260 
836572853256466432 
758077790294073344 
3720016697 
353708555 
4120583505 
813128266081009665 
778046654 
3240913851 
2497832806 
573951653 
237624554 
2459714704 
2234455539 
2634658535 
701087420578709504 
322187035 
837718734114521090 
342992452 
212363294 
317083852 
4615370381 
755766565530902528 
3026830065 
733694708015337472 
72268034 
2383805504 
763335646371016704 
3905821064 
4212810497 
3742076363 
499933356 
162784520 
741758506471182340 
832543004464394240 
353848239 
797844778041884672 
1087073749 
2744192164 
582784948 
3327269832 
808739629327380481 
750351343735414784 
810196332262604804 
772831268836868096 
1683425274 
2935730332 
3422161131 
2726012741 
2274443870 
770281934622777349 
912073124 
2286535552 
774698978063618049 
527306749 
830388343573716993 
833430115694608384 
808390361915736064 
783710334712512512 
828257451015278592 
818917007567581184 
823870869864939520 
4829110559 
808008674383896576 
834529804967936001 
820634901846327296 
779972594548215808 
756206133019283456 
780550265527148544 
704350568899330048 
775682213379706880 
3356555531 
489386928 
798136007086534660 
808977597124276224 
339661654 
826128239143837698 
835494090263379968 
826103932896296962 
802851751112146944 
3154034565 
830392014080503813 
834509705586302979 
829364892046151681 
806811087794475008 
816692077790691328 
779401179595956224 
835889346473508864 
809775751629303808 
745056223163191297 
775088542565462016 
3311376797 
2727138549 
2525220763 
831716467129335808 
785772426160398336 
3014858061 
811468194267496449 
821089691986522112 
815291537114492928 
784806398987206660 
819954677219545089 
2312313433 
805677396624031746 
805448568303742976 
224709589 
440931655 
3438917565 
809703261494267904 
171642344 
836845616714121216 
4881766426 
833753266844467200 
822827408944463875 
811634301397827584 
1678149332 
807714124595687424 
829626660605526016 
347135728 
520370236 
803688679030001665 
2465135163 
784670360029556736 
818868045972176896 
830396371911995392 
803504268611305472 
769995301482627072 
830120869854904320 
835168152669601794 
804059745493651456 
839854682398916609 
2296386542 
791967967336468480 
3369779241 
837731451986669572 
3404217736 
1697108690 
836641442391031808 
822166862989508608 
837717467266973696 
810454635546890240 
844954163280797697 
830439923396255748 
822734161530253312 
1285297130 
2873447028 
835207559971753985 
834816679926448128 
4697494340 
830447254808961024 
803717479436533760 
842241362988789760 
840874942606516225 
844328443760332800 
830366953218965505 
1061482669 
818933314878930945 
809173773509394433 
824194022872940544 
806607697919561728 
835115788763803648 
806607052340678656 
837735291838410757 
830821844206907393 
830396499897020416 
844534911742738432 
824901634148835328 
841567847465771008 
813501733980827648 
2356608146 
837719662091730946 
841557994651435009 
506471463 
830381404471062528 
823169331798347776 
435734628 
843900932383526912 
840249369781755904 
3124711450 
105881239 
99374666 
1487304589 
459051158 
839911092939800577 
635566580 
993195794 
356157617 
791303008239910917 
811863128036274178 
805092468828020742 
777586425030144002 
2933923385 
1497720307 
847405808501403648 
51176746 
810520318221619201 
2980850592 
34895646 
798615109342007300 
782978429570408448 
807921854568628224 
831199425271885824 
770157478931734528 
80950634 
441854237 
2879684643 
318669022 
845318235109122056 
2204914964 
606344745 
3877122166 
835951635935477761 
713272814606946304 
343844931 
804784009024827393 
1370203424 
781403329947635712 
2971971130 
722387205524688896 
746064613486239745 
821647582753673216 
847501854569226240 
370894155 
1477855028 
731183497658961922 
846744227392425985 
846790757998612483 
846770315460071429 
721588812082712576 
303106233 
785399821536460800 
776484285536690177 
846728969424719873 
758079741471711233 
855079802 
2799115625 
846788485491118081 
751542502939889664 
847241711776440320 
782282106818945026 
847398001500758016 
1077191023 
827100545651507200 
2598689929 
752598990231900160 
847474591513444353 
4409046136 
1675217606 
3327115737 
448723486 
847424105229897728 
3643475117 
847326099390439426 
205372311 
784343244012265472 
796720086232993792 
847198596072177664 
783787354473529344 
701879359955714053 
847358185744719872 
847447041450024961 
830055974329339909 
847220385309511683 
847312273727143936 
843918459834720257 
847300325815877633 
834042872466911232 
847205828134404096 
847478230793596929 
847295564114927617 
815681962090385409 
838118046812209158 
812897313794441216 
192340144 
350130235 
2728212076 
805453942641590272 
200816104 
846302992987033601 
3409196781 
820333200832610304 
847476046844776449 
4876798162 
847197940523454465 
378561229 
785261787474198528 
701130244716101632 
794921564752019457 
2420235675 
847309817387425793 
703666368424632320 
1706647357 
2873641795 
1325508692 
847342892540600321 
1677856405 
812692060436398080 
2960493993 
847293544385495040 
257045339 
806482945074667520 
847357319629348865 
720837576504909824 
821813245686284288 
370896554 
844154864 
847364129908170754 
847328889089150978 
847208970775351297 
3315246987 
822751187862700032 
2228556545 
847468773904859137 
847202371952349185 
793175381968842752 
636947331 
703640054388953088 
847420792916791296 
847233449127591937 
847303330778955776 
847218334743580673 
847314501657546752 
847453282586853382 
847435245833945090 
847392304755122177 
847444462854840320 
847402700023021568 
4316037928 
184778966 
847319516065406976 
847302585740517378 
824199494971641856 
847398129380999168 
821132516736323584 
802281948865503232 
847404184567635971 
778823818408185856 
847463587861757956 
847468862362705920 
847434847152881665 
847336207939796996 
847419424638353408 
847458163892797440 
847450975216455683 
847229880852897795 
4540093240 
847427578902134786 
765649925011021825 
847459702858432512 
847451647500402691 
847409523136409600 
2829599601 
847415406973276164 
847374996863303680 
905600689 
844535555597783040 
847204511756247040 
847421893137145857 
1943008092 
830368851518971904 
797390100514689024 
847469789022793728 
847456363320025088 
847427668320571392 
801356671624814592 
847309636365467648 
847465273963696128 
847469690775404545 
847460467098374146 
847428724253274113 
207676757 
847409470569234435 
847470378209259520 
847444930196717568 
847387617758920706 
847409443176194048 
1361309305 
757974547060645888 
847493223278796801 
847530760995209216 
847502566694854656 
847509839102099456 
847492721140944896 
847485859108577288 
847518493285236736 
847523061368836097 
847521619547492352 
838400387321331713 
847523445168574464 
847482524674555904 
847489428398288896 
847510518218809345 
825621070279503872 
847510340468396034 
2609268142 
847478716401729538 
847499844633546754 
847517230535520256 
847478178020864000 
847501363311370240 
847530869174788097 
847523206407839750 
847494338451918853 
847518768825880576 
847487124492345344 
847512328429985792 
763791279834722304 
847525067072450560 
847479419081904128 
847481340987453440 
847508174567489536 
374521996 
847503584820305920 
847521837391253504 
846974678719758336 
847508448480608257 
847503931974365185 
847526177082396674 
847530993124823040 
847509878277095424 
2246857726 
847488570658926593 
847507109516365825 
3347354073 
847496955462795264 
847486897894993921 
781082221927079936 
3041433395 
847517418348036097 
847523333956620291 
847484867214426113 
847489920876728320 
847534055356866560 
847524146183589888 
847500758526210053 
847530516119158785 
847509437338107904 
179743847 
2299993458 
847526448919433216 
847483889173975040 
169240636 
847513997855252481 
847524989045796865 
847511607504764930 
847511207883845633 
4264126583 
847531075815518209 
847530457751322624 
584113472 
847525004833062913 
237680150 
506093426 
847490117707026433 
472059511 
392707601 
847481973161447425 
847526303624507392 
847523774106865670 
817082865955573760 
1959634435 
2847076618 
847476986935099392 
847477848411590656 
847485498801111040 
847480575996837889 
812026540208881664 
847350336771641344 
579187169 
710172731103379458 
812636827131723780 
981167125 
3313584003 
263191293 
1574464700 
2316067184 
784155136436346881 
822807950091780097 
823184530131533829 
817379094916714496 
2487534758 
765269960100868097 
847135155051511808 
838377207131160577 
847130058242375680 
3498448275 
769185897170477056 
840357112928731137 
951310910 
1704639187 
3926197054 
4534823116 
743930133732536320 
2271096328 
840511391924654081 
802231387294203909 
2172763802 
4635533663 
422168173 
513574610 
2167078458 
841565182316945408 
816638341034770432 
840682190811865088 
799598622463688704 
2913682811 
842298162136133632 
813422080045752320 
842282840528166912 
2787118313 
319837094 
171114308 
400833169 
2924678037 
1387647439 
543273867 
387235025 
846633891465179136 
1640748900 
842130995939819522 
261281100 
835870181146648576 
797157105568514050 
166945852 
2789404025 
841675038029991937 
4312078456 
841320098862362624 
146582063 
267746909 
801214424 
290689833 
819092389147115520 
3082459690 
801522696966336512 
213446411 
4726482135 
819268833034772484 
558957742 
805826489547628544 
726741093962944513 
842059711734140928 
783783640178327552 
841872926622248960 
819459679994728448 
3080268741 
3183335656 
716547578448506880 
383160155 
182376783 
838723657740529664 
1438566912 
841706629057957889 
829076856053829632 
496012984 
842011746915241985 
311981482 
842090918601736197 
1321183735 
860230134 
840621001046122497 
102710516 
842268665236058117 
842082589049536513 
842092667999776768 
478896368 
841979799811854336 
472163460 
841864517130817536 
842095977452470275 
833327844885463041 
244243918 
2962755532 
3360295955 
841380527580053505 
102491404 
753539288424411137 
842096618417618944 
744633171057188864 
704580780031418368 
993361963 
842110361910312960 
842124835992002563 
841664752334036993 
2683965856 
716951582118690817 
834799444474417152 
784432123 
403233707 
562795865 
841689933026844672 
841643040200613888 
863392237 
840869896166739968 
332957773 
838398062024359936 
842100014285520902 
387854817 
842146907656994817 
327877338 
841261362282156032 
550122711 
820603215188201472 
776441371137826816 
714722944463859713 
250377048 
2935337151 
842098298685161476 
2353827859 
2976535869 
842067632744464385 
714694945 
838084135436632070 
950639796 
3492042316 
841576672222674945 
842107708954312704 
839760067750674433 
842126839866900484 
831528684024688640 
3558728416 
798772388485705728 
1403186966 
755157341222367232 
3785695217 
3782948735 
1192598683 
484078901 
791534542238744576 
2392778235 
716844431962423296 
761981322160119808 
842101482816208902 
842157247941742594 
705502070103740419 
841972574414225409 
611163661 
842087855350525952 
792467989954236416 
4166456662 
842302204363055104 
842295699337285634 
787700847027388416 
1490204059 
2346612354 
774070190531289089 
841662889664610305 
762977826895200256 
838531793234067460 
757674492575543296 
3147638181 
3059544861 
317898555 
770012373436534785 
275085541 
167299770 
1404541262 
832189179329122304 
833438932708757504 
842320795577786368 
842321542927265792 
813354361032212480 
841341860866064385 
828661088501788672 
842308066607562752 
842329665872244737 
842345512258936832 
839513587634819074 
1459912585 
842341622050394114 
3413333530 
842278748313534464 
100495675 
844545242 
842321168073924608 
864930440 
4888735582 
431757447 
3001190553 
3378445786 
796622297444532224 
842343019428872192 
218137791 
838158202160152576 
3431038000 
842036905118203909 
875169782 
431925152 
714655114896805888 
842378530285580288 
833313445332320256 
833954763196813312 
841548569446346752 
3377317097 
747239855013380100 
2949052323 
2784271581 
842334135003803650 
296356989 
826733203012583424 
841659562000285696 
841721909695913984 
842003801527730176 
2806817380 
842335728365408258 
828979688479535104 
842292574559834113 
841319074319732737 
842033653400113153 
724202418364395520 
1692357704 
2887655812 
3156235215 
3164867397 
2968514931 
842342733373145088 
2174987261 
490310208 
841750708097568768 
839585963009585152 
832701480293445633 
2239795059 
2900867250 
493144332 
1471948280 
833023637783531520 
140091257 
344277568 
823320462080012288 
836513662391226368 
1829700212 
838323029587472385 
467439720 
833688496971849728 
1551296515 
751868781689987072 
822953331106660352 
842112330519437312 
2943985551 
820587226589433856 
377381664 
2842961896 
702719004 
841593704569831424 
118047092 
754804046 
785047290285285376 
842334305208655873 
214414384 
179084601 
840512640908681216 
784042222408925184 
3063647183 
2983783281 
590595712 
804286739108024320 
841353063483002882 
3130891159 
838355329356292096 
2575588859 
1575603222 
1026202675 
480327996 
4084181961 
847052911 
839229610739044352 
766263375462535168 
2731729046 
842298212723654656 
795675460646633472 
826102712743890945 
759852851178856449 
345881731 
826874884324196353 
814522947167719424 
700973578829897728 
2949328288 
820562464907608065 
808194226664198145 
329892689 
842091261234446341 
3170735889 
2922931293 
238679171 
3180734830 
124430324 
3176946395 
539064023 
3629022316 
763960334512119812 
818927815080943617 
2970368505 
818069366763831297 
842117870914023424 
526417533 
840245936404221953 
4549558799 
806192609261719553 
842240134212943873 
247515871 
754222840027766784 
327852373 
2645265451 
842096368722300928 
832933661058138112 
830043725950754817 
3399970102 
3379998089 
185820416 
2250482665 
467639600 
1887596214 
4801713562 
2942415142 
841651973069893632 
3288836687 
3678556996 
798664901862576128 
493446528 
788299134000390144 
842096743181385732 
841640786802425856 
836674197027979269 
315456136 
841356831951847425 
840987067777744901 
2881825142 
3218901959 
842096760101183488 
825420843471736834 
706037737313460224 
814107941599084544 
806214182647558144 
841321593095741440 
323388456 
1056635108 
2837129577 
757975728713506816 
338423782 
783678753146802177 
841955128915701760 
839907735609147395 
828112643521183745 
3350696896 
842491540685672448 
3315787419 
483315914 
816000527611887617 
2785693543 
2855188774 
829419189429497857 
779743483422728192 
2396120878 
779427379697618946 
824584070734745600 
777916040898543616 
777620383788859392 
842057630445129730 
777619149577195521 
777602870329872384 
780502605298622464 
741620050176659457 
741266359716315140 
741262991723745280 
1649535271 
739197861645189120 
762343955652542465 
827529105029607426 
717384794280054785 
746121002711650304 
818096351414259716 
340879370 
756712427912298496 
786606230798237697 
712272402 
839011156513730560 
832699682627346432 
3401118741 
702365426530033666 
326988061 
2685228238 
799738892802990080 
842306090721259521 
4222114522 
787260215481757696 
2481799010 
842250365777154048 
813135642108563456 
809678820206854144 
2976654502 
793631138275287040 
842308645488611329 
3036189219 
2855120697 
841722631921532929 
786478952084807680 
903924824 
1479113550 
841321365663825920 
2972130395 
829983917776240640 
841696774783922176 
839064823371546625 
2286241881 
1849140942 
701770976959320066 
3059920251 
294139699 
829417854575529984 
791271938329088000 
844866741691830273 
842531307448139776 
842004222518394880 
842522335303405569 
322213171 
842600950212710401 
838483562550657026 
780760201808875520 
853665625 
810954693530763266 
842599271694180352 
842228373929746432 
831152971287191553 
842509852350013440 
842621822600462336 
831072098365874176 
842630726382211072 
842320466136178692 
757146916144685056 
1941606408 
2851289231 
825092060462084098 
842634798741049344 
96956904 
841263345361645571 
842558033142169600 
841939024948387840 
841193211112636416 
735950685674573824 
841971634030432256 
2523050733 
754704409515454464 
436509032 
370825364 
348713508 
3035317078 
840617617740201984 
842533332151885824 
159588380 
842498756335599617 
2897764925 
840971426131763201 
611964591 
2440654288 
2860655515 
2573109685 
818435162778337280 
836558848022441985 
828562206795116544 
842688481755348993 
472095232 
3902544915 
839989657228197888 
807302258933305345 
766579409889456128 
818138209397907456 
229985891 
321447184 
802282787168456704 
2341668435 
70770389 
3293073678 
1516333208 
842699622552363008 
841954040376352769 
838947312273600514 
807919420710518784 
842324572229799936 
842700542476455936 
832326132187947009 
108868352 
790583567734738944 
78289113 
714801262676557824 
842346172576616448 
3046510027 
2252049601 
842010885375815680 
2543361925 
4698975356 
2813973621 
443059329 
2281154965 
841994407570202624 
178269940 
842456338751971328 
842369980758921216 
315443899 
2965105282 
2903068510 
2279520164 
172380334 
811648117720383488 
71476508 
4365257547 
2596178403 
2760311314 
750127588895518721 
4236265689 
302771224 
1310951845 
4321935148 
1227186776 
839873735297548294 
3045480785 
772281435436625921 
457621557 
2172341866 
600993324 
840742837381664768 
842436613699436545 
812704663590096896 
4689700435 
1139624088 
836570636 
1338109874 
836198299405332480 
842052583434907652 
350991886 
2584257053 
348140405 
409871071 
827557678327164928 
366575290 
811167151512027137 
636788485 
841461851397468160 
843545888408723456 
842696964651278338 
842716459520442368 
2635899700 
842640938103181312 
387124847 
842724278420365312 
752772660795408384 
842706319438200837 
818155482829430784 
842047501700075521 
842744083797999617 
801160589456371712 
842714293246349314 
2748898336 
842765360436862976 
186789097 
145593581 
842727627744010241 
842726428802203649 
1000143523 
842142686010331137 
3471824117 
821378894578196480 
842684724241977344 
800707407038988288 
842697709060612096 
1483234544 
828847759834939392 
3398882806 
34901431 
1627601144 
805848598655209472 
842152235723329540 
755522385797869568 
842309191456948226 
477651039 
3230070147 
842777503865454592 
842743201605844993 
731785342278307840 
842712657539022852 
842685652185600000 
2233467624 
841658073060110336 
2288280419 
842716442852319232 
840226162584539136 
830288339366445056 
828489380994093056 
3391447757 
1288385996 
2565776214 
347507254 
756140241883238401 
337953052 
838784572074647554 
466759254 
842742385402675200 
819660686959800320 
4104399641 
842022664390737920 
348396247 
231783783 
842094162497441792 
337094490 
3238583741 
2335469023 
3052742427 
830364188270850048 
2994533362 
823481687262842880 
88783557 
806872552345845760 
3523071322 
799640506640769025 
782294982 
842801829645897732 
170588264 
813518473137704962 
842766708385501184 
705697689900605440 
840639773819715584 
3413658106 
3296945813 
2310333405 
842497249540235264 
942159404 
2938946727 
841959054780043265 
186181837 
842296152074641408 
842384459194347520 
842704471083966464 
841761874035245058 
842742808045850630 
4250036302 
842453498289623043 
516339796 
4782309564 
3067608435 
807685106639011840 
828645814813806592 
842079552222441488 
380622242 
832538487702319104 
841260267694628864 
144819189 
1379476855 
829748170691313665 
1175463127 
842729992903712769 
811536350172196864 
537461808 
186354577 
808587051687874560 
4906024552 
830861938334760960 
825798218961256453 
830030522642477056 
1525728325 
1028450791 
737233934 
842665880865689600 
715231944859131904 
809126702773321728 
841722024418504709 
756665259600056320 
929469763 
766612809287397376 
3304005635 
842123540581212163 
842715361443282945 
1112594113 
2256942590 
402712493 
230233876 
842026696643604480 
1638344749 
1034931278 
771708003867320320 
703860798 
809710558224203777 
781067553439412224 
830103804133642240 
228330605 
2767250543 
3378973714 
752653945730891785 
842728092804308992 
247471003 
241922488 
812732230011416576 
111332578 
472205520 
787654709234528256 
325188621 
835739885147406336 
840058110781747200 
842415090301325313 
842344462298808320 
770373674641854464 
803831884635586561 
840896741150978048 
839228539601829889 
835985296755933185 
842862441298059265 
824360805349150723 
842480485339217922 
842169340120203264 
807779448254775299 
836693947548372995 
842851288761032704 
842768533713051650 
834559999204528128 
1536442388 
838075183516774400 
165786435 
839743406977007617 
824503454865428480 
813458526416830465 
823611546177851397 
842715519228825600 
836101208595132416 
328962411 
842698315686985728 
169878115 
842751485335212034 
2173971325 
830890277439209472 
842715483040301056 
725702002290888706 
834099398900584449 
840909000262729728 
842634503868862465 
2492683330 
842846616327503872 
3334781158 
2200019990 
866766050 
754724708445224960 
4353926955 
3578043135 
826862834961219585 
2241301249 
440896536 
842712835390144516 
4258573216 
747044474853949441 
1097642401 
820129915 
831234945737752576 
2851879367 
741422659481833474 
843016888066232320 
814962296334196736 
59844872 
618953969 
3605659455 
835953376370253824 
70645207 
301651663 
4133443821 
842470570444898305 
833044348585512962 
813419725590036480 
911330024 
841257082858934276 
714539622618046468 
841698657959333888 
842122823615320064 
632993937 
242245896 
840095267571425281 
235313335 
841725468260864001 
375922784 
3760433541 
366748439 
712770174752002048 
843036793322815488 
70110122 
825660898576629760 
718442181883772929 
420596777 
3544421295 
1486927584 
764839747785195521 
326605309 
2731417883 
240695457 
2167098348 
705686067735875584 
835779784441475073 
395153213 
1555987410 
131865101 
819909861743923200 
163097509 
842479459634728964 
2962453822 
2768706855 
1673827878 
1314045834 
798747687134883840 
395341067 
456535325 
795584792163192832 
811718747572604932 
842837251226812416 
2382513468 
842475288651005952 
842915755213643778 
833739383127830534 
842847067554824192 
842919259663749120 
326040573 
758897269672325121 
835203228736323584 
824603356085833728 
4556577976 
2260433319 
842863538502877184 
843038709335384064 
843016689352687616 
3938148023 
842583458115334145 
843047184069251072 
843052219754790913 
842864718331166720 
442047931 
2196493980 
742324317736833025 
418015957 
813516091154698240 
829756669521494016 
393261120 
528564312 
821497390486224897 
837979185159225345 
2905134269 
99309950 
108708186 
261745316 
837384012930945030 
3806534302 
821799635241095168 
842800219892989953 
352905701 
213718004 
836841196383252480 
843042031874310144 
767452093837873157 
2224555736 
392111897 
842725345711312896 
790256846015700992 
820227135956721664 
4610579014 
843022698817245184 
3851503775 
785535120258240512 
703167120 
807707248243904513 
838163514200051714 
3195834615 
843026707951079424 
3665349747 
754732865577951232 
820695676979920896 
761832864719699968 
840675527979597825 
1346506178 
1575301813 
842515827983310848 
843108183287717889 
3228375724 
832990958052589569 
843113929035472896 
1562468858 
842096195308814342 
843029998336430080 
2777711698 
4275375861 
263838914 
843027561470984192 
840119118766333952 
833267413403762688 
843119861895249924 
843092738300153856 
810246590774542337 
841683507613179906 
704930750 
805135760986935297 
843103165058834432 
825048587054747648 
3395615079 
796791995679305733 
256525264 
328777405 
4438760357 
799015101273542656 
790586165229477888 
919852045 
1295554668 
418903272 
794488756711649280 
69959905 
797468307611914241 
1186535856 
740247340322295808 
843104623057670144 
2341787652 
815646791488196608 
836626117477949440 
843038658349404160 
843139627196317697 
1912428752 
842824164578918401 
2842210516 
544346616 
2791515025 
795860270790938624 
2891768308 
771315532826079232 
3046837070 
823473636602507264 
841037810094219265 
103626080 
822425782022787072 
781805819599921152 
835636560167124993 
843008606815621120 
840281313965985793 
3938628347 
572466659 
824508050472140800 
843067720291831809 
744010741 
2248965643 
791272040452030464 
800793222695907328 
494396885 
753551058958426113 
842857240067563521 
827215258062356480 
823490498631450624 
2802421612 
4830587980 
575727210 
842792328502874113 
4882353735 
1519751988 
822345368943951873 
3424781873 
2891327386 
843178385690034176 
3325343073 
843078731392581632 
447313658 
834378104399335424 
2178409763 
821064945840377857 
833339688056418305 
833262817323126785 
842014396717121537 
180047236 
2160625507 
841321833425186816 
843186693486395393 
772815729091551233 
326634909 
398802140 
801549227738431490 
814134175662014464 
843153430315196417 
3194275234 
1734596328 
3411994403 
790608732061401088 
761526779798515712 
702065731966529540 
4396371028 
832246822554976256 
834877368850350081 
3049344395 
850056062 
842758214865293312 
796635103019597824 
717784133070688256 
950176698 
841320432095678464 
804301880742572032 
341612189 
795038533 
832669634583109632 
843165648536637442 
4576406776 
828644419536613376 
2968065701 
843167233190875136 
2274546716 
394278800 
802150017561718784 
838034718411096064 
842775788986535936 
832700931456245760 
2418388702 
4289974693 
3312124113 
806624163976925188 
701040015283978241 
503638387 
840938993034375169 
840835143518605312 
1238866182 
288891805 
763486702157561860 
376519842 
266149177 
802871191790907393 
2573532009 
818570900366917632 
784954971427049472 
516962735 
842061150485393408 
3023748058 
841084841252782080 
840238510183444480 
794060136486674432 
839220449095651328 
707344461093838848 
819959462639390722 
2365972928 
110443061 
832034030115835905 
956286186 
2829253767 
377416022 
843184968054558720 
468788327 
835233027475243010 
842741912075472896 
834475609078300678 
501014757 
813461485229850626 
2637470818 
399360734 
232097363 
834911687648116736 
840098649526870017 
832167977755746304 
818558914853818369 
842843595245834240 
840636339313922053 
2504881848 
781377666863788036 
816991092335898624 
318465302 
843360326146019328 
843048693582499840 
717729032780046339 
841310175009112064 
842777443681427456 
781157045420564481 
3920178401 
4371152897 
1640209236 
3345915435 
3123991414 
2203386105 
379210284 
829718388373061632 
758301460304101376 
842847005973999616 
571996490 
184350994 
843372313944997888 
2964182794 
842428981471260677 
839349065016098817 
4528445655 
2849509043 
841316242556362754 
330449496 
842697415958368256 
790176255526203392 
842681208165355520 
821311275330404352 
286610377 
842321684342403072 
71035584 
837329032307961857 
833026207394492416 
1580573803 
541910199 
1544062116 
841366678281818113 
776023128 
784481405057327104 
808590947021950976 
255625819 
819829602763866112 
1770057092 
842733125558001664 
771272390223495168 
754149971927203840 
843024625252667392 
481981462 
1680312986 
843079455878856706 
265313762 
839790169 
3218350337 
90106634 
3551925623 
3291507651 
332797715 
1278306590 
3428416911 
760846447931691008 
801005003792064512 
732915516113850368 
215721734 
780793619833692163 
843162285929615360 
843393830749724673 
756580032026476544 
842099261479256071 
1658561388 
2379491722 
835130071484596225 
826472132330868737 
836164240671182849 
833435044979032067 
2168443233 
2675173783 
788557116055359489 
734079493363617794 
1580477186 
2216402188 
3099021423 
830327162309902336 
2529554804 
3408517805 
814176583384764417 
2396897693 
757163267504627713 
311147152 
702918191455014912 
34255676 
843372051482234881 
1023104586 
841756480810450944 
826356606816382976 
244974447 
843217858125578240 
812677745608183812 
361299713 
1181839032 
843408791429419008 
584799299 
818121116459958272 
526543634 
1285494354 
843403389954375682 
843184609298993155 
3289902483 
290982338 
760408996880715776 
716488646929592320 
837339626184507392 
843188916043878400 
213045585 
779313803443965952 
2886934769 
2911295517 
813771262115938304 
732682658191421440 
826082890945527808 
1192453951 
843426927323107328 
1633970450 
251259581 
796101663983603712 
3908635775 
562414763 
711559713 
839894268563062784 
843391662168702976 
843262490498797568 
843439377040752640 
394059104 
2902864762 
843336663615115265 
843209566519214080 
3115340853 
2887939853 
843141109996015616 
724191541795889152 
215771056 
820347205810790401 
2904082715 
813721003 
837252573585354752 
840960426103963648 
164724594 
787676610384240641 
842319626709135360 
340475794 
2961310659 
214813081 
842438907396558849 
843355909879463937 
841748270984638464 
331593377 
825015228928757761 
2982833343 
2408461793 
824252968295956482 
831206525112836096 
803623290694606849 
3236307662 
2904127595 
843356496654155776 
894156775 
843471675467464705 
841104951376019456 
367118399 
824918634430607360 
1416147709 
843019270430883840 
839247549995368448 
1948906560 
831527734648139776 
826160725202722818 
211747085 
777475703499583488 
78568344 
564931292 
4067715749 
407141605 
547818473 
843420241959047168 
1029279114 
756110427885625344 
796770817 
717820751932497921 
2802727210 
958739462 
3384384057 
834104055052062721 
4779618005 
2826117743 
2496762908 
432956707 
796069849969598465 
840333440050442241 
843495431497826312 
620196002 
842776752564920320 
843441819585265664 
830448052951515136 
843491606451929088 
764916268248039424 
1472974747 
843486352012443648 
3346067722 
832681735615717376 
802433291529973760 
843522619924209664 
838493625008914434 
843457881051709440 
843488144154595328 
2585559746 
113348906 
776468097893068802 
843509626977107968 
721379915334098944 
51248336 
1070442354 
843440602435993600 
800047010690764800 
843503207263408128 
2230686165 
842455269690994688 
842450092896473088 
1480408982 
328505070 
843535167549521921 
381357846 
2948347365 
912554551 
531241225 
837723548789719043 
720710158129766401 
482920569 
796435890444926976 
825436799753416705 
357937846 
592646558 
997782708 
184850406 
2610890015 
110233381 
1885806853 
2752358830 
344618581 
830466890317385729 
1628052950 
718877000379867137 
755423572378681344 
828514811793268736 
763434205716090881 
843447832535285761 
822849461047140353 
840294232460001281 
843476345040617472 
347809116 
833987311910141952 
518879482 
843496105539198976 
528770657 
814562094473482240 
744242795922231296 
599515903 
792419090 
2752122568 
799722607411138560 
2372267382 
841732608727883776 
2773758642 
2262286529 
85552346 
133353829 
363818221 
843482948519321601 
777453139058368512 
2847775011 
2407877200 
822879798305443842 
298017039 
2527069198 
832312106599010304 
2410944349 
830130017808039938 
800930607866019840 
4822390293 
88457403 
837223701636661248 
843572609287671810 
837042813057568768 
840998106749636609 
387792160 
223814989 
53942804 
843547398425206784 
360843306 
3899853562 
843545159560282113 
1131929192 
334304300 
367087255 
600875097 
827118519192006657 
1313356110 
1522156963 
839221610502635522 
815549151576522752 
840122502823141376 
1628652192 
841803536379854849 
3323351914 
121937703 
843670006013612032 
768778469715173376 
843447612468596736 
2313886932 
794831956856938496 
576599715 
809381821540691968 
1329468770 
3034403931 
959754662 
937920116 
843339128418816001 
4331929461 
2363500539 
762968661741166592 
843453212569075712 
843507713128783872 
4868645547 
843570796555571201 
835434796289490944 
223107809 
371385465 
393349862 
843596577532973058 
843639115153379330 
843577758299099137 
819807912465809409 
843640307384307712 
757949099471757313 
829145892 
814075749204365312 
828612795973455872 
843557034826129408 
843573063102976001 
843711000545312769 
4404836962 
843387327565238274 
832544616599666688 
429225480 
2376914361 
752602215181877249 
843583770028597248 
756225738194296836 
843424253743681536 
762786588858482688 
843527063516708864 
3042936872 
40556251 
835094491908485122 
843577014535831553 
843526595092594690 
318325706 
806098157704724481 
73488120 
2850456789 
842797661317189633 
843496084517376000 
801154132325310464 
941594599 
2967479819 
743947121234165760 
2722672081 
708387952234254336 
843548122403999745 
3084936071 
4647679337 
3379664842 
839931887317626880 
829462228415954945 
423589613 
4598676557 
3905067510 
2254841064 
837066807869591552 
2353491288 
709276856927838208 
2949740015 
708792711185358848 
4783212985 
778869464951644160 
882826784 
843549070241288192 
777614499453034501 
831260595546644480 
792096621731385348 
822424100471767040 
2719203976 
843547928149069826 
1296555655 
843791129871028224 
843568126558162945 
1588080373 
1668198470 
837001799458521088 
2727135961 
843191996021948416 
837943587253989377 
811666828900659200 
2715120058 
4657223895 
2156275788 
522607378 
777539394509148164 
1609062548 
211627926 
835645560 
805064557009965056 
1623394249 
2832374447 
1230849014 
829635481000374272 
205297153 
843418009632948224 
789780844374286336 
816709166484062208 
819996593210408963 
352971095 
838445200259366912 
821851707563012098 
843805049117687809 
2197846675 
831223321660387329 
2543493506 
2736974985 
811656466809622528 
845032674 
797067109452935168 
843584486147276802 
842749247233703937 
757113546115280896 
816532989073063936 
843550856507244544 
843557771215851523 
2240572126 
2958127750 
835910683292282881 
382055277 
843770664578416641 
842055943017881602 
3353563143 
3588185895 
828253374298673152 
835517582656561152 
431377900 
843396130796920832 
3335208765 
789086745702772736 
842984784351678464 
1415498078 
843768424161574912 
843819820000919552 
3437779493 
841358765710532608 
1195729142 
843752406601125889 
843413478924861440 
1239003985 
765963801040650240 
4723125323 
2622739450 
843797773124288512 
3292494285 
28803281 
790833823961473028 
843744034267037696 
3326640375 
2558828872 
811286890536169472 
843849750545862660 
840729118375317506 
843787092383678464 
3299568862 
1747914018 
2765761089 
841256165078097920 
841276998446174208 
843852519239532544 
908380146 
831217408534790149 
4895778953 
843829838490275841 
843732547267969026 
409851344 
843767502077333505 
323259530 
843773652621516800 
796073221305106436 
836851917443710976 
843710328928198658 
943582746 
840203561963257857 
789186238884433921 
842966953312567296 
843411118576099328 
835545582643081216 
843637314005942272 
741695667723083776 
724524073334804480 
813163269355687936 
603559487 
843361710505385984 
843761562116636674 
826877553436655616 
843845269003354112 
2370684099 
831867595305472000 
842730552499343363 
840941205357789184 
454069681 
843423486299267074 
819547081731928064 
815274824419438592 
836927333705592832 
801383092602753024 
842721758646095873 
134551765 
807684450146459649 
3408502841 
216333538 
99310709 
2234965880 
338307165 
2615058814 
842091465765466112 
782944355212460033 
179421796 
2891083451 
801807306434510849 
220853480 
4878450465 
2522708130 
784454336353017856 
1511454198 
833758757725302785 
843850264826298369 
4226913579 
843861088521412608 
787353246499217408 
112433309 
842858404171386882 
1639253761 
389439149 
4889224517 
2296986854 
3347860631 
2900572408 
843345792714858496 
802960012716994561 
778680033346859008 
843600057228279810 
3349089124 
409928242 
900700722 
2895157841 
2545520754 
171448493 
807844626547740672 
842116567072661508 
841404531149819904 
263546942 
1150480398 
705778989827297280 
826193122858250245 
829670030317068289 
2574570836 
1075974396 
2748067577 
3037708139 
819243669354057728 
828358537634004992 
704235365167718400 
2322862225 
1543609484 
4105034314 
2936489737 
843549076528467968 
819997276785508352 
1683747644 
751398794286292993 
4650282634 
2811830320 
841360674701860864 
2788784879 
1186523694 
1491229399 
2961240185 
834511953322209280 
1017488743 
200951038 
778011017590767616 
819543369504399360 
1425577681 
786150019506155521 
843812590052659200 
3227600750 
391276220 
790997785185230849 
825675845498978306 
769987062913200128 
3622095497 
841388435231371264 
728623111172702209 
843807324741558272 
57492545 
816079546382450688 
460904117 
3230606001 
259704786 
362538861 
3426860147 
833790380399325184 
834143547788029953 
843529508322009088 
1484907637 
465825406 
840303490580774913 
843889935623045121 
759844949739266048 
842670575889932288 
999882428 
1419259392 
843127069127196672 
841987009300316160 
2404046183 
793123647338737664 
843757181740728321 
844064832009723904 
2469390899 
2380463087 
2335114879 
843367533625393152 
843522464252616710 
837957993127882752 
827893784004407296 
843876322187362305 
284982085 
842314811350388737 
2473976842 
552052020 
843906013816377344 
916925323 
843850640602349569 
828884741512364032 
846654980 
2913783364 
950814822 
835427700936437760 
3639783375 
463782761 
760821823810441216 
760514107766345728 
760509645740007424 
2922689584 
195126818 
469526549 
843748232748580865 
2859483387 
3656221815 
843806306087714816 
843398389496758275 
833551941967945729 
797501239609217024 
96228781 
841696912705216512 
842138044140552193 
785836850309128192 
749660539467468802 
70389008 
841029847426187265 
1549173122 
483813448 
324349707 
