4288150155 
822474329007030272 
85777561 
495328039 
1197603440 
271491206 
90417225 
824473943931293697 
44402007 
480403547 
76383589 
544586001 
15967248 
130596773 
245720591 
606219091 
326071624 
736518709 
738358222055219204 
21534951 
172334147 
423631401 
815815930500390914 
343495626 
52120705 
65466158 
541309115 
1074096956 
437010343 
330797853 
4047691042 
273647119 
18725071 
132496568 
460163041 
19213332 
2978526405 
12750422 
17428742 
143812589 
372786339 
885506959 
1838791 
725937883903717377 
23203926 
3087516629 
18678924 
19779493 
807178039532494848 
475220369 
827258161841135623 
1532106439 
764140611532271617 
718542579130871808 
93082722 
573149116 
17448544 
806633757134454784 
255915074 
214842351 
441253929 
44989546 
1176236858 
2198353795 
821419495730401281 
46275302 
53978909 
958081542 
54645160 
832672006113931269 
49413866 
22921775 
19600190 
819596222210023426 
750331049020952577 
16264842 
111655747 
249348169 
117488150 
67738195 
51916936 
66252979 
1950135434 
28253242 
2550688357 
26517330 
15505559 
438710266 
821446682860732416 
705083043485241344 
775768891586936832 
39376383 
94486201 
29555961 
1255483495 
26205565 
826981822705889281 
232233351 
26051412 
2505359724 
59331128 
809500736455344128 
23970102 
16717501 
916735110 
2494473072 
814155217 
823565852922576897 
37735734 
176689426 
14270575 
15970740 
701837077 
53964666 
360046324 
17968717 
90412433 
13393052 
763156668699975680 
21760135 
299802277 
3011349201 
281679947 
576794467 
806618569 
21115142 
1485600931 
83636590 
17060020 
37687262 
1365147818 
3394395353 
2353569672 
245891006 
240135871 
4018156731 
19299191 
3235334338 
156981152 
3250307528 
20776147 
22426104 
22885297 
108985543 
33801277 
620571475 
29986482 
1932720145 
772107908 
1906282568 
389230624 
34609195 
26534772 
353338021 
29450962 
1480852568 
22508206 
383466257 
56838279 
797105499296661504 
483521999 
9361392 
732649152807469056 
16250296 
14994676 
256722290 
236480864 
17448019 
19040598 
186667011 
52136185 
34873364 
38518844 
589309307 
22703645 
36711678 
29387496 
261838928 
370113964 
242893326 
942156122 
842100810 
18957805 
393125631 
583212987 
83041033 
253846013 
351384310 
756050314659323904 
18247062 
423532685 
18266688 
45009355 
4892304123 
2413225478 
25823322 
77828951 
4786030167 
81650351 
2853461537 
18781854 
2848406915 
270372236 
613981407 
183626042 
714808098 
179163585 
1349411046 
266178979 
260380078 
44126833 
80655195 
118756393 
26036200 
1511475060 
20660342 
17290902 
469298678 
427059614 
51781119 
65154490 
104932756 
2510772589 
1488490069 
778882057 
22799750 
24578794 
124528783 
18906561 
457635380 
2253206665 
226602721 
21687414 
1967275506 
22255654 
793585473956425728 
729676086632656900 
192589318 
582307923 
17177482 
561516853 
25073877 
2922928743 
1092757885 
486983254 
424719241 
2396353909 
8623332 
150384598 
151560361 
39234189 
271725689 
23103488 
19381608 
24203992 
717829799880691713 
242612678 
15061702 
133929829 
21023681 
3319533317 
2149654015 
78385211 
2680763216 
16877374 
50687626 
18742124 
16049790 
430697990 
776198324747575297 
38995193 
68802477 
2828796622 
1850658284 
15001046 
237941656 
163467714 
127705651 
345697781 
2866048106 
39574433 
480196886 
47753123 
54430133 
25786620 
333517999 
113364160 
1181140134 
3018818924 
768786552512212992 
43763852 
711320265804808192 
855500785 
110189578 
138144571 
781268435615490048 
927783252 
14480618 
4215305352 
22485502 
3630501 
824516119 
20105978 
83641835 
601874499 
310996905 
236026761 
72079441 
259883965 
263733802 
14480203 
436925910 
40912473 
17029640 
47960267 
2776016907 
2691552012 
60754612 
18476766 
17277453 
377766775 
212157071 
2415887156 
3157732933 
3064431863 
50268576 
88296148 
1733891366 
107808752 
1392440562 
3286608716 
3018968748 
41434540 
3350899475 
52093637 
2327552516 
107161643 
25694156 
85854895 
1507251889 
3121745181 
3254775552 
463765807 
35644661 
241169811 
19570075 
20636428 
15782471 
15828025 
3128071664 
4871982203 
169024054 
176103747 
16785742 
12494842 
234409558 
449501607 
2397531956 
843614054 
851573041 
113062467 
37247374 
71320032 
2598231787 
182545611 
17809607 
2337867762 
167109996 
480089849 
16002032 
15650636 
304588450 
162118290 
833849810 
15789612 
190885752 
1520228526 
29246020 
3110987903 
17866318 
558040899 
79743108 
103565665 
359238288 
418794092 
233364902 
767 
1470619118 
4835353414 
274121823 
2866489102 
3566792841 
374209310 
597726943 
7860352 
1605 
7865282 
2862787737 
535993853 
262519324 
17043194 
344395626 
2859525629 
4164974386 
773666923087265797 
20889847 
702894458313031680 
1710688268 
23008423 
3245142196 
140964944 
87251959 
773668730710745092 
4921995539 
31323032 
773668934386155520 
197496309 
29862675 
287308021 
260031726 
1044241 
2361709243 
117958346 
4258554189 
2407214653 
4638081860 
1202204023 
35810291 
4310571 
52446934 
17714681 
3812705241 
372579000 
381199121 
2397 
14294848 
22545453 
758792270430646272 
33773592 
62513246 
228403233 
170877963 
1249359392 
238187073 
14968581 
525334283 
61249568 
1055503688 
8417852 
3845453723 
91622983 
2232441937 
1467609360 
54206317 
732685310388146176 
3315453067 
41582030 
2941125060 
472105885 
17542320 
158463906 
361022362 
308554771 
44674859 
19172264 
151543424 
2281259504 
1486090399 
974991379 
919373695 
241823638 
3355574715 
2415946118 
2222123156 
93069110 
544093665 
22197119 
1000010898 
45089188 
281746336 
137450696 
15083968 
2175867322 
62132416 
3194733389 
17990173 
250977033 
1452690620 
15009111 
3035489583 
364827158 
2919916221 
153492935 
298006190 
1969346438 
1349588593 
1356942170 
294146466 
346605991 
37970553 
709735802167808000 
1905072200 
385664234 
633166200 
2431369694 
3015301394 
31218828 
21540556 
96898672 
61275359 
774153518 
3092516963 
3145659767 
111379452 
46161383 
575712418 
2842725826 
66605892 
371749764 
237291387 
2881465338 
16508119 
130496027 
14700316 
1539343122 
36203015 
2739075195 
552856411 
1611486986 
720259753331396608 
101792020 
35222128 
262275875 
8241232 
23603115 
66455196 
390954649 
1201186872 
738825010786095106 
464620194 
14007532 
714845470695100416 
297856522 
275361193 
4332103121 
106779916 
740909558286192640 
140074826 
52129399 
9855132 
241368542 
20856455 
1473432823 
3407386769 
919753184 
101833857 
561975585 
727239185933963266 
2330696070 
38180565 
20608658 
259229575 
4794663753 
717994058111655936 
2711970974 
988795862 
48702842 
102634281 
620237668 
1119542262 
4342689495 
3201915556 
414666863 
2969646652 
6490642 
2916305152 
17137628 
1585589059 
14095883 
1167842311 
259356502 
2815093883 
1380542334 
1181575242 
4070425990 
1665580856 
2530077547 
54848169 
17614582 
4150370595 
2463143012 
2679673165 
2576918858 
267891905 
719597514870099969 
491544706 
1288180873 
241994642 
3171239508 
183639717 
1178824304 
293304813 
76654826 
48381958 
380600878 
3180222540 
2293415520 
93248494 
115210837 
75633116 
1898695081 
495403231 
102018028 
161319475 
26947239 
162496648 
165948821 
182438581 
989 
1345863144 
2616327212 
2759649542 
65704273 
42343110 
18818296 
723651159727075330 
51195262 
4865442614 
2178901645 
1575462980 
376231253 
22984655 
222618390 
2476873176 
398737968 
107594557 
305258572 
18058245 
240229387 
2817082508 
2617308144 
2888895350 
61306578 
3937698854 
20708202 
38373157 
173832679 
1440391434 
32247384 
270116927 
2385079760 
217848148 
42536486 
548047639 
3432022732 
1945365282 
30009639 
3057893056 
394336510 
44540584 
2253604214 
2350151028 
132179273 
51636595 
1316672252 
17266782 
15973392 
42377905 
17677963 
305005427 
252352789 
16367204 
2831436531 
2183116307 
141050285 
2400631 
2485240520 
98414683 
97506025 
3341857583 
515326671 
2346835213 
3873113652 
44903491 
137460929 
3883416257 
18791654 
364761686 
188046098 
14208982 
330921167 
192511759 
109011627 
163681536 
2472781538 
3001349853 
1180128674 
24127413 
77056184 
339990016 
216633730 
2279472300 
3024940113 
2891295334 
3415507883 
231649709 
36918513 
455084468 
8724862 
260795359 
24310588 
544470728 
42857269 
329004156 
3021706246 
185043343 
75677395 
2965259457 
2437502443 
2176498934 
425416437 
3361748488 
116940810 
299865722 
4435227552 
2887646177 
159732105 
3315283178 
258580122 
234395010 
140252240 
360729687 
86844681 
246769138 
46101140 
26138276 
3121003429 
145153732 
1536938744 
2153450179 
2370984360 
198434663 
110748450 
3207489225 
944278273 
59126394 
2848249121 
78728798 
137794015 
2853309155 
16603038 
2788598707 
37060788 
378746121 
1697174628 
2774271739 
119399526 
2308445042 
466601442 
17947003 
20729766 
38512587 
20149254 
2292946291 
35286407 
4467896417 
3404241393 
1895880972 
2369030473 
440598358 
2924810244 
50130157 
23153246 
3102002678 
1009101457 
3628075216 
973371776 
41712825 
948020256 
128960119 
126410058 
4115306184 
1451773004 
5031151 
110520327 
2528031056 
2558050878 
353303455 
101455280 
30042589 
3290324634 
133225023 
1601032364 
3222027283 
801014456 
20380049 
517901676 
1714177862 
15822969 
33325483 
89922309 
285165232 
253099207 
4625872274 
1367364901 
2905314462 
375071867 
422872175 
2777062866 
326665662 
132586035 
2463645547 
1735686132 
25362174 
130314799 
16843492 
430049014 
15978792 
132973286 
24289864 
2291638304 
977220212 
1125397536 
2296459634 
62873046 
351900962 
29362876 
382876351 
19649135 
89266393 
96256820 
3029391118 
14810525 
1722403496 
243236682 
11545652 
75276662 
1468785409 
583576029 
2230546375 
2220567734 
9500242 
1537422488 
46671396 
18318098 
3246370531 
2233154425 
225571767 
78400475 
2978562969 
703808448 
188086196 
531022999 
148474439 
352644923 
135905236 
41441873 
96668473 
354838265 
14705116 
57198996 
48048888 
2276648521 
225143960 
557567786 
1144882621 
868358876 
21802889 
556795771 
352650313 
573764891 
233232425 
452521774 
975277964 
415822027 
121494820 
3395561619 
156653108 
4398626122 
313743136 
217478823 
24157832 
1912525903 
3350493279 
3352886781 
21250803 
2792733468 
30699754 
1634629316 
1343716350 
15237501 
102450246 
123327472 
147260009 
3910893854 
66430821 
17436250 
20262613 
144286635 
98978931 
72804450 
43230633 
22410909 
15203143 
112236745 
17579312 
3606504676 
56495963 
2596815164 
1433652877 
1079443074 
55640938 
119771348 
40325229 
18943897 
278776049 
256277422 
427354566 
49736166 
845829330 
3537931996 
107544554 
17820464 
31100329 
138681231 
288403451 
205193523 
44902513 
84368341 
401625957 
361188444 
15506669 
369245377 
249722522 
3402909411 
15649433 
2550312565 
18189726 
117898285 
119865581 
579299426 
191064381 
26099938 
2983162518 
70250435 
4221704212 
173661406 
45877354 
615471114 
535451241 
204725464 
300387504 
921602646 
3168031705 
4270689138 
413112380 
126389931 
128972437 
4048041017 
3226351612 
1051269306 
1345580348 
3950869475 
61780365 
4019748143 
34848163 
68164273 
1692396366 
433794960 
542636275 
25093652 
559554425 
104989762 
2321375918 
3439154135 
561073056 
3535076117 
944203531 
3028252336 
3232924232 
73761305 
79522425 
47484601 
14774366 
1221616850 
608451526 
1483971788 
31256277 
34374040 
131552659 
62252712 
18808527 
11219992 
3886830934 
30052151 
78600745 
1551905988 
293750778 
246443187 
462578542 
20156726 
569247858 
574405888 
40851965 
4009986017 
188389486 
592912724 
77370513 
3894675977 
41188303 
3528035662 
3545383755 
3472894573 
1122947058 
2801752597 
2788294033 
2762507674 
3600832707 
3142945801 
62533 
16017521 
838464523 
14260960 
2999294063 
172495576 
2909718042 
3164575344 
2991711108 
284278132 
125248034 
2751062564 
33786851 
16785424 
3593240537 
18691746 
629389856 
41055600 
1646567550 
39529754 
35764073 
599569009 
207411537 
2432213029 
1598644159 
17505249 
22697810 
112236047 
3002010270 
2972407522 
459741731 
2848315606 
15441074 
3236484550 
54311364 
18209971 
394103606 
317700208 
2639853499 
3748882893 
281756626 
1282121312 
203794432 
876408673 
40368131 
387531939 
1488366140 
3308352436 
3290364847 
1373490408 
3304530577 
2364657150 
760716368 
3406043239 
48445890 
309115853 
766009554 
35803565 
835416768 
3458195901 
1255590938 
22217633 
18768225 
94318196 
102979635 
14450818 
1536791610 
23437632 
3028061187 
259427873 
44142928 
17029261 
2857019915 
41410667 
2255182597 
3145361122 
195548933 
197835683 
797470010 
2753168055 
606768790 
2216144550 
49672557 
70784623 
1649329051 
27953702 
2354233526 
2844224800 
105534413 
2899672599 
18531470 
41692369 
33915226 
114902280 
776535834 
237477771 
404946566 
15208768 
18141016 
18169053 
410250838 
3256190911 
292585141 
37677496 
16210231 
804948578 
3165955997 
274870271 
85142160 
37280980 
27881800 
37114199 
1470321924 
1101632707 
108404713 
332633508 
3420044787 
100342158 
850669334 
2828369140 
555274004 
2954252212 
1300729746 
25224729 
636354519 
3238441560 
1637048450 
1491326275 
2290190402 
568565386 
516763950 
1114475755 
200162657 
421574883 
15950086 
2317351705 
179598929 
1531830199 
11232732 
310146856 
30695346 
2857031384 
277553942 
20732710 
2428451144 
3084829809 
297915370 
58203491 
91069414 
610659001 
43271639 
1675993141 
296393786 
250636012 
16813929 
160585148 
196870484 
1324659498 
2192619314 
114757825 
87429465 
63345416 
266703523 
1247549077 
2192338276 
3304163812 
2741980856 
165731767 
2561035615 
322495330 
72802104 
3308367485 
3063529148 
2577397858 
50588871 
61044673 
3184574881 
43230234 
234136347 
57047586 
418899778 
65647594 
113537573 
2586050456 
218822115 
59124142 
2944785476 
3148813916 
583052591 
2244290719 
759832987 
3016964678 
54594148 
1120121720 
593800653 
19055698 
88317754 
3243668999 
2600187422 
365709722 
69645096 
3241480459 
607741734 
254174066 
743476404 
57012037 
18079064 
1126143913 
1603439773 
26254626 
72059153 
602476701 
529931670 
633663392 
425109828 
609400312 
3016908074 
47328067 
497886102 
2547533580 
92601300 
431719095 
16098745 
2696042311 
1018524001 
1480353458 
16028241 
2865560724 
19331745 
811268736 
539952978 
380819886 
58833325 
66687136 
273552883 
649943 
874916178 
102455692 
424484966 
3064876438 
469344600 
312528326 
56060828 
177518292 
2348383472 
3202202655 
2690906527 
147765320 
321299775 
16244517 
14135346 
1022977543 
18161668 
199766003 
228794007 
925525916 
95562772 
369680637 
514033223 
3215154369 
15578518 
406972838 
2467155589 
308397019 
1260519175 
37205200 
52719932 
53061194 
594911608 
61602815 
366251658 
35549780 
189239468 
240401764 
87215923 
1471341355 
2351882474 
67031169 
575429484 
14309375 
51091917 
342275174 
267371257 
258388627 
18326609 
17785218 
20745767 
64444064 
493482998 
1177200942 
936477493 
130571058 
16193528 
357599984 
29500099 
27962503 
541068411 
105372092 
814589791 
16194566 
114670081 
460408325 
2328494612 
64937110 
3110458858 
168376502 
1178285450 
16583208 
224079521 
48359293 
84100311 
18391799 
20073434 
1131689294 
57534593 
29770680 
1614057440 
396319909 
324834917 
1644082825 
21789394 
21056978 
453220823 
32078497 
307855987 
17349105 
179973018 
1952414288 
528239827 
18689183 
364481118 
1327865594 
292000435 
2868169873 
89602954 
480150665 
44986099 
38237330 
229599399 
126750134 
87253645 
121895573 
401769181 
49111486 
2338302172 
3025213245 
111086481 
932779740 
1135613557 
840475562 
53078429 
80048596 
97041585 
2978388670 
28124259 
325535738 
161707223 
109365973 
486817078 
17816718 
433039100 
606016316 
14055636 
2881236430 
41153772 
19171433 
21247089 
1096262468 
96116759 
96657398 
587001586 
392383480 
107537020 
524471981 
26883683 
1344785640 
15125585 
1729237488 
873847190 
832695379 
284225053 
1530953521 
22270118 
26609246 
2355442518 
15845284 
158831815 
2707409988 
18614747 
16999980 
2893741145 
1838774394 
2885138213 
473351805 
236838188 
3047677737 
2877447581 
15959560 
2891245916 
7138532 
91455335 
2896783820 
294007947 
1355340494 
36308071 
569714177 
303289635 
177507079 
22250448 
2282904271 
1424538902 
2815155363 
17042078 
2831464397 
55111007 
112475924 
43092107 
3015843837 
481504859 
47379290 
101897322 
47649097 
85732762 
424987152 
244935946 
117821354 
168987151 
118556436 
1953513140 
318709067 
1599799508 
1464125821 
196602553 
1465291099 
2332458062 
71061262 
72596781 
2866046769 
16345878 
538493549 
322824885 
898281072 
589863403 
1543056944 
532506847 
42096654 
1652716946 
2444052414 
25823816 
44324383 
153134508 
1552201812 
46215604 
16334429 
46081904 
403565072 
1327724058 
960727483 
65416867 
2794955963 
20739133 
59557446 
2342590009 
17118060 
42944430 
48394931 
34704778 
2195838680 
770064092 
28178127 
23200125 
16177628 
80837068 
37441846 
140137735 
25308994 
245457370 
587095546 
14388992 
20326751 
15469170 
754729 
15803250 
151111625 
379496347 
84118890 
2800630026 
136441843 
57841792 
2232557744 
15646547 
113047940 
44725637 
394838208 
176036339 
16683885 
179546580 
21053097 
1158641270 
1040127511 
2755310156 
2739945460 
38727368 
47985159 
18241604 
2760780513 
2896233159 
2904454552 
2665386382 
18089442 
16515213 
15738935 
18351721 
195633751 
20863653 
1484872327 
27923227 
20179365 
107795399 
358263560 
2546261755 
506467244 
795954631 
22999698 
42454704 
197147355 
116191845 
15825547 
2447986668 
225858328 
2515657621 
22469936 
1595561010 
805141508 
300455440 
316659505 
14397750 
253536357 
917105330 
177721942 
47697664 
511279191 
7309052 
1371044154 
155214257 
577649971 
23611584 
97242612 
191486670 
2251623492 
2790161688 
375662595 
2778642937 
2201024219 
72198806 
327577091 
64863965 
186671325 
34142298 
1880027798 
281138722 
41859177 
1474286508 
1467586027 
993498385 
862084034 
49702654 
11990942 
1415971831 
604840570 
778365522 
212350063 
2743238340 
21230600 
2477802067 
1581289837 
95140763 
14981695 
21904708 
293198090 
17093766 
322745862 
24973756 
2445652957 
265090025 
35761879 
157735379 
34644039 
2553907452 
17663983 
88423646 
19205903 
1078459633 
378272434 
2350395900 
18839785 
27306129 
553757993 
870848335 
96316561 
485814573 
1468151 
2746492014 
330667303 
388244428 
2724280314 
1926360631 
59805816 
1725985022 
18265400 
27560475 
370808273 
52188980 
391214052 
1069877815 
838232557 
2760782547 
2353791427 
525785424 
227135888 
24773177 
2171472269 
55236002 
34062187 
88246092 
269978527 
12040102 
90289733 
18131748 
21687204 
2452876998 
6995352 
53449208 
16258157 
289732005 
95697596 
1213111296 
2214956617 
441560048 
58550415 
316327930 
259771124 
593917979 
135117679 
19484229 
39108656 
230880062 
262203486 
16867513 
1080197306 
15779216 
19802482 
249307732 
36324632 
2332263349 
764204616 
25496809 
34936539 
632509970 
235325083 
317751897 
526634228 
229910053 
382684183 
2427562819 
619524081 
2347049341 
87195985 
191134282 
831470472 
1485433387 
268432127 
961201465 
21512767 
15191052 
40375110 
390960778 
634702778 
238197721 
116957607 
40713876 
928625402 
1920320712 
2561646679 
807735240 
219614843 
367132858 
69759913 
510740358 
1486879482 
2415697645 
14454645 
14714825 
348662319 
212915108 
310191550 
267344538 
18393196 
9332442 
673953 
917634618 
382819323 
55243095 
1673511787 
247359669 
2439177534 
14056532 
76079281 
142356057 
434442052 
1253199619 
30849304 
526871737 
343573021 
2610766514 
2307583382 
2588612084 
59222022 
1604444052 
35318803 
416078123 
28580759 
20456313 
932885174 
6676062 
15334380 
1158168006 
336130457 
60366394 
201892111 
522275122 
2417085025 
117244757 
17833557 
1853845165 
136004439 
2195705768 
18057243 
168912732 
25081451 
320798145 
71953869 
38364776 
16870421 
1641477236 
426909329 
53970343 
1550654624 
399679253 
154279713 
108474241 
26664368 
85252011 
15553222 
20431606 
316389142 
185345185 
42729202 
15756963 
78361556 
2187195336 
135195401 
305247479 
211557401 
136361959 
76663193 
1525694971 
2303017388 
397497637 
118405211 
37591504 
52311105 
2423058966 
50035981 
165864348 
78961607 
167998339 
381556160 
2497242884 
1474959146 
139675983 
227815543 
113422005 
2205342828 
2348648646 
151750009 
946677414 
80823486 
13781402 
87792156 
14364433 
30537244 
5885922 
2489298668 
19268706 
52923948 
351021130 
17313298 
610219779 
69710893 
625600899 
2463358249 
25657401 
285681923 
511065332 
1360658484 
48079032 
591393844 
2474749586 
1707321486 
16079269 
910873332 
1119981175 
500704345 
372760774 
296769278 
54459392 
1963312058 
375448673 
19679652 
59924621 
543889266 
14179132 
10818272 
1033650283 
16016120 
78123306 
259859429 
88703900 
1337490036 
32147994 
1617731504 
14358343 
262337291 
91403662 
17643578 
824191926 
23085502 
2396708869 
39743812 
77004462 
550342513 
17062028 
39922594 
17267769 
917060502 
2329768532 
62637373 
80587585 
896061 
300589741 
1325327065 
463881531 
1463789270 
292557264 
1671288001 
47760321 
75207722 
230240898 
70788281 
151164072 
2337520975 
331675841 
1531461980 
546484593 
118135159 
2188586045 
2382117350 
2283772130 
335301637 
36291672 
90614279 
60892559 
77682671 
60959527 
115223378 
283360025 
554508623 
14078374 
37700995 
2194085892 
21942241 
1259839165 
517661405 
13064652 
198637595 
16679529 
21481343 
373566331 
83982039 
1453596738 
615443591 
80934588 
49974663 
26667405 
134156687 
605569624 
93675013 
2354249089 
21146468 
2155701200 
273531261 
238456176 
1858946448 
81954394 
223925412 
36979032 
257456990 
1357453518 
455940584 
87165980 
2285723095 
208149728 
85964215 
1678270723 
16637461 
16517711 
11852522 
403019655 
1398401503 
2349845856 
250844472 
22373552 
23451422 
2269133582 
214460056 
379867663 
414067191 
17672825 
2300536655 
2185084844 
195838034 
193462725 
248304488 
39086935 
44388637 
36701704 
23938403 
39761880 
22491693 
477295249 
362532335 
14147720 
2327707808 
18983239 
281422550 
189390158 
220044097 
1739389070 
490690785 
30256445 
995864191 
2228909627 
2310215836 
2318023464 
1831563199 
22971826 
409456907 
54208274 
2316127027 
93715088 
589277295 
18922871 
1095689678 
200637616 
1268764082 
929863952 
16170253 
193625274 
131640883 
2177157535 
13505402 
257262296 
21457205 
915265088 
55541826 
1576072675 
3648061 
11053512 
16715087 
67008059 
2260454084 
15098787 
1864276813 
245984358 
349189238 
374873146 
269885081 
237895166 
2218044840 
532499353 
902020682 
308245641 
466676444 
427852004 
23144045 
1157523330 
22379521 
591204352 
2279600046 
214073670 
726050340 
790079810 
414038652 
2192510670 
15006401 
15910041 
2186916997 
20715242 
16379018 
32896932 
275685744 
30138572 
400340620 
14268968 
22144278 
418247202 
522340600 
23023236 
105973401 
17905685 
24667815 
24774508 
276578680 
195453838 
121160920 
13499622 
1266243258 
102046114 
164181335 
126406217 
519883674 
480695024 
18978948 
102784231 
21574303 
3203731 
21748329 
457697853 
14483403 
153601036 
145745936 
433747438 
16799074 
279232575 
149851733 
29890881 
115861974 
11175742 
24160497 
17908453 
963723824 
153830702 
14943734 
478118591 
277320871 
16464514 
15892011 
27049466 
20491960 
111824995 
180889575 
974708869 
15655247 
614441689 
14327793 
190370930 
26589062 
1117145024 
1072467470 
202846448 
380399735 
6385432 
19579616 
91355798 
111045930 
15428098 
21232507 
469509187 
284649807 
80893052 
215676092 
592403411 
30911201 
22660403 
115779519 
843570398 
52381876 
760090220 
1081962504 
1392956425 
1037486220 
78683448 
1541269705 
1537534988 
23063 
617731617 
14104746 
5796972 
38981543 
15942016 
248820522 
83996344 
1581850604 
162748968 
1966059283 
97618796 
934442378 
806271169 
165622311 
405733115 
18975962 
749963 
17219044 
94071372 
293303534 
296576571 
321719254 
547860279 
169422187 
294246919 
41723457 
952717513 
574299389 
119714092 
539996192 
1573751760 
19035963 
236204370 
233278341 
102206444 
23496866 
1633723646 
9235692 
24343077 
170464053 
993249055 
253153458 
6608082 
1451758200 
23767584 
948104532 
37758315 
513912180 
46658897 
295881519 
586909317 
113414972 
16520432 
345615190 
1951719038 
17972106 
949934436 
484824176 
14106829 
17445739 
567360618 
352053266 
78357555 
492328463 
1671813086 
48011187 
94213060 
19599314 
18193160 
15949253 
17045088 
118606263 
518158702 
279109409 
17473694 
196267596 
74521793 
1921990430 
45704160 
21865497 
39077431 
81196116 
62821255 
395382054 
279269835 
23946892 
74703019 
571202103 
31447311 
20384034 
1280318305 
153535819 
39778096 
1963011980 
532777586 
11547782 
786087060 
1854992384 
132997488 
381347159 
8198012 
204127602 
381534831 
38418472 
14169132 
15032845 
17650854 
15907986 
170023205 
2100521 
20701449 
95889167 
1921350434 
200553940 
219062922 
17653466 
614249266 
84786801 
17235299 
28915248 
610076827 
60300190 
1732829419 
102905860 
933838590 
576775721 
590238807 
40001204 
599741995 
22971125 
376254166 
287387396 
325100970 
105267145 
1509936680 
21214602 
35764984 
13113052 
1258084885 
20791157 
1574089759 
398182574 
222161312 
16624174 
300654243 
15666838 
62479369 
19383099 
56772461 
435096427 
26765003 
1517888575 
126191475 
69953604 
273197054 
16186743 
247085105 
24314565 
489111906 
1447321152 
1898407686 
207660816 
28768921 
18237848 
1647386552 
519613430 
562097401 
288452305 
13496142 
1687243531 
24261232 
41476394 
14120215 
15251135 
13132932 
321034738 
148099654 
226703 
16273501 
108803911 
944467345 
91197078 
165858521 
42918167 
14855994 
240409070 
1575918264 
424588924 
1357925864 
807591308 
1689744648 
69417670 
17688714 
544466882 
31217090 
34911781 
87518961 
9464552 
1694346150 
31304026 
405124125 
1705404284 
305210764 
382758202 
106843613 
541453704 
59436851 
96420064 
1705022174 
1152162674 
78985667 
14269768 
176893948 
54239985 
216094714 
389604439 
12916102 
56564698 
211535270 
473336854 
439928778 
80617430 
1110464815 
160486066 
813477602 
29179882 
602626619 
14856252 
289588260 
1650808537 
15081317 
108525790 
495650403 
14782518 
97696628 
20481587 
3079591 
89046308 
8496762 
917421961 
870283597 
69128032 
36137091 
310482542 
294258287 
36170243 
49727905 
1546711303 
47469109 
380946467 
634812478 
236400612 
1012469442 
17838483 
208163898 
15810378 
769787198 
282076470 
199245142 
15201021 
12645432 
473268945 
17534649 
30791070 
130130301 
17176366 
1410905906 
170354845 
889974050 
1639748756 
44128516 
67059584 
250238186 
267788953 
15876686 
792378206 
66263785 
34673936 
810709142 
398133471 
20956102 
34245819 
22495370 
26784273 
876605660 
10755542 
351349171 
22299922 
21619806 
157461620 
180259598 
39704326 
1651702854 
600168738 
1372200414 
46686329 
124237063 
67913927 
37208326 
103004948 
1292104674 
25330246 
111389021 
1673205386 
336005293 
381389064 
1247296152 
322834956 
1363049263 
15463671 
424923300 
39698841 
161705350 
19736377 
74222189 
370911790 
15939771 
490859038 
179970563 
54399803 
18270831 
21441341 
72345536 
1260176245 
14103189 
80885440 
90025932 
36645534 
34835213 
494282684 
17808151 
862167372 
1638060000 
498390997 
46136424 
15309804 
17233335 
60308942 
22845566 
20577000 
18825416 
99471291 
236526491 
53435986 
490495458 
1134548318 
1241643762 
277337146 
109091735 
211013595 
1530850933 
5566822 
14172171 
397637025 
89165845 
234493276 
19329527 
1451496822 
266071085 
18351581 
429685724 
80829085 
14699388 
15497533 
43368985 
14782635 
13404152 
12864992 
329978211 
1251391340 
31549965 
181272163 
111125168 
1319574978 
955698157 
26668729 
24881081 
411487121 
360282270 
109257354 
353003932 
14275830 
14066920 
532284837 
1311137856 
550147816 
20113366 
78733213 
61306771 
625588793 
20174643 
377039537 
133907851 
211907826 
43194755 
26409209 
18839463 
295713773 
20604228 
127840626 
39575580 
397668839 
281098482 
26605345 
246532340 
15446773 
53468853 
124804301 
18570258 
483273973 
16291934 
1246761 
34255829 
24482181 
22152944 
372620635 
753826567 
15601825 
15464697 
223496772 
296521334 
215746958 
14884310 
54251727 
14345137 
14255481 
373983928 
15174798 
15465521 
45820838 
14188985 
155792265 
94202251 
1255869984 
84516597 
16339870 
184983241 
1426246075 
17179406 
246615051 
73939990 
1480197427 
92351166 
18778756 
98662638 
16374713 
1339835893 
594666501 
20936381 
792917803 
140699869 
15966494 
21193261 
325724996 
196731305 
287284981 
158494537 
521680306 
267256091 
219925929 
525681839 
22029553 
105382067 
1074627836 
1148973300 
19215993 
281341580 
15084855 
1393155566 
37409669 
52632619 
90985028 
718401961 
524769326 
1330457336 
583082221 
59128257 
425255744 
185716178 
1323333126 
268429621 
16906514 
36157583 
250351006 
248465077 
284566326 
18776942 
151576125 
14410756 
16224705 
36510146 
78009791 
628417907 
14143921 
5051271 
291757755 
21634600 
16459275 
17808045 
19658936 
275686563 
15493790 
24714450 
17071048 
15738974 
57195214 
612019015 
443041161 
197423425 
1346859277 
557846474 
281196299 
103550181 
23740831 
74903828 
48463418 
63956002 
123231225 
18804414 
11131302 
361593313 
26162453 
361543506 
615293039 
19087668 
1154575315 
184513694 
49549245 
1376217835 
1058233296 
95468980 
47399691 
36294717 
17939037 
47484922 
110445334 
348659640 
19573968 
27744185 
440413534 
262269287 
229144579 
15458694 
377059506 
14850576 
19312137 
142239808 
24816848 
111423211 
306464342 
191099439 
942381973 
422936346 
70725281 
103887642 
17290922 
14239043 
12655722 
128982663 
236220226 
333147177 
322814200 
16300314 
148373729 
899982937 
16891267 
107163055 
38428679 
87057908 
1009571869 
66374059 
92550646 
485109912 
45427809 
218288043 
402841027 
1364930179 
23320357 
302599097 
434958689 
543490754 
358044186 
261333085 
33039483 
95309202 
20431922 
93434344 
1372450735 
132231788 
1102181509 
153488120 
429982558 
112217370 
37820042 
61108556 
373526339 
368292391 
21051656 
295253524 
46173011 
1342861723 
40303245 
1114865460 
244111857 
21302574 
14133447 
20798630 
22324792 
1365641389 
411697025 
1169535714 
69103442 
612582994 
529540495 
22288560 
9672342 
14749606 
20551303 
148517828 
41572208 
274794251 
16267089 
731167584 
8442372 
374726395 
1332370537 
29429862 
67099172 
92974044 
27272995 
16340804 
317139568 
316206991 
17007351 
123977178 
193022704 
49194881 
48788453 
299273962 
26593533 
498080751 
58521743 
322122983 
1104792409 
539448537 
615205006 
18195997 
69625908 
55570400 
500161592 
325018497 
46220856 
75467271 
21906582 
135187648 
40425262 
186500166 
757303975 
260465714 
23519852 
86273857 
367414090 
596154027 
12837962 
40557085 
309912945 
202877947 
1058378665 
171362843 
15372669 
24723783 
1071777608 
774478651 
249790792 
477035789 
622439778 
18790963 
426004893 
924347400 
142973143 
59490293 
55277015 
508429301 
256203372 
47859571 
555744102 
90258002 
620069722 
72957895 
573918122 
1177315064 
397614506 
19339133 
1009878901 
158495061 
243291022 
44911377 
21714970 
564106953 
22209567 
47408482 
18684562 
380887417 
518123864 
53509497 
130906331 
785541367 
744514788 
5977942 
556151596 
543286226 
112342543 
60747383 
494518813 
720228997 
740905255 
14478260 
22185985 
85616866 
177707651 
1201951519 
299380731 
16990628 
584247274 
18545093 
15011669 
103728776 
15369595 
393673502 
340094374 
94529866 
537361354 
479816451 
101857528 
17086094 
271495271 
16957321 
1098721718 
31133187 
172161666 
339754094 
16544818 
1169133553 
376876508 
24416272 
288352064 
83277772 
18325781 
17372928 
36753271 
351615107 
865732788 
178968386 
407456896 
405626507 
17601988 
263749047 
114040486 
191443374 
204564308 
69082951 
191228704 
520665133 
289049839 
71374535 
58752106 
39521342 
465143733 
470939544 
289534571 
584139171 
29270273 
478208405 
12844642 
5746402 
22843337 
819440022 
585352921 
114291091 
51222791 
537343182 
271966943 
21875890 
21394379 
14302121 
46817943 
493266463 
456034260 
93258847 
320533444 
493889332 
619173840 
16354025 
274596432 
16441088 
114770216 
258884103 
1146887959 
44705716 
79836272 
309966003 
270599464 
34716719 
242872360 
152147676 
771912380 
137207244 
403780910 
29426700 
381909210 
104352678 
13142132 
86336234 
1152207739 
20045552 
18282718 
69466631 
509375083 
346568888 
78077371 
168141277 
144816898 
39811348 
23030211 
590206792 
921392660 
771525061 
539134430 
195796646 
21397149 
213831149 
368924944 
60923421 
46152093 
26334526 
602489858 
369505837 
818909579400638467 
128544009 
16334979 
232235048 
247651411 
44083464 
2893971 
186154646 
298597381 
299639883 
15768289 
14632294 
270108389 
515784107 
190162349 
436913317 
380086439 
16866956 
180467395 
23164785 
10641032 
108314824 
202831369 
15917869 
17666727 
815462064 
18221684 
181769935 
132589871 
45805158 
187524112 
14955822 
556112995 
338797206 
301012485 
206001945 
13783772 
14185317 
10632442 
234510005 
114756202 
32433821 
50022353 
22649558 
28158136 
80663193 
331816614 
33199877 
19803605 
148567358 
104965998 
46417885 
845553265 
16334857 
15224895 
18379407 
17655752 
23059499 
176222123 
22674756 
450148390 
277732441 
28258330 
156322365 
17389023 
284694021 
34484257 
25155290 
102223854 
566688127 
18028509 
15604418 
239454988 
973090592 
185594976 
156287188 
16319797 
19515424 
7144422 
1052965686 
573853074 
17369951 
95273012 
410605574 
778820143 
168674628 
18156739 
398114261 
57036229 
561740267 
378703672 
44688778 
15963468 
48906364 
23391155 
313889864 
18198403 
397507908 
264656632 
18718688 
81788597 
15818970 
17844280 
129070347 
370879693 
872059213 
259990583 
600525740 
218276360 
19350455 
89792222 
550165697 
569075497 
508354035 
738557708 
19744000 
133276921 
19188700 
430270913 
23484510 
782325 
392952176 
455204484 
564131974 
14710129 
15459894 
15887536 
11244662 
88219894 
822298344 
273940910 
989633635 
764332561 
364851920 
98685536 
12329252 
31618599 
92027622 
144936417 
82264760 
368736542 
152347965 
20596362 
960709321 
34650660 
991745802 
937599889 
186174914 
202986590 
562803520 
23156094 
50414448 
397655438 
284321458 
216085324 
810427 
5408092 
109326674 
545959131 
127829905 
21023072 
99930114 
162171805 
533589369 
705740875 
157477738 
135173872 
14270650 
15689503 
322653723 
95707618 
318349748 
202908930 
731394001 
212282834 
30934879 
26718402 
50538415 
33972693 
59676104 
376327986 
18811710 
93784154 
610232748 
46637577 
84220386 
378433833 
156656947 
16046443 
34231471 
16787814 
282625070 
17451742 
16911536 
119897041 
622300794 
20406724 
17375281 
228839098 
10845332 
454958468 
62594694 
18464266 
141542605 
8128442 
221274019 
295563901 
203253392 
410435219 
474971579 
524396430 
7845362 
19070315 
226428094 
413475190 
97018629 
66483027 
16045956 
388392482 
552985513 
24129763 
16951956 
45155997 
830928188 
21083557 
28118387 
1833561 
17852087 
60694237 
17238395 
17463028 
40079154 
24957236 
246560945 
38846544 
932216383 
917249834 
9590262 
14413869 
168640296 
15949242 
353344542 
159529209 
340441440 
14165865 
24898621 
52089472 
26283468 
517212934 
32913997 
72103163 
24237542 
136310943 
17177403 
330579721 
11449312 
32343249 
92695758 
90484508 
34223450 
17756085 
701700079 
454313925 
387612230 
399620991 
27699224 
132948409 
914814954 
608310777 
46352560 
611777565 
25386719 
261025036 
108968664 
858398574 
453319164 
417497900 
21795022 
292398011 
15533253 
141279172 
83223036 
416618254 
110389445 
771797250 
543523234 
13318492 
129193125 
14145739 
606500000 
256563189 
633980404 
53169206 
107202682 
90922180 
214120461 
154016912 
482164458 
22067262 
476347944 
27901418 
66467480 
30249306 
458417939 
142851394 
226204769 
177502839 
102087933 
13094262 
7198542 
83524638 
27225542 
23455553 
47635720 
12083242 
209241669 
74621520 
205302299 
22928810 
420630185 
278030604 
410249297 
48880794 
15200719 
176456922 
18140939 
257893956 
712402226 
135387509 
47095664 
85616395 
847129892 
9503832 
11136082 
456789959 
8962882 
5698342 
14366976 
524546517 
11489 
18252775 
13982132 
22148929 
252794509 
24883684 
18104730 
26763420 
596893898 
39719681 
407912092 
15739721 
562105258 
28321706 
112177253 
348785149 
57111966 
154541629 
95273513 
21114659 
378102107 
22636175 
155062488 
6044272 
22843167 
724473 
26566469 
21104016 
50770494 
151767969 
113457640 
709852380 
63951334 
24212723 
17145499 
353259668 
27787064 
71398643 
765915001 
15040471 
14079230 
5611152 
49114382 
55049476 
132615314 
213539036 
495300028 
516674664 
97498336 
36711022 
562075930 
15675013 
361517390 
23523569 
539780609 
74155837 
25079164 
83889856 
44601026 
767720874 
7956142 
13957392 
19534873 
19983050 
130647368 
79366215 
38271276 
147649517 
15692520 
2115091 
45565185 
36623 
348844243 
69432528 
19247853 
1059151 
563262152 
7687322 
561814860 
57625403 
100559209 
40942518 
26024010 
162492323 
349785521 
617299845 
21125002 
343484082 
374231148 
40245960 
23075843 
19518491 
59929401 
21704792 
194646147 
47377231 
97717208 
198494684 
197223412 
37035237 
264124770 
473312742 
264382869 
58960100 
117183038 
57341938 
74110421 
199882999 
43904362 
66004174 
805100107 
805489051 
327398761 
21388284 
65929480 
281496963 
299231350 
313997277 
36774033 
15410683 
113509194 
286389972 
552814447 
242539525 
75031613 
141238078 
310374952 
120385035 
718625815 
156016878 
265826890 
15661871 
13274322 
36875829 
299798272 
17151093 
20268045 
37813103 
23848659 
26265033 
456865788 
18916432 
210097701 
104908543 
21417247 
19843630 
104585489 
20705963 
44321297 
117460060 
164762580 
368366215 
15983763 
14281466 
98738755 
20698435 
15990298 
190028536 
175691292 
381150541 
362642209 
910771 
103045069 
42936497 
293276330 
278093318 
251398497 
17033785 
136357511 
40116885 
19417492 
20457323 
456815763 
5548952 
602240783 
277496292 
20520457 
379379520 
26009003 
22067328 
134863554 
15905103 
16176754 
485413477 
124531214 
138122806 
395089160 
15416505 
58034702 
20009841 
611571499 
104277809 
13215132 
427380834 
18291099 
41206681 
182054545 
19872663 
15056775 
462220933 
80068013 
15173859 
319187459 
272019676 
22307765 
46495194 
546135718 
135583203 
156783075 
12096202 
29263488 
571297251 
245197333 
384514404 
97691156 
18107435 
245983319 
627406713 
19002133 
33251918 
451256188 
14491008 
117551614 
234273955 
127899595 
330361451 
127984917 
30038587 
42945321 
120047491 
80811754 
42697488 
210196102 
566603099 
950531 
305468597 
27599874 
28373693 
589535421 
335980361 
268960540 
71051575 
68524735 
110798209 
317176953 
148415631 
375367337 
38445600 
24807616 
33874126 
50337556 
469593222 
38720614 
12615382 
315142011 
45706008 
460470940 
168793722 
418447507 
19596074 
18414364 
264037493 
27860681 
196134343 
6386372 
16244891 
314801916 
133062068 
418071969 
20643615 
293111928 
95724216 
195820818 
30864583 
10078 
45874509 
14185424 
173939851 
456862468 
29771100 
337467602 
161801527 
19776513 
22994700 
198020721 
386631799 
93224770 
15007653 
14141095 
85856458 
347170083 
486997945 
15976697 
17825445 
49644532 
626103 
14137844 
88749392 
621993017 
16393860 
182839127 
238829292 
561324654 
21093704 
122439256 
104590641 
138479037 
95217654 
153180731 
25282846 
281627499 
111456333 
30305201 
221833085 
437664298 
6862572 
399249351 
549766215 
27681019 
175436190 
216495966 
38829617 
161813561 
33400961 
221589885 
17048577 
466096296 
17522684 
516715026 
29516315 
425301204 
292770202 
41132380 
74688765 
282735852 
183213825 
450577886 
355797893 
174770559 
196512864 
2726611 
20739057 
17726433 
43192807 
118945731 
17348942 
85099197 
21314067 
617750927 
50069007 
16021282 
174082234 
535915970 
18659829 
461908717 
19904685 
15532569 
429129704 
34868965 
349563888 
606549267 
62379869 
375235135 
606446948 
21070909 
15647676 
18686907 
29697198 
18909939 
16397290 
91145803 
101848693 
111416652 
5959342 
19397785 
595890990 
417134425 
23368927 
27000767 
600803781 
19291911 
96102210 
283723554 
518749094 
29580450 
112967808 
27780786 
461416002 
314125926 
46190055 
52521572 
241721316 
209237708 
22387220 
397233392 
602073296 
331817345 
149916412 
72644227 
71666839 
54676564 
605620748 
212301857 
227682918 
237871265 
22834340 
13451802 
10168082 
110621954 
40391925 
11696382 
439481783 
152054782 
113122010 
22880336 
121208305 
329600057 
326301436 
234030846 
21859563 
16146513 
40057701 
15751301 
151106990 
17316885 
42072417 
39030654 
48068105 
326556318 
50669288 
17912817 
68938426 
242328548 
95368869 
678403 
39245720 
39537053 
101049749 
319228960 
28047280 
17994509 
89651197 
327779531 
412673491 
42467881 
171221404 
108418043 
19826509 
19377975 
232193350 
201280692 
16978136 
22708797 
122345999 
46418525 
311989458 
146469194 
228223882 
129096744 
15484279 
68911475 
221167035 
158210673 
214641138 
221961841 
17241403 
19113435 
21844854 
200663992 
18918784 
389580580 
529000213 
19403405 
373490653 
307245401 
250849122 
45885508 
153573711 
34692375 
32094010 
15823646 
39582797 
137924400 
66284191 
15714370 
137414410 
258847118 
144202717 
15858751 
15367817 
18567018 
105192845 
15727578 
244997595 
259317559 
303339927 
161898957 
532980053 
111400890 
586841695 
35534272 
19657855 
262937086 
31443503 
74519287 
538960121 
335902962 
382709410 
19002156 
45579282 
9533762 
86767644 
9323952 
16668476 
36408451 
501993054 
19042141 
93950513 
46554393 
17617492 
16625091 
16933716 
217530555 
19844126 
22921528 
105226005 
35869256 
153860327 
267786226 
64515574 
344744069 
42399260 
25113583 
50495712 
231896629 
19016024 
78489442 
14074886 
169899371 
356955821 
149172201 
455082561 
47494009 
14995121 
356470948 
55190116 
32412540 
147475097 
202781778 
26527918 
32362307 
157636211 
25476307 
74264602 
192942213 
317006531 
40183151 
16059332 
461619224 
21834922 
18679701 
294154887 
15497622 
20198534 
380524610 
437019753 
89799438 
396732002 
122792963 
17677665 
22883622 
17850268 
19620130 
551242276 
567640430 
188661850 
254175112 
549448725 
276714097 
87241834 
301783782 
141947171 
267457429 
35839964 
17629860 
313067309 
336691041 
262972344 
376790816 
19551063 
403066667 
39527233 
179099484 
201827867 
14849284 
34743251 
16666748 
53175445 
162158138 
202313343 
17717552 
22730280 
71832238 
337741836 
210097175 
292449386 
168350264 
259032444 
507391181 
168629493 
557177242 
18360092 
423888869 
105155795 
156705052 
262753143 
435236285 
172427615 
256519994 
426965517 
15740362 
32387946 
17622991 
65409164 
27596259 
476387407 
20450982 
274906608 
23086394 
65431946 
33561428 
20781559 
97455917 
114541323 
34709013 
214587741 
296023958 
14957147 
435489802 
26795107 
48331997 
266711751 
119707587 
142896252 
349075112 
18818473 
28497533 
18593276 
14468238 
24032168 
55045856 
26953478 
49101144 
266874512 
17174089 
106597684 
109648226 
27949750 
32138947 
62860671 
68432635 
127917675 
8357072 
16703742 
153575462 
288402923 
22187638 
117499885 
380517384 
17179368 
331803536 
416514844 
38463976 
57402958 
15828724 
19071682 
125217296 
17469492 
349216733 
14705053 
72824856 
26744205 
14115842 
14507001 
815096 
14556068 
20927130 
429227921 
23865382 
22530207 
55563901 
423786433 
228206169 
18208763 
326184086 
23290408 
103358893 
19658162 
301122145 
16619709 
246687038 
308485985 
272491055 
300922257 
70442490 
52775514 
23176144 
505650259 
39497270 
410761494 
510129400 
466369716 
42521789 
129924486 
96410523 
53212870 
49541179 
14132775 
229045433 
24167314 
326844718 
243284052 
41195429 
2057421 
8044712 
64630677 
39300812 
263596959 
26975872 
41073372 
402144157 
303260868 
38156420 
15185314 
202696529 
310404701 
114573522 
23092890 
148224229 
90311252 
212320989 
200176600 
121539516 
15187136 
21332200 
92576336 
45967429 
414086961 
164691705 
158007643 
19999626 
158027492 
89893567 
24945478 
82689705 
164763486 
384091325 
29299946 
16222904 
14714760 
21826316 
24134103 
13404292 
8041772 
108721917 
50306005 
61593294 
358163795 
250301786 
9801322 
56564230 
38649019 
15318717 
14406465 
138299775 
142864417 
216379128 
259403751 
27259037 
64272125 
497155768 
124267021 
37723353 
15737610 
331969399 
16188653 
268392524 
43078165 
14995199 
26778318 
20068053 
518397893 
498123757 
376445133 
1285451 
228077059 
17301707 
337808606 
18705065 
15359205 
21611239 
330502724 
227402983 
7718102 
16119207 
84653850 
109426225 
370343276 
19266754 
342887079 
89337404 
48581849 
160985761 
490991627 
26521816 
214502417 
40860228 
44136028 
52477188 
123932455 
493678717 
304089779 
76834162 
57729791 
16929559 
7270292 
17683482 
181234930 
29342640 
15431856 
183898082 
26966669 
20179628 
15300187 
155670420 
95441317 
11730542 
60840767 
280666291 
17423992 
163844242 
292109513 
18695747 
17013577 
3205 
191606313 
15102849 
158157302 
97751184 
21119658 
183230183 
258828716 
17001490 
37711336 
347466521 
18169110 
357661916 
376901512 
409389372 
16420691 
326505110 
85606078 
36347683 
102700680 
11178902 
366971503 
19766305 
337742544 
255347566 
342803375 
38383919 
13724572 
21992757 
164412502 
155991873 
13194 
409486555 
74755306 
244283520 
21034324 
14755492 
191849753 
252835084 
19674502 
17243582 
16835933 
21517540 
129461115 
171811536 
85596915 
50318149 
471667215 
18063719 
44196397 
378223565 
19187671 
14521044 
15117711 
17669950 
113739957 
219769704 
473421184 
18032774 
297071736 
15400067 
18453278 
14763721 
63738419 
12244982 
295234304 
326849147 
19375854 
234947344 
217467021 
20367505 
78061391 
17762060 
21827584 
35415477 
413223602 
61734492 
29967069 
418034459 
24961826 
472594280 
263290728 
322658873 
32298096 
14326086 
60698597 
214212539 
225911067 
17561315 
284071322 
18918414 
16699005 
14812726 
18023140 
70783001 
123688462 
475246630 
192969600 
14714736 
247323635 
55150784 
260928758 
239931382 
32772630 
24111487 
174421336 
27716402 
48400470 
18751963 
6601862 
283826229 
20342875 
20928893 
25140707 
266369226 
478839025 
364255583 
88135655 
14075928 
102089760 
19282280 
47539748 
475065033 
23201578 
14563616 
35798784 
65513 
77589239 
91285471 
324084339 
14849377 
50683992 
20411816 
118902602 
465255113 
436006103 
38953815 
252402893 
377524974 
219540660 
472544638 
166834661 
467728765 
28908282 
467821745 
35006433 
16910331 
48753815 
29758844 
31158692 
96911709 
13448172 
146917005 
264138087 
156708466 
23585709 
18950681 
465158654 
50400124 
13493302 
208687668 
51204600 
33900304 
13669742 
321634611 
14879942 
174287141 
222214701 
19325156 
97289615 
351885149 
186585181 
166845078 
174847568 
78191834 
21917716 
71654283 
16689804 
25512395 
756475 
104068477 
63597010 
108605734 
20832730 
20570290 
220675687 
415212065 
429253192 
143841891 
9634632 
30211177 
15084970 
55355374 
18481646 
169108978 
462214538 
222516924 
213361626 
213367093 
90552683 
19084034 
336660524 
19026439 
53560219 
71180562 
19805671 
465800348 
374147906 
148435933 
116994659 
19927012 
13763552 
48799978 
15428397 
18737731 
32995184 
3026061 
16303106 
88440274 
76067729 
242294029 
339813447 
79321561 
462334474 
290824110 
255797635 
228069101 
1942691 
14059338 
227116996 
16016427 
256126425 
18619656 
411436304 
43898080 
59110488 
146502086 
309319802 
212360864 
765845 
50432620 
305125998 
13182372 
26880184 
18080108 
451128139 
325840300 
419002477 
14863625 
18094696 
414927619 
400171041 
45969131 
326080969 
27047369 
334147483 
18052661 
90167515 
47573934 
366533843 
178363987 
87075439 
17623957 
77907514 
75124560 
195897346 
26372787 
188444270 
78330791 
15936311 
38630618 
18926099 
317187060 
15209819 
105918870 
11247702 
17981537 
21268897 
15484063 
74020691 
22509223 
39317107 
35021563 
24606315 
21619258 
119943665 
14894088 
176101283 
661403 
176922637 
327449246 
333442035 
25734277 
61879600 
14850098 
60995763 
121645678 
17845620 
17290577 
280055962 
310804819 
339332911 
243840731 
86520607 
142884475 
130653185 
28138045 
19242750 
29460143 
355671913 
44202038 
54885334 
55510435 
57752579 
335407121 
61817626 
120233868 
30202028 
40200549 
339824133 
326369670 
377308500 
18062580 
293984358 
29754042 
103041418 
41639777 
118357805 
62824243 
243929205 
264540482 
46106161 
3183721 
633 
6074952 
14287094 
14139811 
243240742 
121631500 
294224506 
381646547 
338608917 
29607664 
17997789 
50996697 
27081406 
16340501 
8953122 
68259490 
287690091 
58379000 
344235274 
18564887 
73009855 
49979580 
8990642 
15793617 
269911034 
349199931 
373445528 
344135888 
25715929 
154612193 
70926468 
8132582 
15714547 
22539801 
165746688 
115710058 
22685638 
171171584 
215436203 
97282705 
14238165 
166233427 
236635893 
127305588 
15711312 
18739693 
27247475 
20246015 
132086016 
429057282 
451586190 
223135517 
31514738 
99850906 
207668883 
9944032 
2139211 
57813514 
6828802 
6183492 
345332233 
249829437 
48828711 
80418653 
26600398 
17472868 
228766798 
186157152 
21120226 
6669672 
44862876 
21602625 
19672080 
48650264 
19964097 
76945884 
24166202 
21918310 
260450953 
375676119 
285049799 
18781150 
110692399 
14528221 
264281499 
326834507 
2195241 
318444171 
347276428 
183179287 
16076032 
441065475 
322564915 
404827459 
377752299 
22278303 
271505240 
82444624 
43462357 
124512853 
17861792 
14891889 
17454495 
112796409 
37705193 
33216692 
26593129 
179980928 
183707859 
1807011 
66804351 
275725922 
20611322 
228888947 
21395601 
117932428 
207645432 
15352439 
313756647 
219416548 
227335394 
56722075 
432794046 
23766675 
408796381 
24048295 
14380175 
93789657 
26696795 
228483265 
21828867 
81644488 
405033226 
24913022 
47268099 
18089292 
135238365 
129194900 
303938391 
259613933 
36980516 
17140898 
28197597 
21406834 
77920769 
20946458 
17031634 
56212232 
17091847 
212241934 
237845487 
94119095 
369898055 
16001082 
29952136 
301420374 
211707627 
432711295 
433475361 
78427460 
77907173 
142282697 
10018072 
230492604 
14420689 
45028858 
86146072 
80581893 
268416076 
343267635 
419953286 
46953987 
335996055 
44554425 
334650760 
159951505 
127033118 
16403723 
91378530 
19066642 
190060584 
358346497 
5755582 
59090041 
100347950 
21376295 
8449542 
16251896 
388521369 
14275261 
21027715 
363304450 
34731203 
22058679 
271219252 
69666990 
121382365 
21720333 
138514990 
388247752 
47590776 
214441623 
292431815 
162869238 
110075039 
74228232 
425127577 
1385211 
45816386 
17781165 
41389093 
152272088 
113420137 
49689858 
54160718 
64429326 
164538555 
39633235 
252768317 
17078632 
18737944 
13201312 
85436197 
38407430 
266031327 
82068157 
183622298 
268357486 
135488533 
94397054 
58201488 
51458873 
3496201 
151613643 
222193688 
128949492 
9265 
17385903 
363722449 
398606542 
19175209 
96015986 
43514101 
15341467 
17476091 
97772300 
22341016 
150613534 
76592886 
266979699 
14835998 
7325452 
251496825 
47285504 
134162047 
77113713 
18024496 
253998571 
16894364 
89082887 
14055301 
34781412 
20543897 
13745872 
15907716 
312885918 
277060294 
3737281 
14987728 
28814738 
18653221 
28381177 
16560489 
8192222 
20730673 
14142956 
19668475 
21287515 
19727602 
342951714 
375673592 
417966735 
131983072 
55006025 
212590401 
21704370 
378643551 
34278838 
172814396 
340613443 
2371631 
14868016 
33388399 
87501938 
80782683 
283437893 
224495471 
140112182 
22493275 
14606618 
16068266 
87271106 
41806795 
21866842 
28041859 
82509878 
19734832 
4207961 
33235771 
403526045 
51850270 
408733318 
19826122 
17455292 
29735775 
121336499 
94091863 
228174088 
19789414 
199069867 
17341731 
137987935 
85760252 
109944769 
70736359 
19673700 
18198832 
18228075 
19002474 
89742111 
15469101 
17877122 
217471383 
95428712 
12984852 
81725200 
16100028 
17376218 
15626406 
184931891 
58838415 
287580798 
216363198 
44538849 
66700936 
15769734 
39318171 
18235879 
82186838 
74473256 
71171435 
1501471 
254806092 
125349299 
31198377 
21168622 
409303065 
114497182 
14129299 
21054920 
245603564 
25115550 
16468874 
75887588 
202710943 
33943925 
40581338 
373416209 
386044586 
14295896 
395491697 
188361448 
384923143 
144946246 
55661656 
280716675 
83665853 
223416400 
75797367 
60783724 
28403766 
20032100 
82453323 
14388905 
52845914 
41474203 
7322082 
14097375 
117172071 
48946627 
21103430 
194618752 
119134771 
56195267 
402739620 
394348475 
231744293 
20927078 
70515156 
211177035 
119923823 
95982652 
20629329 
230049663 
23964268 
39803436 
46491438 
17924249 
290180065 
160647941 
14974630 
111072713 
23509487 
63760115 
180898368 
21029768 
35860484 
16337493 
16652458 
62780688 
241578594 
394990736 
219049309 
26253262 
192963116 
1917731 
19299360 
246670147 
263736435 
386742828 
20608701 
84679163 
61853389 
385153299 
31106472 
342274581 
205870273 
50670228 
189236855 
17157230 
19717244 
79997785 
3839 
152862026 
43593 
11595422 
14109167 
15463062 
245447064 
4071761 
14875983 
28128198 
18807424 
19671465 
5273561 
323338247 
26589900 
101526896 
31203529 
214112621 
78335776 
6289902 
23994034 
25096930 
33318712 
49853 
72962711 
14517538 
86640232 
54680395 
105269852 
4467271 
226040585 
274325818 
30900591 
14729597 
132297131 
21134925 
148900525 
61633260 
20254394 
128291109 
45564482 
243798637 
105334381 
22845527 
14076943 
19761418 
226526093 
33481579 
20536157 
285005498 
55602122 
14412888 
301497018 
225658569 
20810335 
17603461 
22458458 
17448173 
76355615 
143135158 
15798091 
17992632 
21785527 
14824849 
12286942 
19416598 
247336430 
249314086 
335369838 
73186847 
17567745 
16296057 
62316970 
102488708 
269097904 
58341833 
224723108 
108408529 
18569484 
7900962 
17737614 
85243004 
13348 
65375759 
48075643 
196186298 
16581604 
258885469 
89820928 
9802132 
