754264424848973824 
70615294 
706800925394997249 
94509573 
749558311297712129 
166593728 
2906123447 
427622720 
95371025 
2609379253 
2816462046 
90386519 
25128020 
430199139 
961458414 
201588696 
19097159 
250137376 
381496644 
2376705296 
163187657 
23841368 
356068002 
39571271 
929394068 
64354305 
18985501 
792574860 
490513739 
111305843 
206255645 
487833518 
1951739796 
1917293047 
318258698 
22501769 
1364880776 
1693620840 
14423451 
454952766 
143895296 
200219772 
333975982 
19185970 
1313403554 
1076790859 
1200524845 
730316442 
544083914 
26268870 
32372834 
20542737 
8653962 
18089292 
233336165 
36412963 
72842277 
17093617 
122480588 
50393960 
16843817 
48564118 
49164309 
17567533 
14700316 
807095 
69181624 
15480686 
1652541 
22240612 
21581503 
174740894 
39522692 
18594520 
33249457 
87818409 
14043142 
46744791 
201712702 
19038223 
226698312 
21218554 
70622526 
46636018 
233204507 
125662637 
225344708 
322160102 
98427390 
242448573 
21171445 
215755127 
81136269 
127176250 
86800236 
216004978 
47814419 
130238301 
38475547 
19019298 
236327608 
14647570 
550127111 
135989360 
251913996 
241718438 
18048466 
20517668 
16649758 
13746792 
95363183 
19767193 
172280127 
14085070 
16366760 
18955413 
91312237 
20342875 
69408767 
23760311 
22105603 
18595529 
17871298 
84048685 
18833257 
18899176 
15862891 
8963722 
15110431 
