14486659 
21111883 
28706024 
17919972 
23375688 
27260086 
836811047197675526 
817883724704428032 
3348045964 
839207773791383552 
757475550978043904 
4856653223 
3077828666 
4899248128 
4646706435 
734311190009139200 
3758722873 
765287664992063488 
838099062217900035 
18428222 
1662793952 
4915915972 
762217521571180544 
4886065580 
4447289003 
2167706552 
4859060446 
460542252 
16163589 
4439845096 
49758866 
2886374176 
3594324802 
801142189896048640 
1592663570 
4327872021 
792437478900760576 
4873176795 
4838098280 
5817372 
2554591668 
4388625195 
4629135316 
4753316780 
4625232022 
4552888103 
4624963833 
4868101960 
4621425143 
3255786338 
4377096255 
3345145906 
3751907122 
4386265755 
4444072032 
3469908435 
832808410575810561 
783214 
30261067 
487807498 
1273814376 
785921129491955712 
755890365731840000 
738440691949391872 
2999560042 
2894439510 
779675292025622528 
260732183 
721813292356755456 
2163902330 
156564657 
913305968 
760599810936307712 
15386512 
735838420728188928 
1927701781 
299522332 
806483337128931328 
824876300561063938 
14380809 
4469439315 
1050796753 
714268439372632064 
326114811 
748394576721883137 
15465329 
2909764184 
798732897318367233 
743222035715923969 
20241262 
792970654832263169 
14546126 
707131376 
9808682 
2229007764 
777748684754739200 
753376102031069185 
2611807040 
256071562 
134205888 
793485130371215361 
139004909 
2571259391 
137936688 
377536791 
2381829302 
766684360019894272 
1908353137 
611005309 
781311185547395072 
73596126 
198185197 
449358478 
201040017 
257303284 
766372803612385280 
954788172 
2744417134 
560682315 
2448906372 
3221917356 
48443624 
741323535172280321 
824013309087137792 
3530505135 
798366141362139136 
346325187 
363081380 
4037631568 
799790172627959812 
754768717226147840 
756288019053809666 
752517424659005440 
3349800755 
2508085972 
3391634293 
328855987 
411873384 
812828551 
804561774024544256 
741098255182909440 
413223387 
2354028716 
829009113455718402 
1469312004 
54844460 
241841666 
200166035 
1447076000 
976664096 
380196617 
3006571353 
194306330 
828305023897595905 
233114456 
270383348 
36619246 
346443796 
2605248033 
2853888250 
24885680 
260529705 
306190407 
17678521 
214816927 
2848578951 
1263411691 
732176174911225856 
887955032 
4883060246 
811482643103510528 
695298006732509184 
3247065727 
2349292010 
820336161042419712 
3435890505 
745398940544073731 
130800047 
2772877353 
39996458 
741564043 
802155047538794496 
462509070 
809376637997301760 
3133735491 
4486185754 
729502962431733760 
188632816 
3421721518 
206446410 
2505040771 
395992626 
476454785 
4270542262 
51042222 
431765849 
104092101 
21913915 
808845250919731200 
391947584 
404023259 
285597224 
19397554 
4755898641 
592853132 
752902528946302977 
4914365109 
752186231983902720 
1627495356 
248249020 
784784891032563712 
785489975227875328 
782918986807717888 
803114487599529984 
750239063823773696 
733343118507003904 
608378668 
50826849 
714590784918581248 
732842225353293824 
4494619640 
701725346438184960 
1038468721 
883420674 
4818596446 
1897566271 
217791956 
700552175735300096 
714164083235237888 
85608390 
17674496 
3676469481 
1728665828 
2842589783 
805704732111040512 
383714746 
68587678 
828888734464479232 
828688418804756482 
114176648 
3007374205 
2407359463 
781963862526431232 
3012698935 
825034150453219328 
3279796751 
781478613791215617 
39975830 
632343130 
821429286443905024 
1461712039 
1614058200 
736700849431425024 
142660828 
83319722 
591597983 
83640109 
3993251776 
2182219430 
118134433 
42250507 
2441403782 
798447563422765056 
1070741737 
803596703463067648 
19970539 
828856237227855872 
844750838 
2712826130 
827947410697510912 
3290972491 
827524186486644738 
3816204254 
1015018668 
2772321881 
745999840052715520 
793739972629172224 
1591497589 
3658278796 
817545799815069697 
75894894 
2880009917 
2520302191 
515714209 
307000112 
898602534 
141837953 
2329936213 
20802249 
15905228 
808387450930364539 
122347115 
2307487508 
2595397910 
374961941 
2417687364 
39456439 
701570816333381633 
47694456 
40263069 
707624989026033664 
2415038933 
185386886 
708613393486376960 
1370151476 
795601048966668288 
1390770842 
703941455975477248 
787909121135738880 
73187438 
730005873377038336 
29552003 
21465609 
796245613058756608 
4371725068 
331474847 
785285822169743362 
740309085971570688 
774949953227464704 
32496077 
824765006768070656 
358860519 
775654586199728129 
776971604437839872 
789582770955702272 
787504762493149185 
38645258 
82181268 
4829751334 
2550872562 
34548760 
744332858957824000 
32475944 
2911439175 
4413208227 
759202068389322752 
4871037501 
4214302102 
391117481 
24380362 
19719858 
570564840 
343186848 
408166710 
785485155855011841 
410533990 
46222460 
704600475769765889 
204400879 
164228886 
803187017811132416 
216193229 
103455349 
552837070 
706056344579796992 
1675798717 
4920891852 
730808024705699841 
4858066510 
11456152 
2543198263 
4879634919 
2336905268 
800793131868254208 
1444457282 
730915304331579395 
769403107042136064 
58887180 
820108542204112896 
911701062 
259519485 
792764660516741121 
1180736983 
762213208568565760 
3406220993 
828589539891478528 
828420252174254080 
382950776 
488045266 
773716610658041856 
2886330634 
2664579608 
788823603240439809 
1659020558 
812415189236805632 
785016912715485184 
877236596 
821679808656605187 
760970443570286593 
992050249 
768834588546392064 
136807326 
804521838281826304 
1163918196 
808147857173868544 
762780150261911552 
1344836118 
8032892 
766449490689716224 
401830677 
500282194 
471522352 
186406794 
159706716 
818615248236249088 
367746140 
253412956 
157619471 
254261651 
233483768 
826565022855872512 
225790918 
2705336426 
2459416014 
3133667860 
2700557575 
818203045854990336 
361133015 
421397377 
774496355297300480 
515728057 
43460358 
3436900385 
979729182 
735914217912586240 
718679071 
4870466236 
46855744 
745488789460525056 
814273524 
820469475850014720 
716083152117075969 
783896998416003072 
3300653883 
2457389760 
825796793778700289 
817247100110938112 
826606584 
17891411 
1429462406 
3505126343 
2589236704 
769127134677860352 
745532531533983747 
2481770074 
798895448748597249 
2964907983 
412348674 
4556121869 
750255488005185536 
787803307620372481 
3065010832 
817002742992531456 
744983926762967040 
788876581343232000 
804757276133326848 
787390820576100353 
2401948489 
4776842643 
789245564521242624 
732370168966348801 
822187847054598144 
19192288 
770567366560198656 
824569789293203457 
742948894989004802 
789336141400903680 
2270804172 
739038702 
740400660366143488 
787559109180661760 
4767963573 
1979513984 
742899788899749888 
707605272571854851 
2169292202 
23620832 
788907895727484929 
742354162453762048 
558666952 
2751068986 
825181839358701568 
796237811393232896 
774450278049288192 
787049210227073024 
2319426476 
788962585882136576 
748309939416932352 
482743533 
4294827612 
787010883709009921 
787976815709081600 
744863447972642817 
741931190580596736 
780844515305205760 
765529656556609538 
786626860880756736 
783858622669332480 
191282794 
824463465779716096 
786932667702927360 
748027901354872832 
4318447573 
799195778740789248 
503988710 
4275815416 
789892187542593537 
744181077124620288 
786666189141532672 
819226859074420736 
2993904026 
784223659602751488 
2511435616 
906912931 
787064484271497216 
28120180 
174452531 
961267999 
154435397 
775734644025065472 
2525246597 
2556849198 
490477483 
333575415 
755106302846705664 
140002423 
2677724342 
2174847600 
141142572 
787033859653107712 
779866767556481024 
81541067 
2495841841 
287556019 
793835688860856320 
18173728 
828271666342019073 
457839776 
784510852363804672 
773937706015522816 
123710980 
179135427 
2190860994 
2307164826 
792822812885090304 
242139113 
792871115290841088 
793142133725229056 
798247626814746625 
2355304094 
1221349628 
800457639243022336 
791400479288811520 
1589976925 
1069084338 
463505337 
68048714 
3087106747 
3685790357 
1026670405 
12092462 
703290665019510785 
92148433 
3138510660 
3024688850 
2351604336 
3251063311 
4860880737 
2783506531 
3033202682 
828218957823823872 
4040232579 
89213228 
39391635 
827810527652950017 
30458654 
451185936 
2775865749 
3278081636 
3317020622 
87693600 
767817261088399364 
3065604595 
2402194730 
60723267 
2875790026 
811273858355490817 
21465669 
287299046 
111648401 
2712220676 
828110789722664961 
828013404841406465 
828169249722073088 
777218006619480065 
3232275834 
725759903747301376 
3989997155 
370366963 
4699716138 
770557382762041344 
741580455720288256 
795753070626009088 
127248592 
243043120 
3919469352 
2984049895 
2887737309 
714429761041408000 
729628824338456576 
3092372885 
19852304 
3654191969 
396675513 
2335279682 
38156288 
214358310 
2974370623 
48568908 
24401986 
2363695939 
2154724466 
4893033011 
4826658370 
25218684 
802686158 
355356261 
53682660 
49114182 
1371593036 
1418872878 
51827981 
81252347 
81151283 
1373349954 
84462781 
535775667 
86981515 
1386866868 
715624239991287809 
819226134625865728 
713867113245573120 
824622832026062849 
4871129479 
823983002724302848 
4783087219 
54385955 
2835756095 
4878091415 
796427175574454272 
823292931746463744 
738850501517676544 
14597939 
279444201 
822674060383428609 
824074461787914240 
727297078121000961 
2736294030 
4860711738 
4738994067 
50402029 
712262403241746432 
758129874183815168 
774575 
758089144509820928 
768511379464712193 
50300047 
710604814485495809 
706496600399450114 
706336090186121220 
732918459684782080 
770409077763547137 
790851208504233984 
4488460935 
791046345272401920 
706209989778604033 
802246546607644672 
791842661577654272 
791547347444572160 
4817703567 
819089343973163008 
763943110946586626 
2802885330 
823670136565538818 
241441702 
261653603 
2433791503 
819599767617597441 
756324809236025344 
711953961020891137 
712703518734323712 
755088828768088065 
805116800371490816 
792051105765220352 
752702844520701952 
824482719937822724 
796906526598434817 
4833819495 
813560107254554624 
824785784897036288 
735975953113993216 
738519945667973120 
820573029596102658 
757993720423723008 
3310634568 
706187628643680257 
2449394994 
755820071554052096 
822949397235437568 
824208510925803521 
822945546939707392 
756843235658625024 
704985036588601346 
812488076735807488 
28824979 
3323099315 
48024730 
820414362842066945 
4657618455 
806205970280054785 
2954345731 
765142366449700864 
824733352431230976 
811420998495043584 
756501112140759040 
765230493344337920 
766395833369653248 
4833006856 
764078055191093248 
4441288906 
756663835226963969 
767065620546514944 
4740580586 
754036905956618240 
768192170268434432 
706130292327710721 
2929059598 
764180960069971968 
753824705656741888 
712883826272264192 
2300829812 
2298440113 
820099514899890177 
791217863365386240 
768939404626911233 
791293318709653504 
3316062587 
754441815621791744 
791239724040065024 
792383965210566656 
824826818469457920 
763622145159262209 
816779936241504256 
31309795 
34744033 
30193687 
756484063188422656 
40044052 
75721571 
748296597671284736 
1298777636 
134090708 
52542458 
737512526632521733 
67556185 
21285175 
768309109577789440 
51026192 
2697197784 
379771503 
775089468915216384 
735064120626544641 
31238298 
442453142 
775281925791617024 
85198470 
502192104 
2369631422 
455972397 
755913493887459328 
107952060 
701837187227197440 
755801175275008000 
19065544 
79690664 
736341028240654337 
4713594916 
765106867563552769 
4923626742 
2334655159 
2791547318 
703527032752205824 
29798375 
349360833 
26822863 
108145565 
2877676909 
738270449797201921 
714310058490744832 
827970300906176512 
737049499940585472 
220063465 
116316364 
25570856 
748643507867250688 
720232870996881408 
3887860638 
3421302225 
346707943 
288422655 
712192815837679616 
234109785 
2699679614 
22056348 
1323014479 
106553674 
773890923705069568 
710823757116350465 
338102730 
234518365 
325435809 
755441087125266432 
45272995 
750345284278951936 
325862383 
28959168 
3389495224 
4858223386 
827317925698691074 
772250518370525185 
798624364019195909 
711137660170084353 
353881350 
782870444085014528 
1223637169 
432644706 
4862783232 
797639002014777344 
744953730961858560 
177122154 
540695443 
3307902649 
4813411033 
810869735340576769 
142839080 
100590517 
4694708978 
100388849 
473753343 
41223508 
468708140 
134080460 
793733462129651712 
458933703 
802055793570934788 
3193223646 
1492484402 
702294793712349185 
143298011 
132537639 
449837679 
707923064307245057 
34399457 
825738618434179072 
176315494 
20027520 
2177113972 
53859141 
778464683464417280 
362584432 
1728712668 
27882806 
827860211620777984 
3007372277 
302076625 
2157558064 
710907736389718017 
703586248082878465 
4832945780 
784128417348194304 
4879835351 
736648188065665024 
4884785825 
742071015749111808 
797530312255348736 
762443163260686337 
803111585925373953 
281407970 
4898960495 
333219473 
761314053880971264 
728645457132462084 
1202996912 
4896485092 
800571528148455424 
297474155 
363410256 
825820221462151168 
3118391825 
2823798603 
20688076 
18943301 
17958778 
3044733394 
2814175230 
140352195 
103912569 
65605442 
3028147138 
53691238 
80034686 
18227783 
4148432114 
773928570 
739215591211466752 
107781499 
2743253668 
17778661 
476372503 
13343512 
740509406983512068 
21071903 
18665869 
14607071 
99543822 
564929568 
827489071035465728 
763415472612188161 
783237181351559168 
797111153327505408 
723463822665719809 
749880726 
463007164 
2966826184 
796408798932041728 
299312010 
730097447700185089 
809870830251347968 
771361317974409217 
1344687632 
3078762358 
805174342468284416 
1517816730 
781912749743808512 
775468838016000000 
816758860690006016 
801915003297271808 
3228425988 
716066639876198400 
716822932840906752 
2787151453 
805568009536409604 
763435392636903424 
1335130723 
773267071509655552 
812604961020321793 
826539610163527680 
702750546004877312 
723120513770377218 
815017143028817922 
726547781998022656 
25516786 
608764612 
777995377840644096 
3103074297 
762466957681496065 
800710865624236032 
3985582453 
3779148194 
801233226341773312 
163461439 
3573670273 
805276201300492288 
808054099665006592 
762068060932935681 
718697472596516864 
805862905510055937 
2785262581 
794339645446361088 
2892877291 
760482511273226240 
776891125508378624 
751570749681467392 
803080035041165316 
773262662067257344 
3192621345 
781528449597005824 
4074579339 
803655917136855040 
800046363220307969 
825873342041292800 
776744070655770624 
746891069095354368 
732327222879617024 
781926655799468032 
800128123274608640 
808015699104829440 
25691978 
815061252670193665 
3005485047 
793872409002553344 
4713671003 
737814011597750272 
811573019076399108 
807326747301675009 
763616692723331072 
746676070410182656 
3243646682 
760613611576451072 
3178433706 
713653213967331329 
779138032393859072 
784813688175853568 
705335005665431552 
779126814404780032 
818025279532711936 
770085462769885187 
818187300316344321 
797931000533811200 
814303093697429505 
817089118178054145 
761004064557576193 
770260517218811904 
3296892483 
2987069925 
780528947263975424 
726481762713481217 
189364179 
703068427120828416 
3366731789 
810228986781593600 
812312834893721600 
305748645 
793862818487382016 
4069803695 
805595369832939520 
812308111964901376 
785556492573298689 
4918911369 
807915934421815296 
3564565992 
799794493432041472 
16170220 
801100959652970496 
4591653502 
701235121525919745 
799774484219600897 
4487804007 
3221254673 
738042336995872768 
4496819788 
728319361732227073 
4925445753 
798199434836377604 
25460715 
3056258504 
801347099061260289 
782181920889114624 
793200858208931840 
729457760031543296 
733394979503005696 
738086647678394368 
826075772536356864 
777671141452238848 
200231200 
808511129974669312 
3374752644 
3429712161 
807477726827323397 
2884853222 
784358082197479424 
816754085831512065 
776831339861385216 
3077448694 
1686242216 
775122469996888065 
3222674334 
3932055693 
777134387121033216 
782779321261883392 
2916469892 
4455438072 
825095163047505921 
726399820269649921 
705245553001517056 
803496174070050818 
3728609781 
807273741138935809 
784464120829575168 
713986756723355648 
724289164162813952 
3436001967 
793919461388480512 
2954174343 
747706918018424834 
771919291939713025 
35037260 
801540768917663744 
782994815763873792 
794869288557576192 
762788674002006016 
2892813209 
746872082248589313 
784785914224517121 
801279191073243142 
736411736836870144 
818577642882375680 
762365975899635716 
781899037892943876 
763798872539983873 
777344873384910848 
801911726866399233 
3113857920 
3396082163 
826730393697185792 
781798405119107072 
800676133075202048 
818945472165511168 
761516137892945924 
2796734216 
3443068881 
747481518256324608 
4113341837 
2993923946 
3902218894 
2777769159 
826281747151147010 
596036262 
807616903220985856 
3109797295 
562445725 
1126210039 
15802905 
58751708 
1232666768 
35034913 
15629619 
14377976 
803649210931216384 
3161431549 
42690385 
58481623 
58868301 
9005222 
780125717174497280 
263206775 
81705917 
1211515650 
800255482820603904 
806289227885514752 
18026041 
14155999 
61090712 
2548144838 
14892089 
45982345 
45476273 
15468299 
18479576 
17849214 
60941298 
37874517 
133120894 
778683676955516928 
35621674 
794892373390192640 
34847279 
63103958 
1364325619 
3081890368 
15907740 
9551842 
1764393644 
297627892 
18111774 
60920749 
2906710694 
750139207008464896 
808927719748751360 
298893516 
821414709853384704 
855257275 
794213827466395648 
331482020 
1274223536 
107664284 
1409367294 
178825163 
1424389495 
4853485309 
702455416836370433 
247884161 
287500929 
747295851106570240 
774006080896630784 
808952023597150208 
743698387233447937 
743156548399210497 
2605620783 
3248303884 
745957692796084224 
2953566183 
2888160774 
760924720011288576 
3019274169 
711048545130909696 
818799925681131520 
335455050 
3247309432 
3482156241 
25580605 
823608551641849857 
4853124735 
46622823 
726530637172105216 
808877156809854976 
38963300 
749859340488613888 
3750541274 
93888939 
825030876652249089 
798862314267086848 
715968930192441344 
714911394387390464 
3042378589 
3724321637 
3222235741 
246285470 
807847970020454400 
887473476 
362236381 
368012982 
4889729308 
803401372531994624 
31422515 
2308898138 
794644199002013696 
4352849187 
960820946 
795052036295421952 
809579320742178816 
3632113515 
32258422 
794542109885747200 
342916672 
295309998 
4133557222 
259723697 
3070350552 
793283958847012865 
3039783682 
355998121 
22117767 
3028722206 
397249507 
396296355 
793778415081926656 
18180407 
1446967770 
3834243748 
824369420654960640 
21234470 
795487434620497920 
799678925781680128 
826382447885574144 
793140781997494272 
625086257 
3027484085 
349474275 
475376915 
25717285 
636968437 
1972220317 
795708255750225920 
285455233 
2938885193 
803829636715180032 
260893333 
792104790683549696 
65209733 
209686963 
788451053557559297 
793880097933647876 
785226688330403840 
15066271 
325874159 
2640972303 
2604478478 
787839059980722176 
741920465564753920 
314346287 
2513397463 
786975607464734721 
782091937 
789447260048351232 
787309459211104256 
2574713282 
2996005562 
1059660307 
791706214845472768 
2528564780 
1655807216 
527634202 
822956017831055361 
59798655 
825667662403497984 
718714980183310336 
172747578 
559528220 
208012480 
814234861850529792 
23851897 
61290035 
482216901 
1320112956 
64455314 
2847021635 
750598170154074112 
2849584909 
974461956 
733182076942438400 
2866563334 
2838744803 
715659434400333824 
500222111 
59821201 
816407972591140865 
723441493243887616 
714833968286183425 
711132829 
1681080877 
2602782505 
4854017475 
810152869060104192 
4855370825 
4874881657 
714100137 
4851600468 
1009980986 
2749886044 
4006277354 
430437947 
4876418967 
816373702606655488 
4859810145 
3134249686 
3025629047 
4863397332 
635040036 
449965784 
1184283001 
813732768333135872 
473328354 
64333633 
811400549446938624 
137204725 
49079854 
59004509 
2992810986 
1228256282 
733141885372375040 
31743615 
2542421694 
111871923 
117825206 
57866801 
25300567 
15178753 
3103830125 
356725331 
116831692 
1208010614 
1226462708 
15005091 
60006580 
59048861 
1223513779 
15046554 
57377307 
3063015777 
229414949 
3156853616 
275310490 
26891531 
58909791 
57324090 
58568898 
2964766978 
2978633561 
210843194 
746341401676382208 
57271832 
1474018742 
798161577241350144 
32464146 
26960288 
1443535962 
1078107487 
714581912187183104 
861346326 
788084228 
787606973705584640 
4703522052 
757906389838757888 
33480682 
745578654789414912 
4864368550 
1283709602 
761590415636176896 
878580456 
772262797 
38185080 
768209593348583425 
4866314842 
710230446978801664 
764552628986585088 
4697854669 
270819044 
756059486389932032 
249313698 
759124943003148288 
764554149929357312 
540100420 
765418344237371392 
40202795 
27965582 
4839377602 
28450071 
4397001855 
1178538782 
756822534071447552 
4856828476 
4823221779 
1509388626 
2334064957 
2344398385 
2875184111 
2180902632 
438251002 
40832708 
267293508 
799437895 
77543728 
2839164360 
23727782 
332905750 
2354658913 
17599040 
42780235 
1469124612 
785779068 
1492942411 
26192247 
31127970 
178146778 
48462080 
21244860 
238787512 
48351615 
2347450531 
2845982989 
126561634 
163251472 
54208972 
2148615695 
2842557043 
17927655 
2731798006 
236105407 
809168762 
78484153 
796588550 
803250204 
441441057 
831815773 
41071227 
46046706 
267205922 
436072256 
97607155 
2747302267 
203572222 
784904732 
2163399127 
799531518 
38425241 
821460722 
334390916 
481599101 
47476642 
40902412 
229881320 
54624798 
2704882746 
1183008138 
804821335 
748614042781110272 
3980729944 
26372743 
2699398969 
815797269119107072 
1411657506 
266392794 
205642123 
785482059234086912 
3224406997 
770816099046875136 
734244603927220224 
807384824335990784 
780775997721284609 
4094540615 
777715780116811776 
1975790640 
2903614908 
3805596862 
806191336021983233 
2952615523 
296202518 
172252136 
809545697041125376 
25746907 
831660073 
771745581958107136 
806334328724684800 
759577508840964096 
801670337083490304 
750377174725722112 
805325697082396673 
54584123 
23493630 
78192486 
781702798358482944 
776950237747294208 
4498003398 
3142888460 
270761898 
805687357605285888 
2781429376 
814171469769019392 
797906588711395328 
701225738427506688 
1109977574 
792475856337797121 
3439102967 
795604216635150336 
747402962826207234 
861322069 
277287958 
3442528934 
3021209961 
31303506 
798985622274867200 
773964845557383168 
3029991859 
728988386925621248 
4482898872 
2751371782 
761721044893704192 
3539315953 
2995146137 
2154900340 
3105183396 
785996187031699457 
15368616 
773892584867504128 
2663053675 
798966066047135744 
777588602964434944 
806953506493956096 
704151711313694720 
1489188872 
1553550104 
2352569081 
25958684 
270249540 
792224581968736256 
4004899582 
818214181530927105 
816312923119386625 
785611527533441024 
784452615686021120 
3593644397 
1322520840 
776192228037316609 
4664685259 
803549276714438656 
3031868005 
780874612213178368 
805208194268168192 
815739840071286784 
762877902757044225 
776396653737734144 
2869531945 
24255598 
30477004 
784739871243898880 
1207733659 
809402073989128192 
1858600868 
1562450540 
782063857992949760 
41951568 
241552650 
4541356633 
15412698 
3538183223 
803037210283048961 
426281336 
2871228396 
778609121943777280 
825457429718630402 
782401337426255872 
727543615908679680 
817192115482611715 
775221674308349953 
804035329422262272 
499723063 
783522789009522688 
4547695175 
746391556307853312 
732241348581974016 
3220679461 
770801211947626497 
2708136223 
2960711945 
240244125 
737688339537485825 
269578801 
825669065515597825 
759905091801477120 
1553997656 
777593260294414337 
1493911369 
23501330 
800036528621809665 
825059145929814016 
2727815858 
201634167 
2324674028 
25888659 
2770997039 
771499859597783040 
263275705 
780522658173550593 
814840153550319616 
730726335799296000 
804122284650823680 
770029416583983107 
206754256 
325752016 
795428311912607744 
2919134388 
797636762281484288 
4027801393 
76620761 
47080329 
813263014791028736 
808347738161065985 
818677743068057601 
198201104 
3697430114 
43107986 
3428558427 
2872337112 
796985661958029312 
784096833362460672 
15536531 
201895204 
714021300713496576 
41626673 
161379563 
330781635 
16851732 
777248019142041600 
4627055183 
15461615 
203641158 
201763180 
244387058 
241222972 
1552237332 
264982528 
51880870 
239122877 
2536496984 
2872225033 
432070243 
274328591 
266495146 
19041288 
1516344289 
25966829 
779495252 
776015015086288896 
1591087214 
270344525 
3508341918 
2338114264 
14689781 
74174323 
1539811398 
24670205 
1077459602 
46047592 
737414148821114880 
531538532 
3320594570 
734056386242465792 
374219452 
19565930 
217719096 
2842734081 
1627775653 
1553802014 
35169656 
46419123 
735568502 
44632068 
544166059 
523346039 
287720791 
1071174973 
780774895437221888 
276567401 
815534473420959745 
3254100483 
787022708957712385 
3543256575 
820958518815625216 
713329121087062017 
3363093136 
745345605950652417 
746057223097421828 
749569455047540736 
4872269135 
717643614147518464 
769124619345420288 
4097531235 
15429217 
571758897 
2777060995 
705531074407960576 
794993948397862912 
714200665510297600 
804672294530510848 
783669366705491968 
230312711 
2906613898 
47339341 
552000397 
715730486920929281 
726741667211010048 
295290617 
23064514 
116159680 
727181095117135873 
716568896485138432 
407265084 
815698381100224512 
806267196892659712 
2629228858 
810796895497056256 
748609253011767296 
3380919111 
3017138183 
793306593374994433 
1879580101 
3313470148 
820960877608366080 
131633627 
794606018638528512 
467788180 
773963044548476928 
791287830349774848 
1704521084 
3860251755 
4893122759 
799242886713901058 
745768417798533121 
3000707497 
2951048656 
2363927223 
3026147206 
151497514 
2321425576 
750360190311133188 
753338167529467904 
1908990877 
618232151 
3352512124 
4904668031 
384942464 
782645084218990592 
810965236366921728 
714912659582414848 
3059390254 
200932832 
768754393554518016 
1558680080 
1498897674 
25134667 
742118380099018756 
3333392835 
800764848963391491 
2800085757 
2620426840 
435077149 
817711739248713728 
788404762903453696 
114240053 
3621888316 
795884344225230848 
807708384258654209 
273685340 
824080281300795393 
805514320482336769 
2250110955 
2781639417 
3795955815 
2897583735 
822899072243789826 
714859375257600000 
152806993 
4141954396 
2978689959 
3157439513 
810597152229617664 
112236666 
780850828462596097 
19996246 
3597118097 
17199403 
769193916201598977 
20099746 
749295604447281152 
780328698344042496 
3750516323 
723536777798098944 
216032114 
373927095 
796679650269401088 
1978448623 
772728827852251136 
716451579 
770235320164032512 
3065007172 
796688156506681344 
161412017 
2978094063 
1060194632 
2958831939 
2684711931 
2897353967 
745563840566468608 
754113170289991681 
1260715266 
93117725 
2457130004 
799630940804882432 
20901474 
385414419 
1384724628 
49288773 
2223175852 
35548967 
15920346 
518379191 
64598808 
49415520 
140587567 
345239333 
369828808 
45665068 
36344166 
56446678 
155255459 
96119242 
110313884 
551699841 
55358175 
113992680 
261089904 
599029262 
277278122 
2297778589 
252404094 
38719518 
20431851 
138961916 
2263320834 
152338181 
229960191 
256860352 
58342807 
33337629 
2535857691 
344427903 
58151059 
288367091 
2283960079 
389791700 
361661427 
34649957 
127054240 
15947059 
123281817 
410137626 
377610582 
43780933 
2391377342 
27583380 
2462365482 
16367421 
5636422 
94739078 
555264971 
363851790 
24398289 
460506233 
18176153 
611821599 
549526819 
2225911037 
356296511 
2292346370 
95121126 
571549361 
1556285256 
1343086136 
50107551 
1095440395 
327778874 
1008525158 
767521694135095296 
379541619 
496590848 
2427782506 
1457173921 
5490982 
1462091618 
22074696 
29470292 
2616324157 
279647936 
22225664 
29088974 
348995503 
2271836156 
362321813 
188582631 
372333900 
156580778 
724741916 
432050376 
770963315157762048 
37559222 
2596347039 
1665702601 
535838465 
399888697 
220940214 
175527635 
124274104 
21629423 
506228902 
257913993 
1593830400 
18965007 
17810687 
31033962 
91142100 
1112966779 
774014467197796352 
209924428 
737980879994114052 
58896487 
821950645380988928 
107785041 
116681446 
21476904 
509434448 
523559327 
13259912 
7285592 
39863499 
64005091 
404186110 
15091009 
774455013322162176 
22239375 
2635695217 
980652846 
2243242477 
20825059 
777128011023863809 
22562865 
871710715 
16078185 
371415053 
1355207719 
22152496 
510014662 
358119586 
26901657 
37586272 
372540486 
526450475 
224851427 
195696410 
536986710 
616326946 
185449566 
106823708 
727931378826919938 
998521980 
317976253 
2351393341 
768919316569948160 
2657492802 
2277538076 
2511542148 
775845595126771712 
2537959760 
1388220271 
401747459 
750249006 
24388086 
483707861 
2240383690 
1122477510 
347328649 
2902637328 
3183805537 
14881902 
1009521936 
2557992552 
299460939 
36353121 
16450457 
772011527234813960 
122173152 
231102272 
22548379 
385461958 
2283714817 
2573562505 
809003811423535104 
569428333 
767031495944986624 
214493404 
762300658200383488 
20029410 
113999210 
3167640215 
768085199192199168 
15026078 
815505079704977408 
22073548 
272491697 
18909803 
272565686 
102153730 
2236723740 
735286831156068352 
768626313078771712 
801618522 
140588684 
2218189146 
35019419 
6155532 
114135302 
84582732 
386226018 
281351423 
154790092 
14189315 
135180047 
546840492 
150124167 
963070578 
28697550 
137211506 
478867193 
520264670 
4889819026 
3158098238 
3167131741 
1578473480 
295228150 
393487199 
10228272 
186657253 
75833544 
383881164 
71956841 
181016729 
128049434 
22411872 
30190812 
569842883 
170902220 
394723965 
276068772 
3161006246 
123151218 
2600033050 
480560424 
86934010 
481039384 
14100777 
314505241 
3186427230 
1093191193 
1257220424 
83484623 
49852413 
16381039 
36522078 
631075686 
98903593 
603056135 
304520323 
1952886168 
230046960 
842458058 
23270143 
23373818 
193895536 
519577730 
35393444 
767372103037423616 
657863 
908748924 
718407620 
883683596 
400541431 
21181222 
735617675808776192 
455182965 
971393166 
836628092 
537372198 
534521191 
2417775956 
740935561888829440 
60321172 
66885352 
766807878359396352 
514462749 
40501382 
741051623552614400 
22168349 
826510273880133632 
131430418 
503963974 
273045494 
2381391158 
229633520 
23044989 
59340960 
554014255 
767908204328001536 
2570541021 
14243167 
602191953 
2493300079 
610393717 
2451684921 
723511684682256385 
2602464644 
49984570 
503929645 
156387631 
294702989 
147577227 
393164259 
143714772 
22577240 
195880887 
1105281828 
706745532681756672 
51411178 
2231420137 
724287895 
18221095 
559988510 
722934098277171200 
361702047 
11529462 
91716961 
22155770 
1574289186 
61185512 
551971570 
116809879 
2402397342 
1329409848 
817084369617571840 
179686561 
764925179956912128 
1046182374 
174853738 
1132086296 
247421764 
704205971216691200 
374082510 
1405857242 
4427608185 
372104207 
90384816 
2646081834 
745350402795704320 
391909121 
444348938 
820923154336022529 
1730696371 
4747084702 
278333739 
108351575 
175520834 
475548393 
34245202 
747375999097016321 
2400407594 
2460455928 
91716529 
811626048995622912 
1589168388 
745013434694008832 
4922958719 
35048027 
16095781 
613501062 
343855802 
747649712145186817 
2460922315 
631591807 
60926167 
903026580 
1090407266 
199650490 
226937894 
40792311 
407008405 
705078950708416512 
182973089 
703027303488450561 
816434381094952960 
26982212 
612855722 
157760970 
401677625 
312915165 
497389448 
21019643 
759735552635604992 
390857968 
17531079 
2287017818 
471773172 
24311921 
27901925 
2312730286 
102681792 
387713305 
18960540 
703013994781474816 
345022075 
745573202450079744 
745677997143920640 
601154996 
11361 
15220590 
16032534 
318148550 
33076513 
197216966 
445546507 
2481130297 
824395016093175808 
750355005358501888 
8309712 
25027813 
21687784 
1928351917 
22894515 
823207855528542208 
810032636517355520 
876178022 
64312466 
762600099968987136 
469967842 
16641495 
20625561 
747843876468178944 
222355005 
1342861424 
22719516 
707702056312766464 
67658180 
2319526574 
536777262 
274832905 
1670810706 
2218071307 
2916008492 
1360234478 
1613111934 
372027434 
257188002 
746365360270512128 
123739890 
378319639 
304609489 
763392501793320960 
61606073 
810517762816753664 
26684999 
72877251 
2488766750 
259106637 
22095219 
741833690 
20427106 
706418392262049792 
21127763 
2889078230 
818666867292307456 
280560098 
43895567 
764274954359582720 
1387726436 
500526978 
211318577 
259088872 
1891052540 
462542883 
701160537674149890 
763145866534227968 
763830071727493120 
624904194 
345625424 
3223949891 
76097412 
2856314174 
2354577444 
546425712 
73682767 
2777630598 
996049892 
1100366545 
21068242 
784902890116698112 
154502088 
2457651851 
453670833 
1467292537 
2225707292 
2777487120 
2369692350 
180742706 
205411359 
2239833620 
718120441865326592 
2385755503 
3198251559 
780139436365328384 
45843114 
814497971333173248 
260399923 
15759873 
3745675997 
229394147 
793566178010550272 
3253970658 
3298420545 
780861266680090624 
63750741 
824067733079764992 
3361451652 
3217489025 
512819560 
1227615930 
90965557 
2903891792 
215999384 
4806245955 
780636363636912129 
781467359571763200 
4888692535 
808056818907906048 
793454633368838145 
3203964596 
66560848 
796744792843702272 
798503392159105024 
2654119466 
796187868 
183380094 
4872562758 
798928943390691328 
810676189182459904 
766824350792036352 
4851010037 
4883433609 
276200783 
825769639523278852 
38820199 
781934548888289280 
47874993 
274570567 
247705161 
4839893177 
814732441357320193 
4697338838 
1325704729 
799866000099409924 
2910517467 
752440953873588224 
389753022 
15245915 
817036314658803712 
3892560857 
700790149706342401 
793887746695827457 
3873566925 
2533239318 
20920226 
27271354 
781512144881872896 
40676274 
778246519455641600 
874593284 
458229721 
106753586 
768452271617236992 
445891353 
2363254686 
766352524295151616 
780838490019733505 
796087092392534016 
5661942 
15135130 
2878797552 
252494381 
21518367 
705445375574933506 
785491305254129664 
190306757 
48210077 
30721097 
817283165848932353 
4797033490 
20519760 
38438409 
4902483424 
2604991817 
3165253936 
37341196 
4749178640 
788330066182832128 
752208950918086656 
806127880262578180 
3405414591 
765180348921708548 
752199265229770752 
299007158 
540701312 
806229249640267776 
228265016 
192717803 
2894888085 
46455555 
3298908537 
462461394 
781766137423933440 
3162911352 
811991584480919552 
4919644329 
779368110952439809 
1945539978 
41136494 
808682320702177284 
2391623254 
559743967 
700387249360347136 
760588216735064064 
1359301436 
762788778398343168 
792511926005706752 
716775659599695872 
1314740660 
2595863142 
89991141 
4371356355 
3588893054 
805298529300119552 
34008274 
2911223564 
32541723 
561760284 
4445032701 
199782439 
814658514920636417 
774262070418157568 
190482246 
161258605 
2731532563 
274930923 
34323175 
827338948791955457 
809067479582449668 
1429079004 
819378905819836416 
3281757680 
2383034568 
95441395 
781784207815303168 
1462802791 
3393761530 
36313495 
452510761 
2332270376 
784899857463013376 
39982703 
3396049185 
783232779794444288 
35300230 
791072642639892480 
793377809263566848 
34958925 
246088228 
808687808042901504 
781155593113350146 
823335270087065600 
792024623915282433 
775065128479760384 
796225548926222337 
744977473721401344 
818985103632330752 
230640540 
187390933 
2786184522 
2927792089 
2879777067 
224167837 
38117685 
823293998479659008 
2625220416 
21052002 
4903344313 
15124890 
747130528336351232 
2471625016 
812043816924422144 
804857278545281024 
29788679 
2201686728 
747417553929109504 
186123113 
765726449030590464 
3171825931 
3333396079 
783124760666468352 
502433625 
349237929 
121536379 
185284250 
2717940800 
2363869832 
2954160601 
36094610 
3116985492 
26366157 
4647779605 
720328436422615045 
1386928489 
777834213198352384 
3428258573 
824231764377878528 
718185031517085697 
2480016209 
308409750 
353351581 
1497361 
778176091739521025 
702642834667536385 
114240698 
169421552 
85367967 
2513826162 
28128854 
3484918274 
2529075128 
83992030 
799610062335414272 
816736304520187908 
15669970 
4242050775 
4761495972 
98187965 
747376851593609216 
38682907 
753223558155870208 
745799853272293377 
181076059 
718069385617940480 
780249693691359232 
756902866246311936 
1333203302 
2604695795 
754803676636590080 
2617735795 
166670464 
741065230541688832 
743204311136624640 
38267727 
810374184710918145 
2537994132 
790524515877056512 
809771387569242112 
2833970523 
30465589 
82933733 
748968394163007488 
276134305 
75229457 
4867172458 
2594889913 
2349213492 
1358857512 
259446756 
748287758771195907 
781167414134407169 
4923890497 
3609483435 
752275730139086848 
29251372 
2363176753 
37777942 
709380348464013312 
276370539 
1187889182 
4799900178 
41625440 
3141931661 
2354060802 
817348142542819328 
792537193025789952 
826138524743147521 
755263167421222912 
126993003 
700500222833655809 
2433166962 
3065043119 
3653301917 
1195799916 
3491461573 
242625684 
4111618992 
95793472 
816745475458134018 
183004885 
800959166986723328 
3349132773 
218287045 
524730339 
276829345 
809342282918985732 
313092465 
3773615897 
758613402281533440 
489855533 
21926861 
122562050 
410026110 
780981691338874880 
15693304 
788168841801105408 
806412730047561728 
808601050257248256 
130027015 
2438200165 
1389241153 
4878233313 
269454106 
2831329667 
269443769 
799811221507678208 
176502357 
44392293 
803157921089617920 
812134007697612800 
704789022141452288 
164889772 
4872972425 
2868007853 
2341650164 
556608026 
2295534469 
110997110 
116043558 
538722007 
2394918612 
29543050 
16915688 
753633852959186945 
745333567547383808 
760165361782251521 
46147015 
537370052 
815784101999316997 
754998869558255616 
782048271283871744 
15481829 
6892732 
714498124421668865 
1408203836 
816700650344038404 
271352981 
265528294 
4928076375 
2167563326 
812690891223797761 
15678540 
298931819 
542201888 
2337152119 
557002942 
990038852 
93082038 
124614477 
2566634587 
803925429740507136 
546609422 
257683102 
360988682 
66643361 
713715752340176896 
2563604214 
199013166 
259543853 
123597258 
40175122 
19214521 
26725191 
375283736 
4798564481 
197193535 
4831881003 
3918946439 
2963798366 
28884709 
22016468 
801037522625318912 
329424482 
2834685359 
855416761 
4869018087 
274575720 
1324794595 
826126084336922624 
234014245 
6591212 
267697460 
700551390632890368 
72900760 
227939818 
716394891560009728 
803330805162512385 
753784413977088000 
808461343380668416 
359847894 
408454702 
82155749 
261078062 
783038048158101504 
805725399124561920 
81470749 
2882213495 
728760171686584320 
789205373395709960 
755430989061459968 
738181046198542336 
329663955 
2737356082 
86078337 
871966291 
772690201592365056 
617602362 
748264264213868544 
26293368 
772161654117195777 
733771443939467264 
803785415782178816 
898685892 
800819409501700096 
1400479969 
3365864871 
803584893036982272 
788008342673199104 
551542912 
172518133 
83949250 
18120743 
1620693050 
58851725 
361283033 
258791070 
3430050839 
702681754474192896 
741151771163250688 
1490815376 
1140116610 
38031854 
794498262069837824 
3076276154 
827167662627135488 
154813149 
10692082 
3040843975 
822907239048454144 
800529383412797440 
149538677 
2998799930 
827089556058959872 
250777415 
728468096009142273 
31746438 
769531685876604929 
826370985364488193 
114495836 
756432391888044032 
2946668268 
293867513 
777338439591157760 
788380620137332736 
240517126 
39055991 
55374850 
821377145830195200 
775974720592306177 
29647787 
964899432 
1258205143 
769533706591764480 
614644977 
732284384112312321 
35505323 
33239986 
51158691 
826925026662285312 
826448399687880704 
346919504 
1019195455 
2989494182 
105404103 
2876087266 
1226316834 
779748408680652800 
787736635064643589 
827155709603241984 
16430180 
816769179235786752 
790600053375266816 
1051623774 
2762037743 
21612758 
772245166669299712 
2938547883 
770726686241525761 
2904204907 
1221999193 
224899693 
804921599497359360 
742717915 
365473830 
54599188 
16816047 
20290091 
774624646092120064 
30555340 
3949504936 
4822243713 
1239320726 
1253616044 
600192321 
766801568813375489 
1203021896 
2897618581 
906237438 
2995708884 
715297217167294464 
783378583490265088 
259902236 
1718867204 
274516888 
779482959145472000 
792033503181275136 
520866480 
374664918 
784124372743258113 
806866256301203457 
3201768791 
755493858608152576 
378203208 
727463221439819777 
708262422029737989 
786713720290410500 
786455162877607937 
787310866098040833 
1242003228 
719744093346271232 
778381361233223681 
748988493867655170 
782711274400538624 
726432951605456896 
1356329922 
3901490714 
1293625308 
330072048 
793491400406990848 
2157834149 
750265958632071169 
775101923338903553 
116770066 
1456615848 
741515643871076356 
85282419 
3754656260 
327387691 
29301681 
784730443878772736 
1730508284 
15087762 
709019474716966912 
782089733631414272 
710417581887201280 
3017592483 
715905304165224448 
1035524245 
749075176202047488 
784716017163534336 
1861107037 
788296164328271873 
127959265 
730839461680926720 
1180671462 
719642947336187905 
778318095253442564 
4529804675 
797241245974335488 
770213003442556929 
34945915 
782466661404315648 
488782870 
729950129923489792 
753600568191438849 
787732402810462208 
344702501 
1265773148 
2800846472 
586285808 
804376397779234816 
785013482005467136 
795350056845144064 
784409791091318784 
1744137853 
1850293136 
794134164 
492573932 
14536306 
781978687252070401 
2337348433 
787757891096813568 
267861398 
803747479149748225 
807786065067003904 
777943279115509761 
3794022683 
2164505526 
749367179347320832 
83879951 
294360920 
783185466317271040 
695941799387492352 
732006649410535424 
1692688128 
1550919446 
285439170 
791030632084275201 
806235450864189444 
17328247 
787825502190829568 
3256187742 
77507960 
2339538259 
2351711296 
17935861 
591785938 
3374883874 
1613530453 
725199665457565696 
768925744089083906 
90484375 
46742451 
751310569320226816 
1539266826 
1608452707 
1664121158 
815665787675426816 
750664982077902848 
825972449988710402 
770481642968408065 
1961279898 
3938835136 
2183244223 
726751288155721729 
113502864 
771712768714141700 
2847719712 
756473538865983492 
744602244 
801821509991985152 
724255750583885825 
385334846 
738800680656375808 
252965790 
783044329531183105 
3847005329 
784098554851622912 
3059907656 
1288456003 
785905697271808000 
517737047 
726271488890818560 
32867636 
1225117320 
3354975199 
288440120 
4273380556 
779806241254236161 
162941415 
55547833 
740990513038434304 
51402800 
772316332222066688 
719872191928643584 
782059131226193920 
778589397168033792 
19418000 
3227035568 
782472648806637568 
2676402031 
3665367621 
2175592995 
771833660 
1738332876 
4226621801 
49756364 
793952543567183872 
3430900678 
771982581113819136 
2783269708 
797539244956905472 
1289148206 
2868144782 
117760902 
632314741 
779635978608619520 
718261989408186371 
19730181 
783242635515428864 
804041093901860864 
31153802 
708776654202482688 
3574984755 
735141831466356737 
729628171943841793 
86610175 
784715278236082176 
1329647600 
2611494282 
773945096689557504 
724812555764551680 
3833189061 
18085109 
2761479823 
54403426 
728267255847395328 
74573971 
1666355130 
792085488324739073 
712305657676861440 
268500828 
792611888915972096 
114105377 
1424467802 
298373140 
44686563 
1056276090 
1617317228 
1624223808 
709049614666629121 
18467718 
744793868919410689 
715505979698331648 
14585689 
14566477 
14609952 
784402852366184449 
15884159 
1537992811 
2820772751 
1542301542 
265626908 
258006343 
75455141 
774982826 
34273660 
740864424370638848 
33619479 
1565957864 
2543355126 
33944213 
34696811 
217240263 
1635122450 
43738235 
734424985058451456 
76870448 
270010052 
80635677 
499897257 
756204103521435648 
712707348192751622 
752943957638778881 
25171236 
73136333 
72804341 
96100344 
776810577595203584 
3228321071 
3973550301 
780433909045682185 
35415205 
509378100 
74226145 
715580572555292672 
207755873 
46617431 
773873118960029696 
1466125662 
2646044449 
741642239579987968 
4301763015 
744706558794162176 
549527870 
738171650609287169 
25194284 
34743251 
722119830967595008 
232214291 
3202312408 
29473578 
735205170804600832 
743019889212919808 
2684443860 
499001550 
292677609 
552199069 
108579430 
775831150686113792 
3194285468 
1585661504 
106293593 
44818790 
24661579 
257238136 
24869700 
740301369408528385 
752992773318381568 
722499247162044417 
314325289 
1707764012 
1501693435 
14863834 
896351863 
2799501313 
3277204400 
797178397944385536 
3780569421 
754834157960695810 
771063065794273280 
32773513 
718180780074110977 
228961101 
4707551901 
23971270 
541848785 
773264732153339904 
2810006510 
740703329454542851 
791582205004820481 
718675135377600512 
787967967627653121 
4427071713 
2725948321 
4810464674 
3218361766 
64219224 
3245028961 
746954089 
131414041 
169032916 
491490616 
740998241752322048 
760898382 
740402764942036992 
49161476 
20025765 
803208917614469120 
781271698209406976 
567248439 
716455202325266432 
732047919923245057 
3142806374 
767649045405925376 
717151800151900161 
2795264310 
3858562154 
795069861500219392 
742949486239047681 
3084094196 
7853222 
18062934 
785287137398779909 
3025994560 
387232666 
2312722283 
248100919 
2780202434 
770033896394227712 
730506440629227521 
3300070768 
4843119340 
474840707 
726270050785583104 
484694841 
709467863279603713 
2284449517 
2433743066 
1250469188 
1189032506 
197763962 
558141837 
717313 
4432479432 
3189345332 
821136983925911553 
817712618873954304 
2752252150 
752464497219018752 
753686505562832896 
244308341 
3172429956 
31585460 
752941170242617347 
778797355000659968 
2486356514 
52302088 
508590946 
2268567152 
816325354747023365 
2907270767 
64776884 
280097709 
756898983507791874 
463200729 
23644789 
3310187570 
808025712712097792 
714274100705755137 
515967429 
297951777 
774053332403023872 
710857681926361088 
2378787552 
20977917 
497316975 
169718641 
12087672 
2551589881 
2885288979 
1453393290 
119871136 
61109054 
3277043778 
3806889322 
464781327 
781872605309566976 
161371269 
3675654017 
2803983196 
824644945378246657 
461119167 
2771296387 
85610594 
978780553 
2511178380 
3826504426 
1496425015 
2790759830 
289079367 
35801799 
580125840 
2482631737 
2880472239 
251247855 
732400870449537026 
3001906820 
1197704293 
36122085 
236764246 
3312737054 
482594323 
43487378 
734108360870629376 
4684489490 
26977833 
339558748 
23797592 
856185163 
4532024292 
25125106 
119645850 
722613568420446208 
2478736075 
1664194009 
1036338458 
1462854157 
2751733269 
119999275 
715596436759392257 
720387604995260417 
25489852 
463074360 
714991724 
106636259 
896510022 
718368281095192576 
31433811 
819236308224770048 
25037911 
806320387285913600 
19726943 
818506517842395136 
3248523709 
1308964496 
2176108207 
3035030449 
1158199436 
2425093056 
3274572259 
74884212 
275715447 
715403796969447425 
809923150804754432 
725338222532939777 
723970984303165440 
774107794475655172 
772568528192954369 
28582252 
2542310911 
774150962222989313 
2507283847 
4813204513 
2900891390 
768963917317931008 
713313372071133184 
775405539182448641 
2922440470 
1872135397 
724128863710810113 
2247732691 
720011026008113152 
1626977587 
727534132788641792 
752268287451488257 
574666189 
762830888925220864 
3169337515 
13054912 
768630359462469632 
304725478 
19011269 
1912252099 
313355119 
3173313789 
4851125333 
2475384553 
2722240488 
3186967940 
20396781 
3341896067 
4179121527 
3277647606 
502227967 
818883725681266688 
26072072 
948164234 
166648317 
3198233412 
499424337 
63707766 
1600137116 
344423904 
32505595 
486185814 
726059109720555520 
1206717944 
966918236 
26276252 
352503324 
870517699 
771134423706271744 
2732711794 
721878598928314368 
1573780166 
3311630509 
2796702054 
722848518 
423545460 
45649116 
85947594 
3297910826 
236927846 
994427588 
1250659016 
27259358 
995643624 
102558510 
2985359599 
836221747 
279580084 
501105764 
3044130577 
757599857884278784 
2877396691 
4825508441 
822258744058777600 
30265858 
2989302682 
52494284 
1689553423 
3214144384 
921191041 
2287844036 
3400691614 
3826881736 
801763877960712193 
201552887 
4149269972 
1874340456 
4908281030 
1520661998 
3662728099 
299837453 
4171793955 
368463815 
700423715562110976 
324696873 
332285134 
296202933 
26261105 
809681023 
14720609 
4442664815 
751074791495467008 
21667544 
700615694241533952 
282190611 
743272453 
4323086236 
796040612864729088 
742776421588729857 
4472860341 
746258500616097793 
825876814069272576 
308850086 
39303610 
427695756 
558631273 
130620969 
758036995994218496 
812643849935945732 
2533177157 
16567682 
2368758265 
818621049545707520 
538277489 
819210969637384192 
78126370 
256493496 
399085179 
720729678 
347757713 
331392298 
2783398219 
418533595 
16485564 
600447897 
3372972862 
1477915435 
206797006 
826253187883659264 
376961450 
2794462220 
607835949 
548939293 
1626828098 
2610605805 
823644247018586112 
40546877 
3161440484 
121225857 
3448724729 
800710090646896640 
310307823 
794304986507161600 
819081113717133316 
733448273399189504 
2152634924 
818164531742511104 
750008389195931648 
819302752375316480 
325550884 
295604552 
1895253504 
817775098442747906 
814923219295670272 
123690328 
15858499 
4591031840 
4157856628 
741420137933328384 
1663274510 
749567522744262656 
118429635 
3182187762 
15068024 
1010065910 
114532560 
821917941268672512 
826028828602548227 
295980867 
1056286866 
118116703 
634119559 
3592480155 
11771472 
2560501459 
2400723576 
878299592 
189768703 
15357953 
806974463845736449 
825196512049180672 
806851624782168064 
826557875799588865 
1705626762 
2562147182 
4789597294 
2318732312 
2790396952 
74649816 
398873143 
2156146760 
771784740 
3221333489 
25527658 
17964524 
763644620093784064 
259928391 
2652882295 
365228418 
4019394568 
962954814 
793863776860635137 
15197597 
14819323 
293532204 
119333911 
3315200102 
47824505 
14583382 
824698745594007552 
880480447 
3358623503 
622801621 
819180674099871744 
761782589183053825 
3381907762 
733202052353036289 
544815828 
302017877 
276554368 
215455166 
2340091319 
256574487 
3861018973 
701064747744006144 
821305013913976832 
26317406 
802904815969845248 
824264990693597184 
4456816397 
748691439106658304 
1961095783 
319564512 
1459375266 
2184310700 
825424692454494208 
26281279 
824744391797460993 
3238938628 
527806509 
383829437 
2669323826 
807784995708342272 
3683826974 
3090673364 
432935022 
2470901816 
415610964 
3278916200 
138625643 
14934389 
823123074950238210 
818796379506176000 
321284723 
760217697049251841 
357472490 
3772444523 
811497501916327936 
817485107154055168 
849877303 
825589616493346818 
1037809668 
3335809127 
66062418 
949099177 
533260387 
826261365782364160 
826992806153568256 
15203109 
123262656 
825791642942713858 
740259370462793728 
4482448185 
597796491 
3755275995 
409716513 
796460169089536000 
130227967 
1431631620 
14861233 
800266030685687808 
798940408340480001 
555311904 
704372228 
561672046 
137460666 
1723764565 
371308832 
225813080 
3433637458 
3431368533 
746540788344102913 
67589937 
569400828 
2282324107 
65579824 
711197105184870400 
756749180824158208 
3071568819 
719423048651186177 
4348477703 
1512786638 
191877138 
25616131 
801459410782523392 
4519285769 
3164598052 
3437454964 
703357750735085568 
811155902539517952 
723487731100332037 
3155524053 
45747996 
10881742 
734057742160302080 
2734337869 
812377359261302784 
798210235 
719874896243896320 
556953426 
4251911603 
600921254 
63048215 
816251671806242816 
719215423628058625 
814238732723159041 
768518043735625728 
275986739 
2950201249 
3236040426 
901143168 
1649326136 
793174450493685762 
4407298153 
3229968884 
739124928620859392 
1679062790 
458077843 
4494795499 
794670183747088384 
711115375824363521 
2802002319 
715627946724225024 
234773529 
756624442189578241 
801991232813670401 
740958705475149824 
796581050688229376 
4177383941 
36607433 
758109002437947393 
522593064 
144444007 
1883886162 
234081029 
601894027 
774458668557275137 
2998943740 
4613029282 
808030443601858565 
3280798658 
733294722282754048 
613926689 
2864974013 
2705732942 
810933735067648000 
38284968 
1498439551 
744509601769365508 
802650285046960128 
796423682771931136 
756917690300633088 
4591394775 
924910284 
791671624873283584 
743429904927068160 
595076277 
876817488 
4319832494 
3299784828 
2775630667 
794318323768954881 
1603789705 
847299427 
950257166 
722793369198432257 
2397051320 
780839042212438016 
237874702 
745679622612877312 
493398671 
809048955980050432 
788202657022287874 
3001822869 
770015406513881088 
4795541240 
420555586 
4388112920 
1905755946 
720885157075378176 
721426533236256768 
3286133503 
741757623507247105 
1558230541 
4548821483 
766324607007748096 
4809641240 
809611395214049282 
3225937164 
959254466 
776557231965745152 
225665657 
2950543125 
767795856225415168 
747205173978796032 
38010339 
4688300598 
1338205080 
2799124666 
702306971605598209 
163766450 
809143285646299136 
503278621 
890069682 
741766886795268096 
793572953866772480 
232351826 
789572828743991296 
3303945386 
2238370021 
2337303577 
712344435523084288 
1733682726 
895195957 
710949596026036224 
742144653709824000 
772979546 
773559561471070208 
738644400968994816 
171099401 
27910915 
569698704 
339770405 
2189515944 
1339794571 
825523691312259072 
748565186638917632 
790689613908156416 
4297280355 
2315493833 
3038720564 
789708737791401984 
758633214676172800 
709219663142453248 
718250313447247873 
96721132 
584427250 
821723501652492288 
789487741 
4173225928 
3101318237 
355781325 
354412555 
444171954 
796832943289368577 
100795900 
791619790376927232 
821952932484710400 
4289604386 
563994287 
795339939827347456 
3148549369 
789280524829425664 
791336537979953152 
798994899907448832 
789117570871885825 
734547177566052354 
810090162151563264 
714261306480701441 
4526581882 
3075373341 
497079725 
1496857357 
4695157572 
283729242 
802724134174257152 
3271813286 
778792017157468160 
2725247071 
791813458765320193 
792037118688329729 
811189728326328320 
743121249338032128 
1107616544 
3098756979 
2959570372 
789268510023245824 
2991170261 
2541836810 
2955185619 
788552327846322176 
298840804 
709470070079156226 
870788635 
1553758411 
719671532205813764 
791408512589062145 
720708433737953280 
4056144213 
2393575453 
2974646859 
790486378509402113 
710361385687863296 
2262821923 
798826690768084992 
804877231793147904 
283233062 
788485739902300160 
2438023723 
2866374017 
290851939 
805442620768026624 
768874598893023238 
1128383695 
817089145994706946 
4602892514 
772526100870225920 
708623857532346368 
3875679493 
252610480 
825694704410951682 
3322342835 
804148464741400581 
3382142723 
813104380077600768 
2952159874 
2802137270 
717135824714858497 
212016210 
3984304692 
716173666539667456 
2561757709 
1256030941 
822485529291853825 
4847947331 
796507998889705472 
738767064077328384 
768522574573686784 
285346672 
814762949541670912 
2824102837 
367320252 
253423621 
797936733455142912 
802190668252770304 
827802703 
565873776 
1482416720 
780584622115520512 
2490721224 
4559119383 
107152386 
4091006537 
781943443668951040 
741219596087087104 
86788168 
921290988 
4454688744 
807601696855785472 
440926152 
1578358974 
3308943025 
3240144506 
153748051 
2548791199 
789324256634994688 
2530846411 
430658636 
35373860 
2736501405 
821843989737439233 
454287398 
747538146124922880 
45593990 
294840105 
331368786 
1281646776 
95663880 
808065433886523392 
2845450041 
765790460677939201 
808856765764947969 
3535987276 
913268084 
793445615250370561 
2992163144 
775512368185012225 
2298637938 
4060487236 
3181217848 
35657773 
774732012976431104 
2724611501 
2996864889 
807069720902070272 
822831252264730624 
26851822 
1705327597 
713753691702996993 
2540018481 
3248887213 
797251455396773888 
1589269296 
846471894 
519061063 
790916331092705281 
709440607111024640 
4310912542 
740797476253405184 
85221911 
29867791 
805197830440751104 
3006639405 
2924204047 
9231832 
740726769762766849 
739080389445050368 
723147562832687104 
709852618550599682 
750113496 
3125399980 
436784448 
192865882 
55123174 
557270714 
2953232676 
2281879525 
792725240539410433 
4629490402 
788714308142182400 
63645469 
2560593730 
1106914940 
778045258991071233 
1265779830 
3362097952 
484428621 
2432216227 
4009589414 
762366720879239169 
793936035793223681 
2425678685 
820414458354946048 
622363516 
706505857912078336 
932165480 
552342447 
2289018128 
4826437751 
800097255659159552 
793029856212635648 
490042095 
4335385155 
798552514954199040 
810178635810426880 
560443007 
3254834100 
743596386202042370 
602447036 
796492025810087936 
58979782 
748176262670123009 
2756570471 
2948777299 
35268176 
798207140640849920 
714014997395812353 
197673885 
3071336178 
2288431823 
64525406 
776444765407764480 
3015519801 
800783631358623744 
816367871609606146 
817862838110785536 
991856616 
290319275 
797198967788490754 
773946915721535489 
2962716483 
797429331953913856 
283989742 
760199707050201088 
760299497398366208 
2874035915 
737984174334742533 
3271186734 
2176650197 
821923593483390977 
3432480286 
312879894 
269570326 
460487067 
4839202873 
791702267980382209 
44097710 
819265877820448768 
2434003501 
802022938492960768 
2446969260 
3228415413 
769942114788442112 
598948224 
1907475590 
816699119158886400 
759897470486839297 
227670147 
127880327 
2778434031 
798808096948699137 
822550178209165313 
356486048 
796600882980737025 
2475751446 
4660200081 
116897838 
69969845 
808832916147019776 
2857988139 
735140458007920640 
3221157922 
747623826570240001 
40808979 
3092126518 
345522684 
855846780 
211189980 
19159322 
822211991406346241 
732241029106008064 
768976373549527040 
794555647396290561 
2729969932 
739681861434122240 
810546995437903873 
741927893891055619 
2348865332 
771428842250526720 
365758818 
821721414797508609 
748979082881269764 
326928905 
1653069018 
1894025136 
4736750649 
3485279415 
14620319 
1866295952 
824663320942825472 
800107356537262080 
2493617712 
723792341077622786 
3309312033 
347073391 
3024788447 
777880717124657152 
808851446040928256 
2937785623 
289134948 
824462223607095296 
804718574203994112 
757640163069689856 
765711275359895552 
2800251592 
717375853055717377 
815950275408232449 
2788327821 
716245039752478720 
4724078965 
2455985976 
755857261 
3268447015 
2253394647 
741322954538024960 
4736336629 
17842416 
760226826203467777 
3268460232 
128720445 
4301685014 
4537559429 
200096963 
758762305500880896 
145292661 
4568293092 
788435005148049412 
807867279912402945 
4194286040 
277689855 
429781126 
2998771804 
2872639670 
4204940593 
2286567210 
3270087739 
738652757205254144 
513012483 
703792643428458496 
780495812195291136 
500274144 
2843884504 
825745951 
709941646138417153 
4817807108 
1903799370 
1861869764 
597923150 
772279292411518977 
21517751 
391234274 
51716590 
632462513 
2728202392 
245979517 
2430880046 
2607704832 
2459680603 
610214306 
818108971911380992 
390143100 
2806121982 
755619495541112832 
2324336791 
353165383 
60338789 
148798054 
4297971508 
156679678 
1253228652 
3376463909 
2502502152 
38321818 
35688785 
320889033 
3291423578 
3404348897 
1950380370 
3241279707 
4921997599 
169009839 
2460792492 
1400718326 
3304149544 
335599529 
16715654 
718949930 
636683098 
2425776260 
292444881 
3306416512 
123464169 
2522409200 
181137796 
350049091 
2318459119 
2558972192 
2432908332 
62745437 
13838752 
1927758020 
703234626261643264 
1783541 
39972445 
2541303656 
221064134 
1728213950 
2565361578 
119531594 
826424040101273600 
7752092 
777221198413389824 
730100992046465024 
28943165 
139345497 
14289660 
817644269628489728 
3368482029 
797194306960297984 
753300871937536000 
407044042 
20822928 
1049498809 
753007491030536192 
780228548925624321 
349767122 
172208473 
95397741 
151542749 
1296637586 
804269101593964544 
1419001718 
2273779004 
426877394 
294484059 
789292629192089600 
1529564184 
416529503 
64416868 
22844351 
304428728 
352187619 
819344198231060480 
803174062168145920 
2917945958 
363567823 
177577324 
347506800 
147274199 
62828215 
2486599554 
28386783 
805095357281697792 
825231312978014208 
798676377637527556 
280879561 
2323679199 
3988536441 
4821808449 
95345988 
740149724146241536 
97283018 
1017906156 
15313335 
3293501807 
823739700481507330 
777822453015912448 
2549902939 
1859511758 
781126158557388800 
22809367 
552546793 
17429259 
102023260 
9527162 
356521377 
835423832 
3378800735 
114916157 
4228252820 
247369899 
90042802 
88965184 
4039714994 
605047406 
788787888653729793 
774979519937667072 
3374271 
809101289808334848 
68080840 
14372385 
19088243 
437200063 
240088500 
4825002208 
348661700 
776285323865182208 
46892821 
2587899740 
382381106 
358333220 
4685535872 
3838394553 
598788596 
96103950 
3369133899 
804072322982432778 
327512542 
3292081964 
637375288 
244179399 
143525230 
3282870415 
3162837685 
826061101804769280 
806911409980403712 
15548362 
4837939093 
17351749 
96012931 
704428508445962240 
786377436233510912 
4636430483 
596284674 
789908608192512000 
979942908 
3008625654 
718481832 
27686169 
824704148989997057 
359670013 
713377938226421760 
777163297183326209 
626048474 
390081585 
402459384 
278792499 
2562683460 
806084414702813184 
772315362 
1390348230 
365352110 
48764483 
774496422406328320 
20960620 
228938989 
229071808 
1891353780 
562615684 
322662965 
2509568234 
120150054 
923976313 
2450461902 
577858695 
796846790700048384 
806340326894043137 
316168814 
420409358 
160138806 
2306518984 
805657335804805125 
2852621754 
19230662 
1290205633 
418928217 
2149733753 
15616612 
800721787323445248 
1685217812 
384940624 
102862604 
194790225 
294288554 
769288843916869640 
3216966254 
368827563 
882862398 
787383719757615104 
776677129274613760 
162163343 
1711504680 
16362739 
1955316631 
28916852 
2914926864 
2200548056 
2845110686 
147480570 
1918026432 
453863523 
15339200 
161059754 
442101520 
63050068 
1662222828 
340090307 
23759147 
21859847 
10775342 
130885333 
3272699305 
2562100218 
818073656790253568 
803476280373084160 
371038551 
118772433 
833357970 
786981965442539520 
285073520 
778316254314573824 
1273730004 
140968477 
168713103 
90269973 
2387355200 
716282382 
806221006788509696 
7069642 
4094115794 
266324765 
4185032579 
251974509 
97034484 
207825349 
248084192 
797822373466607616 
2338915140 
4092498951 
823843194450259971 
20687797 
2322774483 
2183318784 
2271449893 
3195045581 
20418071 
4768478256 
4836099494 
383440398 
18230278 
37720436 
22107725 
396771119 
252719459 
796519894032457729 
4843050980 
138625082 
4702684094 
255802789 
2576329497 
622795265 
2909197754 
2705338282 
14899031 
2352759985 
826255862503243779 
1685356538 
4844983688 
2253917557 
789493292320686080 
750751001477386240 
233690395 
637203136 
4886150338 
178354174 
29664826 
3686260582 
87576126 
4676614465 
52423876 
145754770 
799498603408617472 
334861424 
47149387 
3362528411 
400530803 
27084331 
717532874186969088 
806370000860758016 
13235042 
437140314 
558842599 
4807569192 
594822250 
1891382676 
210627413 
36516170 
100718468 
2263265881 
819853613312995328 
712288989357547520 
322419791 
803079580462551040 
2597843528 
326811579 
725893935722156032 
735566827 
149556015 
755193460206866432 
371352104 
1684937804 
22871472 
2300391678 
608642820 
1296291222 
356927643 
797583857109368833 
327432111 
3345048928 
335490071 
60654306 
302091422 
286554817 
1228913012 
710015885457690626 
739162514 
963954289 
789555693477068800 
818278880515620864 
3214544920 
2225426028 
910631 
589569762 
2284133432 
19360110 
79560366 
3734535379 
28871564 
48751752 
8523962 
3330535574 
800855349213462528 
36455615 
15987553 
4413151 
791361562959380482 
115355781 
824720276 
245780174 
810101477771460608 
2813995075 
741061720035168256 
4103278697 
248335775 
23483676 
3460475788 
96448614 
623228942 
20452576 
916354087 
2288689418 
84248678 
23950415 
581795843 
81429488 
1263346513 
289461717 
496457466 
805212604356554752 
28242579 
2556708530 
113674241 
51114128 
823965616608571393 
741160930466271232 
3235578696 
48708268 
797620604253958144 
807699363585753089 
2529766465 
22038056 
9441382 
2482719414 
2384749292 
555158350 
2741524465 
767715046931722240 
456212171 
379280129 
250586450 
16902047 
50548151 
3254238704 
978274152 
145767309 
789037967968907264 
167217568 
14335126 
3372653854 
254047306 
231641194 
2159938574 
1282121312 
39721189 
4653650173 
3873218541 
3897205769 
381088989 
1356377708 
279055701 
9605632 
284741806 
20564770 
189084703 
769046036723691520 
2498660952 
28685427 
470436165 
389620445 
39491781 
142644304 
700639481448103941 
19404869 
2165552557 
3745667775 
811299191456727042 
178310729 
308684110 
220179711 
818106545955282945 
2205140759 
3630691152 
706482428 
14441449 
304114440 
426216519 
186497005 
701565974286172160 
2167988556 
17623103 
23748148 
1693589624 
317346546 
3909897559 
113323712 
28874577 
3352313567 
2427383130 
15917118 
109821178 
1702882620 
34440601 
2258890512 
102784774 
68031259 
3011673463 
1873485260 
2295473144 
2699075312 
3353509204 
480902279 
1958719513 
17751903 
14898419 
3208524916 
35211808 
1944862128 
349778882 
114101443 
1931736511 
94682674 
630269812 
14315508 
1118137748 
17467819 
259565181 
4230348201 
2722559552 
26215310 
88432212 
2882897698 
3226279718 
302386368 
474325732 
725630022824783872 
19002459 
28096342 
365794497 
28342345 
78266472 
90879233 
64937323 
20050703 
2798860962 
1197481172 
1000325028 
120358696 
3259220820 
179503541 
1692367765 
1729822376 
488168075 
26332681 
1573555873 
220281216 
262237114 
206500104 
185930865 
89264594 
943923134 
3105271332 
2645508641 
2618204214 
281825798 
700481469874106369 
25613037 
16494284 
731131751385432064 
4096727242 
4214472199 
732600986192216065 
99872068 
290463860 
3333201981 
3255073054 
2980012636 
3136405988 
28407870 
17245797 
63938459 
1855475424 
23771947 
85568318 
21378571 
3076489477 
29461620 
25052322 
3840325526 
704729775957483521 
19677269 
2919988074 
209369630 
28986591 
24671449 
3062712819 
2999665950 
3761236276 
3904324944 
185528474 
483306001 
467437697 
422072433 
2932595909 
3298669184 
311647388 
52728785 
588210955 
112737800 
728944396134191104 
93408251 
1106376692 
327952177 
821155884 
256210653 
1438840760 
736961161 
4416388012 
18541089 
24735447 
4635682654 
101811268 
2697101052 
727164199470665728 
730380937717006337 
178327020 
39511053 
20400156 
140446609 
35429786 
351597056 
154875755 
28254184 
13273352 
2883940392 
24459961 
3051801074 
319882772 
2305999416 
400209203 
19900720 
393904272 
4023293234 
1922174611 
4448433613 
81645411 
179253834 
753638377 
2788483879 
402397130 
357766764 
3300795363 
262993972 
3344956857 
52398767 
2783622667 
2827222081 
65320469 
404071954 
34422637 
409461898 
359652696 
119283272 
1544775872 
3344061923 
14437946 
29005306 
3025382947 
104412785 
1922290662 
21774309 
709634976879280128 
401485733 
20672714 
2808282168 
88001877 
39401359 
74563568 
14267173 
4228011198 
704190416246013952 
16907036 
2904994774 
623799888 
1256398472 
44969641 
2680409250 
733159153288388610 
28043917 
241872930 
1608258294 
1223489941 
111639739 
4503627672 
710120046362828801 
1303323451 
2656804853 
14341839 
2782994416 
50732012 
4163927904 
32913296 
142412858 
3677366476 
3296136369 
2918495532 
818002748 
93543614 
730749351430098944 
3930103636 
830027893 
1557007711 
3305666697 
316050607 
34965207 
709681380 
1558317846 
89684976 
143838929 
16742270 
16057591 
18505899 
97406681 
29755153 
702167839634014208 
33834391 
500020007 
72992567 
1574113182 
182456241 
254818414 
111378410 
1608922146 
110547640 
870833725 
90197307 
53169832 
1355629458 
380549444 
345097934 
360066957 
163914678 
23585181 
195842463 
581282391 
1422374184 
282659926 
23342932 
218415161 
40672597 
107281876 
229071389 
597607476 
1527075685 
47934739 
309255677 
22956699 
18388812 
313979251 
411910273 
601728898 
282076231 
242297690 
476334231 
915511382 
3308168343 
15997468 
732380581346975744 
1599029040 
2836025205 
605957742 
31292243 
42360340 
510113262 
34555697 
54331422 
17761324 
197318053 
153905262 
622114841 
3886115354 
140339946 
889638991 
84844334 
1116180690 
14158663 
16819468 
493669907 
1535735365 
227142324 
350016874 
3924516736 
26093892 
2723337916 
3061909825 
178129662 
376553171 
605056043 
89382922 
29248301 
278498589 
258785230 
138217648 
16891096 
