7816392 
803793171746590721 
261749497 
33801277 
808205296434810880 
2862633748 
256573185 
21088249 
44363352 
294318590 
70696732 
239760107 
270493674 
2674890942 
237845487 
87699418 
2493553568 
759080213103902720 
569063423 
627568193 
143571157 
45885508 
2288733492 
3358290185 
80079750 
338010984 
125423182 
39085195 
1960900268 
69444800 
2194010616 
972755090 
47172467 
927447372 
826723242824052736 
1339835893 
562585357 
54239985 
856587308 
81126959 
495650403 
824646438441283586 
1308751002 
1949384245 
40041432 
95428712 
737641519264501760 
3240143771 
43598658 
68707440 
818795049286848512 
534701258 
227070529 
244082406 
20513285 
42727540 
19402238 
19767193 
3326748742 
39719681 
2885138213 
3879304395 
2231735558 
299449780 
197607341 
246891410 
36308071 
2637132063 
621024368 
14578931 
33773592 
813424358 
221097490 
3077031958 
483302252 
114573522 
22054220 
732685310388146176 
386168615 
187222263 
1365460075 
2691224665 
79570653 
1077299282 
221580114 
165678616 
413112380 
230025585 
3294157876 
349389287 
1689419970 
389673559 
31510168 
360527727 
2241491610 
400101388 
3075019978 
97717208 
57227549 
250683543 
2896307818 
727803947105325056 
988659638 
754604381048344576 
749779355694313472 
91119742 
17006157 
304026689 
62264590 
1335989300 
187738983 
143923948 
14603515 
11178672 
112475924 
25573936 
2770265776 
259106637 
3166511038 
87441659 
1144882621 
410387308 
361910269 
605481050 
241272537 
193767233 
53368906 
14476084 
295729717 
83584512 
10228272 
83221061 
810709142 
533188351 
1020952663 
867882926 
375858149 
424905566 
2349880808 
190228389 
727829992701317121 
533209633 
2982319433 
144929619 
19397942 
771031567443591168 
20167812 
307892546 
2592944010 
38407430 
107101086 
256440168 
299343530 
2541819282 
256722290 
20849273 
765534552714510336 
67100159 
27861423 
2609710545 
41127809 
756050314659323904 
234367247 
2672931 
1633099602 
2178438674 
392955646 
155178817 
2494177334 
2203179314 
19648567 
40713876 
98098550 
19908335 
57107167 
738825010786095106 
23993642 
754998349 
67283363 
318850388 
3356594621 
384853021 
13787402 
24876649 
1441345706 
1360564075 
128569463 
582953166 
162869238 
94424519 
141515661 
21742742 
84364416 
2282202079 
1114865460 
561887188 
776130314 
241466735 
394081026 
52430019 
142864417 
339754094 
28745709 
76351820 
146371218 
361136609 
1055770387 
2761677983 
2891882639 
710911836179337216 
2220067358 
469182585 
269794637 
2843630307 
3460280656 
48062303 
3460002737 
4408354397 
2192183084 
1430291180 
2237529757 
222725144 
149272318 
16438248 
115689973 
321522551 
232181626 
933838590 
792574860 
54180834 
357661916 
139443008 
1345690562 
2770934886 
549194568 
355523910 
69553168 
50089463 
4782762742 
796618867 
42857269 
5105001 
964739660 
370998203 
20262613 
1968517656 
293115044 
102046114 
9601512 
17221246 
47379290 
122662012 
78600745 
456143728 
456864723 
613469003 
170354845 
1132885333 
216642693 
487833518 
2866046769 
19282280 
4103791661 
113062227 
21191567 
3946207287 
472308919 
1943695962 
14868608 
2784392406 
31419284 
440413534 
2175775681 
917421961 
87919201 
17387399 
48829382 
4861165154 
344740638 
179461862 
702905404087537665 
3001812537 
73640114 
199763814 
66820511 
4835353414 
930881406 
4279321096 
255133796 
135316691 
17677126 
157477738 
375607344 
96351233 
554508623 
335177549 
14323791 
3034214643 
18885522 
72631949 
2231927636 
19241553 
266624130 
20056392 
18026912 
20272858 
1223134141 
20777047 
20110424 
85813671 
117904341 
107151284 
14620853 
97618796 
1349588593 
1107261638 
2299095538 
107722321 
3385895818 
113948820 
55512333 
3027664693 
72923852 
2407630674 
2603889039 
961458414 
603999055 
267371257 
22058679 
117932428 
624610819 
3176839517 
229045433 
2163374389 
276540738 
351598124 
717693067 
140297765 
993249055 
3294194552 
2787853308 
297688038 
56976702 
1005256214 
3266848870 
59157393 
574347534 
466874543 
2180682930 
2184187561 
84679163 
7450462 
212299083 
27468198 
21408610 
199247714 
50219804 
3293798355 
351748084 
437588769 
120236641 
1482771301 
245983319 
1485600931 
94701778 
225746230 
3304588083 
24957641 
353040882 
1336611008 
3117335656 
204416862 
19336900 
3307929149 
117777690 
2600187422 
3243668999 
204835133 
2479372884 
787300813 
806271169 
20312513 
2613246072 
23600122 
2316224708 
16110819 
14935412 
163036182 
3389454124 
222135997 
209176493 
322670538 
183247422 
1143905359 
1022147078 
19440863 
740109097 
272276188 
2384173392 
394915904 
28567809 
223479834 
160523592 
50069007 
104849636 
718273 
923700415 
2717694091 
2387675737 
2231571037 
172280127 
16520432 
110326494 
219942869 
16927235 
19651284 
15979395 
138692729 
1857591398 
169422187 
3300557513 
65357102 
3040621757 
519685410 
21952357 
475884318 
41167959 
23760311 
17683482 
180723447 
438320511 
2853449164 
259401680 
1694040764 
16027201 
16076032 
494366358 
3144159117 
119625403 
28098788 
18089292 
526634228 
2993994029 
1296859046 
17251787 
250137376 
3102714869 
486817078 
58812628 
19766166 
512554477 
588410608 
146123790 
88392301 
750907886 
3055605491 
243775607 
146548246 
44090154 
44089805 
15862891 
318258698 
607191173 
2617471956 
34317032 
2779080692 
370589204 
1243606464 
44937090 
2149815847 
15489945 
58837304 
18131748 
14493552 
1650007682 
2885796653 
43654274 
92241457 
2826570646 
15665394 
127864287 
308429376 
529126022 
246228423 
129756944 
2953403986 
29417304 
17845620 
305546286 
31135856 
29774968 
26099938 
15507433 
385226110 
135545960 
126037037 
101081754 
96930772 
1350096049 
2770081590 
23578176 
142282697 
520665133 
845553265 
246229422 
146620155 
16544818 
8876152 
1475139648 
2874183033 
2584158559 
114670081 
2427569438 
19658826 
26994357 
253536357 
208058457 
15529670 
22902578 
36959762 
14949298 
2848486787 
526871737 
307855987 
394134791 
1090589910 
2871259634 
813477602 
1265575399 
2180408564 
422936346 
343649083 
42954933 
56817260 
140014809 
172735242 
157980052 
393592962 
2784255025 
97425457 
18295778 
2850949416 
2821132277 
14700316 
107161643 
149172201 
2692318489 
76956597 
436006103 
18534552 
701725963 
205193523 
475987826 
19397439 
108408529 
600157661 
700064494 
61447425 
66162716 
2354013972 
124225911 
80807165 
3459051 
2815419626 
94101350 
15821742 
15458181 
290180065 
847705464 
422507817 
2542132494 
22737278 
21581503 
368292391 
2284807720 
491577480 
30927826 
324834917 
21866534 
394103606 
43092107 
370131416 
19544923 
13870942 
16596200 
185508838 
593711620 
188847758 
209070276 
2778642937 
79449976 
56768257 
21786618 
718589340 
2620095853 
25158349 
185043343 
212172616 
2479789014 
165411483 
183898082 
764204616 
944037728 
16470495 
18510860 
2754422922 
117780045 
2468037924 
160589263 
1673573035 
23053980 
372252821 
24795000 
21875834 
343422277 
1640623580 
1249676186 
116469425 
41131859 
1313009808 
308245641 
338991354 
258846437 
19708711 
215742899 
17078914 
24886900 
34921992 
2730604445 
31035336 
1110294564 
989633635 
188844898 
18570258 
1095902058 
103942033 
2693681281 
1642106527 
573030885 
417856150 
19539716 
524396430 
20007477 
1843791936 
78361556 
25275453 
59460397 
21115142 
15639642 
45577446 
14634720 
7215512 
2497242884 
153813437 
20745767 
12594872 
2614374151 
14974079 
336599520 
372807639 
20523099 
14973943 
18194162 
2447034603 
135184399 
61445206 
833309762 
48494794 
17992632 
14647570 
8963722 
234273955 
250374176 
1026991098 
27685421 
581815681 
2666814300 
33894959 
17912334 
1336585764 
21093854 
280657471 
101778101 
873564870 
19381608 
20474878 
194077769 
217079744 
485558954 
1013105528 
497281030 
192942213 
2185084844 
298597381 
28079313 
20936962 
20582958 
120181944 
14050550 
95418595 
362642209 
1179455215 
19178857 
2211276020 
189376144 
1892683062 
1097809392 
113662554 
274652076 
329628561 
5907272 
45420135 
361593313 
378204367 
367132858 
14445444 
22206066 
43871098 
1070583320 
128544009 
410600310 
1330131662 
812777557 
738965540 
39018918 
475246630 
15463610 
2372984767 
2411793456 
20729766 
2546817230 
27610795 
243236419 
39530187 
376790816 
455084468 
2317168669 
116763916 
243821406 
722229877 
323734632 
281947428 
199034738 
28837878 
561977730 
40438399 
862655899 
371346012 
384923143 
15687090 
84097038 
14632294 
91578563 
393186728 
22021978 
222102716 
487780937 
20779255 
268480432 
115702663 
136219291 
2413223814 
74989387 
279614869 
26239457 
148247547 
1620423186 
89164940 
263885700 
413355878 
50306005 
136635230 
217430520 
126676652 
92155515 
2176200271 
115615024 
39759481 
17782763 
1931331181 
22560570 
181912222 
20802505 
433783326 
1094922224 
18622869 
63258372 
28657802 
17463923 
65603563 
268357486 
263132950 
55243095 
2537748403 
30924771 
722396088 
24447643 
163844242 
70736359 
29180014 
20329672 
25340442 
4012161 
47678555 
2482232082 
2519580234 
2518270213 
29966813 
80802900 
223416400 
125181345 
204832963 
20098015 
336776567 
15461733 
95468980 
75742264 
41077970 
618225452 
125614071 
253663052 
54169961 
960709321 
195419597 
25115550 
751703065 
1656006072 
12266442 
27681019 
61009872 
267797048 
23975060 
338944428 
39497270 
216633730 
17423992 
340716517 
123006717 
59151248 
120160082 
1263072654 
18999814 
22775806 
1242136478 
207653580 
278030604 
16843817 
22004952 
407255112 
1203826980 
620152014 
220313214 
19904685 
198584761 
72069680 
26727655 
6705042 
19589086 
153841407 
110983861 
20688492 
21157298 
599575467 
854955362 
515555116 
2186916997 
140608538 
246371780 
845360700 
104116314 
219074016 
438354565 
137302349 
93894625 
164632792 
91797532 
397181797 
395253087 
205906609 
308753623 
112183211 
462091369 
105930624 
1277779112 
163028965 
45579282 
38146999 
14266598 
16958346 
76650684 
239783773 
47331384 
17220934 
