133081159 
17093617 
87195913 
309755530 
3186964814 
14601165 
122406881 
19435689 
584141481 
15866188 
543896546 
474177220 
2842252535 
197605587 
1644831 
83668232 
18278629 
44294961 
822215679726100480 
1536791610 
416175712 
31560805 
8865742 
1726074810 
19315665 
334328131 
224 
59680481 
22053725 
191473450 
2881481254 
208725869 
1180379185 
92162698 
281550402 
172790796 
27676108 
82243 
106419866 
2916305152 
13893712 
104969057 
264521303 
26589987 
369109851 
22579250 
2517988075 
3233815033 
701725963 
377558229 
1298936353 
6974622 
9300262 
30915849 
221580114 
30490467 
16186995 
190930925 
187718921 
2734713482 
16580448 
1118451 
1532061 
920104904 
18098830 
13783772 
415798356 
280055962 
3152937912 
15279429 
24577288 
27735925 
37469265 
24216951 
22768264 
38310998 
42721524 
16648767 
562381032 
196838916 
836283571 
15208246 
18154704 
266187076 
2249590315 
18788414 
44698296 
21769127 
20348856 
18028462 
3060202459 
571202103 
22839233 
226193364 
17455195 
61408528 
2963983603 
8834882 
24500377 
311830293 
6577332 
85850590 
14230524 
813286 
27260086 
21447363 
11666332 
19150202 
1044919213 
9396072 
418 
56501671 
121817564 
78400475 
19092024 
915726438 
21324258 
15204082 
5518842 
15642209 
2314042194 
337886919 
355307031 
45266183 
145353566 
573918122 
127991340 
21846339 
208442526 
20605481 
2319108198 
23037650 
149180925 
78194111 
17471979 
14647570 
24269284 
14360732 
120396442 
637096545 
97503735 
633388310 
118162854 
128218563 
197527796 
23543623 
901210195 
15757739 
19971251 
38013977 
316154811 
63296944 
2631308866 
71990574 
860281 
38005558 
15414807 
469760880 
11965122 
354489320 
9332442 
419854605 
421944319 
2765974980 
237845487 
9677372 
22260999 
14116915 
82533 
13784592 
150723226 
6352012 
25444905 
16076032 
731784150 
18751963 
11997592 
21705769 
54946618 
4255361 
11107172 
41713 
117666041 
18269124 
25160944 
16130619 
14163738 
19563103 
17382568 
1048651 
8963722 
524561832 
11518842 
703248536 
31080039 
27711685 
820585 
22363802 
10454572 
16131833 
198020721 
48428463 
37605443 
1117836660 
49914081 
45683903 
1433356862 
48511236 
14780915 
15865878 
113130846 
14434070 
17002185 
14939981 
344753383 
330921167 
138416662 
17174089 
18177317 
44196397 
221185711 
138894581 
25167229 
11113 
18955413 
4310571 
65426385 
35000660 
283411624 
73263150 
4099171 
18149142 
14201924 
2425882104 
38282454 
608485403 
16437643 
309399287 
18225633 
18754532 
14620422 
774295855 
14439168 
4540561 
73366432 
40713876 
121869155 
1452029316 
20178419 
27436936 
10779412 
115021967 
16079276 
56770312 
19767193 
137703483 
128321519 
1520501 
16683656 
7231112 
219109954 
16222904 
1140451 
14411797 
20543509 
5749162 
138805593 
15978412 
18655567 
19624836 
16275037 
8362412 
2713951 
5698342 
852251 
