833946933257465856 
283522980 
38395423 
724622462151856135 
2177420990 
715572426113818624 
816653 
1322319715 
199110089 
321445166 
4751702318 
2900426395 
149760844 
2549647958 
925389540 
57188977 
404916846 
616482168 
213009133 
160509668 
2419056842 
1282187923 
828369354 
1715236746 
3225001927 
284441324 
131102007 
2655830472 
834988327 
1078287655 
312230865 
24236583 
2625176466 
2843671560 
487736815 
26303602 
348058612 
1545994664 
157903916 
370699216 
4039421655 
446969486 
2581750098 
3118030226 
231707932 
702717863585386497 
277434037 
1875328760 
3235683981 
2919878846 
2842306788 
253378980 
181544347 
847648626 
487699467 
284745043 
717600701422157824 
2565794764 
714772683884376065 
3116925116 
141664648 
2316464970 
17681513 
121828529 
30047168 
68497896 
240649814 
2177710981 
31927467 
79708561 
1492538024 
1320600308 
39240673 
1582853809 
61126132 
145125358 
46452468 
24929621 
50393960 
133880286 
101695592 
86254626 
14293310 
44588485 
31348594 
88856792 
428333 
352145373 
56761423 
77888423 
101311381 
214841339 
111871312 
134758540 
1021419306 
91478624 
11348282 
44635677 
65659343 
513280742 
95023423 
18839785 
22256645 
115341081 
304683588 
21949189 
572624604 
4869569331 
2223592103 
1520006918 
472967330 
825934369 
2830051135 
361881690 
2578033501 
1703499732 
3322295065 
1374441578 
87284779 
2308121574 
1676078360 
214162237 
21600937 
159119771 
2471340269 
455591955 
3011416590 
2692345608 
2805622886 
36916922 
2548056074 
970498472 
2521944470 
1286612791 
73593143 
272333490 
2430191880 
237634998 
1463880866 
57008406 
585466492 
2323167658 
108044960 
629097517 
119735059 
269689403 
274361143 
161234478 
20609518 
14580438 
215273910 
1044093324 
1030573016 
29573746 
69129108 
39565480 
132385468 
