22518487 
26946348 
17093617 
790664772379344896 
24109979 
6273762 
412607252 
46627530 
16715398 
102154232 
19330043 
564191913 
429977918 
104811786 
16621413 
26156811 
296599946 
17777406 
24222969 
21265120 
186968555 
16419713 
40340946 
74518740 
23083404 
42562446 
128418853 
373101137 
125777025 
22933669 
19971705 
100140767 
21129269 
23561980 
17915334 
20322929 
116362700 
27195114 
119509520 
79293791 
184910040 
49573859 
40908929 
199043333 
66219583 
90318511 
16012601 
29547045 
51080795 
25638291 
20659839 
2236633914 
95958559 
3285779606 
4790050093 
56947418 
140807457 
64580676 
17243213 
2278008246 
20272429 
3233893238 
117778179 
84935088 
16630362 
356246904 
43191408 
48435188 
2713657217 
1665936318 
163258200 
125623212 
117819003 
250293558 
288206138 
3239006345 
2905040933 
100874901 
587631271 
23035387 
545863150 
196033855 
4170491 
14608893 
2786311606 
17292143 
39932652 
17878322 
1684411062 
144646239 
19681320 
798277 
58467246 
89050838 
27801361 
16352599 
35787166 
22733444 
26705414 
104235481 
210921551 
2932188923 
25233746 
19671129 
3311708412 
62154905 
222436278 
837981504 
34277412 
21972711 
97676568 
1691827158 
1480251510 
25092574 
18845876 
17790274 
17788194 
14772687 
101295045 
22671321 
15652456 
96846955 
486057278 
24204481 
19671932 
3018111009 
19549830 
2835886194 
19997751 
821918474 
20012204 
191431067 
17711046 
262881419 
27725199 
15820664 
17850787 
210938747 
16259251 
29681648 
2752484989 
166269706 
128160000 
365321774 
25426879 
19788277 
23978727 
8163442 
18038269 
8809462 
301491152 
20182317 
17284200 
50374439 
17394021 
16727749 
65475365 
2601175671 
145499533 
602986700 
8399972 
14089195 
26687751 
31644736 
16788263 
25343191 
51241574 
19896158 
19329393 
17498493 
485977203 
111396109 
195910889 
40076725 
2367911 
55493018 
17888589 
30081888 
189258194 
3094060520 
27481076 
20702052 
137440054 
28011355 
3065281274 
19777398 
90420314 
3187024350 
24741517 
31458109 
14594844 
77841951 
45203497 
140131880 
16560657 
21288052 
24036264 
53717630 
74580436 
2204034272 
574857684 
30261067 
17975518 
411075988 
18650071 
452540168 
749307841 
19393565 
14691200 
15319698 
576667383 
3231005912 
14629315 
14392252 
1519719906 
16607099 
86300007 
96940113 
1496971 
209240680 
17719694 
387187240 
14687772 
18587841 
45713517 
582467068 
212016101 
28462688 
95735455 
17029979 
14287830 
1880520805 
18110947 
23603092 
86980320 
14780915 
17446621 
16004411 
16312576 
25704081 
14076329 
24429991 
49437246 
972651 
602884368 
119460225 
63291287 
24712054 
17883640 
98266921 
587988219 
40684090 
97992593 
43288977 
36743910 
55334133 
16116288 
2750796133 
15962388 
1674178878 
1512078638 
2477520625 
117912730 
481484010 
126360860 
47171105 
1383269114 
69858179 
718625752 
16548175 
375710566 
333629357 
2164118040 
1297848848 
1619060965 
15108674 
250691485 
198118818 
372069366 
29084879 
24671414 
1587256758 
817616467 
1739190577 
878091127 
721445366 
20559887 
2476233760 
105931382 
1674273709 
619704940 
139806502 
1390172390 
120953997 
301762082 
1874864215 
467879422 
410980441 
27988939 
23065354 
2573238573 
550558638 
393229909 
2228900126 
2590818635 
322344869 
431719477 
28420827 
29286670 
518557386 
26502623 
1056530802 
24470814 
33107885 
155620016 
24275419 
1726770042 
25589776 
879012144 
403843187 
309119718 
150418471 
24790283 
18121619 
240396904 
24795163 
27427081 
185487499 
28706024 
399614856 
25242851 
45444113 
118177513 
204995942 
94435143 
965130241 
165667591 
834095274 
30468115 
189592411 
109104533 
22880971 
220571192 
987406208 
9591442 
18862058 
234199803 
303030891 
506419938 
1944345871 
1006953115 
1220386050 
625832141 
1066393640 
2360728494 
1442457278 
1167633090 
279896867 
18599206 
28521514 
21913173 
17121755 
117937508 
556429252 
300363677 
2570837099 
81878784 
101909896 
558981301 
13312742 
458138557 
380672031 
2557995935 
45044142 
271233981 
1622536748 
2437865468 
539785531 
352759203 
467924080 
25982764 
345535430 
48903241 
2255825328 
1877475702 
567366511 
89843395 
281661756 
538108502 
2445631494 
278852333 
16262973 
2590375609 
329929892 
426423171 
348199021 
243112721 
384649931 
133230004 
14974138 
1451832852 
265651444 
454132622 
65175872 
1128720493 
22733921 
238138761 
35831704 
776258077 
41203891 
41419770 
285951904 
14994768 
418596994 
955899259 
1225431313 
21258337 
1921984998 
97347896 
508244319 
18515643 
2657032865 
950404818 
293288636 
930611018 
2161592294 
64317266 
1335799466 
360823749 
158110129 
331612559 
380152729 
492105494 
491378686 
154953218 
465629091 
904972291 
2597092068 
2216365926 
21282517 
343856760 
971023880 
102174963 
2243552722 
187386932 
283627860 
220770007 
41944779 
628656549 
145713679 
21619983 
46126727 
24369827 
34427167 
375127245 
32754009 
16405691 
254046821 
801951259 
487330188 
2635233141 
147411080 
34807216 
20343420 
14217933 
230083359 
2584340782 
740019756 
2205246108 
81997566 
318081948 
45901207 
24741533 
356624811 
280018689 
25990962 
69093223 
185086422 
54302393 
1276595725 
39523720 
186147053 
1398147409 
164751409 
339512346 
51489651 
306028394 
61876905 
65493123 
2331304492 
477181501 
568943546 
794879035 
1640697626 
169655214 
17843782 
10800602 
1247476232 
137083454 
228468653 
21247583 
631230105 
169334010 
23581006 
18007727 
33410508 
24782505 
247523290 
83808480 
334119273 
2240180786 
253653254 
42502991 
2179089617 
32218443 
25446124 
610751681 
52504991 
179631390 
839642306 
526907165 
15433187 
195204941 
1432060298 
304528349 
460547111 
546504738 
270074527 
44660302 
516735163 
91589156 
22519261 
9130522 
102170862 
1731885530 
15914468 
341758192 
18081635 
28001697 
159600057 
240765064 
41012420 
213494890 
2568114271 
44003757 
572330697 
293249689 
559023769 
803090876 
1888393988 
294849132 
310514765 
403660418 
2337290558 
846468865 
24185174 
513452843 
2515948487 
2176972894 
28069823 
27675851 
51573597 
386178038 
1154660665 
1918774376 
1592954894 
287558956 
149976990 
30064136 
134931831 
337861932 
972121633 
636353656 
118753134 
2380330189 
513687757 
275045703 
125075303 
294184615 
22484396 
385990972 
882785497 
2193745480 
538328813 
200540138 
1491117290 
46134979 
633323702 
308203515 
23848949 
68797958 
291797739 
38366042 
31037716 
69156811 
1935885408 
2276977062 
849480288 
25541328 
2573433914 
352180502 
326211373 
1011797670 
26677806 
20608720 
605749851 
53691362 
524363443 
975119743 
2577717914 
270195321 
760232143 
383904150 
53315324 
65096196 
401736472 
62540707 
1722990714 
475055995 
2577657684 
37017514 
247864238 
425284187 
1480166738 
405956596 
2429888923 
75835761 
1511921767 
21358164 
316787529 
2360243864 
2335672159 
909105578 
194353598 
1554251839 
156094520 
2455414646 
299695089 
349731467 
82442611 
19939499 
20631019 
53932941 
259361218 
90322153 
386698180 
637235022 
388587469 
456964016 
102859881 
2495983971 
103393584 
421596252 
1015432902 
2472031998 
2435769020 
142536849 
38440324 
298559164 
1323180253 
2352787927 
124554110 
29465294 
19749457 
1694572273 
1682285436 
1046429786 
828300084 
224782117 
565643926 
432060863 
532400592 
21005808 
634198749 
123984253 
36287329 
1689787964 
24461271 
2517948485 
175743258 
28821396 
22978205 
163195500 
182817309 
891107672 
85356794 
1327856455 
15981547 
148851946 
1360113217 
17145946 
112081149 
106825541 
29460697 
15950253 
304082570 
205105940 
512613427 
245219129 
247828508 
165901616 
27560246 
263872769 
22572335 
149726145 
20493068 
56228197 
30089748 
487639793 
263408064 
52223309 
62686988 
2298748549 
1003167404 
72220523 
13065312 
25606180 
693913 
1972793688 
860122394 
22558018 
95360377 
785537869 
138598532 
297073739 
579405006 
107868719 
401714074 
482292683 
18091904 
15566422 
20262269 
521806917 
2344845900 
1087854733 
388469970 
262287451 
1371390085 
54961257 
701104802 
493248691 
16312615 
2465232499 
264667974 
1220110518 
2189667277 
20113229 
154584610 
465058445 
1708586276 
258589101 
91171133 
1369391514 
65652072 
54946509 
742976402 
2377185199 
174407441 
618884778 
16438801 
179968629 
219057244 
2230495303 
262880250 
557716009 
53130022 
30912148 
43872374 
60975301 
197941442 
898619208 
377587316 
45136425 
10086332 
46583259 
28654378 
272483621 
972334999 
30398476 
486244890 
486224677 
296684208 
1097965698 
1340609438 
288613020 
55150641 
166811831 
627817955 
79328165 
182432487 
24969744 
461376432 
519261786 
30953171 
338197605 
465924348 
314313331 
359146910 
2474110334 
566866854 
598361934 
243394003 
407443498 
38329411 
22081254 
31483492 
62690657 
282360801 
1888356139 
348583686 
284617130 
216379105 
66174665 
274937066 
2309526626 
114613161 
287060273 
105646980 
1541995117 
246332802 
450741560 
1035810139 
176668108 
125479838 
1342774100 
422169107 
1158565752 
1636863176 
61942294 
188948015 
358309400 
25023902 
80927887 
156330705 
240311587 
30002786 
2468105131 
42094871 
1569052651 
191610962 
274231929 
1096994562 
267420913 
2335493978 
397083655 
26600810 
316615934 
317027515 
484459363 
319933847 
23560177 
804522846 
291645196 
25753209 
264681531 
32642072 
37443796 
2407912770 
378053901 
840606822 
26946403 
508271756 
1066754569 
113452709 
2295576463 
20537940 
21314946 
238381840 
219495078 
445157768 
60414578 
513730413 
66243467 
40612919 
262862741 
36689754 
52811468 
509370713 
369927973 
258018621 
116366471 
304044627 
153809425 
128676746 
230536759 
2332702416 
169244449 
34062578 
23849493 
315379735 
343640044 
486147491 
2347976777 
361569547 
35736119 
489702246 
1623253734 
146395873 
132719518 
451975850 
2256032948 
1385788578 
499902306 
140117180 
17539135 
103966424 
166104047 
30501080 
73209774 
20233087 
1688776615 
21681156 
224787170 
70114415 
171127063 
485141114 
101248423 
1538884075 
1532397385 
64931257 
1700606257 
171573567 
420244152 
46721216 
24318650 
989750550 
182159858 
28358543 
48169084 
425407023 
174593833 
9695312 
28164096 
1403710944 
280708556 
17228366 
219758763 
30279060 
393080313 
80117154 
57061489 
18732790 
19982433 
260439155 
213773366 
16748676 
24517737 
14467688 
35885940 
1588652582 
414404524 
21718006 
35615536 
1594155204 
224865927 
38713527 
22086943 
1007877104 
54898680 
79278831 
1614519108 
1594044822 
301187201 
1655991614 
35577173 
1694064830 
18159470 
8318902 
16399560 
32343441 
237925691 
214262906 
60880096 
118277773 
37821304 
76242931 
153191512 
122744492 
24944842 
59127949 
101620458 
9528912 
316865635 
259379883 
42389136 
268439864 
27064748 
815811403 
368679368 
17174309 
275707537 
16223529 
38202540 
461220014 
90076446 
274655111 
394458343 
613611489 
25679706 
21584475 
785739140 
34063938 
24236494 
15651033 
68747802 
19754836 
486799450 
32263651 
131614954 
52810493 
18753185 
18059897 
259087453 
36248892 
485555786 
216444984 
602865800 
148752881 
19302967 
79096325 
33997844 
58606715 
28109359 
550571690 
61533337 
23774321 
55243581 
27078748 
28269833 
15625695 
337704806 
191117308 
463351787 
56908561 
130184973 
44417289 
38438387 
153556526 
23795227 
19877186 
31291115 
22970177 
350350867 
22281684 
100382385 
147783262 
40285960 
31184516 
104560198 
438500809 
186297241 
332613803 
75350699 
256398111 
375246060 
412296631 
21712661 
18476633 
24705738 
123644376 
219060776 
41719882 
276877330 
270159755 
153134824 
333137047 
97961880 
166197159 
39373319 
130947151 
28046093 
23565200 
25633588 
187852819 
28026347 
183349235 
71412115 
339079043 
255693403 
347013757 
23138832 
60285759 
232075399 
259545849 
465179921 
35541060 
95124168 
20463137 
29468162 
27073708 
176500940 
27484841 
26691102 
20209252 
48539169 
11309682 
172177041 
77217846 
314924409 
88996835 
30004893 
390100619 
46571486 
26353525 
369863230 
71872817 
48479913 
366698003 
16560023 
30078801 
128990079 
25662652 
24514891 
393731201 
74474539 
29359583 
34075765 
31505000 
31979479 
36083697 
21003761 
22890344 
302819991 
34550963 
292037256 
27168952 
37099824 
333095634 
312939032 
39580672 
81714945 
222524319 
138400646 
38125553 
281641506 
195620842 
33995409 
28115667 
265793429 
91127305 
44141870 
265671691 
181312558 
20213771 
18927926 
167352208 
65337816 
44969537 
28014315 
23273249 
166840009 
230594676 
156712154 
57169876 
111752118 
18777241 
26376339 
204634015 
34194487 
16505798 
295894856 
50724354 
37131050 
20039736 
133994499 
119411489 
142414578 
28949133 
333431782 
35487315 
235377537 
184315353 
263505392 
102946945 
199347368 
25621209 
113208425 
332820640 
15412559 
48960790 
277610302 
126332553 
54291966 
113354451 
331316360 
146001740 
222438807 
263330371 
50505808 
258086065 
54972525 
119972954 
326660742 
26343095 
19844145 
24278900 
327180210 
61003575 
300467060 
215692459 
147530561 
23371134 
321492437 
14920785 
24239799 
51569670 
33463641 
188458629 
150822691 
49502837 
197241811 
14116718 
22014727 
323552315 
70233663 
141344609 
84403298 
43788340 
239470451 
41359537 
18871924 
16224822 
119748170 
88131046 
225328183 
310969715 
256062003 
122216533 
228392053 
188967074 
145907552 
291861399 
282268605 
264991068 
111462771 
157111767 
18065504 
162496500 
22550569 
221459386 
179596762 
181638262 
56221673 
309768477 
50503120 
24210545 
280773669 
28598709 
17639531 
22123473 
255146808 
298435783 
20299862 
135555422 
56601040 
24146203 
68063875 
205000462 
755587 
185301710 
34055391 
27041361 
23334211 
218529356 
19179815 
207240366 
38569804 
24486426 
258690678 
245554403 
263787064 
25617953 
147907497 
149691893 
282874298 
62163950 
292715678 
19151331 
123925238 
125425201 
30287584 
280168639 
21274000 
214351417 
27667256 
20170282 
24172925 
110373907 
291389813 
283682743 
274191900 
244722127 
43214455 
27328806 
16165719 
204802036 
285135014 
263036274 
58528137 
5843452 
43417007 
14927772 
41968763 
27476230 
275251538 
61600794 
97415763 
243362458 
150243179 
38446407 
16252002 
55365711 
16870853 
16663913 
29322203 
139565910 
231282060 
193674108 
24021950 
21367585 
16314308 
177489046 
26618680 
20960074 
55900385 
164912613 
46025702 
224871267 
95944607 
40898101 
228916987 
16157577 
150551583 
41641281 
123329357 
19520348 
25393058 
22179979 
20622239 
80889140 
90841555 
161175227 
14629951 
22088532 
58468727 
34768694 
38313179 
18449895 
17338515 
23175076 
17522586 
33479097 
123994425 
184880710 
135296201 
21432668 
101160532 
36952249 
33021425 
26546984 
223708517 
71093106 
18683187 
22464382 
110053539 
181630001 
33770035 
18177126 
18876115 
214217862 
156804559 
106566165 
27762612 
42956428 
33928639 
213094742 
24046014 
14447348 
128000807 
15668828 
124806022 
68970201 
26799829 
71686202 
58811080 
22304289 
14733752 
143932327 
98384107 
122285574 
24232734 
33794509 
61010640 
99053643 
25863189 
68761400 
25028973 
21931757 
26630041 
113444883 
48385005 
19679882 
153785542 
99874215 
61046417 
43368213 
19758536 
35943193 
27189587 
181245544 
14580435 
19433986 
22050180 
10310152 
28275163 
154405237 
38275050 
21072662 
102551904 
16212665 
26264140 
52679101 
104946244 
108699316 
54891330 
176297534 
15285272 
28120131 
88537091 
39934761 
35049805 
8780952 
163701025 
18445753 
186996320 
139086763 
93079415 
38807779 
26358362 
24006149 
110902398 
35070035 
23491612 
22455351 
17224144 
175590232 
48077750 
18153654 
17343474 
19755997 
19758039 
83330800 
65166855 
39439642 
25219681 
20217023 
22814574 
100220864 
35288804 
16204159 
22653958 
20010173 
61800419 
29925662 
22723858 
176964997 
25756270 
41879526 
26456496 
39986961 
78981630 
158502122 
20553193 
17290048 
15809746 
61885080 
45937849 
17047744 
45265054 
16032081 
155368347 
156001393 
61997791 
13913562 
15953674 
154034419 
56450446 
51054251 
38311025 
24423956 
139624286 
43420168 
157884976 
139461248 
18392872 
36298373 
14561464 
21336428 
17054003 
144213750 
69754467 
74665006 
44362738 
23767290 
39702416 
92163774 
105999920 
113728305 
26533791 
126943823 
53409121 
26884128 
32633527 
26834195 
16173113 
31206924 
30956301 
8900402 
47490581 
99168478 
43619257 
18957214 
17668016 
23918721 
16827333 
58375137 
16101680 
49029842 
35338602 
12266442 
14939981 
17740885 
17929027 
22820251 
19571299 
22540123 
29952857 
28054681 
18278629 
56463364 
37334396 
14744569 
18288780 
19575977 
18511475 
21212019 
15485441 
24967668 
3004231 
24621955 
26081860 
15256841 
16638685 
15937499 
16553544 
84358766 
26516984 
32482524 
27673684 
28811503 
28897926 
23154819 
108095136 
35094637 
34111781 
19058681 
25110374 
18228898 
17169320 
28669105 
25027806 
54021284 
71297990 
50826280 
50314411 
17581754 
29330030 
17696167 
18002442 
