1098785772 
158403194 
44485353 
93733494 
702469520670269442 
3998075613 
57750055 
82465604 
21288052 
66515223 
29101301 
38078047 
428694195 
91976375 
14056732 
44674348 
3322665032 
413756131 
48213 
34849748 
9695312 
373471064 
63796828 
124099364 
10594232 
54780669 
44407505 
47219026 
22759625 
17780992 
1831242320 
4532891 
126755579 
15352674 
28208983 
219754705 
119811389 
250538028 
758179994 
750145238 
16340122 
579383854 
1706002693 
551797819 
532611549 
552628976 
8211752 
23023236 
72877467 
74049673 
20121783 
150117636 
115612505 
194194785 
2424684026 
48356337 
38831549 
25403689 
18320606 
8467742 
2233154425 
1611446202 
106414856 
272280872 
351322939 
339469285 
20890263 
95830621 
708121357 
18838408 
139810919 
15518965 
1244760109 
16741626 
216872000 
23504870 
870560557 
82974180 
118483749 
925828698 
160669904 
15361389 
206545082 
111406190 
15020865 
374152542 
19607400 
14498484 
41156574 
52662800 
57334707 
151112363 
343691746 
218780765 
23935121 
15738710 
76913084 
53985952 
20528275 
73085448 
256477653 
281547893 
258159868 
1114503372 
25323107 
105302722 
22536395 
172044722 
14437575 
15567070 
43408803 
102168879 
236003380 
83887684 
40319229 
552221407 
286333036 
369674779 
23101207 
944646751 
1112929075 
267389003 
54403121 
186276971 
210744057 
38973010 
41380137 
170002596 
31187615 
312989948 
421460784 
1289482598 
299770094 
185289255 
40924123 
65032919 
366977477 
1276581301 
288334910 
360355147 
584174930 
1356189991 
325723514 
191590813 
556456083 
172542995 
288000034 
258868912 
112915037 
44527648 
115682368 
135039839 
1166193211 
1524331766 
57147281 
112474577 
15023145 
26976048 
288124060 
209163592 
167358471 
629164592 
242173266 
68346630 
372783467 
1482111157 
125451275 
580004702 
428994320 
81134090 
385181119 
169470651 
314486205 
218990507 
336210047 
210945140 
347125356 
350419836 
149468387 
1307853632 
1169356993 
34863676 
219783628 
93899644 
17288520 
277760515 
54104917 
398546635 
19077722 
211028236 
439597295 
51120672 
17351972 
20348431 
21263059 
43686904 
1080765013 
302287771 
29307829 
454230130 
243144218 
79301653 
468850831 
18640972 
14848373 
73490119 
34354142 
223234281 
60621500 
43732508 
7563792 
107146095 
429867314 
28132530 
87265598 
29460627 
388574483 
16303450 
27961547 
586199121 
18705768 
347734990 
249389487 
868820767 
488648844 
31084492 
45491857 
845040026 
23700804 
177001373 
19726058 
248521076 
32036992 
858684864 
74225111 
15383636 
23479429 
731043859 
230462578 
48864127 
873154730 
516910154 
46929064 
122034654 
382806250 
294567836 
27595690 
19684052 
459729529 
116722476 
245254463 
28090942 
21362105 
76425792 
34383080 
307690179 
19314650 
18661107 
87574558 
466572384 
284658578 
17230018 
531530043 
65468720 
36981892 
17503591 
15811181 
20172395 
121516484 
39423418 
156724893 
52125636 
17553923 
53184837 
688583 
47668903 
21155578 
60797208 
21955058 
14254520 
495407309 
20614989 
38144437 
6854942 
26251398 
111678563 
44500207 
32388271 
52399802 
442678905 
21705931 
44268637 
36395803 
45713839 
18755564 
36712332 
14914311 
21879024 
36836693 
16876983 
30953999 
177345928 
487585766 
191104247 
38199364 
61537677 
445082780 
17968886 
123266709 
20927790 
16660451 
17298058 
37261165 
366344895 
117544470 
707913 
335682606 
251855918 
22984832 
16877059 
