2284402538 
361331404 
15109516 
78705001 
2551031209 
35847728 
18916432 
17171666 
15745368 
15808765 
17494010 
57065141 
76649729 
172858784 
216881337 
262756641 
476256944 
970207298 
1074480192 
404422077 
166607010 
20113797 
236511574 
2598301411 
7856542 
822215679726100480 
42399260 
272561168 
10073022 
817404396698890240 
1881304950 
2207634680 
3697352543 
50042290 
262465916 
243653396 
3169004988 
47678782 
37942566 
29980128 
1947674420 
2707078903 
851526206 
23462787 
205223595 
30331404 
267841410 
18188098 
774618404 
417628109 
140964213 
87873439 
65995464 
2271986767 
7315022 
206031968 
1394686141 
1045110018 
128599139 
221068485 
22846911 
14749606 
462236646 
15171385 
149194062 
163096341 
231137257 
341092982 
362480629 
183026344 
297471234 
126776391 
113036476 
244625496 
262292268 
305329250 
46437516 
18979719 
60726666 
284464997 
36446687 
48900286 
17425055 
25934445 
245424983 
23022687 
86138712 
177882217 
234583520 
265834496 
611823 
185531867 
5658692 
87397874 
116587005 
242761889 
43333663 
23102350 
17379602 
47668412 
31897870 
23970453 
36595263 
86054253 
26586026 
42372594 
20567996 
35369948 
18307528 
119801482 
67486499 
22784812 
15223870 
28192950 
45883006 
16540039 
76456274 
15029270 
211694026 
19489239 
47457617 
21741469 
24907127 
226273650 
164636893 
63731989 
46691231 
47620533 
19039467 
5385352 
49697035 
10174062 
70597721 
168350416 
27945356 
91023099 
17335531 
16070309 
14753340 
64860140 
20616597 
18695134 
29201047 
19028248 
25781141 
20545793 
16789970 
43910797 
26533227 
18061669 
14845376 
7334402 
73303753 
14135426 
15210284 
175129462 
121537720 
65631013 
90427009 
139792996 
144972470 
191675244 
17341903 
161781495 
33205305 
43388176 
185397767 
29725730 
83919614 
30864583 
22388197 
146514182 
94397054 
34626287 
24029979 
5920532 
67727882 
115097756 
204079667 
18686361 
37016299 
221343388 
26546403 
19360809 
87725458 
84351228 
7717612 
51699463 
104190221 
224850275 
11270152 
47465882 
15771803 
14893211 
8918592 
18778875 
61711201 
19189432 
20888115 
130241315 
23586248 
58607988 
21034324 
15894074 
44300743 
93762737 
42255982 
48559447 
51788396 
64626466 
112727831 
17539739 
818927131883356161 
134234059 
96353563 
52105542 
107137730 
90586650 
23674492 
224811897 
29139314 
145322652 
205927808 
14104498 
15403842 
14275181 
9688342 
16711478 
26774655 
17628048 
17637808 
33607469 
200134589 
44947616 
26901169 
208832009 
89062192 
26257083 
169500100 
124224165 
44371297 
97469700 
50393960 
75066625 
17239249 
117095984 
68768975 
14625800 
89775446 
85906552 
17726639 
18080969 
30243445 
23485622 
67832005 
29889466 
67561581 
36843988 
20032100 
112234641 
7745472 
14247636 
43940235 
138862161 
154142591 
19002707 
119835682 
17889970 
80559938 
92682734 
133365751 
122265201 
112471133 
16695534 
95742510 
47348884 
43240180 
21833781 
97259407 
81924558 
92358280 
54587184 
25007225 
172779883 
2728651 
201882918 
110811982 
111127672 
69204380 
194587158 
15237481 
120276497 
195844526 
28594864 
193571541 
52052011 
14298099 
18730816 
17093617 
17682139 
16689804 
29552986 
38508305 
17462723 
20196266 
113665737 
40124188 
30910422 
19364964 
15174798 
164691705 
16800811 
52844632 
21764343 
95310256 
82963512 
60784450 
60462205 
59010637 
1917731 
15450996 
126791708 
39198202 
56844337 
24515472 
123565032 
114074980 
60603744 
82867291 
26299078 
22706629 
32525034 
10069612 
14407823 
62215517 
19480006 
87179513 
40996894 
4200861 
5746452 
14514804 
78667443 
91498731 
16241921 
131694977 
21878458 
19770949 
19041340 
14275261 
129910092 
20214495 
76048429 
135895023 
147678020 
69666312 
118645198 
125139645 
17927796 
114584383 
21530025 
14310105 
22106099 
56767953 
44169939 
56564046 
61835597 
20777057 
19698519 
81172937 
82155158 
94125439 
32661670 
17879336 
36429302 
15554922 
19540659 
87940762 
14804110 
7724762 
136356939 
132293576 
61863287 
86431522 
16248319 
117395320 
89187361 
14894240 
127609579 
46132293 
68545042 
75386025 
63261171 
64097055 
56450024 
88760553 
119419822 
122432861 
111725003 
86593401 
92629518 
33588154 
96200776 
63134773 
104607346 
49669561 
38437640 
80732909 
68004715 
106677869 
113102632 
59578596 
50013575 
94394860 
54626834 
74563871 
20838195 
75028078 
20202335 
16134906 
14166981 
88953774 
67217568 
108286076 
22649271 
106895787 
48787431 
67868715 
14676905 
48661542 
82929822 
26749459 
55678018 
30770403 
24816848 
57033388 
38500966 
46038835 
70894352 
54662755 
27340661 
28622763 
14142000 
62830609 
60582610 
17022234 
79011908 
16243405 
36750478 
63840938 
52192850 
19683378 
41967463 
50391450 
43229249 
93914412 
113075535 
29473963 
22528070 
29977461 
14796284 
76449921 
14858325 
48119889 
43641835 
117124310 
115911638 
61227028 
20691360 
15520340 
82513250 
56428691 
31906572 
106933381 
63657578 
39133866 
21800875 
19263332 
20190746 
75258696 
96006339 
4728761 
50317980 
50215510 
68772515 
3202311 
38152648 
62607297 
73617087 
1455681 
23000450 
49392533 
24653967 
51384800 
16042800 
12944592 
29937112 
40243547 
14789629 
30315557 
37060788 
51263711 
15813140 
50090898 
38267947 
31311757 
33838201 
14310046 
18555344 
19646364 
15913951 
67564967 
20408570 
84342751 
17399905 
23012985 
22656989 
107169708 
87414520 
15674759 
80879480 
48386878 
14862447 
95916207 
104899837 
20344756 
16732770 
5402612 
20011326 
18243384 
16724364 
55708554 
15986773 
67415287 
19407137 
28172926 
71263866 
38621473 
19266563 
19675180 
31198377 
101319700 
40917351 
57577966 
16935306 
28815474 
88260743 
23175866 
18188445 
16752629 
47968639 
15094659 
59891009 
18055456 
16191380 
92607192 
8159652 
3268881 
44146762 
13813952 
6144162 
17202143 
61532321 
7091082 
5743162 
48041859 
81949529 
15921173 
23256763 
3564041 
92992067 
80289311 
41866944 
30196194 
14761839 
19658826 
41013612 
17657184 
89451447 
26299183 
14282613 
16988790 
33774166 
76659922 
29996111 
27227669 
56699199 
44666052 
66828842 
70794303 
21303154 
16359117 
46830132 
86627769 
25320981 
87805466 
15033883 
78664553 
2056741 
46918487 
31955776 
37003761 
56541108 
56436449 
80913836 
71597296 
75183227 
19179395 
19963701 
33474655 
62634217 
31273684 
32190288 
20876739 
68051191 
1888761 
57 
29655018 
16160352 
14800270 
15918708 
78231392 
62905573 
38311685 
23108704 
38531995 
64250735 
29442313 
22950928 
7097262 
7693002 
16398344 
14874426 
15116570 
65467957 
9743562 
46123745 
48142050 
25062565 
19324578 
17235172 
40058308 
20650389 
20058110 
43961575 
66415679 
7931302 
26232988 
14511951 
780615 
22660417 
16039495 
16546457 
22053641 
23103488 
20002401 
19658173 
19726613 
18166778 
15356407 
56864092 
39849458 
52443772 
66369206 
53374143 
15046088 
7004382 
16739711 
14527193 
14759057 
12415722 
14848513 
15281676 
19048537 
16819278 
28407101 
35894444 
23731818 
14369901 
41949528 
20597460 
7356562 
16742806 
16317406 
19781646 
18170310 
10615232 
9508922 
14351053 
17993906 
6708952 
30050899 
11856442 
9782032 
7905122 
19606233 
48439456 
29256864 
9624742 
14074515 
9855382 
15519544 
14199378 
15633653 
16427613 
621573 
15170346 
14987728 
17279594 
12413032 
18481050 
16686722 
17987997 
20060293 
15207668 
10840862 
16616061 
23455554 
20179628 
21968928 
26372683 
31502276 
26024010 
10197402 
13834402 
14091545 
26762416 
14702392 
19309958 
30109799 
18853522 
35821820 
16191902 
57714095 
45946939 
18847590 
16559299 
51077393 
30051156 
19474281 
33373790 
20654901 
60907150 
59238436 
19616718 
11342502 
15821209 
15237433 
16050032 
21131935 
39495968 
57536130 
57549531 
14282672 
19495715 
16245822 
7402662 
18249897 
26077026 
31929718 
14238142 
20258816 
25093616 
15008539 
18818769 
14126111 
20595739 
35371287 
50496603 
48044070 
54187484 
61270808 
24593602 
50363851 
27545164 
55446191 
57457257 
14711491 
14620544 
18198946 
18159535 
19248610 
16308828 
19976630 
17229141 
15902682 
23924817 
19767792 
12491902 
47924407 
28354758 
12448322 
34995919 
17997854 
27636222 
23277654 
27879053 
11542772 
36809264 
15224202 
18107749 
21808623 
21560456 
6859152 
40204020 
49622107 
40829097 
34755840 
15959910 
10210062 
15651045 
38725584 
24194777 
16051368 
12118732 
18190885 
18220271 
19731312 
38208297 
52500574 
12803662 
44929571 
15588657 
51491647 
19079628 
16024763 
14113798 
23468944 
27557053 
44133359 
10638482 
31925790 
16561884 
14406875 
21786831 
1051171 
16597921 
21502432 
48203749 
38409508 
17778930 
56461930 
19473304 
35638090 
22932117 
26877324 
9556472 
16869351 
41896641 
45690330 
16281844 
36766108 
27081171 
24234695 
52527173 
14708747 
21421838 
822215673812119553 
30313925 
21102126 
10168082 
14441010 
21420377 
22049097 
22509598 
16564324 
25084072 
29447358 
25891136 
22642788 
26794393 
20090273 
25088506 
21961063 
29765773 
26258900 
12363792 
34977882 
43294075 
43367587 
38846790 
22209176 
43343580 
22562803 
41633203 
20853222 
24741685 
17968727 
16335435 
19312845 
21457289 
37927318 
37934478 
15276586 
8981662 
23554196 
15095595 
46742193 
15462791 
23216407 
40199035 
15317259 
22785224 
18486010 
18991192 
17843439 
41253699 
38022506 
40099826 
23094648 
34399371 
26668307 
40781275 
20259504 
19973562 
16405372 
17467699 
15270027 
20326085 
3023811 
14145912 
23539911 
17846677 
19165948 
18243076 
15427497 
21199375 
25555034 
17222727 
26296708 
19432206 
22789766 
23964268 
27956001 
33982105 
21318607 
30088894 
16713720 
19895339 
16682738 
17665874 
32522114 
17198265 
30913636 
17446188 
19918047 
44129837 
14803701 
49146925 
7093352 
21527449 
25364703 
23803714 
7494332 
20249683 
18460156 
41337960 
43874766 
34663599 
8962282 
22798092 
21224787 
21003334 
19342304 
35904232 
428333 
18049891 
21488132 
9252212 
18245078 
14344823 
18648150 
16036700 
14669951 
16414423 
19291496 
10449922 
15660265 
766347 
9766942 
17379989 
50318077 
5464392 
42430726 
44933111 
36343016 
46700584 
14358707 
15743525 
27087065 
20544118 
15078634 
20452721 
44506754 
44601095 
24705085 
28011915 
44351168 
16780625 
26649368 
43125384 
46092012 
16700625 
14775367 
23102187 
678403 
20706235 
18482519 
15517463 
24915970 
12127612 
7144422 
37003924 
17399724 
14105364 
17789291 
39253357 
16676458 
27629961 
14342018 
6123762 
25207164 
28461631 
14950156 
20196909 
44202374 
27683153 
44216518 
31216399 
44258034 
17181781 
19636366 
44348574 
22273063 
44355107 
44131087 
21328820 
20542307 
28108599 
37045777 
22023252 
1561491 
18745133 
20870495 
11273502 
926121 
14704669 
7400702 
39125461 
10356932 
20063792 
19159600 
764629 
15288933 
10033402 
38222521 
17217269 
18028509 
657863 
16215843 
20676237 
6173772 
15503959 
20415104 
20402379 
19942944 
22193646 
11348282 
8511182 
26046919 
778057 
2970621 
15993761 
22966851 
25072755 
21412856 
25985596 
21744295 
16058907 
18049626 
17814635 
26292502 
14164235 
21925107 
23689758 
23613951 
15138475 
14303582 
18997159 
21672185 
20708112 
26799530 
19027427 
14128724 
14065867 
15928856 
12447252 
17087753 
15492359 
15159424 
17651274 
15836376 
21118985 
19551319 
21775117 
29416790 
14055014 
26639622 
14693622 
29908303 
14666934 
10709332 
6821102 
21877065 
18340324 
12371632 
19394188 
813286 
16907542 
17899109 
15146163 
23588499 
16824201 
20292622 
21364882 
21856390 
22630002 
20589345 
1046661 
19060857 
20821069 
7033702 
2225371 
14886375 
8211532 
15538226 
9870872 
807668 
19411339 
12447572 
15515538 
19002481 
23492901 
18532233 
4877091 
17170583 
24428245 
14570435 
20713061 
10716292 
17297668 
9079352 
11620792 
8476962 
14118444 
16005270 
9337792 
18088028 
14823587 
13130412 
14761795 
14664315 
15025979 
27073378 
18552938 
14502632 
19555473 
5146011 
9545722 
17493825 
621563 
17919269 
15480934 
19932186 
9548442 
14719523 
746923 
7108702 
21909284 
15635142 
19401690 
13673392 
18694174 
16068047 
19617011 
11735652 
15661604 
17903067 
11856892 
21675438 
7152572 
16731534 
20002978 
23676999 
20652615 
1047451 
14323188 
10228272 
18282194 
23817473 
18481909 
23768654 
17215217 
21583721 
11038342 
17217728 
816653 
9081642 
13795682 
15756958 
767396 
17866599 
9158962 
22182297 
14791317 
9696142 
621583 
17023184 
783214 
18130631 
19273198 
3094891 
10607282 
13859952 
22525751 
16218971 
5508982 
18498684 
12925072 
6527192 
9068892 
5345032 
9328642 
16424383 
15120088 
6795702 
16530785 
2053051 
7282592 
7822352 
13837292 
8032792 
7665112 
18558744 
18566621 
21859268 
7488992 
14924199 
20468047 
772844 
15743206 
17043843 
21827584 
11580842 
15838769 
21799699 
17378252 
15085975 
7027562 
15727642 
15100613 
18139026 
6511252 
18804081 
20551303 
9777692 
7244502 
19601444 
18228921 
22814638 
20536157 
21440682 
15235519 
17999412 
11270992 
15931963 
18957805 
18567018 
5653322 
17207024 
16664989 
14531815 
16386394 
15111772 
14704131 
14835067 
16780392 
11463452 
14074556 
18777269 
16145433 
17291020 
16980891 
14747825 
17470444 
15649221 
19774211 
15431762 
17659498 
16687509 
17972196 
678953 
1381421 
4346731 
15458461 
19454840 
9008552 
16133497 
5775912 
8841372 
1039531 
14706139 
2730791 
633 
18417363 
13098182 
5700782 
824214 
4132841 
1739541 
8870632 
739293 
772934 
5667012 
739743 
18812572 
2898611 
18022904 
19895386 
16627727 
14115719 
11961532 
15947185 
972651 
14389652 
14075928 
17266725 
13 
17194296 
15698039 
18599793 
6017542 
14326840 
14632998 
18966165 
10139 
1349941 
2902901 
9812242 
7882162 
10188862 
13651112 
772097 
17653267 
8651712 
1581511 
6567132 
18228782 
9110312 
18194994 
13982132 
17826187 
7095342 
781121 
1573791 
5753742 
5328512 
9884192 
14859204 
9255182 
2591611 
14185317 
6538722 
14400698 
10184742 
625753 
2233421 
11216022 
4288331 
7913012 
18170896 
11953712 
15587500 
15134240 
18083983 
18953675 
14378113 
9009432 
5025941 
1665531 
14128528 
12321302 
15680385 
13708162 
15147042 
15126891 
2878731 
1383191 
6638222 
9736372 
12952842 
16543775 
8795772 
14887893 
14454296 
756278 
15704582 
16808421 
2072571 
11805432 
18308547 
18737454 
17297292 
18119242 
14367585 
17518142 
18376500 
15740610 
20684452 
10859662 
16201877 
3829151 
10810102 
6188152 
9534522 
8453452 
20437286 
14647570 
14522546 
19504825 
2384071 
12042382 
14823253 
9747582 
