15988556 
184143817 
260422851 
39306262 
107502768 
454908444 
1249739485 
14655739 
15670644 
2329448226 
14552725 
237477771 
49049279 
28708146 
58610772 
787811101551493120 
14840869 
36947388 
23560015 
14497313 
15291335 
200163448 
1872777222 
17004618 
44919961 
169156588 
17525171 
45894866 
25073877 
57411021 
499336680 
205302299 
67434744 
26657119 
398458864 
47454443 
314149528 
17625522 
46232477 
204803220 
49698134 
18766459 
81135689 
18667907 
382100563 
580277991 
61655431 
2802858833 
22188709 
247131172 
282695074 
28583197 
135316691 
16099291 
70511174 
13393052 
987088922 
15829144 
570305463 
20552442 
305005427 
19981142 
24730470 
1858027897 
4922848669 
1947301 
105257223 
561567834 
74232364 
24953525 
277853976 
29986482 
20178419 
33333620 
16573941 
3044867175 
19207402 
367776442 
2347049341 
4180072252 
74521793 
427462158 
459537207 
22723266 
714758552 
62606201 
2878812992 
16263040 
714441955 
431499643 
731732366 
217518231 
780416875 
15888142 
506652594 
36273262 
445659911 
602993818 
28948067 
33831786 
16945341 
145737790 
172491865 
804514651 
181439162 
52953771 
46751590 
816532 
66235118 
25591309 
20898380 
3066084185 
18767699 
106766676 
426802833 
9376172 
9695312 
609216909 
43024351 
707982165368119296 
18052985 
543660515 
14251225 
184136149 
1650750300 
373743799 
702881258641051648 
17850785 
21005767 
125358141 
4212736883 
755417905253187584 
1165338020 
139937625 
1059026005 
1468595654 
37590426 
44138459 
974384082 
1905230346 
743585142 
250205792 
37959591 
1058520120 
351034720 
1020383864 
42558370 
740936779 
16016427 
19738095 
81167207 
25363239 
26780968 
61270060 
46768880 
40921397 
355650412 
348006242 
211950466 
2250650376 
2863488598 
476907667 
79923701 
18695490 
90411884 
3374741892 
2853604731 
2736215883 
892219807 
348500593 
359601344 
214971787 
313607870 
16896007 
740262239479975936 
12737142 
702147673651027968 
17074714 
930223086 
253669752 
30434892 
3150427027 
896406708 
9692022 
260377391 
34864271 
378580240 
43763852 
24165761 
1692184268 
232901075 
1686496525 
425206277 
20911036 
183337462 
16187815 
135786521 
156763824 
3683068757 
3018271234 
2293315159 
21688902 
804942871 
3957975375 
343555408 
15066958 
203483782 
70509102 
360798332 
717024957755211776 
574670434 
342770193 
23469766 
92544900 
413590114 
273283549 
821557387 
14360732 
113413976 
14804372 
76518929 
1692019483 
481468399 
4648331773 
22324792 
271620293 
2882931217 
2966965225 
3245135844 
784680733 
41671232 
778792758 
41672902 
2295136615 
369630635 
14207790 
15066594 
93069110 
284991184 
280663604 
15158222 
1897941284 
21862217 
15441965 
29569951 
220466622 
3201380495 
353393447 
2535620952 
2285460493 
15945441 
822215679726100480 
1536791610 
193137844 
1615506948 
3190699361 
251917058 
15950369 
6141132 
333517999 
912969786 
108728518 
3023869749 
16831353 
29027517 
321027249 
114599241 
46489733 
123327472 
1653755071 
20687745 
564111558 
16447436 
70725642 
123015364 
262388975 
209303358 
39810732 
17824099 
95933872 
51422987 
14923268 
88762215 
164021882 
82945896 
24682804 
28193505 
14485678 
850107536 
14130408 
269953428 
38014838 
319174663 
30221347 
28564763 
1081352700 
20625975 
17071048 
111339670 
1265726480 
2458698570 
17718497 
335331533 
296924721 
164400667 
271211220 
87098546 
867504295 
36540225 
15946752 
259387971 
16510540 
16932962 
521065885 
2609758236 
205273130 
155908524 
831819445 
37192303 
783779510 
287741477 
39424325 
829442994 
18738462 
35790963 
22408312 
18068115 
36184220 
174377718 
491868769 
55009534 
448107285 
249307732 
115124519 
384556186 
30032512 
34755196 
288961348 
24443284 
56700964 
333808423 
222177693 
119372054 
50011708 
475286355 
30043148 
174256096 
30249306 
205392468 
18587457 
97503010 
4207961 
254117355 
450941680 
111177006 
154650073 
50316987 
33985416 
52902212 
259508343 
904405742 
16684965 
252751061 
208155240 
74130577 
138182116 
110974198 
106878438 
20691424 
79009461 
17787705 
19937294 
11110502 
227347152 
15146882 
21617761 
20012204 
10933662 
16365636 
23603092 
277594632 
26755480 
19110632 
14780915 
69620713 
50446226 
46116615 
1391259187 
321583618 
369631951 
30373542 
21299233 
312756458 
19955482 
22049902 
26884879 
18779385 
26753611 
19956026 
286433700 
21228708 
17957392 
28497575 
22642542 
15428715 
41099665 
37525451 
78355999 
66244710 
25415300 
14560316 
55018841 
46668984 
18765957 
20189768 
25092574 
2449809384 
199837307 
26553086 
77540948 
74851947 
317065444 
51176496 
13919942 
502076105 
87691125 
16008484 
31641658 
60922227 
27977493 
18217304 
55663385 
7905122 
15808647 
621583 
40167229 
6642152 
10977192 
32469566 
14791162 
16381558 
13783772 
16315602 
57113373 
5654712 
18990627 
34975117 
16830572 
15231287 
140928543 
3819701 
90416226 
24362769 
7313362 
15426758 
127608613 
18164662 
14870670 
14885549 
19412785 
20150502 
44787537 
14073364 
115710058 
14132853 
23096405 
18776942 
44886859 
14532122 
149180925 
25300308 
17291393 
14062180 
59486068 
277165873 
79827261 
25780932 
16379018 
607289206 
25643910 
91356609 
91355798 
93736499 
22190185 
102480261 
493605066 
440258891 
18944397 
173992307 
20071863 
216777407 
273700859 
228842761 
17924016 
135501244 
44906699 
537455456 
95515503 
19834403 
22406410 
93759830 
208736091 
29228904 
18462157 
41338503 
204491797 
20193270 
21208444 
129655479 
289625066 
511197336 
731231340 
119829799 
17407337 
17134268 
524924802 
100220864 
340635228 
733100348 
57161842 
33422673 
292289403 
574802120 
1884046142 
459277523 
1879831 
16929349 
16548119 
19546942 
1301200166 
24216438 
23815359 
12804422 
303827856 
16661296 
228794007 
53297035 
143922679 
784304 
250206248 
784647 
85590450 
1485305748 
352596151 
54993666 
38317061 
190405082 
33550291 
18481050 
45371411 
376234071 
15279429 
16568227 
16517711 
17057271 
7614292 
18517404 
17628900 
14466538 
14676022 
16554579 
208334330 
5894902 
25763468 
76146780 
16644451 
342254434 
176957285 
89690502 
14587949 
146223067 
140193768 
17149204 
17057248 
2195043642 
48061907 
18198403 
15070234 
16715398 
16299627 
1967991931 
334079148 
218325695 
267866954 
282545479 
167411876 
301012485 
586671909 
372386913 
19570075 
218276360 
346083895 
61069106 
340613443 
188443744 
92112822 
286312281 
435028813 
24277551 
17903419 
54273698 
514944379 
17451088 
19035963 
17846923 
26747046 
16247645 
18997220 
25519370 
24931027 
42906129 
119545647 
147896833 
456126080 
25778839 
44501140 
15073050 
20148077 
17371068 
15641409 
15513604 
103404584 
19362341 
70553530 
16657605 
390821801 
97019544 
334398086 
386742828 
290081566 
14591033 
40965341 
49734054 
353344542 
14934818 
19074134 
16815644 
13850422 
259387453 
20177423 
136361303 
9252212 
97739866 
26585095 
28221296 
138072063 
14348157 
34036028 
26053643 
18226808 
288402923 
17471979 
17379685 
17049019 
268476335 
58529612 
7946092 
435096427 
41509378 
21904812 
22416023 
104330659 
112243365 
15580384 
17517577 
14238142 
6576492 
22640681 
14980820 
15945641 
92338420 
1043226654 
588409078 
148496087 
17918891 
89820928 
14506253 
108617810 
114589771 
16892402 
48802204 
14804281 
15764644 
244655353 
60919240 
154646248 
239576561 
423945027 
414449897 
28162128 
621523 
13796572 
10221272 
1754641 
28175577 
138479037 
15764136 
26321515 
7712452 
20475600 
15935628 
46176168 
37281592 
7087112 
25318465 
71340937 
31448660 
16184358 
381524363 
203719900 
41159876 
393575726 
125408014 
614441689 
402762829 
15466121 
19481072 
9542972 
18818302 
126076133 
939922981 
34273205 
23690344 
91180720 
22728467 
158426909 
21915666 
33127693 
331717724 
52392666 
570935984 
146550243 
621059507 
31243365 
40353407 
115180818 
26266601 
185244154 
90502419 
906101198 
1339835893 
225226797 
1498810117 
32359921 
23091897 
24816957 
22304988 
19402157 
15307378 
227084735 
1337849010 
13528832 
17347085 
269399083 
1330457336 
42703075 
171171584 
353967410 
28172926 
17993342 
26258900 
14944241 
163598915 
21272440 
30031547 
73190286 
15836769 
1130070541 
29754207 
3630501 
27574129 
213413457 
20243311 
844158102 
87818409 
140872924 
6472102 
203132018 
14205258 
56714555 
199992378 
20462519 
281664764 
72638170 
17087210 
382301115 
106900380 
26329195 
21220931 
16630098 
257549999 
33653195 
177616285 
130160106 
19218664 
15727317 
14216054 
19424080 
12182142 
460604814 
59159771 
242763001 
835815746 
24327272 
17878842 
35060716 
3065101 
5129151 
75357513 
59226213 
21907474 
251909478 
28370738 
121118692 
15864446 
491350825 
14777215 
94129050 
18814491 
22642788 
573972294 
8936082 
21111896 
54885334 
28186908 
62316970 
16486956 
313297461 
46200972 
53731927 
485303027 
17093617 
23448455 
15210284 
9624742 
11347122 
180524012 
211333649 
312923625 
173996982 
33910029 
12029252 
325615084 
555392321 
138774153 
334746113 
349242284 
15281391 
59143038 
2869531 
14678819 
17442710 
95431448 
14752373 
15101187 
14208465 
23484039 
28163914 
22842302 
375465597 
312873184 
906182364 
83634607 
44906914 
6449282 
15649433 
260907612 
9549352 
22536055 
15066760 
1774391 
9676212 
25053299 
9532402 
280294471 
57371662 
54991635 
35976630 
399591795 
14514827 
49110693 
44155214 
62419143 
56486420 
331816614 
14704992 
15714022 
309282144 
65431946 
5695632 
456806128 
300363044 
77103849 
210948121 
164412502 
44935627 
499271809 
16457400 
28644174 
288302723 
11856932 
612473 
1367531 
14437914 
4119741 
20245775 
12133382 
20052728 
15846527 
11064542 
26548315 
1797991 
541331965 
40489517 
15481606 
18227519 
227682918 
16439471 
232268199 
16371691 
16172747 
18623794 
17877122 
22376014 
299186893 
34737058 
69491538 
23544596 
485891807 
8769212 
14599117 
15952867 
24910049 
156305154 
150785839 
601202884 
779830 
1344951 
85131054 
15738599 
57741304 
24247327 
19087309 
132948409 
23484510 
256832893 
740761610 
28113052 
56852722 
173999134 
50747187 
15896350 
172428048 
299877078 
41137354 
44928343 
131186950 
86141342 
28143425 
106182754 
14606079 
20173468 
11856032 
25562002 
13315582 
6817332 
19546277 
255719070 
158414847 
17585588 
59157393 
17574329 
64916983 
14307494 
114602310 
770729 
15675138 
145315610 
15369502 
100351634 
21785699 
1140451 
107234633 
26597472 
612679579 
323468251 
200199314 
522282462 
73181712 
55338739 
131856262 
14342565 
466657110 
27673946 
140188031 
202789656 
465639708 
22940475 
19923638 
35773039 
14858000 
15905103 
262799941 
11856892 
9429102 
8862532 
96795310 
100043275 
224240358 
38469445 
132206112 
51040617 
13524182 
17910554 
106498703 
7302282 
19164430 
313567290 
67358777 
34161477 
475212144 
135897307 
23145378 
129865159 
193462725 
9279652 
29100243 
19342479 
14216123 
9089942 
404324649 
12988312 
265483661 
15574154 
17085274 
14622223 
404422077 
33792634 
14052016 
18883224 
16246929 
115485051 
305771333 
742143 
2800521 
19785281 
316469086 
69181624 
56767011 
55000479 
142069321 
40985277 
36527993 
22179997 
39339912 
528957528 
63262233 
409486555 
57333521 
309978842 
106753671 
19476868 
80928773 
5746402 
41895801 
16588095 
18172905 
31127446 
15689503 
52070270 
494341073 
21023681 
15635604 
563159785 
55038834 
204849420 
14717197 
9567972 
14345062 
6577642 
14173315 
2836421 
216299334 
17367621 
50055701 
23518723 
24266406 
13745872 
9300262 
19038395 
8885922 
243211692 
32870558 
212777836 
18641695 
239963871 
19939989 
531569935 
16251065 
76715323 
158244820 
334944709 
29607664 
33416342 
34613951 
15866188 
44661419 
16370400 
132212648 
300427341 
135627542 
130914379 
17446621 
28265605 
342226913 
31450658 
24168583 
19674502 
423631401 
10955762 
20570786 
20854875 
507830254 
6852682 
23350810 
33934258 
31399121 
15859979 
24980246 
3229821 
1530371 
98675078 
27039884 
683113 
19740592 
19928703 
18622869 
15174477 
16399949 
12011422 
14801863 
27696993 
15803250 
19035424 
31183437 
14476328 
16581604 
16519067 
29374498 
5741722 
16574209 
817268 
14085070 
5690002 
150726712 
250884927 
23962312 
351084172 
1440641 
1434251 
28352435 
17595366 
21810821 
166608242 
19719869 
14377605 
14434063 
16017475 
14940354 
50325797 
21619519 
19697415 
22847499 
11856482 
46207622 
16031536 
17219108 
12101862 
16211434 
14363353 
121626258 
189286267 
189283341 
10228272 
2883841 
16145224 
103130238 
18128265 
25170188 
293850289 
14353392 
28164096 
20661539 
15131310 
175436190 
309937733 
16228398 
16387814 
24816848 
35750871 
113467748 
783214 
22026934 
14326797 
17214698 
50308751 
23079159 
33677778 
25045166 
14692117 
66237835 
10876852 
250213000 
39684959 
23892927 
93712407 
257142675 
218600278 
32614197 
65154484 
14367183 
18249251 
19912468 
25360410 
45565185 
191103309 
156904086 
29227628 
17496715 
251823725 
13324892 
18453278 
13404292 
112593696 
227882404 
72389498 
204654581 
382198408 
65104337 
123639602 
39802003 
146284019 
26329367 
18166216 
210849479 
21568468 
54356940 
22482593 
31685653 
147544652 
173988421 
99131926 
43254421 
26519462 
17599655 
204493928 
56766412 
21421134 
38213241 
163897617 
9763482 
17469289 
19404869 
18142059 
97539939 
14141323 
85606078 
104271807 
29093755 
25564982 
38578325 
16741381 
19780379 
6065282 
44215023 
18787750 
250300098 
339790344 
250345179 
291942710 
18560574 
89494940 
102508723 
1652541 
788673 
19417850 
60642052 
163103071 
20454385 
99655992 
9860432 
15222004 
36430363 
195911896 
24016767 
111610694 
65450350 
86102702 
63004503 
90508268 
29465136 
23112236 
21918310 
17750231 
624413 
18949452 
28140646 
91478624 
16334857 
4898091 
34713362 
240116791 
92132431 
19658871 
75206471 
285282053 
31320269 
20099369 
17889970 
15164565 
14499809 
234161350 
18816166 
130617778 
96025443 
46456418 
70807231 
18691433 
22837487 
14095974 
14514804 
20778387 
35041578 
37999041 
19206876 
119107959 
246041748 
18027109 
280879846 
125785618 
16955517 
20402945 
104237736 
252184453 
75132846 
238657359 
45564482 
41423007 
248822792 
4527941 
71295891 
14469067 
18014746 
20742461 
18490480 
19794121 
9917652 
50515656 
20188151 
17014044 
16698499 
20709566 
97516303 
51330404 
15110357 
11014272 
53035614 
93723527 
18806753 
63786768 
15921173 
151911629 
16347007 
166617390 
112816663 
16929600 
14552720 
16469809 
16950711 
87798068 
18327902 
82669742 
18906097 
16145875 
105558828 
18149142 
21927944 
30901328 
13972932 
15943215 
15681726 
5988062 
121208305 
17027590 
15873841 
20300619 
22695548 
31585636 
191922531 
16303106 
34141423 
23480093 
154145174 
16190278 
17796018 
20710809 
17008726 
37291805 
17503180 
810424 
83883736 
818340 
17006157 
1917731 
15484008 
189135763 
186561339 
1242511 
19430233 
133306120 
8834882 
14511951 
12193342 
808627 
50393960 
57129271 
37570179 
43435902 
181726178 
134037030 
32981735 
21245863 
43426292 
46675058 
138227966 
63111941 
57670074 
36218435 
90420314 
24631441 
37917164 
11831752 
17002185 
20095393 
1586501 
113420831 
818927131883356161 
16644421 
13475802 
36569864 
73031343 
84351228 
28420170 
38883394 
37191062 
40511475 
141186899 
31222692 
15827269 
49763705 
19777398 
117442888 
1103021 
59947068 
62685491 
24216951 
26103389 
13058232 
12925072 
14958607 
126198709 
119837817 
140569932 
11733372 
17283207 
30278532 
2467791 
9737032 
17001663 
15222806 
14120151 
30973 
18210499 
18335777 
824157 
17631532 
42958829 
15012486 
118464183 
18147879 
7694352 
18695316 
17489778 
95056028 
44043034 
130268681 
73147282 
18201468 
86377066 
4488 
19607838 
20608401 
4753961 
12621692 
6351242 
17396769 
94184550 
16974245 
86387084 
43553 
13493302 
20958507 
14532536 
4791 
16364071 
20562637 
14705027 
6046202 
11009852 
41807002 
15381489 
30104231 
23067991 
27178650 
80044759 
18812572 
51233328 
25693406 
17010390 
15412376 
15432258 
14304642 
17980185 
25896050 
23040137 
15109378 
13953552 
20091271 
16298073 
23081056 
90277848 
15469101 
91066915 
17075423 
16296057 
14284905 
27149906 
34731203 
12460982 
106779916 
16378486 
35754345 
104952689 
17205354 
79268411 
14677919 
35664799 
99155524 
59123296 
49118889 
21217761 
41364718 
17678589 
108208824 
102089760 
34741439 
46238000 
22883726 
19907538 
10169382 
45993 
717313 
17177001 
105343853 
813213 
56179493 
52860890 
22679419 
13682512 
29045396 
89480489 
90658307 
14466005 
14787085 
21878762 
38228827 
14342384 
15854776 
14061849 
19781646 
51241574 
39308549 
96692019 
34777831 
18993395 
14150360 
26607725 
52613032 
17164327 
46015472 
102134994 
15705567 
18274904 
23399213 
15955754 
15916280 
16415369 
101889465 
14631679 
16931427 
15391295 
21875890 
15234546 
18638502 
70403330 
40167082 
27867017 
11856092 
15367279 
30008188 
16012783 
47838637 
14085662 
7745472 
23486491 
18343801 
17627190 
18126845 
26233680 
23455653 
16892481 
14780660 
68511980 
16744070 
19614380 
25581439 
76170172 
17970296 
20802030 
52396265 
19247844 
82920609 
43425975 
43430441 
14827129 
69611893 
77218869 
14615027 
15199539 
16018805 
643753 
2877231 
6065942 
39053557 
8340752 
74624301 
26171477 
21215585 
6203092 
35020823 
32277346 
78104124 
1511801 
9547482 
34373064 
9366702 
14984090 
4547141 
71321874 
72580155 
50002300 
6999982 
30067105 
14269865 
19781200 
2317861 
70740491 
21096633 
9626422 
20642650 
17036898 
10220942 
6421992 
1468151 
33672049 
16664681 
17698956 
13986572 
18952294 
41204528 
18935711 
6206612 
55004515 
19775278 
36102868 
54215090 
34680059 
26520417 
31120814 
22783783 
21238039 
10014742 
41640047 
15586316 
18024105 
9670212 
17968719 
14539324 
15458694 
21795022 
10021922 
4515591 
17466186 
14072782 
11101542 
21660877 
13326872 
16249259 
7073672 
54573060 
21271500 
17452788 
13336102 
16228479 
40931557 
18647441 
1162611 
15527075 
49046315 
15859039 
15693493 
44039298 
14939981 
15922214 
17220934 
14251712 
21982720 
1775731 
11340982 
17565514 
44269958 
652193 
611953 
814253 
5024061 
8453452 
611823 
784912 
11076942 
8029402 
11350892 
14571399 
13029 
7301572 
17087370 
1399231 
759251 
18791763 
9641832 
19195914 
7309052 
17791617 
2735591 
24046064 
11857072 
5402612 
16744503 
15025979 
734493 
15754281 
819800 
15962108 
23181333 
23211454 
23318962 
15208246 
6031002 
14372486 
29200540 
24393 
1501471 
1378711 
15731368 
1336231 
1953001 
19397785 
20532386 
21256413 
30205586 
28785486 
29710089 
6730222 
19614344 
8965112 
2053051 
1872601 
15137060 
18220249 
12615582 
13521702 
16444606 
15865878 
20542450 
16342108 
17133817 
15407169 
5695942 
15736479 
18639249 
13940392 
14361253 
1332261 
12562202 
6217102 
12480582 
17033727 
14208446 
13084602 
8962882 
2444931 
14606977 
14603493 
25553507 
14874480 
15723732 
1581511 
15650998 
26260064 
6141832 
16433462 
7744592 
18812301 
22799750 
20109973 
2884771 
989 
22650211 
822215673812119553 
14761795 
20466215 
9534522 
8841372 
15808765 
7259302 
30313925 
22685200 
16312576 
17074440 
657863 
20608910 
19058681 
14575107 
19784831 
28558308 
12798452 
11833202 
29453987 
8921852 
37570706 
2893971 
3759441 
18844557 
17193027 
678953 
8963722 
40063894 
1046791 
19560636 
23084207 
35002876 
17035063 
34248286 
21807420 
15211440 
29771100 
18433960 
18812949 
25886862 
19784303 
18771233 
11856142 
16949403 
40912473 
14402027 
34718083 
31466300 
44773726 
4255361 
17240275 
17029640 
15455902 
23108231 
5261201 
39508907 
8383592 
20629438 
4641021 
27890540 
13837292 
13112822 
14364049 
13212502 
27029537 
13 
6237992 
781408 
24927996 
15066271 
15029825 
16243030 
41637726 
42987165 
21024997 
8883192 
1309321 
14245378 
14055368 
22684343 
6629912 
12655132 
14022672 
11473162 
37135005 
14437088 
18688149 
15985743 
23948221 
30003842 
26321150 
29763145 
14923504 
22934588 
32628749 
28335900 
28144343 
25716588 
2986 
12292472 
18195841 
22873424 
34769399 
17091688 
20805177 
21524947 
20647199 
14781615 
17030613 
5668942 
24773177 
31997610 
14266835 
26526042 
31858561 
31542870 
14254352 
19539314 
14434070 
10454572 
1976841 
10755542 
18995454 
26818542 
3705681 
14323791 
12796532 
17322309 
16808381 
29000374 
27616062 
15828276 
16333694 
15485441 
19329393 
15224867 
16941646 
21324258 
19637934 
1095691 
18267597 
14548783 
14137885 
14763734 
15467911 
9917512 
2787551 
14345897 
19639085 
14115912 
11107512 
3750071 
11435642 
17807004 
10498942 
7433772 
1051731 
24364940 
20632528 
20640328 
18192214 
22993322 
16317603 
807095 
14110839 
14818045 
19047058 
8340712 
14791308 
18059920 
16658967 
15663307 
8941972 
19259102 
18858395 
14312391 
7228682 
3108351 
14600116 
14895776 
19087497 
6076652 
14306737 
4898501 
811972 
18846200 
19026648 
428333 
649673 
3460751 
14834340 
14362028 
10496902 
3635501 
14871264 
1536811 
10419 
6752572 
14647570 
15859033 
1174241 
6291872 
16026783 
1899161 
17833833 
82243 
6612402 
7140202 
14716014 
14688489 
7592642 
7453012 
14246001 
11771512 
15222812 
15716419 
12337072 
16129920 
9337782 
17221422 
14268812 
14857438 
6595682 
14090245 
14189454 
8132322 
14515799 
16807041 
14885734 
14587670 
14575846 
14547546 
1045751 
4628121 
14902214 
10234162 
4769331 
18959163 
14328066 
2687421 
12930632 
4278201 
14925878 
21772531 
15294967 
8162322 
14529929 
21413240 
19781974 
21420875 
17178203 
18360143 
15005584 
14351552 
16674316 
15017310 
15809217 
15481150 
19294714 
21318844 
20465716 
13774792 
15073240 
10846482 
9549942 
15823784 
15308469 
18164926 
15087011 
11013952 
11069462 
5392522 
1295561 
8596022 
14475582 
20721940 
14326090 
19736562 
14692160 
20213955 
6324592 
17378252 
14298264 
16738869 
14505167 
6484412 
17279594 
19077435 
17219499 
15815704 
14293310 
15752255 
14800270 
661403 
17809507 
15057943 
5911972 
15492359 
16578657 
813286 
17061185 
17003289 
16638496 
14858201 
16636770 
11525 
10341 
839891 
10941 
64543 
13348 
746323 
2946711 
820828 
10178 
811027 
47083 
679303 
16073158 
15854248 
4500471 
15525530 
799630 
5947302 
7837062 
14304040 
14318119 
9853212 
9151782 
839561 
839321 
174853 
79543 
2579761 
15223875 
816653 
9192492 
14279577 
711303 
15431076 
15426065 
2569261 
11028712 
1000591 
2384071 
14687193 
5746452 
5763262 
11489 
4651761 
972651 
36823 
14202246 
11640472 
1422311 
818155 
1318301 
14801954 
11998942 
14586228 
14115739 
14221852 
6419342 
7853402 
10690222 
5699042 
3840 
12801402 
