774295855 
15896003 
117778179 
37338814 
14466538 
17006036 
22162854 
13393052 
731132367058968576 
49698134 
713839291210792960 
704967105402114048 
133938408 
2573480784 
18808895 
215952307 
2835886194 
762709238 
12044602 
62513246 
738080573365702657 
823565852922576897 
3240143771 
824320219866923018 
227720229 
373157754 
574168493 
304679484 
257126765 
2523167316 
15966494 
71028123 
4754596393 
288452305 
20196258 
20479813 
130496027 
18622869 
27908189 
17933431 
746387674286559232 
228794007 
75069067 
702147673651027968 
357606935 
20518035 
602213474 
172858784 
3232054991 
16402111 
31464977 
2321016078 
313663341 
95713333 
91426605 
19412785 
459798048 
87071266 
2230028774 
24009286 
23112236 
119879374 
12011422 
6375322 
564028464 
17137628 
14877902 
22685200 
15922687 
48269483 
18094552 
14177942 
15935383 
17789578 
60970661 
63262233 
15808765 
60919240 
36743910 
79699927 
2238074804 
184454597 
47138008 
40353822 
17269930 
27317015 
44144900 
19307505 
22759706 
216776631 
3594684864 
24648767 
531561605 
263879706 
16217590 
25754655 
88792492 
251873156 
13615722 
1708464409 
175566442 
29794482 
282780964 
28161405 
19568680 
2916305152 
519667132 
21765153 
403991138 
2813184458 
42909183 
378428081 
33031002 
254207693 
22516499 
21955058 
217102076 
23497233 
43442968 
625238277 
85787834 
19459649 
1071490310 
30004537 
238253819 
23630595 
20443852 
524167164 
16496577 
39260028 
14169168 
20244875 
53350623 
28413496 
55493018 
17683676 
1896068346 
732796657 
77311572 
575182778 
222118628 
237369009 
449849732 
93736851 
247287897 
44375613 
222734344 
204827137 
19684632 
20997660 
243767377 
2217142543 
3005068795 
46220856 
3037194144 
2984882238 
3037148238 
2984898000 
3158431765 
256165541 
60818204 
19103481 
16573745 
40780945 
18751949 
54814657 
141296076 
52437361 
85259796 
35879215 
19826122 
222506742 
76695044 
741770449 
147355955 
17813885 
204832963 
13544112 
143224855 
3253394766 
18676526 
18029498 
5699 
32121726 
1041346340 
318531174 
1181218518 
25663510 
1571792791 
28074588 
20104965 
42583325 
61408528 
29542231 
21059542 
386160009 
2820451092 
66908780 
27726303 
103666927 
6352012 
57279246 
2312400798 
16873300 
189258194 
48897303 
3308472442 
158766197 
20649962 
61346129 
96729515 
21238039 
24706309 
19639085 
62816265 
15446126 
14376953 
26576457 
8223872 
3014835196 
16661296 
14435332 
970207298 
2746932876 
2358970092 
20035593 
939471511 
980904206 
190072402 
22563156 
1542533869 
2835276183 
15736099 
1536791610 
823606524 
229149032 
36719407 
32409483 
66564236 
2437374866 
1589317184 
1537369278 
1171501316 
1511348802 
2397980042 
2371415119 
201049831 
1392869264 
197119796 
2992975400 
19576400 
36590077 
25765308 
16410876 
2761508469 
21718777 
16056711 
36409447 
17006399 
2439095358 
76452158 
14415363 
280702165 
84625059 
19450761 
47285504 
2439032786 
15759775 
140568168 
276850773 
17228366 
35798784 
81933926 
102148991 
571202103 
43190270 
1615463502 
15007149 
1339835893 
230451808 
42891240 
151232686 
104738378 
17853760 
24608680 
17070113 
47851029 
109954164 
19301925 
1529958432 
2729384973 
3004235922 
14442359 
77908802 
21386236 
18533588 
220244459 
57775420 
2875958982 
176306839 
2329475930 
125306809 
119795566 
238095943 
28090945 
312739589 
290566948 
23535227 
202415747 
75321229 
1183853774 
19432973 
2237912659 
70740986 
88856792 
297882651 
366220777 
82455213 
35005178 
41995398 
56150983 
54730258 
189376144 
228707308 
902200087 
17899439 
18255729 
19684833 
535376169 
487977202 
1198406491 
229219088 
16871083 
618300542 
243835805 
214434253 
150120631 
2587921392 
1733621 
17516149 
1542475838 
50374439 
500042487 
224809313 
45004823 
22811937 
2468239741 
87595338 
185497496 
66263785 
361600531 
20490840 
16607099 
227830681 
551971949 
1855788019 
63302020 
570116176 
442237496 
414304780 
215956841 
1328622408 
106127423 
431772161 
843839143 
46217073 
1055402564 
1398324674 
300048355 
121410572 
338286425 
74110421 
41572208 
39718991 
78913162 
473274733 
331075564 
297898393 
127454658 
155889035 
24026751 
72678264 
26419078 
27271828 
168660177 
63671461 
24132507 
340602009 
550342513 
59222022 
40081196 
21186298 
16345878 
1595561010 
637338906 
1589296243 
258896042 
286925325 
488620840 
1373486120 
19773766 
97564473 
21943045 
2691552012 
19333719 
25100680 
25543672 
3017945040 
75641903 
107341668 
20645295 
16014435 
3012066232 
620417290 
60096330 
1849462320 
71684983 
716565973 
2263319437 
44909560 
34419095 
16473793 
21725091 
1274550090 
396345291 
39184406 
336182025 
57445489 
213566907 
496458349 
224064036 
462528317 
564262108 
20028484 
15911028 
76026640 
27043036 
8211752 
216056109 
18028429 
182022218 
102342138 
23532035 
2322372248 
38573404 
525782328 
42436219 
326260097 
439767390 
2391637196 
15225575 
302974524 
429645645 
14142080 
20565284 
20777047 
17836026 
216946328 
85562303 
207569348 
550429683 
52488565 
17290350 
48168973 
104969057 
1660468830 
29561813 
421944319 
862483279 
320134516 
194190261 
25347314 
282394268 
19798107 
24676805 
21167902 
19120191 
25524289 
228150912 
790999358 
23122371 
488324793 
59919672 
16305330 
46706105 
234810699 
263126198 
113457640 
22498978 
14614122 
25083613 
10370602 
16336896 
30082142 
42978194 
24563315 
28207101 
28208983 
189970951 
33581258 
65772461 
15319060 
91285471 
381667998 
2540162023 
37746503 
14607413 
228729220 
80705398 
40870472 
83992527 
21044790 
46779191 
42389136 
176449552 
17372914 
131497030 
36139712 
14982804 
18566762 
17929562 
32436402 
80844313 
21162219 
373172748 
17296551 
19725644 
1046353268 
168103226 
39876885 
266419754 
242292351 
1475603058 
357155144 
37855223 
2696368585 
2330822809 
641013 
2327926069 
602110297 
236956880 
1110190452 
559808578 
81225346 
18319313 
21948470 
521399140 
201301372 
319673970 
18919273 
178362232 
550261515 
87966593 
20778387 
22616156 
57258642 
19914987 
174743781 
1539359486 
21866534 
20642650 
58013925 
22460919 
18384853 
588427901 
316026790 
435271763 
38910086 
33000676 
19152293 
1177521 
18452449 
13799612 
2216510652 
17945318 
134971351 
116847429 
2231230830 
78027796 
6681342 
79368995 
26049108 
18694861 
20258334 
384940104 
19982260 
64496398 
46519992 
172834226 
155632902 
25056239 
193451483 
239662786 
14718073 
711129954 
28736496 
14534060 
73210123 
15678511 
78660765 
151173219 
24626354 
805134350 
41557363 
27881800 
49551150 
46458685 
77279308 
57830672 
2505749342 
29108365 
22147137 
69321918 
29442313 
59159771 
20818801 
613232256 
192783666 
97912404 
104590024 
525725211 
75136876 
16198057 
29247612 
222759609 
1103080440 
16887308 
2292488509 
42114828 
20033868 
21584689 
37510619 
17882897 
1099592130 
26125697 
16015517 
36218435 
16135536 
18124613 
21362105 
21774672 
12231572 
118502453 
179657772 
30243037 
440279325 
422305556 
2178503108 
254841122 
29355352 
127075339 
830771600 
2319068054 
2301839498 
556297194 
1575088950 
50837487 
565393378 
18648536 
27571610 
130922325 
387539520 
2324015280 
18637580 
23779324 
24031223 
55321197 
47481061 
16279105 
116333633 
17514171 
111210560 
4519121 
25829051 
189734996 
40707340 
9826812 
40525534 
40079154 
14759840 
9590262 
25023809 
497092794 
1631255976 
972651 
34378611 
383183577 
18363508 
334819745 
73224714 
14323300 
15046999 
24961671 
74913349 
35376813 
265241140 
1581850604 
239936765 
17236976 
253216422 
24082814 
91460059 
232634193 
308862969 
383506589 
44708490 
20696985 
19388771 
21086501 
14749383 
486955518 
166747718 
6779242 
43969388 
78644388 
20961788 
1540529606 
1604444052 
18465629 
29085908 
259701844 
25110374 
39605560 
17833574 
255318691 
1455292968 
1528052304 
756459446 
14475698 
10380732 
47488414 
54999357 
21276574 
15681597 
7614292 
29169161 
15594318 
14912751 
250000410 
71325392 
41687953 
37534994 
11277292 
17632756 
14192000 
1568584344 
41614813 
25554072 
15406225 
50395150 
373951375 
22685969 
14135350 
18688051 
18638502 
17462723 
16428074 
16945341 
6153732 
11388132 
28049003 
75803311 
15085196 
30331417 
24412881 
7845362 
22918410 
18853944 
927879680 
27754021 
15288851 
15382837 
22829147 
20289274 
35857989 
12804312 
30008760 
297247574 
488758164 
892448738 
31185532 
1661583098 
16992445 
70569576 
127384639 
788953783 
179661493 
1410865572 
315098310 
143375736 
21422124 
52368140 
1363520268 
190946220 
14220688 
763062253 
705244917 
80811754 
17427311 
24926413 
176774100 
64596856 
167947361 
140699869 
178177564 
23027648 
24119113 
15274522 
63188858 
17975938 
89565060 
19260016 
83925694 
1633931089 
44010270 
251433567 
20732735 
25017147 
19922170 
16345086 
399473094 
1475276150 
241272537 
22647237 
24986200 
290693992 
1567858968 
21851690 
1117086661 
19886029 
65609714 
276540738 
156735736 
34687638 
17174309 
87038116 
254348951 
335369838 
335972576 
18975548 
20599403 
274618252 
19730048 
260886770 
15936868 
371586386 
101146132 
60942888 
1502806892 
473689699 
528915816 
341908197 
247399641 
906111253 
568825492 
8161232 
194443371 
15164565 
1947301 
1449067340 
16935292 
14090948 
1381926373 
1398275840 
974735124 
606776750 
16973333 
87818409 
16589206 
225235528 
214205356 
107751737 
228531431 
230527949 
279390084 
32939851 
91180720 
18276341 
15220768 
18470118 
243842125 
54994502 
52057854 
561518048 
26784273 
17833422 
67918705 
15784587 
250295256 
47681255 
40100421 
5394382 
84859490 
2264785178 
354378085 
88666244 
18134856 
15585752 
105571819 
7976822 
18424872 
19569559 
24181936 
195557168 
21969308 
47266035 
145835700 
52810109 
17486893 
75094179 
26307096 
44329979 
70442891 
284115970 
1604537340 
17904774 
19616093 
89898430 
17229809 
200163448 
21193261 
21274000 
1367774718 
113897988 
9207632 
52702323 
26380564 
306473980 
134372101 
90069517 
14782164 
91293793 
26088221 
25105679 
1481024432 
79331974 
226214963 
19674128 
538021652 
28387160 
28206360 
43522180 
19637579 
1918228742 
48462490 
940808108 
964212584 
244545159 
69542069 
20104479 
294636267 
19520983 
45777849 
34914032 
31316512 
1314866862 
58957754 
22288091 
1201710146 
44826564 
116529568 
290965524 
20873645 
20364576 
5943942 
64561546 
634050616 
238730481 
121373724 
5695632 
2241412830 
15723971 
19417135 
1372975219 
107495899 
448524565 
250740725 
23121414 
410810987 
18057465 
5438392 
45689597 
261795735 
417242493 
1416487394 
16729270 
1703679163 
54205414 
14236207 
968077934 
708826764 
800803620 
2317351705 
23004140 
88019884 
16583821 
17519527 
65289126 
471696553 
73778418 
16638708 
602317143 
128956175 
344538987 
26531880 
20956433 
762151105 
21495129 
46949238 
1915336519 
228870850 
20591025 
221941363 
381565337 
34427391 
271725689 
30065770 
29588859 
42029871 
37710752 
316389142 
126000232 
2299414470 
123574362 
27953299 
439366002 
18583294 
15317676 
26349687 
121574840 
29344169 
2274111126 
84927758 
250538028 
20726007 
24457453 
17358952 
35305778 
87148957 
18130181 
50033598 
50029614 
180831007 
37560325 
24548830 
10374002 
40041875 
14862300 
16974981 
19917843 
63858347 
9617702 
27013292 
43591828 
2204252460 
478408022 
19097352 
58073614 
462185619 
323222280 
277754759 
108192520 
113134752 
23027237 
20344826 
24807616 
30040309 
732515900 
21522338 
131008651 
17427578 
225962422 
192700558 
192693307 
213282389 
466803719 
346276932 
18518096 
90420314 
2252642910 
307990161 
15911376 
14179132 
20484899 
80764810 
15675939 
23747279 
16870853 
29865117 
14051634 
40983194 
13809092 
19885140 
17222678 
5045231 
40705626 
6224132 
23740831 
524642832 
86028671 
1489922672 
51040617 
84314683 
15588657 
21135496 
43464948 
14362241 
14289603 
47755632 
36137348 
14590300 
106230431 
20102083 
21986561 
89486038 
21178944 
216744325 
18066264 
461004720 
20079697 
59825798 
45936631 
17147441 
81249728 
23273160 
55868276 
47011009 
5644962 
7989792 
114562392 
43761917 
33096011 
320666303 
191086081 
19920219 
356139621 
569714177 
38055815 
27690898 
19409588 
21681783 
93963821 
271196899 
126354335 
1665635378 
21787625 
15910041 
78217775 
56339429 
20086998 
18705467 
891794228 
13201312 
28594165 
977733859 
202769891 
30544925 
13784322 
52952607 
80678758 
284756662 
371828170 
369175995 
15022633 
14634720 
78361556 
20068053 
18713552 
14786217 
61306771 
5360012 
34113439 
217998909 
55745414 
10340482 
21434307 
12386552 
333218840 
16643805 
22984215 
233288673 
22061737 
122097290 
23502791 
81198123 
40002655 
18820677 
129676316 
21174603 
1078457534 
146618868 
28637641 
19686204 
31583882 
27658173 
45332531 
188752382 
32774989 
55491135 
14267393 
34437965 
29312953 
19608297 
15608347 
9867582 
16579346 
15589079 
42248830 
17607990 
20474854 
18177126 
1069725937 
195592527 
21439334 
20710330 
17872898 
10950372 
17036898 
16929559 
14035292 
15917819 
17718497 
357584312 
19404112 
255192385 
15711760 
38078047 
21844990 
33860739 
19851111 
83770963 
27035865 
124401307 
41683247 
90573676 
214242944 
46219221 
81783051 
20729766 
58840693 
44418012 
333495253 
23357735 
25999567 
41427641 
61357575 
22486728 
381149705 
21663950 
273062681 
378746121 
102793896 
134555743 
9130882 
28642017 
26309215 
20002184 
151099524 
76230888 
1223349259 
52102976 
15057943 
23815359 
19412366 
18023887 
20622594 
18637730 
16517711 
12804422 
21108916 
18807671 
5225991 
23985796 
29988606 
32137602 
2874831 
15996661 
7871772 
283895895 
9855132 
373416209 
15208872 
20297091 
27150723 
234199020 
80684541 
17262076 
524487620 
14247155 
18091706 
104960120 
92411949 
968860928 
23654040 
10292772 
35231986 
32036992 
343708563 
114776155 
43368985 
55049476 
66920732 
15309072 
76750204 
102397497 
37595712 
1202793056 
23102487 
19418459 
40127770 
2890961 
717313 
816653 
1344951 
104563251 
134832243 
275686563 
40063642 
16957618 
93793059 
26547954 
5248441 
247560825 
409486555 
2218530968 
29548378 
18763909 
21542677 
64814367 
20622466 
255747911 
19902330 
19801012 
21503254 
6487292 
95073890 
52871994 
95582832 
35857899 
23776526 
40280441 
17358750 
17019152 
40101400 
217732484 
36075739 
292581367 
22838300 
17948322 
19279990 
13493302 
55355654 
78895714 
18510860 
192423161 
16229878 
127839157 
15639642 
178975033 
15397978 
42665683 
16046640 
19100811 
155344404 
28345417 
27585991 
84592338 
275471220 
26779967 
33323849 
52898082 
27074856 
126047659 
22035674 
110636926 
22748403 
115414241 
133778269 
41160647 
35764723 
26099580 
28861486 
108249818 
20687655 
80107076 
7867072 
15847523 
31018262 
33231030 
62546958 
44549326 
24033837 
27806987 
39596678 
19834403 
476193064 
225698497 
229951883 
811377 
219227657 
17740847 
148529707 
17006157 
14604080 
14902981 
18476633 
1431462456 
14057743 
169790214 
995018826 
11094232 
34838374 
27504825 
47369211 
25412093 
369145797 
46066887 
586749256 
338439262 
170918390 
832544636 
459627571 
22563769 
94501797 
398181287 
20475901 
993763376 
58542793 
15403972 
260456012 
153865635 
49356966 
103055578 
344563598 
78280760 
21065158 
20463580 
1324982814 
28906550 
72870945 
147707120 
36923667 
123900850 
27564676 
48943072 
15629037 
15469170 
469799057 
133800141 
29328707 
14752085 
50367908 
102600381 
18591860 
23321855 
23958608 
37251642 
54365543 
22832029 
197117628 
16660662 
24707301 
132540959 
15506034 
688583 
40454496 
50062886 
394216985 
15666380 
20937548 
21705931 
18661107 
94947821 
39097715 
22214469 
7235292 
114807372 
29260729 
19997751 
280022798 
18396070 
614676279 
116255906 
11447852 
1715051 
176486829 
49585215 
26003792 
62786088 
36170243 
819757183 
42744294 
106790793 
53717630 
183022206 
17369528 
86663547 
1191021602 
25521345 
2216728392 
21443849 
29261344 
562381032 
15649544 
516068866 
103602549 
868907881 
114680951 
286311652 
139871341 
285949141 
41866944 
115754870 
24258355 
156703288 
18170896 
408759663 
807674 
208711264 
237870401 
21879024 
385606973 
21414413 
1102051549 
14098082 
15444807 
18755564 
67819221 
28176387 
16147151 
543722604 
883493958 
14968715 
19811019 
131244015 
41215523 
73454182 
15858184 
20543416 
313990763 
20165753 
271681851 
989771040 
159121042 
448476934 
26604904 
14991920 
19711765 
16029780 
17596622 
34321294 
3459051 
20027105 
32164401 
19363528 
33787936 
17850456 
89503894 
27816957 
23177270 
21771224 
156132825 
1901546563 
368216109 
24223641 
394081026 
38907408 
103031056 
265944831 
275361193 
15868528 
16185414 
38048560 
10101462 
15620557 
36467843 
17156000 
50574640 
266303611 
60116057 
141201613 
20927790 
19567557 
67059584 
15461733 
104201057 
24919888 
307634534 
121516484 
19080760 
19721402 
110783489 
309249823 
17808932 
19656482 
182094740 
29547943 
19256563 
20496340 
213668537 
299323282 
128990079 
15122826 
105675946 
26323017 
25199287 
21586997 
73218364 
16157577 
20299862 
29663668 
39635217 
26946348 
96829836 
17169320 
8320242 
15833470 
28581873 
17327103 
21971827 
47305686 
19570059 
27749259 
36050801 
47359148 
202222127 
51086473 
26131703 
30452129 
42457707 
50206480 
65951309 
21735571 
142821031 
46206429 
21680786 
61332900 
76456971 
16400475 
57301115 
19384519 
21082927 
38832941 
22859921 
45166526 
22860014 
40212374 
18639239 
33824691 
300658722 
49934054 
27907880 
19309716 
72270185 
60537005 
104259538 
136079883 
57735271 
59499516 
122039670 
19349900 
41567298 
42101877 
70996993 
21056175 
77646345 
18392092 
30847613 
28754162 
24203726 
22412376 
61049122 
20100889 
22588272 
42182589 
19022373 
37518096 
80599812 
38982743 
28744383 
14348594 
114669858 
26170138 
31351370 
365673204 
560595367 
41975140 
58590381 
121336486 
112830007 
1093090866 
1330457336 
16129920 
344955115 
7848802 
18948541 
24447643 
262673613 
241857492 
22541524 
6001502 
288978042 
355172993 
15825515 
80152829 
443256147 
15346786 
751892395 
451805415 
18278940 
127100786 
253891954 
15532094 
541109507 
169969771 
40987850 
25601421 
15861584 
20926531 
19009399 
69798672 
24486829 
18106311 
34947001 
34494824 
120887703 
568582923 
486813761 
264587728 
81218257 
1700560519 
14546414 
43904362 
356278131 
22284486 
19714248 
25406310 
21952470 
528695347 
65113 
15433596 
275103849 
20872805 
23907136 
19310670 
20361507 
130513765 
23544596 
393661882 
89168924 
18903971 
245459170 
77120610 
21999730 
93842035 
10072282 
100254013 
15852417 
46279037 
475294381 
108382988 
373471064 
13298072 
24901629 
805952226 
110509537 
44196397 
122533830 
24278900 
30254855 
35831704 
18750157 
26043177 
19011738 
24847990 
1225318248 
60316343 
43789020 
21283719 
225036790 
104141653 
21862875 
38908559 
26711318 
60400996 
20 
14514804 
35773039 
12369372 
5867322 
10541702 
300982287 
20187034 
16186995 
72385228 
25238527 
5947852 
20789370 
139695871 
12743612 
15703753 
9639502 
226414228 
25357255 
46658897 
30354269 
16618332 
25194335 
15958130 
14098103 
73044997 
25382485 
23161070 
22114303 
23599540 
3984681 
15776837 
14462439 
22611082 
31141686 
31369541 
7736222 
20162248 
21641130 
21066807 
16908562 
124258711 
96678964 
9890492 
21754399 
292092669 
80096621 
884747509 
78387502 
61703133 
53342536 
161844797 
6480682 
238319766 
112508240 
80700514 
115485051 
488648844 
456907769 
34514558 
16930323 
50571047 
32132853 
30893882 
139583855 
114873142 
47468360 
844427911 
16202317 
31766093 
3985381 
86180513 
97478285 
230175932 
138457024 
258504509 
144424742 
61302982 
95948044 
20716038 
213885409 
80169141 
57115575 
182330041 
42988213 
28609947 
19468364 
1099431127 
60103934 
1177196684 
15650636 
47668903 
36836693 
123266709 
17225211 
28596709 
1924391640 
750324588 
14992973 
20756169 
18672145 
16048320 
40339644 
53184837 
15381688 
20874701 
39030296 
45629519 
76646537 
41657636 
17220934 
32309662 
813286 
20609518 
52551600 
443215941 
36686415 
57084769 
24961860 
216220768 
48119943 
757543165 
456862468 
189584735 
22533473 
26053643 
21816984 
18104752 
52549660 
146290693 
367284950 
1228516999 
45371222 
125481462 
41073372 
34743251 
21436960 
15473958 
14091091 
19802879 
14248315 
43928023 
14955908 
792189626 
435951032 
15769327 
25179560 
15553222 
23992315 
41476705 
18038269 
206105134 
32940477 
21228337 
5135521 
18599435 
12844642 
17792220 
288829295 
13784592 
17572133 
22508364 
98413335 
365445243 
40139016 
287308021 
102361784 
103032613 
473990699 
18393773 
15977916 
14123408 
162176728 
28709890 
71256932 
14075928 
185408277 
20197768 
165511377 
21718006 
16303106 
18517910 
14133970 
15485441 
139162440 
15693493 
714249878 
15936257 
16118151 
17681513 
24290310 
60971837 
19637934 
15813516 
14802008 
40738160 
14878485 
23036827 
275197798 
19619541 
429949336 
13482722 
371421798 
518289086 
422193890 
36208197 
17573212 
1444944103 
426044697 
37982492 
9636632 
172933437 
154677827 
466200116 
19757915 
311435637 
415860687 
158414847 
8295072 
1435461 
11348282 
34554134 
21249438 
15962096 
