73402979 
14677919 
54925479 
552019474 
830128820447539208 
17004618 
816438390862282752 
172418264 
15025238 
378147850 
34036358 
375662595 
19394188 
378100958 
939091 
377439566 
780104972 
51241574 
475454826 
4248211 
362194251 
109025212 
14260960 
26645513 
13393052 
3061977469 
805045772 
98484157 
409486555 
413223602 
16129920 
813286 
19404869 
19034656 
293131808 
780845944346521600 
796137455141302272 
38804737 
174110843 
4208938154 
493041694 
20574680 
102594136 
1051396218 
104337086 
26548315 
14815608 
78097119 
131497030 
1542228578 
23785621 
36711022 
69082951 
20655424 
31981323 
590089435 
158470209 
117501995 
48148030 
1917731 
755130691579420672 
89792361 
1546709294 
2330504611 
1037235655 
358457859 
3345679761 
713556035928244225 
713547765721206785 
1920042613 
46413259 
15970050 
15938208 
981949206 
534721187 
4120894762 
22677427 
1851865598 
21342715 
12763982 
279404599 
21802889 
21212087 
130496027 
1198406491 
2439032786 
19568591 
778250069485166593 
271725689 
21394379 
1968962180 
757303975 
1339835893 
1559383231 
507076281 
764608848 
158092728 
1679227753 
2463303265 
16785742 
183439845 
704434139521482752 
933832262 
392769284 
1452783098 
3420477195 
814036159 
3299696352 
69080427 
18952931 
739890882418069504 
956834821 
389162590 
207555865 
57108073 
1437271686 
16012783 
52596376 
16103326 
18223105 
21312961 
3059072047 
64248024 
1068499286 
2205461977 
462588502 
86222847 
191158722 
2201794429 
581219754 
459691119 
41435946 
130997057 
2289877968 
92717138 
1077214808 
19658826 
519058739 
23116280 
19794121 
66021490 
125128420 
15888142 
399085543 
168780835 
34998312 
192949370 
3179591491 
38486918 
26276131 
293742387 
42658883 
34717052 
142762383 
1427797710 
810094262 
330400536 
3141720178 
47517209 
19730826 
277736104 
471665996 
836575375 
3634127357 
166252256 
1564013720 
2930635215 
1244534010 
217089789 
130950812 
61664795 
67514695 
20626697 
182561850 
19876216 
2953894458 
1393559060 
119625403 
14496034 
59128257 
1085341 
583269154 
14325025 
844047523 
83512369 
24040392 
586671909 
2445809510 
50998548 
1419278364 
6852682 
1411257175 
369306404 
2745231356 
59949396 
20750406 
3167735974 
72842277 
958046214 
1920966067 
771181627 
268846200 
829721714 
2901024249 
391037985 
34412264 
16730690 
26298898 
16578875 
399531837 
524529553 
41806795 
23760311 
182839127 
16145097 
531154069 
171198994 
162118290 
19920464 
22957919 
89788062 
428333 
94191302 
1375370167 
45979651 
1732710920 
594258312 
18217008 
221480807 
5009931 
30885712 
1393155566 
620732694 
31005917 
83277772 
15808647 
13787402 
87510486 
21792950 
32372834 
24876649 
210674015 
94633526 
14323791 
82788404 
106542267 
82516560 
17382568 
58489734 
4503491 
16623719 
16982863 
22820895 
20798363 
14800541 
11053512 
17845620 
11918832 
14647570 
15859033 
21340725 
16817883 
20457323 
16224705 
8383592 
15176954 
