2826085948 
33483952 
2237665441 
843570076188135425 
4782644366 
831782563 
2577278048 
25724330 
289182486 
839566497785778182 
761672557 
289989015 
834550648326725632 
717794452694310914 
2816827603 
2444425802 
94054016 
762799939395158016 
2994291610 
797869498757955589 
846198307 
782347886558318592 
825331106169942016 
255903064 
17510381 
777561760832299008 
13330262 
786361911910596608 
20503778 
816426906174291969 
20511806 
3602510117 
247264070 
347283529 
3118766320 
18213904 
2858894962 
20427739 
783003839058378752 
718522432789876736 
3290488834 
80892866 
1921005008 
800943278053015552 
393093749 
19543893 
717705532476416000 
417100195 
4928352694 
20945303 
21777233 
795213684867993600 
2769832458 
96185045 
61838384 
117748564 
102979946 
710433071313625090 
280735171 
778944137596903424 
605449612 
752846526309863424 
780150105584312320 
777212364567547905 
271340648 
17952989 
877331126 
256516661 
781589303952609281 
46436985 
278594487 
1685778668 
626522635 
2973778875 
405718517 
3895427241 
774306161411719168 
48989848 
771358777455046658 
1261754016 
1062663782 
1217217404 
763457595973795841 
4827016745 
1068051367 
42230810 
2491702663 
3367677790 
50121995 
720904939 
2784896732 
188712337 
1072454149 
748156969832308736 
50316426 
414089789 
731580662520680449 
329619367 
14063131 
589023386 
3150138292 
34569656 
8306012 
22122112 
3186810953 
310833181 
305930837 
86218971 
27636051 
2839430431 
2831531811 
139161581 
2790100646 
28891752 
4321817794 
1068602810 
738717009983209472 
720997561222488065 
1137192086 
746296953684828162 
18936161 
67682450 
132636211 
22012028 
21261867 
3110223256 
497822154 
356269229 
731966382556975104 
3030151756 
2309814522 
872523404 
85317978 
277146308 
1286402402 
2657353852 
43383036 
273540179 
256128995 
1227373608 
93265125 
2817674082 
4372650861 
3077462109 
719124652195495937 
734492654755577858 
2864580996 
2855797426 
404642696 
215728289 
385682787 
712553573322792961 
16876917 
379846599 
2679743562 
39816782 
237756595 
377589356 
725244140481576960 
87508418 
465036641 
719555092911931392 
719676240073007104 
45020983 
2701366015 
152040347 
20106729 
2657525873 
2309032372 
24669924 
30724540 
536794839 
227193876 
3023721441 
104511218 
22247526 
93601340 
3432742360 
3038865981 
22900355 
93034005 
38543791 
717456164984897538 
3303746463 
461313120 
333592373 
556384413 
3120066658 
82573855 
712753542046609409 
917526583 
56667033 
11678 
30206599 
1259945107 
2728170565 
4075058369 
703218104835383296 
4914730337 
592077082 
88306774 
3372207605 
1269353538 
2314423496 
39083592 
60025427 
274987158 
29490231 
4920159393 
1261356180 
277655040 
25399905 
46528850 
1531811 
4353731 
4178805201 
35454969 
95175625 
186162527 
14060328 
212598169 
1390460982 
21717436 
403461976 
4869376384 
4196458413 
765843800 
72396277 
1128798817 
101774539 
4864294960 
482036048 
1266836197 
29174476 
2322833586 
392025124 
274678432 
28591542 
87712587 
480469439 
24421704 
47359335 
543620599 
4786113100 
117845061 
2275168771 
575644238 
1651531711 
3242513758 
4833051215 
20485426 
20588973 
24217178 
2609689724 
1911460969 
101527317 
104314672 
3117751725 
4749465977 
309431920 
31031944 
705765823 
4718963836 
19289750 
448816341 
4653157276 
3437078183 
3222583198 
20861074 
10587 
31360795 
331333485 
1469402426 
2180006766 
284705727 
1910643528 
4261314922 
41356468 
2870653293 
3263870164 
90662563 
3172404226 
21322587 
3422267608 
1433117083 
2522833478 
3247542803 
4203608902 
413209468 
385118901 
625033051 
3176101221 
57623265 
3167630057 
5552272 
15245866 
20235453 
430161807 
3397802631 
16864280 
3426996629 
1242286285 
2890911111 
235626721 
857896346 
2861492244 
118877847 
3863902169 
2887109319 
2464710537 
3154315547 
50649365 
3325342813 
2350494480 
3611282967 
96441591 
930879703 
253155100 
3258034487 
1561168178 
3200835652 
797895740 
3005760586 
228840700 
79583794 
369129034 
3252823527 
20423808 
241730145 
14462792 
74174047 
2277973350 
275517947 
2734713482 
3372106840 
2932344784 
146975821 
9549022 
587788351 
542585104 
2565047206 
1334465791 
2852470678 
2975159711 
1307564988 
3023617815 
16913772 
484672940 
1724204797 
15624805 
558867550 
208442526 
14118808 
21851427 
42204222 
308948544 
54322517 
2168308005 
1950270936 
3293641023 
3085835077 
3074505695 
479957130 
3291677979 
50597719 
313635433 
3019693942 
3224751839 
602909681 
140781626 
420492427 
1305940272 
205420775 
588182748 
278073689 
2610585349 
110824565 
3018916661 
3032409045 
1264587222 
3092818390 
3131408110 
182301693 
3065899846 
2794157937 
14527437 
97636130 
18540414 
3089962709 
1631434908 
2546428171 
364218718 
266692794 
142429917 
84936200 
1571270053 
267767096 
2734522708 
1700579407 
2436389418 
95302630 
65339456 
782428964 
202185260 
15356578 
32372198 
14470579 
3001164682 
2965088613 
25266729 
2364365478 
17629970 
2707899792 
320166371 
1266281 
596893898 
2853449164 
264387601 
1329812762 
573918122 
2962355673 
90171092 
29995782 
253955268 
2841558382 
2583028811 
2728964919 
135578407 
2611630879 
1120487012 
104272446 
1445986392 
1305941 
2228604348 
33773592 
126302054 
14807898 
838456964 
2726353115 
2792629701 
17264476 
232805860 
20789358 
2773456707 
208283446 
891006979 
2791943238 
762345181 
239124932 
23385325 
236632752 
53763904 
2556081796 
437383634 
2744561162 
267486765 
38158611 
2707897476 
271005016 
167438003 
365988568 
286726820 
37771305 
2598091638 
130749177 
20659778 
45833180 
2394491546 
251690031 
965099264 
36571165 
2539769550 
2586389311 
385404482 
157381435 
499559507 
398749202 
359621966 
74728730 
259683667 
2581927903 
416472644 
1678010756 
1474862984 
148284261 
460538823 
2552054652 
44381129 
33586109 
26052761 
24932086 
17806092 
282568572 
199319290 
56977579 
1699631054 
2174429965 
36324447 
98765275 
2391067616 
191839926 
2435218975 
47786101 
2182596972 
20503542 
2159248670 
16557728 
78298347 
2424483104 
2410838911 
21556790 
14430129 
15724306 
2303751216 
20478741 
1142398676 
14553869 
1060036687 
1058935214 
1969881151 
1223444664 
402758926 
776539970 
212777643 
1447558507 
194509509 
101518164 
176693338 
16143105 
2322152606 
229866223 
2300049403 
85367525 
718321872 
46875124 
140750163 
253536357 
287769579 
75062648 
854636575 
17711805 
1254245035 
27061438 
2228378323 
2219897472 
2204550751 
1183523659 
1947072912 
930540199 
10396202 
1971644768 
1924364738 
1918248746 
387323487 
107969886 
14749606 
1692240811 
523116889 
1745039461 
416360949 
547478180 
36726389 
1308165218 
411469404 
1216470548 
263635934 
266069171 
351811577 
303401149 
222887300 
558797310 
1523005387 
283894108 
282578307 
965027354 
1376608884 
1548003968 
161744017 
295748674 
966961549 
493127463 
1305329390 
1412827904 
208433481 
1384122632 
1382448595 
186712060 
16003291 
52825966 
17230018 
168670694 
385787430 
39228952 
14340715 
225332796 
569030942 
42486537 
177334079 
1237479145 
15948437 
360831528 
226669713 
605142718 
419347748 
930081062 
125684815 
1107451585 
972703044 
300313040 
128555095 
991762992 
81467071 
63705881 
634133877 
863405239 
551327029 
3895021 
79783264 
350762377 
14120215 
957528097 
269511689 
362793085 
492169001 
20238207 
132937153 
864940608 
227329315 
850076624 
25328667 
177624641 
176754253 
157803782 
761833532 
378006293 
755078305 
43680251 
271009869 
301689833 
625184396 
266173213 
17637706 
18140897 
22748602 
548037611 
544135561 
618420295 
612331433 
613009754 
201709369 
494103089 
300575202 
609007971 
598672174 
599350038 
99833234 
20503351 
28669377 
201375167 
305325307 
57753613 
278044162 
285010838 
495119120 
16706517 
548085690 
295288286 
363273537 
160953710 
536542392 
284476298 
343429758 
284720119 
65217637 
189361035 
412372044 
532199910 
569932847 
25734651 
66646147 
364311112 
276081319 
512224702 
46512400 
40236761 
267101893 
31173665 
118775602 
218651131 
437445112 
516578010 
14282615 
502824377 
40859963 
60590823 
515944871 
40240203 
486508401 
333696244 
114467184 
212999868 
494342201 
417419122 
462022460 
190753930 
263173626 
103077961 
486685792 
68642540 
333454593 
126115519 
82509608 
173185723 
13681302 
92611094 
92295156 
473246542 
463033920 
20266647 
267190215 
167850601 
466434479 
233335916 
755037 
19880763 
352947624 
399383501 
355127118 
263231034 
125386733 
14559318 
15473958 
301322331 
77469706 
406990333 
410923143 
281053562 
398012358 
40071314 
391511356 
334043259 
390039185 
46627431 
354834664 
368360318 
382673368 
41230480 
378538800 
354082820 
15995101 
272103867 
364267108 
316997297 
336540824 
16886755 
114458586 
275990614 
335404251 
135877348 
22356546 
340884911 
347909288 
304679484 
30912556 
265982289 
103903453 
252997876 
308379387 
320730589 
325832193 
286730510 
321888741 
321437281 
76433198 
95083872 
68785332 
264819196 
302314369 
205758864 
40270176 
285332860 
287834630 
279189207 
109237621 
18669375 
89236161 
273624512 
273531261 
273612420 
14582672 
130183087 
153589128 
155848914 
138154699 
263191662 
28694730 
18741491 
24490830 
261570330 
86541331 
229108038 
17636581 
256051855 
20582912 
257401935 
87853763 
192170847 
20613689 
19778231 
190229932 
247945814 
158845978 
241927432 
3552621 
248859980 
14321351 
125726939 
23296402 
249203317 
215090704 
29309988 
72914900 
656673 
46969723 
17707192 
224580696 
246732225 
246566334 
245274196 
142802922 
225823364 
15170194 
239105634 
242346557 
33696409 
22298497 
240619053 
93722614 
207256286 
239754365 
14366907 
173998644 
187474790 
19002309 
123702556 
19864256 
221342241 
14409211 
13403022 
227349405 
113936167 
139503110 
113749355 
113997021 
9452852 
673453 
198950299 
146160811 
229444492 
13933832 
65623452 
37390085 
227491262 
25190420 
223959754 
14258424 
222340654 
39736517 
97893963 
16151835 
63459795 
68367350 
211322178 
17637428 
17637503 
17639424 
61191403 
149736171 
17638336 
17637614 
17637553 
39161915 
19107261 
63450028 
215233124 
202567757 
138003150 
19881061 
206614515 
209546672 
200199752 
4022051 
15861723 
784609 
14261273 
101528708 
9301222 
155632623 
202519434 
153754259 
26062495 
14566494 
206896824 
206170694 
80128880 
42409901 
128441369 
6787612 
187146671 
46670802 
14341733 
185674948 
201432101 
193057217 
16357757 
151328217 
163921640 
17274955 
14183884 
35765024 
196167841 
43984593 
105486615 
134044293 
23362149 
172344442 
169899528 
88405787 
66433106 
141586197 
19585424 
9802002 
194965599 
182372181 
192827977 
1715051 
15089854 
183590543 
78890225 
44606764 
14236306 
41560816 
74864197 
142745907 
111984637 
26087931 
17871799 
28815737 
179707847 
17046202 
178701905 
178852232 
178855070 
178799007 
170040675 
19424828 
175166051 
169028143 
172898244 
3216271 
15612882 
35816344 
24996837 
163238573 
28686031 
61290495 
70943 
15279698 
96379197 
16283719 
14848262 
108895573 
48797251 
55193905 
123581251 
21725132 
54365465 
82916196 
151870675 
158001120 
52034714 
23528018 
14264345 
20207568 
12893512 
158795222 
107136246 
78095716 
42956987 
76968739 
92410517 
151254117 
155521601 
107426790 
65483691 
151427075 
11254852 
26040764 
103451677 
87036741 
132835849 
87454037 
803468 
119358525 
83827310 
138387125 
142353716 
27612023 
118816141 
23510350 
18871681 
125148375 
140118545 
28830649 
128614814 
14166323 
140423082 
123309454 
40643255 
128203234 
20508664 
62786892 
63083335 
117423309 
72158908 
109902703 
60823 
14995032 
24874596 
19266805 
15313 
18031814 
20160153 
1817901 
49700690 
695073 
13840292 
16996182 
54943 
74730585 
123577415 
97646480 
116306705 
92755036 
14866471 
717853 
20842878 
19911908 
115116351 
15782490 
115354017 
113435892 
57129605 
112518102 
14131876 
719563 
26709668 
82050459 
14807054 
18267528 
96651362 
65322013 
114755833 
17633660 
57762070 
17742572 
108957853 
17017636 
110653626 
23685202 
15859268 
1976611 
111020532 
25063704 
24573827 
57299064 
19493415 
47912448 
19393128 
35790105 
27283514 
12320922 
29144673 
95930082 
48293859 
84711733 
35846074 
21759987 
57057453 
54554456 
14742189 
50393960 
57107167 
1483231 
94357028 
16314784 
98019906 
50597271 
15307151 
27467507 
74493077 
42771627 
48366265 
16510346 
15375868 
930061 
3829151 
52376702 
6547392 
7171062 
14843424 
99534480 
19908936 
81094653 
23699648 
95319605 
93957809 
13118592 
409823 
19726688 
28216341 
36644059 
82993508 
18314235 
81151728 
17242117 
44874400 
86328320 
83863203 
25055467 
83126946 
16700518 
79199981 
613873 
25489250 
16878282 
38466098 
16509622 
17833111 
22071730 
24677039 
21478638 
76909947 
53502436 
41754227 
61133 
17825445 
70361794 
52658362 
14490375 
19863141 
23216838 
20515270 
1427171 
70689510 
24266238 
7076492 
22490622 
14475268 
20280065 
69804616 
27633828 
20763083 
66589338 
17737663 
39473587 
13345012 
21180781 
18650562 
45022448 
45025729 
9034022 
19607231 
10125582 
46343990 
22110558 
14910135 
14293762 
61740757 
42268748 
10246232 
11905432 
44942594 
14085070 
21611239 
4620451 
14167540 
56991190 
27850822 
11024052 
14224853 
41157463 
37761694 
37763774 
7746932 
10129232 
55812008 
55513672 
8302532 
54566850 
9505092 
15837189 
21089197 
43786928 
19914889 
17706314 
51492686 
52345647 
30526390 
17652479 
18340857 
40326060 
18583778 
3094911 
44570946 
43719899 
44901877 
22483545 
42081491 
5464192 
37896651 
16098057 
41459164 
36909189 
18106658 
19591058 
71613 
42605721 
30202753 
34747631 
22151193 
16653009 
36634884 
16175187 
21811162 
757998 
31353077 
30614676 
29072823 
23730438 
12611642 
26221245 
26978590 
25405542 
20601237 
15439395 
14424783 
20745004 
25076202 
22477940 
23436488 
19232446 
23670092 
20874192 
20869348 
70333 
20880541 
23123939 
17963070 
22247337 
19707021 
21996148 
7804352 
5676102 
15129563 
16027190 
8460322 
796789 
17495628 
17781322 
7843882 
13432812 
14500693 
16291627 
5805552 
1014821 
14202817 
5391882 
14456568 
15745092 
15752373 
14647570 
19391006 
20809572 
19703047 
871741 
1113541 
7464392 
682643 
13348 
5746452 
57233 
6321052 
14205007 
1415311 
898691 
757055 
10810102 
14136335 
2384071 
787239 
10191 
5637652 
18058741 
16574481 
691353 
18393773 
17889970 
6141832 
7905122 
17085386 
11514032 
762718 
19717644 
17220934 
1183041 
13400122 
