232275097 
17093617 
197962366 
14776551 
241789516 
218028139 
223203293 
225071204 
22032882 
28424440 
124868806 
30905120 
25497963 
395404988 
46212367 
204906571 
43483787 
134962612 
20737595 
5265351 
28590877 
93311521 
145217926 
21883807 
255813614 
326771399 
216661478 
15134782 
89491159 
188489537 
20501440 
303949381 
295842969 
322925976 
266139871 
135715368 
67238250 
334808568 
350870660 
16480070 
92831937 
75345452 
17007862 
25716218 
317523492 
148830090 
200962635 
270075811 
271239777 
339399660 
57046602 
21120480 
92437145 
34347501 
183356940 
265940138 
66721785 
307718203 
248007779 
202984323 
18464199 
205065253 
22368424 
14389689 
78615609 
77933825 
102885446 
265206404 
172483093 
134739133 
80810056 
85920776 
294913323 
33956396 
70428804 
30164975 
113657492 
20325846 
210969782 
254340749 
271113097 
268880911 
242298950 
270619352 
20381962 
292828661 
52689150 
83844138 
94184655 
99893863 
185631055 
284223204 
196921545 
72317052 
43376877 
51941966 
255778804 
41574944 
174031937 
131250140 
278682622 
44422871 
253528314 
211606832 
158678865 
252233080 
88230519 
115489632 
241255136 
130942729 
193438977 
160669307 
29248307 
209571811 
35959196 
57470313 
62643133 
21261477 
123459503 
230068583 
51570896 
26537538 
262338632 
260275539 
257007739 
261581383 
224396711 
245947779 
30027258 
260543015 
142347303 
36706593 
21447967 
240786869 
23089141 
64957404 
149108750 
36197250 
236908829 
28471924 
199947201 
191128452 
46646772 
50010228 
135855696 
135850133 
43758077 
19903699 
19405913 
41666684 
20309909 
50852419 
174707639 
126942097 
61691078 
194093485 
242925649 
237814355 
28225297 
7975132 
238887020 
194267571 
16067627 
181839089 
174351780 
47409046 
54469863 
203979312 
54202864 
169296086 
153271718 
195945123 
139913536 
108360275 
92663440 
220258003 
212681322 
221578528 
221114207 
19755868 
216891635 
23606030 
197297381 
230069579 
25759013 
223665768 
41351044 
70389979 
116384423 
35325071 
225668090 
147556787 
160114852 
40345173 
91134156 
173620773 
214712608 
81381857 
126192231 
39900120 
143750092 
20195631 
52521084 
36229547 
69704816 
97700077 
36943650 
171994006 
199015155 
44613240 
166670916 
182123127 
21377468 
142515627 
22693702 
18885069 
34112168 
17147458 
101831311 
161027898 
643443 
165157526 
175454225 
111888551 
183135388 
60589594 
42364120 
125109053 
152796665 
18809920 
47288817 
127566747 
21050592 
77853252 
22019009 
89735429 
84104812 
91270237 
129906416 
80106819 
52750157 
30203494 
143114769 
23479747 
140343657 
29039228 
110435702 
66040623 
27885987 
49377674 
28429647 
50425344 
67626226 
22149892 
16169762 
43131881 
123932020 
29504234 
109392768 
38243896 
119261713 
27172930 
46321506 
81997680 
37378412 
95607516 
36568638 
118272816 
91082410 
109650006 
125287450 
120508426 
75574857 
110147154 
117597418 
14313740 
67007663 
17033150 
24892828 
95560242 
33876884 
129362154 
128510135 
45430802 
124619052 
55323423 
96793709 
53820722 
16601156 
106883083 
113647000 
123729850 
94215997 
84464642 
89184280 
49082909 
16297024 
67205363 
86435008 
113387535 
94401960 
116517501 
31441260 
15700171 
17825447 
85871074 
115103603 
5948362 
25104459 
61213250 
17827997 
19683154 
62079997 
104213830 
72676340 
33332512 
22805590 
26390167 
34332895 
78911574 
31678782 
72612580 
34855580 
16916500 
91937298 
108729111 
20448982 
27635406 
93175728 
104504819 
85896281 
29982238 
54430278 
63878235 
70901437 
15917667 
17244489 
48779464 
79216587 
28621763 
33358477 
40441464 
54915088 
19893071 
36000777 
65080562 
14668390 
21923297 
30516865 
71600928 
34614673 
17678357 
70814710 
48227286 
24517404 
16680201 
89784285 
63557055 
27304473 
57187491 
18193244 
89754116 
19168313 
50657556 
28694266 
64532139 
91417015 
74588229 
96919983 
97041917 
43970862 
31048444 
87272532 
73006299 
20112471 
60988265 
91909647 
23961186 
80980824 
15315058 
28251803 
15726784 
89302561 
20779190 
79083352 
55564640 
73203728 
67169692 
56194066 
88993504 
69704280 
62093211 
62525015 
45096879 
89003349 
87063297 
19578665 
87725990 
21885394 
83311518 
37129108 
87838188 
35635017 
39572789 
34932156 
75840110 
43688694 
83717750 
44492754 
30036235 
25331389 
42704618 
38353038 
36156789 
29934308 
43103805 
76802940 
15014586 
78150436 
22979604 
65343470 
66812358 
41393039 
85494560 
19930698 
41127317 
80350429 
82495393 
80981116 
81906665 
67448597 
28259147 
14418787 
19343245 
51642332 
30335077 
60699354 
32492731 
79130672 
36185365 
18959821 
77260633 
18413172 
68123844 
79143798 
44955082 
12803772 
63710668 
75250516 
18601075 
61548413 
39765511 
42265590 
41938421 
65165876 
34154754 
70474962 
48351651 
27173145 
44933613 
49926055 
64938875 
36126586 
16927167 
46733981 
43161701 
60618253 
53539938 
34359789 
55368193 
64698540 
19518542 
24694828 
16646052 
72409028 
18131240 
62130152 
32231829 
69326622 
14258337 
42437561 
15649367 
23974855 
37715735 
31258555 
28401017 
27489700 
26487555 
15768950 
24438875 
18462702 
24708696 
47660340 
29672676 
27598643 
33454777 
18976347 
41158637 
783214 
40894699 
24841068 
29691127 
45803739 
44513878 
42234441 
54211489 
65669996 
26833527 
61053675 
20934457 
15983070 
18293903 
27900330 
31290679 
53659227 
45853035 
27995777 
29384345 
12328072 
20175743 
20242993 
64405332 
29087308 
47442115 
18344909 
48450865 
67015292 
67184872 
65525294 
15201160 
44466851 
20190400 
54634406 
61683901 
48712006 
67910221 
17310258 
54016157 
31020159 
18965583 
15237368 
31453667 
23937389 
32445128 
53769605 
18315575 
51550643 
25738836 
21040282 
47593066 
33862736 
24728409 
29620885 
57571439 
61883586 
55915508 
20435932 
34907387 
63507365 
14813803 
53802801 
55419235 
59960257 
14804295 
60417376 
24083704 
16666191 
54387164 
41734936 
1581311 
18135377 
23028067 
42453370 
18061512 
29868315 
60798367 
42242198 
50447736 
15553662 
16357818 
20519745 
28646199 
14072992 
15501152 
48619960 
57109716 
56158040 
17048807 
15621125 
35338568 
34434097 
33766593 
19656437 
32834580 
23287035 
30465564 
40937674 
43181632 
29896469 
44733520 
25625814 
22792142 
27328121 
37811851 
19816457 
22847612 
18588007 
29144868 
34609305 
39806090 
29037179 
20473359 
38129631 
47831739 
44206976 
18913851 
14472991 
22701184 
43565214 
36892305 
15534065 
17055280 
25695539 
36138158 
43708419 
29963256 
36639908 
50121795 
43135408 
34564637 
36134606 
25466770 
19837412 
30220753 
50025145 
37444220 
48893161 
48357267 
24317212 
18749483 
39983888 
30023559 
18555035 
27220347 
44650427 
15270804 
28516393 
41718083 
41882355 
18853582 
20863619 
14787206 
33276144 
36037420 
37366368 
40340919 
17080796 
18198710 
35247442 
19936999 
17796089 
40082864 
38517836 
13825522 
34804456 
20693506 
17027071 
29769883 
23622961 
30537425 
41489014 
37958618 
23466935 
14433996 
30088716 
18765341 
20397077 
45952560 
42122222 
41140879 
43659100 
46938939 
44666717 
24398915 
44431506 
16426556 
44992991 
17177195 
33462113 
25537665 
14800829 
35219800 
22359065 
46198081 
30465877 
46281688 
46324589 
47891633 
43693014 
15011753 
24438202 
42598841 
48285036 
33209919 
29140829 
17911325 
33095545 
22764745 
21976889 
43140817 
35751845 
19850312 
17445116 
21752864 
26806306 
30062266 
39899632 
33082516 
37693117 
18353832 
25015923 
18768924 
47372957 
34806009 
15193239 
28502838 
24741783 
39592622 
19766841 
38423124 
21344693 
43920964 
34774601 
44915638 
45103585 
38109300 
18628681 
42692376 
26493862 
45363299 
18750325 
18083379 
34650555 
43002651 
43365319 
11026962 
42156190 
19561665 
41543268 
18294571 
15444648 
22107917 
19519595 
38285857 
14413535 
40499880 
32383440 
24678638 
42883078 
41971005 
42259442 
16957675 
17194296 
30850400 
37626774 
33275709 
36073493 
21463182 
18570569 
17273792 
22829193 
41793005 
20349225 
37765514 
21907306 
15534987 
39413894 
24938641 
21956740 
25242962 
38782354 
27825496 
16109164 
40712029 
40886209 
15257727 
39317794 
18626770 
30074100 
38438697 
32692517 
35504479 
39427478 
24229866 
20205979 
28593086 
33438639 
19600322 
21211592 
28786067 
37522402 
16608382 
26321139 
10694472 
16070787 
21906560 
34484859 
37936299 
29741795 
35823156 
30879069 
35243825 
20973383 
29997037 
19928565 
23470037 
15315563 
14726070 
38102567 
21834500 
35246658 
25738523 
23188358 
20709195 
33984344 
27872121 
32753585 
36597933 
16190528 
25730928 
25502617 
25341484 
20510777 
18964629 
15777234 
15597192 
40322511 
14675924 
19760174 
16117838 
26534693 
33278297 
31565523 
12373672 
38470102 
23894291 
25685176 
23087272 
9554942 
17173775 
30347699 
29211450 
31339233 
31678196 
12358342 
31429579 
36684689 
24391196 
36974283 
5533762 
18278052 
22620078 
27113903 
9952152 
32439337 
14562911 
34793714 
34014999 
37372226 
36411483 
36092471 
37468897 
24960899 
14183466 
17134985 
18422136 
34408916 
38315479 
28617394 
810545 
27800031 
33983956 
22622443 
38879222 
15036415 
39224937 
37361489 
14209261 
12764202 
23989968 
16085742 
14874219 
14764409 
24418603 
16480335 
16530979 
24385480 
36270190 
24418881 
26287569 
34242355 
36298651 
35121629 
14401273 
26407935 
23624524 
37984721 
37908293 
24201699 
27904415 
15393441 
15421558 
20970967 
17838033 
22452625 
35810767 
17008163 
19537522 
16107303 
21391682 
23102115 
15430356 
15866950 
23485619 
31011269 
25825248 
11191152 
14457497 
18066326 
34992930 
23693140 
30669508 
15345110 
16203022 
26322120 
34463550 
23967196 
15010705 
15503170 
34203926 
22501094 
16265869 
33002327 
17201112 
15633626 
18087480 
19571390 
19057564 
34361051 
15783111 
12536282 
20701075 
18496265 
24769581 
15905461 
21055684 
16083377 
20643470 
23308670 
35521695 
16471243 
29706970 
17260743 
34437161 
25001902 
21902271 
21806562 
25550323 
18192680 
18223865 
28130477 
18628033 
14289168 
21953013 
20635400 
717003 
18844424 
34197284 
16729642 
20585570 
27440235 
22071755 
27546943 
18540302 
22879297 
21237512 
23629364 
21779723 
19376958 
26105931 
18949253 
21102743 
20000449 
27972555 
21283011 
8697912 
21267628 
21167569 
21164178 
22326818 
22923491 
24597213 
16575982 
24959283 
35028747 
19257351 
6841862 
20305789 
17168970 
15079229 
17233225 
25274379 
14680826 
18679578 
17089335 
23576994 
14097885 
22259074 
34008279 
28550097 
26996640 
30795207 
29766872 
15590925 
33977235 
13892392 
17979436 
28682848 
28220094 
23449954 
34732300 
32548173 
24015214 
31246612 
21697327 
30265289 
16637500 
24334456 
21836409 
15779689 
14445432 
20657078 
16954214 
34198277 
17785289 
22754060 
15262477 
19797964 
19026059 
20725653 
6184582 
32857826 
16571560 
15816264 
19247378 
24632449 
18140245 
12886922 
21592216 
16495811 
17164288 
19317018 
21718650 
14861397 
25077510 
28066869 
19571049 
18215641 
22895811 
16498848 
21768058 
18262352 
28690193 
22054624 
21025508 
16706976 
25727814 
22868620 
23503538 
22073538 
31178503 
15203788 
14281282 
17700877 
15692433 
33465739 
19244686 
16631557 
31445416 
18649217 
19538896 
27852481 
24255095 
16884465 
15630743 
14430060 
23720063 
16724548 
19804474 
21156295 
20570784 
21814993 
17038690 
15221580 
20746405 
19352102 
19546243 
23835495 
30971630 
19949133 
15326992 
31357754 
25609586 
19120808 
19824025 
24439153 
14418649 
12037882 
13436752 
25103456 
28118161 
18560967 
15828688 
32310678 
21715868 
23262763 
32318996 
14885695 
16003474 
15114927 
29774067 
14195182 
28809166 
24702381 
27611107 
30523907 
30202396 
18457994 
29314679 
15141715 
29311786 
22968328 
19026317 
30944167 
26025132 
30863265 
25308526 
30113371 
26387857 
19774580 
16824571 
29087410 
29602640 
23855729 
29890557 
28628629 
26030467 
14838100 
21868111 
27921293 
26304944 
15380449 
19548501 
27016373 
22336240 
18896098 
22798095 
23693976 
27636290 
23775766 
21318417 
21279903 
20094776 
15257790 
23443015 
26649947 
27108430 
23441534 
20256439 
17642945 
15152529 
16454680 
15488316 
16800549 
16552589 
7959532 
16042924 
12686592 
17138605 
14458460 
17709901 
17940630 
17225556 
18220148 
17451822 
8371452 
14196910 
18085655 
21042631 
19799821 
21522534 
21325061 
20611482 
20203490 
23153233 
21726490 
24526534 
24023597 
21930331 
24957423 
25976994 
19736479 
26485270 
18147020 
17734949 
14027842 
15848690 
16670435 
19345803 
18934784 
18649422 
18819733 
18651909 
18358778 
18393268 
19224807 
17565281 
14874028 
13762702 
21046402 
20826869 
19961063 
16936217 
24826519 
22525858 
20448280 
20216197 
17251182 
26682345 
20398356 
11578942 
27120934 
8391812 
19093651 
17844350 
25951466 
24816683 
14250205 
12 
31195775 
16958228 
14696919 
25065645 
25618536 
26286834 
25436592 
20410129 
26660520 
15197507 
17803346 
17292380 
16267849 
16710531 
10015162 
14235604 
14289445 
9417402 
14984033 
15452822 
14497450 
15050736 
16495830 
25254207 
23772472 
14730824 
17340669 
15789651 
18859468 
16676957 
16316159 
16082560 
15435801 
16981438 
26346619 
22534594 
21365619 
20471062 
14679828 
10450242 
16941855 
33453889 
15381868 
32691794 
15739772 
32633318 
27247548 
18786703 
17273325 
19111381 
19102405 
18695991 
16458001 
20402756 
16692154 
22497560 
23939413 
19276859 
19161357 
25772802 
22056890 
19211654 
17425475 
16345682 
14448936 
11421012 
18719929 
17299971 
16243868 
18172527 
16603397 
13258782 
18243673 
14477520 
17575852 
16781854 
16161573 
25170438 
27191728 
16310293 
5788372 
14444926 
15099503 
27948600 
18885738 
26775875 
28508070 
10760152 
24210126 
12090122 
25109011 
17798833 
26701756 
26347475 
20697556 
22547950 
21090346 
23608656 
17603373 
32449965 
26831638 
25162414 
14707457 
15084466 
19431024 
24699988 
19192929 
18226812 
16932182 
19834498 
20927655 
17395456 
14492673 
31432855 
19679199 
23612936 
17873487 
16365533 
24567968 
28561241 
25767670 
32377255 
22088587 
29056282 
30806375 
16698740 
21455681 
27679254 
23422839 
21858107 
23640369 
23696784 
29505976 
30687480 
22956747 
27299272 
28799523 
29172910 
18059879 
18307210 
25166520 
25072613 
15476773 
21763486 
24797817 
16260135 
14277944 
30522818 
14704885 
26488833 
19341507 
21316643 
27590404 
26098933 
19207523 
22150498 
18074048 
16356732 
27643081 
29185849 
27647998 
28803695 
27974961 
29504931 
14127481 
28965779 
23498954 
16932408 
19189543 
22421264 
29426489 
22510241 
16863683 
24468050 
26535502 
18660225 
29982485 
19869836 
21071002 
29554864 
19369973 
30633406 
24708917 
30978745 
22275767 
18293107 
14506253 
14819529 
18110327 
26739128 
19250019 
14670993 
30206786 
15224565 
15401242 
20887841 
19676062 
18201815 
23860479 
14960104 
29112875 
15363090 
19177442 
20039511 
15939899 
22995007 
26296446 
21422513 
16528347 
13081672 
22424055 
20243708 
16408752 
20734021 
16958993 
19169664 
10081822 
2977171 
27557657 
16418966 
14261168 
25559038 
24828970 
20471721 
23812837 
18538794 
23007052 
17070683 
28629223 
19688471 
17592469 
26762572 
25859497 
20142401 
21116497 
23433651 
20212978 
16414809 
16690123 
13677162 
20652620 
16635507 
14538685 
3041201 
17112868 
19349216 
21172584 
22073675 
16300588 
20631354 
16523695 
15327031 
22336854 
22329680 
14713235 
26810084 
18342606 
22514174 
16607175 
12695732 
23716753 
25173345 
22046147 
20417412 
23523061 
25387968 
21628167 
24430595 
25649910 
24810182 
23945406 
14233367 
14242102 
16973239 
14887399 
20642795 
24849309 
24341373 
24407815 
19610764 
16262751 
23367706 
18615283 
3746171 
15533655 
25511618 
18060559 
20791873 
16146688 
16984407 
10667882 
25047717 
17037287 
22011465 
22707694 
22824372 
20613049 
25097605 
18639464 
19345268 
24581471 
22029942 
22271966 
20423440 
24913262 
18960596 
17257283 
19842652 
17982724 
24358106 
10867 
19303991 
17978626 
18158135 
12507012 
17588449 
17594523 
17470198 
25165824 
7040692 
14838543 
15511508 
6696992 
25901146 
19075361 
23397613 
15143725 
20001400 
21719742 
15464038 
19058681 
17498425 
21446945 
22881016 
14215437 
17810814 
14952156 
23015818 
19154228 
21817727 
14254783 
14967690 
21920867 
8660832 
18498684 
15294641 
17685196 
17578429 
21902738 
22716236 
19238161 
22579768 
14209307 
14931396 
23216177 
19242232 
17627741 
14377875 
21658107 
17850012 
22964016 
21340012 
20923419 
14334898 
22158221 
21328396 
20552489 
15211524 
1201491 
15644407 
23746291 
4991091 
10261502 
19705609 
19744670 
6113882 
18612038 
19436565 
18352945 
18581101 
16841549 
22658666 
22200572 
21750689 
9071552 
23956727 
19593852 
23545696 
23505471 
21518267 
19652956 
23721700 
23863635 
18956281 
14131123 
16441318 
15925352 
18250327 
15770446 
21553218 
15594674 
20598037 
17476625 
17229848 
20347670 
18580760 
16610758 
20521987 
15498166 
8929822 
15026610 
14601163 
19736798 
19378160 
14360071 
18555375 
21917712 
16825468 
21213237 
18994215 
21146843 
21918673 
53993 
7939482 
19131194 
20098038 
20647876 
18590897 
17855782 
16662627 
20575042 
15055813 
20081854 
18175694 
17930032 
16369482 
19430520 
21343450 
19550577 
17848078 
14134661 
17798637 
11854132 
18516935 
18996234 
17644479 
16260669 
18534549 
18262412 
20347816 
18790386 
14295486 
17202393 
20643704 
18506089 
17748121 
20872345 
19501377 
17218628 
18326458 
14876003 
19299688 
20595252 
14842523 
16429977 
14831178 
17658891 
14164855 
14651202 
15921793 
16731443 
17642931 
20561224 
9138112 
10134292 
12364542 
14501453 
19561853 
18794312 
14220752 
16633326 
18876319 
8820802 
17397022 
10814 
16777601 
19954295 
17927830 
19635110 
18647233 
15090635 
20005551 
16976531 
17783446 
18371910 
16150075 
17761013 
17120965 
16899075 
15937480 
17352423 
5511332 
18311882 
18518535 
8500652 
14058790 
17196061 
14477029 
18107274 
19900153 
16970852 
19326412 
16222971 
14955436 
17679903 
13051062 
17339136 
17340140 
17314618 
19017978 
14437619 
16897335 
18298315 
7799412 
19518981 
12920992 
19677443 
19297495 
15594075 
17265271 
12137332 
18362376 
17397102 
17643769 
18171314 
15622642 
17497068 
17742492 
16366677 
7885032 
5210841 
18463106 
18604446 
14420601 
18513491 
11073572 
14428103 
18554361 
14576776 
15694157 
18737620 
18231373 
14495099 
16015433 
15172810 
15007838 
18158164 
17138918 
17573025 
7293712 
18116851 
14632661 
8957762 
17268771 
18619481 
15206041 
8658642 
59623 
13973852 
16331865 
15782605 
17479113 
18648365 
18520704 
17957089 
16404007 
7744882 
14839039 
14461139 
14478185 
16907425 
18016115 
18030223 
18270892 
15736178 
5417132 
15236837 
14731900 
14087307 
16379781 
15424767 
10724762 
14187668 
16386025 
15876749 
17961328 
18280708 
18316670 
17061270 
14150407 
17954830 
10245552 
15268293 
17423355 
17576413 
16367100 
10452172 
18203863 
18059133 
17639716 
17468786 
16908796 
14367745 
16051272 
17216904 
17262410 
17819852 
17708505 
14967776 
5989862 
16616139 
14248818 
16513270 
17375852 
16421948 
15821564 
14553664 
16500618 
15866576 
16485528 
8987592 
14199931 
15359377 
17213065 
8249262 
14773222 
15936283 
9444392 
11885412 
15349160 
16336951 
15982499 
16299063 
2787531 
1358171 
8695352 
15221691 
15308681 
14325309 
14244745 
7636082 
10343712 
14253538 
14627566 
5410652 
5948582 
14532567 
9153582 
