224492854 
1356256957 
941382876 
2803191 
24742040 
38679388 
31311757 
32468665 
74286565 
14082309 
16269107 
207773069 
423939894 
56505125 
1356593833 
15816264 
549576166 
243381107 
23898154 
139006004 
1003757702 
196640237 
19691643 
46452468 
29547045 
23976386 
382267114 
819791 
273404751 
31927467 
31399382 
43115316 
85603854 
52711281 
297169759 
188802173 
125397051 
601286281 
52345353 
44409004 
1404084342 
614545739 
605840965 
633543 
141168320 
25365536 
18222378 
93431877 
79293791 
143014330 
23375688 
22940219 
21447363 
16409683 
176651477 
55474487 
1201491 
188625588 
128854407 
97614340 
32765419 
2922 
15733527 
212221864 
64647617 
195365136 
270728536 
113319689 
20 
1324562540 
23928345 
185970784 
53114241 
15285305 
6108862 
183529137 
137965177 
603548975 
15670515 
15375854 
34003593 
15287607 
30386477 
137665020 
53635591 
12536742 
14511653 
17860582 
420212827 
741382374 
128910982 
14626583 
5434242 
55856612 
150248263 
1239737575 
75198283 
37562868 
621543 
108638625 
15587500 
49992096 
16561884 
37963496 
22019881 
23967554 
15134240 
6794502 
86697288 
39250316 
1769551 
22708797 
11856422 
21898041 
17393790 
25093616 
25087685 
15566901 
351508639 
5771652 
14429823 
164488789 
77097150 
180505807 
79946382 
15760815 
13478282 
14230524 
18548136 
17919972 
19248106 
27260086 
28706024 
413487212 
16190898 
110827653 
35094637 
15846407 
40908929 
26565946 
8596022 
15484885 
340145307 
14725110 
60890836 
46049848 
10228272 
72540225 
12174212 
11965332 
15969192 
8680192 
14280718 
15155528 
177473348 
2425151 
177547780 
165084923 
36982927 
237711551 
86450150 
173072836 
101695592 
81293812 
14228300 
41994747 
115597575 
17440097 
223907921 
144190063 
47276839 
36660632 
111886709 
170261615 
12925072 
15387117 
10355572 
151371434 
423997313 
16542390 
185499508 
68599996 
15080404 
5790282 
452890788 
180454935 
101311381 
315720686 
303379945 
21703489 
24496902 
29439689 
136304144 
16431124 
150624162 
10491592 
31364976 
14081908 
20523325 
148950509 
14955768 
28773940 
15108020 
14990608 
246224922 
14099477 
55178704 
271260600 
99273523 
70704329 
71964538 
47258376 
310173914 
31116450 
25059145 
19137846 
17352686 
8820652 
63758487 
144434124 
18681139 
40464509 
409752855 
15866947 
17527466 
19810469 
36591833 
33778592 
17185376 
15331709 
11348282 
168449079 
122324018 
89646340 
102104953 
338345685 
17831406 
10963912 
18210537 
36671335 
103225319 
858400098 
557612243 
373179819 
9129082 
111213851 
14117843 
76379122 
21087820 
579830544 
622551019 
205595252 
586621809 
610129374 
573847736 
704516929 
273272982 
108557823 
553154194 
627765003 
247241009 
733096572 
529103076 
723155701 
356927842 
381317890 
229492829 
719823030 
226867832 
758415660 
14925820 
815434579 
727698086 
493251197 
65809038 
338733454 
731865846 
240735056 
334483316 
797807468 
877925316 
877205372 
868257542 
441387148 
214484925 
782693096 
415422960 
148843159 
895373389 
814550366 
884899814 
912844106 
806064330 
618080602 
814555566 
500043489 
877958179 
942854766 
498507862 
547026188 
947391655 
293892095 
49269864 
931268196 
951186072 
951778021 
621081595 
953238104 
954159564 
396109722 
173424100 
14870085 
952197943 
124139016 
886040310 
171551962 
961911776 
957599540 
964169528 
77671690 
331518387 
321372479 
14610275 
943175047 
55435750 
372330570 
850972004 
35610820 
975755191 
444940567 
55647338 
874959463 
40634780 
43518156 
60727070 
14887344 
14313531 
27156202 
179453872 
15529991 
31109544 
11915432 
108662105 
9274492 
17802735 
16412744 
18265550 
2656681 
18932164 
14295486 
15195171 
18238282 
14433007 
25325808 
50393960 
15464038 
1650821 
9830732 
126199072 
13082862 
31069427 
14583422 
18131385 
21114240 
80318501 
17545037 
155861498 
16510448 
2142731 
12505022 
3746171 
5576742 
63763554 
31234214 
61472919 
10511082 
26842277 
5822812 
31073789 
217062717 
44099616 
88194176 
22932028 
15430622 
7782792 
79911565 
14874772 
60830514 
10093672 
26719785 
68161733 
15027043 
18536826 
27726088 
10094952 
129717655 
14190006 
43798325 
15630097 
15594932 
5770902 
25489993 
25108355 
7201332 
175041371 
33105446 
36586573 
13888862 
17945904 
28530521 
14358908 
96311447 
44878324 
16077698 
64384416 
15332841 
20418675 
15891975 
13322212 
13494812 
14645163 
67512706 
23549620 
35197394 
18803783 
14358379 
11622712 
20349669 
113531034 
36401728 
8552602 
335972576 
106124285 
21038636 
1857421 
39751958 
176932160 
405874159 
32330900 
15815569 
47454987 
346656705 
40213087 
551805693 
106837463 
256495314 
5695632 
14116807 
397124850 
17033125 
15444037 
34777050 
15163466 
15431856 
24447643 
13 
15907720 
21237045 
19709040 
250463103 
85504547 
251269669 
24083799 
253287081 
21321385 
166263693 
155623718 
99879172 
278290569 
21986591 
101240370 
323103204 
161161392 
273556126 
108195298 
115075585 
189757758 
31431081 
23862484 
12629592 
14174456 
177838266 
15450020 
66329707 
80016395 
214801523 
206061763 
145270102 
20656074 
97139693 
101687809 
199942548 
17420528 
29169596 
34200190 
134717837 
230640891 
31085434 
102673910 
51712936 
28946711 
70392323 
217033195 
16555700 
196838748 
16817473 
22587072 
244385474 
118076061 
192892822 
132216697 
182674918 
245265006 
38383658 
85130831 
176762541 
99648257 
191200108 
158717507 
244331288 
214346670 
239838568 
18409703 
25272407 
207019153 
273808979 
115019885 
23608794 
21289117 
281700290 
191283902 
225078021 
84017190 
237691574 
178603837 
257325228 
102260841 
15416257 
287739851 
112457449 
297869570 
207087242 
215264523 
107609551 
13420282 
221320462 
300702830 
70917300 
212784092 
181111870 
274841176 
303059796 
73531246 
205699963 
45592559 
37625403 
64372192 
222795551 
233860469 
19136908 
68690221 
19251024 
13379452 
325045506 
72115825 
76312474 
239476103 
329599326 
329008783 
16626953 
20982118 
17461978 
18985027 
14088378 
15069562 
19728847 
816653 
4119741 
20520043 
78564727 
51691845 
12 
14398253 
15145423 
16727535 
111359762 
22739949 
127153801 
18978448 
75606858 
20881121 
14377875 
18431900 
20797386 
22808469 
21773979 
22891964 
21774407 
21773615 
21774742 
21774983 
19407413 
14944007 
15930981 
21085410 
21706489 
20345991 
21510541 
15620365 
19696736 
43152195 
30801094 
38843806 
51957274 
17119223 
22646950 
58000035 
32109651 
65372419 
66589980 
69814509 
72105557 
83707509 
85310501 
86013381 
33428777 
88140907 
96782800 
82977463 
116775332 
87654878 
43573791 
197122455 
223991697 
246353336 
11148342 
247618207 
334582523 
6796502 
18182511 
291292096 
349837293 
133128555 
19058681 
17467300 
5380672 
1315431 
20724654 
1183041 
14075928 
18498684 
18250327 
19637934 
30973 
17220934 
10350 
14415928 
14749383 
1734381 
16026708 
16129920 
14334532 
15485441 
14389031 
15936194 
6273552 
20536157 
16745265 
10202 
16635405 
5391882 
428333 
18164244 
783214 
15859039 
16819278 
807095 
59889953 
972651 
850741 
9827502 
813286 
57203 
35574390 
15466758 
18791776 
18270755 
7868232 
16610761 
21759785 
12262672 
22113690 
21776810 
16061242 
21831514 
16841186 
22575838 
15821034 
17488225 
15497928 
22211874 
15376678 
22457873 
17508669 
15165715 
14711172 
16168410 
17611447 
4511661 
19421764 
15508743 
18062239 
16264088 
19624861 
15816164 
21584224 
18403856 
20511841 
18807347 
18506975 
18277078 
18591276 
18191676 
17416221 
17374296 
15299086 
14104499 
14774895 
21719747 
9753672 
22364434 
17295837 
17761013 
7528292 
624683 
14376012 
22297348 
16108468 
14095760 
14111025 
20623713 
14334898 
17752368 
22350962 
16014000 
21135009 
17165259 
15766263 
16487447 
15819292 
17198948 
22410990 
14359747 
5449422 
15603965 
16834494 
15192462 
18119262 
22225331 
21062439 
22322056 
15433037 
15643526 
15615814 
21439508 
15393582 
17993415 
18300362 
16970852 
22216195 
14431413 
17141040 
15238311 
20883966 
17880018 
16181186 
16294267 
14550649 
14164855 
15681374 
14503541 
15445240 
16692771 
18313204 
14502632 
15402763 
17801505 
14430060 
17685196 
19460840 
17850012 
18312906 
17478436 
20643704 
20241177 
16679258 
20563212 
17472732 
15724505 
18534549 
1303381 
6648702 
19734257 
6120472 
10546442 
20552489 
7490342 
5490392 
16899075 
8453452 
14389132 
16667752 
15081182 
804455 
7426632 
12144232 
14720411 
13672632 
19337315 
12504732 
18515826 
14647853 
19297186 
13436752 
17868329 
5656402 
898491 
15374247 
15957569 
19387570 
19295550 
15786922 
20645986 
20843492 
15739557 
16917803 
17200247 
20446239 
16429977 
15630342 
16781923 
21039633 
12926542 
15466364 
19597844 
17852401 
14441010 
21062686 
19668915 
15981315 
14588151 
20695614 
6781352 
14185424 
14850672 
14696017 
15991049 
17637596 
21015067 
16539573 
18513221 
8071902 
16911456 
16238592 
13547812 
16637944 
17445752 
14180096 
7799412 
14345108 
5210841 
13316782 
19829780 
13976432 
17280361 
15208271 
13249532 
14311992 
15117375 
14133552 
18280708 
18734358 
18687562 
10373322 
14076588 
12589972 
17534088 
19194977 
14479801 
21077536 
17470444 
18062816 
9477142 
12519242 
21244281 
15360796 
12413032 
16649817 
15006658 
14693339 
18438525 
18467164 
18794312 
16113331 
15354730 
9464622 
17344451 
19302506 
15840471 
21170190 
16337319 
19655726 
17171293 
15105269 
12820422 
16215557 
16830494 
16273972 
21052288 
21344922 
16627727 
18536530 
20902970 
20995575 
15501042 
20584335 
18234841 
16027051 
15224845 
14212960 
17903666 
16096448 
15976584 
17851248 
14819881 
20836348 
14126943 
18597548 
14206669 
12666842 
15594674 
21864875 
14378419 
17825857 
21887013 
10135072 
14576017 
616173 
18178876 
17871148 
13435052 
4411761 
8336642 
20572869 
14669398 
19559341 
15670946 
20317677 
22119869 
14647570 
16584730 
20412224 
16787116 
21260034 
13510202 
21080240 
17376218 
17868090 
21088249 
19143215 
806545 
17871298 
21137406 
17845620 
16658091 
4083411 
15261679 
14391119 
15125333 
14646134 
19344270 
14200264 
10056172 
21441341 
15831093 
20670739 
21416869 
21889991 
21912985 
21867682 
16063891 
16516927 
765210 
18757222 
14670517 
22105093 
21394734 
17980470 
21047371 
15147800 
17277325 
20520522 
19482017 
15768216 
5417132 
11294522 
16908796 
14037052 
18596225 
14467906 
22237413 
21658412 
16916369 
19349216 
15021099 
18598931 
20981994 
21620068 
21697577 
11856092 
14463104 
20176954 
18323933 
14763861 
7040932 
20009735 
19999581 
17093617 
16150075 
9186952 
15600217 
20807154 
17796326 
15579178 
3580341 
21071198 
20788472 
617053 
21274567 
6968392 
18427975 
14027532 
15013978 
16806620 
14996394 
18301058 
1590851 
11709082 
14687806 
21902838 
16684007 
14660636 
17881667 
18032456 
14212072 
17458081 
18232054 
18969481 
8115852 
14415131 
17019535 
14885549 
18095535 
14600179 
16630234 
16280403 
15612771 
15670174 
16739710 
18746221 
21531432 
19560636 
18516710 
9720292 
21733089 
16372624 
19658826 
15923641 
19566987 
15254593 
17801091 
16732886 
13510892 
19386652 
19714518 
20041193 
21266433 
977 
332083 
15567723 
5813 
767 
288 
14 
7846 
544 
1192 
10450 
633 
18 
874 
14041192 
18305736 
15923077 
14449390 
18160781 
12353322 
12780342 
10273972 
14273656 
12780182 
14813466 
15422512 
15227243 
15451625 
15437384 
15286547 
15277249 
15228278 
15227186 
15219116 
15204096 
15177306 
15204062 
15204045 
15176651 
15167516 
15167633 
15165730 
15145192 
15145067 
14672320 
15227228 
15286629 
15168921 
15145026 
15142601 
15134765 
15134569 
15134519 
15134164 
