2433737761 
728690462555553793 
13393052 
1416622795 
65375759 
11348282 
17471979 
13201312 
3459051 
18713552 
34113439 
17793878 
19539716 
3765479422 
824386163439841281 
824333698728333312 
824368251266228224 
824400401797619712 
824338843327361024 
824342512844222464 
824153054731759617 
2343824114 
824157441248153600 
824116562768621568 
824332206952714240 
824040625104449536 
824010746090704900 
824270573203292160 
824028553067032576 
824137712286441472 
824315778866417664 
824264707641057281 
824473943931293697 
23807859 
2776016907 
3240143771 
9463752 
18208354 
17953972 
332638587 
241382835 
31312972 
502135911 
19636959 
627799297 
13143682 
85850590 
66381461 
15463671 
25073877 
57145368 
134827342 
32991742 
712696249 
17842079 
1296661 
2847258009 
96911771 
19183699 
37941505 
41468683 
712809411949924352 
175479697 
2303842675 
447774896 
448243701 
2682862012 
2864341617 
798609354 
289339141 
16976567 
31979573 
61034152 
351621067 
253000804 
48733139 
4569213492 
805854824 
3043352032 
352548417 
21212087 
325345525 
97474887 
61563192 
37332714 
3307103924 
4330032736 
410253293 
714160792615129090 
122226401 
29226377 
14829533 
18351318 
29176815 
2687569825 
258091449 
26792275 
2557481184 
805297014 
2463714966 
286094097 
1372641625 
466601442 
716902513 
201059165 
36069519 
241789496 
22033028 
34955940 
48142829 
278197166 
3397219414 
449990393 
59864235 
2863707826 
104928329 
109524559 
540349623 
26005809 
169021842 
500621769 
2749442034 
321022087 
2430009278 
540765097 
18283808 
613385915 
726687614 
793879086 
617142874 
3584633117 
330926131 
2783533188 
981775897 
119080510 
302971361 
2617471956 
274271824 
243251376 
629048484 
2648743524 
269478702 
962192742 
374016426 
260841443 
2360075610 
236220226 
17054817 
30725273 
348783514 
1318131 
401775393 
1726275948 
2690946473 
3430404791 
2813688043 
1875270158 
20556702 
15646547 
20237824 
874137278 
159221275 
15764921 
152630727 
138339316 
1880852461 
583555791 
267481424 
54625543 
118837404 
1553747881 
544724052 
805033405 
2366065982 
2376369637 
766852039 
67801807 
326475886 
613717129 
60418659 
15864671 
977572184 
1971333468 
948703698 
148816182 
555274247 
2425817876 
18062604 
258877871 
2849753081 
2281510448 
81690879 
23569538 
923982236 
2694394962 
18103125 
1346859277 
491870816 
43233976 
15030766 
64812735 
213621612 
2211545100 
297521930 
124036767 
582493041 
2754815791 
105499497 
2751606608 
868529815 
1372919292 
821771467 
64258675 
17456581 
51801586 
19032584 
52719152 
2395260547 
2806253637 
1408775132 
2281448832 
442054338 
199344427 
52883238 
376307465 
243505936 
112530804 
527089268 
22140979 
323161928 
256877389 
248039803 
275088430 
281485886 
443017165 
88977865 
70580876 
73898837 
109035776 
37683414 
599514399 
37687633 
14326086 
322807298 
195864514 
240744445 
350001715 
1616565523 
467780168 
261147982 
55934340 
256344806 
323190463 
398478744 
1708962684 
339181067 
253347416 
54245524 
36161933 
1762629482 
106266709 
67839279 
180464396 
607624601 
506198310 
343945992 
18219206 
1201239421 
2618403776 
217120317 
325399382 
179377602 
41628166 
107427614 
15195679 
976948843 
305637888 
243236419 
125767077 
414208494 
602212422 
27268088 
191068683 
342114702 
634035634 
2588067096 
438035150 
16684321 
164281705 
600370280 
65113130 
122555131 
128574482 
2374444447 
67110451 
59805743 
790139894 
2532801223 
15713292 
20529618 
32507203 
49440910 
47285504 
166723722 
607349588 
2784873889 
858554184 
403019655 
86961179 
578336817 
16531225 
353918785 
13951532 
18761315 
19596687 
21780934 
19063439 
19763025 
21095863 
78902376 
68644827 
142294341 
114708816 
142730813 
78270570 
144884794 
24474008 
123558920 
115044590 
95255169 
157974511 
626372660 
240823321 
234343491 
471903858 
330446733 
612331433 
342599843 
304410941 
758949049 
295900814 
273468342 
323222806 
368220699 
614884262 
246141514 
533085085 
2369399605 
955605308 
1283561876 
1910869700 
1367254122 
1095837427 
1657511694 
1175657035 
1283748854 
1117580892 
2359476565 
2180998888 
1470232105 
2303999868 
1353989178 
2343346603 
1269425228 
2420291778 
1706341064 
142830500 
2557265432 
2494579159 
330122375 
70769339 
2197954226 
57594954 
25566221 
21323268 
30952222 
130022865 
25847047 
89447929 
890891 
91830923 
239945840 
423407008 
6044272 
413774207 
617720872 
1615506338 
853684531 
15485441 
2401829796 
64515574 
1943699478 
493676612 
257764569 
16929189 
249896437 
454076195 
333689254 
100408891 
870436596 
493293578 
610081100 
346786440 
135242925 
1033543111 
37790718 
180945362 
23449664 
335528859 
128830142 
519355689 
917180779 
52129399 
478950085 
1096070666 
411108580 
1412078178 
1446916286 
493327815 
21213280 
460839285 
418423318 
606029424 
1537846988 
121224595 
196380056 
455065615 
1219906686 
35514463 
106239294 
237986724 
577184882 
1499244800 
1512869048 
1449861756 
1484886678 
388937468 
1408326932 
704136210 
1222322580 
1131085728 
1074694838 
636287882 
1077811844 
106931414 
1167196928 
1149577362 
227094633 
1001248315 
1066586490 
444698027 
959880144 
19890561 
1513542062 
106761877 
84402174 
224631899 
29570430 
351710746 
7782442 
945841872 
210781980 
193701991 
517170881 
306072352 
521790666 
727035516 
132590778 
353058834 
185293128 
121416073 
18775422 
255405345 
506364361 
61599289 
621205112 
31462412 
107506019 
78204103 
860310570 
943590073 
348535885 
388318314 
20470318 
82180805 
743368124 
174339981 
165935679 
19727286 
525752980 
63552759 
253458639 
88431632 
281099619 
160201239 
357074918 
1098482420 
423497122 
590489547 
705829759 
212172234 
104992463 
602074598 
158019760 
249960276 
550235905 
314702715 
603809479 
60726407 
54205292 
204943192 
634145664 
365015277 
335550364 
521064905 
88351974 
563907421 
15695509 
441247273 
18349446 
438442076 
623823221 
701689424 
300849462 
242340478 
1117528086 
602931332 
603821969 
382040598 
1329988831 
382841370 
586756116 
2282616547 
1476217436 
2363170862 
2251602632 
1962595704 
2244295159 
337898180 
217468218 
832964858 
1480738183 
512328892 
296699009 
831276536 
462822668 
130992295 
352365485 
2307036258 
1134586260 
2279074272 
295857990 
199054600 
15595001 
146101020 
2239368434 
1185046465 
2152963375 
495092135 
331170302 
109337284 
479777055 
42955907 
1411138261 
2363089879 
136016799 
2228520805 
404109288 
273552883 
495650403 
1450150033 
1560856147 
118273546 
2343881624 
77220986 
1485433387 
74272880 
433404427 
371346012 
47227220 
517143519 
22885505 
1322965681 
130130301 
21866534 
36722950 
71679662 
625957916 
875131896 
101071763 
163498518 
712285416 
814806896 
745315946 
145087038 
57377489 
333609970 
563071992 
83019869 
16105705 
402774333 
460000694 
11735772 
185073372 
24917334 
14342057 
234587469 
36244429 
204435772 
1071145244 
10716532 
372853100 
42373844 
160812853 
798722731 
254833195 
774997099 
880800066 
295202106 
245901589 
148207398 
883095961 
347950601 
390408648 
1513709269 
796447873 
16832054 
258906555 
2303309358 
198693792 
317338639 
21662960 
587593372 
1513963465 
54588816 
62547220 
213597638 
1514233262 
122483291 
1615763970 
2308795603 
2272683062 
2259226819 
2239373048 
2341564765 
121266706 
112255975 
168673617 
325095770 
327078130 
140182902 
59891105 
58545787 
213855512 
78948866 
89195689 
2228714689 
303806325 
440516760 
17073913 
130516054 
80373404 
18056188 
547937505 
68696722 
161412582 
185913968 
2451810589 
52296815 
2298122569 
541204945 
234882134 
166589054 
419498220 
23568051 
262671965 
732924654 
62543839 
191959211 
237898770 
119515943 
52568297 
74782498 
50908641 
57054498 
22147383 
249284295 
104646835 
266898327 
394268358 
1576645813 
15724667 
385025866 
86010111 
163091850 
357592883 
15926176 
44380442 
1365302184 
176856083 
60840767 
16244891 
1016358398 
341046775 
39108656 
85318862 
602626619 
16177628 
15337266 
217090185 
1092592490 
40898871 
1691548441 
87699418 
339990016 
351221537 
17468123 
185718976 
407436616 
26596536 
413404483 
1944121076 
346689810 
59294583 
207778670 
17968297 
41159493 
75671277 
413277937 
52183156 
2345933348 
230044006 
28657802 
20134672 
41847726 
22688264 
134918286 
206803921 
460246990 
207660816 
176609040 
870083701 
62594694 
284694021 
46819825 
47757476 
520869976 
95539529 
284530356 
18098078 
341445101 
154579776 
242521377 
373582372 
720410136 
1117661796 
122188435 
2317727804 
612808119 
82147371 
57118276 
837514105 
600824096 
755431974 
386982500 
280819624 
335299968 
1321767960 
2235067801 
534731123 
873226260 
355973036 
16188653 
411404227 
182010760 
339702220 
123630567 
41820546 
122171691 
62862931 
25030848 
57958743 
125803742 
51360769 
204827079 
81121057 
202734762 
288750786 
258912782 
2692731 
525039483 
22983780 
35740289 
33931998 
1734820520 
16677207 
977770477 
774348540 
580583621 
974350112 
95943830 
23857477 
243856498 
121969724 
617682795 
993499454 
2227251932 
612377132 
2196197339 
1606274359 
276096948 
19193200 
34968878 
78236065 
495783199 
540297518 
344264079 
87759440 
1193903594 
471288976 
1879763192 
1224749436 
87678409 
565376934 
1265276815 
1005831787 
592545678 
1569311882 
1427447498 
246022054 
1278726968 
1002297840 
301003225 
347344735 
303595453 
150468070 
395127816 
324224561 
276622199 
134880976 
273989386 
37496879 
118793869 
1103092412 
1072948938 
1873029986 
101625474 
58422750 
872252960 
1276391982 
16668354 
1184436480 
772289358 
835018830 
495090868 
18826280 
161122931 
460596968 
1286914470 
627219713 
811485 
564963994 
1854992384 
201575880 
339567848 
981318175 
106802952 
1618797830 
1475820504 
1031479694 
1272402163 
351597695 
35814508 
17571006 
17970265 
105093751 
322040938 
272952259 
266803182 
317819341 
426745448 
275247224 
58913750 
145776072 
1504478209 
1372400726 
282485791 
118090760 
353398373 
39192903 
15487945 
17299376 
31436859 
36128216 
44627062 
93695556 
32377320 
65162346 
405076361 
187526761 
408642527 
268450577 
109595746 
14401740 
44668691 
173157624 
21719965 
64577029 
199397741 
96213192 
111678813 
277543743 
153277918 
90643236 
460547634 
18988722 
205809049 
358053578 
509329058 
603447063 
478885746 
764130745 
512408837 
356064601 
197298711 
368978569 
131248337 
1256273917 
1259034673 
1300184737 
406913099 
415773418 
601302756 
599859650 
825106800 
587093764 
353599161 
800769732 
557183304 
166605446 
556162195 
222181048 
33350288 
196063263 
25549749 
1093314991 
1505990732 
364784007 
87246148 
94190179 
84377560 
429887721 
184855262 
267970666 
240052569 
42214693 
217534267 
177081242 
41042639 
108184667 
105269852 
148126275 
23237592 
605565056 
376234168 
378391273 
48794284 
16901190 
1570578853 
25795023 
805420862 
1383544974 
1610163145 
542896987 
1245776018 
1174103130 
472315326 
70428380 
1109746682 
369132956 
576662578 
317989551 
594029703 
127398307 
53070585 
1731417337 
1316861570 
128557504 
706542739 
438093543 
1710746150 
590588486 
253333825 
395062666 
15582333 
77147096 
107145145 
601360212 
18693554 
90422426 
199455109 
145442995 
59386332 
1373355144 
243822773 
158802394 
280604607 
31496613 
34051681 
27969576 
1259538278 
54290504 
166252256 
11620892 
574876962 
851231988 
838511845 
1049116916 
1616083406 
1148033437 
191953026 
234823795 
41614645 
53306438 
16380122 
145331696 
832091065 
121181792 
208782890 
545452448 
297471743 
1898226176 
1569395906 
288861719 
20941733 
1356942170 
369181523 
2214728096 
1004441370 
343382958 
1491326275 
14999172 
116953703 
90614279 
21774229 
15129727 
15993122 
90725320 
109257354 
15497533 
573149116 
39279393 
16073416 
48075643 
326301436 
165204211 
234493276 
110004599 
77920769 
47771556 
41885001 
43257038 
135634891 
128706716 
111710855 
226254990 
20009841 
569239066 
38271536 
1314764664 
23038536 
365833553 
601208986 
12711402 
314949505 
35294292 
19039279 
849478508 
860804203 
987347144 
51343586 
15144990 
450158571 
980542470 
1136086656 
141764283 
47529067 
519031292 
47540790 
147626142 
861569060 
21529461 
14634720 
57111966 
177525740 
20966831 
35132138 
51556497 
52827435 
40496256 
18721632 
14559745 
15585039 
21992858 
27270787 
257169927 
62527273 
26875700 
566603099 
18410336 
31549974 
213322393 
40886060 
789736182 
39318649 
496723 
82653001 
1278491143 
372262602 
24229787 
1373044333 
305731291 
35024652 
601348602 
34711477 
1868614418 
915831762 
474314335 
370746966 
1702021562 
199498184 
494117100 
263706477 
817379342 
133850987 
351124495 
28914186 
592877135 
83666769 
1628351652 
2196591919 
361331224 
20248618 
278546333 
248738149 
184843460 
1289537065 
1289437754 
161786300 
220207252 
1102460298 
1416207624 
45883037 
927847746 
85704400 
1430634601 
1356337328 
65981277 
16099299 
206455974 
1393155566 
19393682 
1430261106 
1653446526 
207417070 
1023127716 
1543896252 
813869346 
67073189 
1166603371 
1341994153 
1547180839 
18227175 
33413514 
1842529184 
533325704 
143453381 
54307811 
376343939 
78944125 
1101547334 
289630674 
778821643 
335067447 
61888947 
1415797940 
1615298353 
264313856 
1552472732 
1093256749 
1286907966 
563934135 
100270730 
29651794 
472247987 
1963081712 
1445835943 
22214469 
980582593 
1671272827 
1613811469 
1546806968 
1860080138 
772803463 
38180565 
20419776 
1201357309 
376388445 
1447181720 
1729237488 
1851857544 
1918449103 
424364758 
785867060 
905158806 
168757719 
246538239 
34446777 
203210602 
404582423 
591073686 
374733952 
338688111 
392430047 
361864511 
167379295 
34649558 
106168626 
106213121 
345864624 
24248134 
105565819 
59460397 
20329672 
20582958 
15942016 
17453131 
102872483 
33289381 
24092833 
17805662 
40918110 
37728789 
51432494 
49910635 
21520854 
202265743 
139715762 
250884927 
55338739 
232268199 
66661102 
390850379 
886605331 
564492953 
485704932 
483526193 
280967009 
394196723 
457643774 
245468969 
246200730 
117129596 
369069375 
256447128 
63013533 
106144400 
207576960 
320493783 
69727875 
334429446 
291882952 
59135870 
46230200 
243731288 
116922299 
205395387 
285769987 
206024863 
85926045 
23128020 
231571599 
144514989 
263156997 
242435907 
317820566 
154269040 
863556619 
101718764 
63492964 
168295405 
478936319 
116881052 
320781967 
113396766 
47759102 
74271484 
131284606 
1578381054 
57137566 
16343391 
225591777 
15986376 
58034702 
310460634 
29548333 
271069523 
36027680 
163685219 
154265454 
338569878 
539247187 
346553232 
16619543 
341940729 
54283164 
289044047 
102154719 
22164556 
16826617 
20832496 
33522957 
16423158 
17824922 
19671234 
260791818 
47081182 
65768834 
98728133 
46768949 
52090405 
27757931 
43135991 
86265165 
43204641 
103390989 
84679163 
71911230 
116692211 
28646364 
82901380 
331703548 
52784106 
82842925 
83678036 
14116807 
154541629 
1648551055 
137363860 
64997681 
630561252 
1377164666 
96444937 
17060015 
238277202 
98249033 
151972628 
77673965 
37956018 
19678937 
315576763 
503479172 
16684773 
177052610 
1212471458 
624573206 
860275999 
308555885 
501841166 
418337208 
52496053 
1114934264 
158939580 
872789472 
114862218 
284626965 
740030898 
178968386 
104877972 
44706837 
15173910 
122126411 
76347918 
456122274 
20489917 
398355965 
196524156 
115941650 
460692959 
83141291 
22995306 
9516982 
21502432 
1590971 
218770932 
135340833 
229741819 
43686093 
7778572 
299120585 
240826569 
5566822 
18639734 
14303497 
35514372 
43178145 
53477381 
98524029 
302640576 
19561283 
101542501 
293523912 
47859571 
154183804 
17449199 
368270556 
370006483 
165746688 
20082594 
275168671 
404135168 
435479759 
17650542 
46185403 
348973438 
97697485 
16217537 
10027742 
17386103 
14370402 
462328140 
456326093 
274936785 
172600511 
68217803 
146595256 
239568469 
323023523 
328484686 
490071383 
25632202 
66527711 
16244264 
18806810 
18484918 
45835806 
347466521 
36137091 
18943897 
77933310 
176449336 
18275278 
173742300 
231800555 
18616523 
8086592 
282466229 
266021918 
268419527 
80255143 
278361693 
227313348 
242976919 
241599686 
30612098 
382783908 
335432805 
302297946 
323137386 
385285290 
376419441 
376185733 
227068250 
360710113 
306945763 
262065700 
244516300 
351600158 
382021680 
352013889 
385861251 
74970145 
31291389 
46162783 
364850141 
365982530 
367521364 
369124672 
364411208 
353269254 
200334423 
171824505 
138357761 
204441343 
59278439 
182911027 
272804417 
18840331 
374591904 
263981876 
91291102 
382562268 
17846799 
97765199 
167530386 
238759347 
243362351 
242275749 
250395496 
353599052 
318677850 
196634246 
22229380 
14668821 
37397428 
86989597 
249181410 
223496983 
89139766 
193725962 
335357917 
218612346 
92388108 
201928199 
341733634 
330187162 
342150615 
158705711 
157950666 
191539168 
290219510 
220682673 
341181872 
356012129 
370552191 
371587193 
353900350 
160815872 
251475710 
192867469 
365049379 
161284028 
98462134 
69169965 
270704385 
95425610 
145523138 
352894516 
179737940 
372225079 
172080778 
22891323 
74567875 
65430513 
34591389 
307613762 
39403696 
24944356 
163861407 
16405560 
140454676 
58833995 
293126455 
221391556 
182552354 
215851285 
38263816 
167450345 
22522178 
40578434 
113724175 
376377674 
37935003 
351038359 
171110141 
78409940 
119399526 
168780835 
309066253 
87993943 
64745128 
376454963 
61632775 
346056309 
58632259 
373263815 
212120267 
298141096 
325752643 
319236126 
292249918 
339779020 
334412458 
21206435 
143874328 
125167588 
261481878 
60200677 
227977899 
326878929 
371571233 
17049669 
223864190 
116909326 
368663059 
212833011 
169919003 
135404644 
30487723 
314574603 
318405084 
343535829 
362017364 
364099927 
35498252 
117811239 
16513431 
172510346 
119004658 
239323931 
17380719 
18691433 
19976322 
21842781 
317491927 
57899028 
291645074 
365227134 
218410534 
18657835 
169497983 
167726097 
9610292 
280174469 
350722367 
338635168 
334754629 
166968340 
322059161 
305064165 
338620393 
123109926 
225003666 
2318461 
19184804 
344778260 
80611880 
95217654 
202313343 
14779408 
17285207 
47586577 
15134782 
249385626 
277177390 
188355717 
180817934 
14626253 
208186672 
33735594 
339584833 
107512173 
278034072 
76944843 
145753059 
342218599 
252835084 
87284906 
359923487 
307142529 
14307349 
31464192 
125688805 
99340531 
288332784 
152603307 
101504262 
163608403 
126075298 
176312000 
35422523 
24676608 
18919165 
25982423 
337763578 
112776693 
277314325 
39168318 
15784351 
324878048 
20689948 
29130099 
7431092 
50263701 
15808135 
40269833 
50713431 
18532839 
78313244 
37593876 
112821567 
88097483 
28623650 
122195090 
15761887 
22933241 
35264137 
135633948 
14357700 
79298149 
130861909 
17345420 
73568065 
119006338 
45171924 
174355663 
48261459 
14161274 
237906871 
329002209 
266233866 
77325868 
46775492 
169327127 
124351301 
80446358 
46668131 
138648979 
60326178 
50609969 
119416796 
125435306 
14663202 
38488854 
137750787 
52537669 
15656837 
5526292 
14367197 
1022101 
51450323 
19418459 
646893 
37570179 
89735094 
65965412 
97283146 
22134978 
222869196 
15151430 
265194390 
226408923 
27708539 
127655116 
277454204 
167109996 
58665130 
18904670 
73437080 
18691131 
40533372 
357200694 
24061939 
35608843 
20804527 
37675183 
43127285 
41214568 
16315143 
44969641 
23840688 
19894605 
7002642 
77243317 
11620792 
80142704 
17774197 
26761523 
136368368 
141232704 
140141256 
140142274 
141233942 
38327163 
95207095 
102187929 
42226885 
74725264 
43125984 
15868524 
27005908 
14818010 
46695179 
57952201 
59228570 
38892304 
22953447 
79807769 
80985601 
54331979 
27961004 
59379157 
79603061 
44246490 
23643222 
135074457 
17413023 
125577379 
117802614 
119512804 
21143735 
23345984 
136371916 
35800004 
72741124 
65195072 
39827532 
46988548 
16309612 
42154774 
58415569 
17116671 
73498100 
116321091 
23123218 
299673304 
335174374 
32139855 
34423887 
345318362 
346554962 
88171985 
74523365 
316441648 
161626968 
227117982 
347295106 
345112469 
271961748 
224028874 
297571658 
55837564 
329383106 
314697326 
90746365 
337858630 
287932099 
324325176 
346467342 
283127961 
342254850 
283523326 
183794003 
256182359 
284031202 
71517306 
26421298 
77659649 
754556 
16216496 
25313061 
14938054 
19412403 
83603861 
250269484 
47708988 
46587927 
245191224 
37872331 
163123885 
41439548 
42204560 
81919624 
108170327 
242442152 
16728027 
278732760 
20510870 
84719551 
181800538 
143923948 
15473639 
79769879 
255609053 
271575724 
88559725 
799847 
285301223 
91416107 
142761324 
20920045 
225220553 
216595492 
104284726 
263880835 
18175232 
17790274 
291975035 
234824951 
279054794 
271115507 
342053834 
130284999 
106386370 
84106354 
20 
237034619 
253229608 
173215725 
304911326 
225080913 
34164474 
116887639 
314159007 
273666626 
199831468 
237436880 
212296196 
194285092 
291396208 
207800213 
15066876 
255746849 
39535012 
253256396 
291854281 
263070546 
222591525 
124399845 
9933702 
252940523 
193199483 
250322836 
245891285 
154203155 
281191109 
315755949 
232316997 
25359130 
317692578 
314614892 
155739417 
302453355 
47761207 
37815642 
248397808 
332537706 
46157344 
339821218 
277782004 
302378983 
109627116 
284954090 
267950123 
312085983 
331996724 
268733067 
106130298 
275853305 
30013357 
15355482 
322436080 
297472476 
292205530 
309632991 
32388828 
309406177 
294200947 
35320925 
309147495 
102484594 
30491503 
813286 
159462573 
14361581 
65420357 
20213316 
25772509 
190380129 
97596445 
88775810 
93874858 
152383076 
14680760 
192312582 
285972564 
302027805 
305664924 
205301508 
28462883 
256777166 
4535531 
15828276 
24769873 
59166543 
93675013 
35009875 
19316226 
17464197 
19099707 
45578989 
231209687 
72566217 
65133995 
52532246 
91229649 
79374470 
19303934 
147952374 
93301605 
110504902 
74207730 
37490931 
36584675 
16002973 
64471580 
17958488 
58901459 
271232739 
56706809 
87356700 
64033323 
14123908 
24299385 
95527437 
182593144 
34177383 
197442452 
24460473 
232013036 
74775188 
21687204 
117882437 
191621124 
40581338 
142318493 
246795305 
314830800 
277079206 
37443066 
122115475 
29797190 
194635896 
309668883 
64902866 
267378899 
64673229 
310294454 
116833456 
259717324 
17813201 
107175080 
77492124 
35610654 
127542386 
13404152 
25497324 
41154742 
319168581 
309957358 
297849758 
49002091 
34335514 
52757344 
89480469 
19364366 
24289121 
289529286 
262030476 
353187655 
14693655 
98682492 
299577500 
142430723 
195832763 
271090712 
234888178 
128288109 
189730142 
202960360 
166270122 
193513247 
354205211 
355074619 
291769435 
216496008 
72216362 
14975696 
23024183 
16926982 
79374029 
31029819 
69156414 
20296872 
134709551 
184676899 
131805443 
17738836 
57559307 
260592240 
335450473 
34502947 
278144512 
302075039 
19215686 
335206890 
79277772 
321922300 
257712246 
89065031 
29690314 
70547127 
21507368 
38631365 
102807033 
26006060 
5518042 
39038738 
18417715 
322847583 
211971883 
51673253 
15148293 
281539326 
41075420 
223793747 
21431131 
31177165 
329381549 
22412558 
14750824 
254003946 
14799975 
55919026 
103906119 
252499046 
249801662 
60161636 
330001961 
227026047 
250709925 
54470058 
255691065 
267668941 
215023560 
166555265 
327781118 
14361364 
1143031 
74239334 
306168284 
37615263 
99831275 
328053351 
233002228 
174060215 
152739266 
25122451 
188341419 
277391538 
227295578 
148040105 
28614117 
203267127 
39831011 
322006325 
256668510 
16570439 
316271285 
310356041 
190601175 
48880172 
2789221 
203966633 
44425296 
23408887 
309573864 
224087236 
221166154 
204690897 
309258852 
15589593 
80735649 
118280751 
301314785 
167467435 
65585297 
86001529 
104994684 
38779171 
25200930 
124743271 
297380624 
64305777 
101565049 
297500863 
301294786 
21265875 
203160584 
51491327 
250222776 
90413253 
13058232 
12925072 
142856429 
231430595 
295709874 
56815848 
21632092 
300141448 
29839865 
38883394 
270737638 
72507336 
288303533 
289554007 
27107440 
282105121 
214335017 
104274712 
262970712 
117218161 
136365065 
148031377 
281171552 
171027675 
143135158 
14723159 
30502115 
21483208 
21957279 
65945594 
48459912 
264665928 
95093861 
61978346 
103149604 
110513887 
56422014 
20457330 
252005440 
204713368 
16901788 
46597022 
270952936 
91976509 
19992585 
39608168 
269003534 
96633510 
106085633 
269148354 
261134504 
30149197 
256088045 
14664315 
25042858 
251715165 
6753632 
79563608 
176361793 
237996224 
24038627 
236906038 
27427798 
80645184 
111740977 
178973012 
262899616 
248745046 
30333590 
212682119 
192590356 
235655714 
29583254 
259959311 
15962096 
31124004 
205140976 
140882350 
242404102 
214835197 
87952540 
25813744 
229688946 
28489820 
107132070 
129717068 
126399969 
47050223 
35720149 
226620059 
211035385 
86038392 
147655088 
15043741 
28362166 
251958885 
254184227 
194428867 
5408712 
133949142 
234409462 
64064992 
52728104 
130345881 
40268181 
253790494 
35521295 
227210798 
6840532 
255684625 
162107535 
59888400 
14111322 
94785312 
140957043 
246875485 
14404210 
17959234 
20745418 
243683650 
203043935 
148601636 
55636401 
241829000 
20902819 
14399899 
188644955 
14889901 
217834871 
160954576 
38351093 
84410040 
213583847 
18537511 
208692002 
160718204 
249434243 
199018603 
40843855 
26691286 
223979104 
135304471 
172352574 
125461129 
114054556 
71097547 
90542658 
22028245 
74202506 
89772065 
39516422 
41169672 
196688859 
14126628 
20112774 
162251665 
15142187 
133243346 
178767139 
92546663 
17023277 
87860589 
206375857 
168751857 
25728986 
115359413 
44125193 
54505604 
172606570 
238172241 
19868796 
17728260 
21966657 
230979842 
20635442 
231035671 
196335093 
84990930 
222230763 
64408937 
193920358 
16094416 
113680356 
75742264 
176351981 
10475892 
242274588 
36894648 
22690553 
32436543 
197568125 
95323360 
72650942 
104024472 
129911634 
224979629 
130721019 
194443350 
45343066 
20703625 
16458567 
173965944 
221477639 
161813561 
212616362 
214484568 
214285800 
213233736 
214282302 
113765507 
42279069 
232900307 
39092625 
119495909 
233699306 
64345634 
236697691 
228914635 
237165747 
221803184 
18632595 
50511470 
30250662 
69670389 
21751867 
14590571 
28604294 
20646803 
28579889 
171600580 
225006983 
223894083 
49931290 
170340549 
181144732 
34219460 
229919068 
17259903 
14092733 
50630077 
231651039 
94135894 
78975664 
119405380 
104707775 
56025946 
64521433 
23304537 
213081244 
827721 
67682243 
110598107 
198950299 
153690347 
47227778 
230457203 
183715477 
33427019 
221222940 
62715957 
225161554 
11990942 
174576996 
156209895 
223104300 
53431082 
227221412 
144972358 
196656527 
46102127 
76936279 
220878322 
204437352 
217340898 
78574632 
78400205 
202330979 
225186956 
32880255 
17310484 
117203701 
123203372 
69922459 
194986752 
26574530 
85682076 
199959370 
194409959 
32345662 
16002751 
93486461 
220006862 
216597944 
191283426 
14235784 
23616725 
149744018 
45610410 
95124884 
120522416 
101647054 
57989242 
159365116 
17408975 
176902017 
210707113 
212821937 
153358402 
137044871 
17668544 
209121447 
190370947 
135574679 
19037075 
92849787 
204043734 
128301105 
216440522 
151838233 
185629586 
128712816 
150381860 
115407755 
191333979 
127212947 
210956042 
29221671 
19261937 
126730338 
16332217 
44098475 
175561466 
73888001 
182072867 
178085097 
27874157 
212829961 
212830651 
15503880 
62368978 
15810963 
176954398 
138291041 
17180002 
54923091 
50735741 
212154319 
15401272 
100765267 
98478352 
65045791 
184127005 
33464378 
191188588 
20733292 
18556819 
120181944 
16217708 
167579772 
102091043 
26714758 
171889851 
76659916 
41963670 
87002357 
146137595 
148582934 
149968287 
78066189 
19014983 
202913834 
93333807 
56709913 
203307022 
121859617 
74178438 
155208145 
95688842 
124186874 
81869297 
84445191 
19983863 
15928168 
196576248 
190681345 
198836692 
101629381 
204623845 
204827483 
105540608 
200066183 
110956738 
158484028 
15237266 
19292062 
45403027 
203794411 
23794693 
121439660 
35585463 
35060716 
11502092 
127617309 
20584681 
55567654 
91926193 
105019541 
148041939 
202985124 
15035816 
182382384 
48035012 
17309372 
26847645 
27416997 
17469492 
28465954 
53586544 
14129299 
28117749 
62996325 
96172868 
81568621 
76175521 
25650069 
72206909 
198909913 
24173146 
172503882 
185367212 
30208907 
84141876 
34299064 
73212270 
114459780 
20975060 
52430141 
21101693 
180874230 
125149065 
185765368 
135195087 
201208734 
28608146 
22679503 
16745666 
71619927 
193998459 
70517539 
88815035 
28798049 
59145948 
17004139 
19926698 
111600954 
189397900 
161141384 
135893233 
109380755 
175301859 
172333990 
33455640 
167251005 
88961975 
182016144 
51265428 
132982302 
93018740 
197282565 
194523714 
127636054 
160362211 
190136538 
189205959 
171242265 
105311447 
183191973 
16434826 
20066579 
173463444 
193450071 
23713910 
135618949 
155546888 
77156529 
19299476 
191011115 
158540968 
32339636 
175074498 
123355425 
94375347 
14911468 
91455315 
94672592 
191196414 
5901712 
161921882 
37843978 
154601685 
126863447 
44512156 
129393105 
164697245 
120388501 
134641794 
27934838 
193763412 
188632613 
193767638 
138104496 
6440562 
105989119 
44351029 
43249845 
190212754 
156454354 
76943949 
137585695 
131648301 
16490375 
130710782 
83980802 
24488771 
18780567 
133832982 
121541541 
73586477 
40248740 
24391196 
14837316 
166626739 
18364807 
170935788 
140959145 
86179696 
17184245 
54862575 
18229868 
18989591 
131096208 
16166740 
6514422 
123984341 
171122014 
91471291 
183378511 
135962109 
43345252 
183197100 
92127332 
20303738 
60146372 
177201831 
26881832 
183574502 
98365761 
157930586 
87029965 
16360236 
50242590 
174011877 
70706115 
16653851 
15730467 
29908820 
21199855 
41192995 
52526819 
45466925 
19211572 
179518178 
21069014 
56315868 
134965796 
173854356 
14084621 
37771961 
15907720 
174697170 
15808761 
22592146 
158401273 
75683228 
19730963 
97615556 
124602474 
81928480 
166175921 
162075297 
181526860 
158049089 
178534061 
19725644 
180812815 
66109587 
118580840 
81951030 
55638250 
121058256 
164423475 
162143484 
34935940 
116219702 
157232972 
101471751 
124068077 
15998395 
18570258 
112666699 
89740322 
104960587 
175420641 
15254984 
77052243 
179329135 
87997141 
168143844 
166201866 
176516624 
28481218 
16886903 
48799590 
109295487 
165260682 
17806606 
121857858 
134944855 
104963915 
57198885 
40044000 
19292944 
122295772 
168084467 
178353920 
42623793 
20733129 
151074763 
17815739 
44726734 
156335800 
33324105 
14372559 
21705838 
77361107 
31038883 
69085243 
89637756 
40309282 
56941719 
91255531 
121697007 
75066258 
109039256 
163238573 
6603982 
157087290 
68729916 
16667599 
26022943 
23738836 
20023240 
160983671 
109195300 
158234797 
156014838 
112193175 
171816635 
27113831 
170895161 
123464666 
112924803 
172747932 
62695121 
92030522 
20032100 
115575220 
56631582 
53319905 
92690105 
73406154 
45160591 
56973737 
167148884 
158084587 
37651973 
46101833 
145624779 
25113064 
16654382 
59488659 
32438847 
173104688 
173580233 
171081701 
158819883 
38962747 
83288224 
147749184 
111526868 
146556081 
120275354 
154431461 
82972556 
6601632 
106709095 
69520465 
101624056 
172222922 
18216540 
10500412 
109342789 
97693219 
132014586 
78869063 
73537994 
168820574 
24739126 
169148376 
55719221 
27838346 
20443041 
14817416 
64041270 
162407708 
155754816 
157477738 
14416701 
75950298 
131860297 
169345622 
8421322 
126297918 
70733441 
81025710 
65165331 
22373982 
15594818 
66576880 
25464427 
126991512 
167246277 
35771816 
153877926 
16132035 
146341446 
145770860 
138585804 
166835869 
81744095 
21429795 
28996223 
10278072 
139812742 
154281389 
150203227 
35577125 
31568472 
30832848 
69040616 
108639183 
88841906 
142652479 
59260891 
55009922 
93094270 
31128730 
71666839 
137822111 
164368703 
64036409 
14371759 
25073335 
32537591 
27986907 
164765739 
32382434 
24444592 
75213895 
18975625 
35117516 
151199395 
21504851 
23710648 
95325076 
156321614 
27587464 
164144965 
116498184 
35967397 
69666789 
14292727 
161093241 
160198689 
38486664 
36008199 
138438282 
137067055 
19725651 
153585247 
104461762 
39835318 
88781425 
16506216 
14744129 
153377958 
21009514 
138205225 
10669942 
16721448 
138803772 
16591419 
114180822 
143114444 
26927518 
12811322 
158379461 
90501334 
125190427 
158260818 
32676560 
70266308 
7914212 
121455624 
83192648 
115692695 
150370853 
93923999 
103980926 
20174854 
156592949 
50121279 
106513549 
134330902 
134319371 
134299558 
104270518 
29247520 
139188335 
143797487 
73260888 
18670756 
39770637 
111135538 
111759069 
152967306 
153021223 
102094032 
53881367 
89754219 
152451431 
143202165 
142978948 
154118264 
156929897 
14732903 
6471552 
14227224 
158331693 
153378500 
18159761 
61951451 
156257989 
23752466 
25804790 
134300198 
26066672 
56041388 
156078258 
131905352 
113188055 
17893843 
110013352 
17211568 
143031485 
14742549 
72224648 
45274596 
20885754 
16874454 
80438942 
19266568 
13382002 
57097259 
14370358 
112207396 
16345809 
128163130 
153203946 
134566288 
79225291 
112435975 
154028529 
40892277 
150398369 
16557056 
40877819 
144850851 
27118614 
111277409 
154742519 
32892189 
101583724 
115570025 
139341523 
30329734 
150410044 
98483614 
40297598 
41420988 
25182390 
17239876 
14388275 
8441632 
29823302 
57340920 
72317698 
94265030 
22476302 
65014514 
31717522 
112796728 
60674842 
77786559 
97419562 
43674214 
52946314 
35445999 
40017594 
83288077 
49933550 
30428197 
30121793 
38724839 
59118625 
32156542 
64163712 
39446415 
137951818 
62769363 
113106870 
35754392 
64784531 
100293830 
50346973 
14353530 
56081730 
117893870 
86070543 
19799171 
143150474 
105921505 
153410829 
151546694 
127857772 
29209310 
18627808 
86561396 
140367530 
18506578 
69709511 
8943 
16001574 
27080332 
34588915 
111681268 
29863585 
134893774 
15914386 
132777874 
148260191 
151234731 
128913663 
150059545 
130180392 
29682398 
14290180 
19235424 
98965038 
7799412 
126231352 
150824361 
42773870 
20416406 
36272900 
18712045 
127856013 
150353776 
17015777 
129934579 
72208586 
134222877 
40241654 
45182136 
107372276 
73295835 
51203806 
97164541 
143702811 
40549610 
51025955 
71496363 
20989468 
72961678 
78825573 
140224792 
100879786 
65839298 
79018919 
14527516 
22987468 
60628925 
143514046 
111263921 
124360038 
17668397 
94431614 
65549763 
53604059 
50840032 
21291921 
141953583 
105263427 
147641227 
22037624 
122708964 
19695677 
117958234 
147051710 
31377464 
19615669 
21778005 
20719191 
4970771 
25022283 
30033098 
51866650 
78023187 
74426981 
54148193 
46517729 
15633821 
45622211 
88116249 
94509215 
38519814 
17610785 
16063760 
33012054 
85996764 
90579814 
142228013 
72696370 
30002227 
82971720 
54241207 
38733258 
80924527 
132632271 
145772115 
18239716 
146173905 
125863214 
146338195 
99499640 
24184335 
139807668 
25493262 
57881690 
41881248 
54764863 
85995177 
43212366 
30307942 
14659760 
78867948 
33795664 
71233672 
16311269 
143746524 
136135376 
118578700 
5533492 
102164104 
24659869 
118619150 
48354754 
126413239 
21023795 
104236159 
111992008 
20548002 
82410123 
19869198 
144568024 
65114379 
114196341 
76968686 
14312300 
17857194 
80291352 
57988688 
13302472 
127928558 
125522822 
130160286 
58512499 
58211806 
35385960 
121630641 
119496774 
71489644 
29485977 
113944686 
110396781 
104829928 
126061389 
18438933 
28157858 
21860687 
47985356 
139470116 
72322781 
109412545 
29632743 
90559206 
131287503 
68516439 
19451778 
127854770 
100093464 
93109912 
61515918 
104502462 
140836653 
72842068 
29823868 
15840665 
12726792 
20629329 
20003350 
21847241 
114372882 
71945796 
44647492 
17278520 
17659363 
66673587 
36986550 
52131816 
22600289 
15965580 
34599179 
85231182 
112570302 
140999057 
141793105 
23977805 
132130962 
56596517 
50649806 
100284476 
31616374 
45511355 
23806812 
69741970 
68776093 
18414337 
137501836 
62206789 
42096423 
73562844 
91702056 
63924216 
65455718 
38451227 
24289986 
26917649 
18429627 
23053272 
20702152 
24207953 
28206390 
21777967 
95922153 
20801977 
16211511 
48213751 
71480737 
130171898 
122545412 
71438258 
45094037 
122176898 
36585292 
34428551 
24074791 
26149006 
16166496 
126139796 
20814025 
34462186 
48465043 
84151390 
117010893 
44288388 
116755525 
121182652 
61870392 
19550351 
22350694 
108999744 
78698078 
26311670 
14232309 
138243812 
21583865 
39859913 
73194471 
107850085 
121290796 
12034642 
16634070 
92774423 
67228203 
56173230 
19837493 
12990852 
31264137 
28234098 
131311105 
21749093 
32579282 
54791458 
33429393 
31236273 
95415860 
116861181 
127650828 
15422969 
66918402 
17846907 
138192918 
14179280 
126529732 
129017723 
136429354 
123880336 
126023070 
52904690 
102440264 
54601887 
34613951 
57675435 
21272440 
117792573 
76707642 
18784324 
107198719 
29286936 
109743190 
25639941 
106565212 
106559461 
82063826 
137283410 
28205796 
131181354 
46008015 
48528914 
14873767 
14837054 
70132580 
119120431 
125182644 
60198719 
29801475 
137584249 
26052488 
117514256 
62894963 
133900079 
14246001 
26117264 
22751329 
116526052 
127160575 
38257227 
73897972 
17322445 
124855758 
57453277 
97753548 
100996850 
52267567 
62300359 
50219508 
16266037 
16294833 
38531096 
105425417 
135635944 
49221202 
79862651 
67399082 
18125958 
110040067 
109744290 
121474129 
24899910 
36737192 
34736653 
90907467 
82928239 
85587250 
102806921 
75622821 
19341380 
90646602 
93721768 
55702427 
82881723 
42343647 
40837631 
27274001 
64512738 
37965184 
50976238 
80602575 
22957770 
102741324 
24770555 
51327224 
93767468 
47990923 
82641636 
78909210 
20658407 
87316578 
16564804 
49686443 
107120550 
84248946 
15621279 
83453933 
15452794 
39297386 
66486777 
49473009 
31384265 
10965972 
14434842 
51070259 
67299607 
89984720 
98719577 
75689287 
54985631 
12745122 
88823818 
53989337 
54657475 
78103923 
35757139 
134860691 
116995213 
26360152 
88138457 
70338684 
8682512 
5581302 
46337463 
80206403 
57698389 
113675736 
22324656 
76919936 
131880443 
97059585 
106877921 
132174963 
15064206 
92018464 
16896616 
30176199 
55399810 
21148206 
34332062 
19973568 
22778685 
119730372 
22226809 
15971444 
41141120 
19052418 
127628903 
17766403 
124555884 
127960183 
132288467 
48877107 
128277174 
20215836 
104634808 
26365442 
18100753 
19115583 
39197910 
130530842 
50279623 
19256238 
123290555 
91030950 
95490579 
119892601 
131450499 
110513440 
70789832 
16633306 
124603983 
8531812 
14733458 
43507231 
49542676 
69695347 
34915433 
19567168 
19796978 
49376405 
34826492 
18927088 
59159687 
56768413 
122066196 
30505087 
47428806 
29961873 
60850327 
76241994 
5448232 
37293408 
54793691 
34602136 
85793998 
51868247 
23633816 
31347489 
63824635 
61700071 
19460774 
112565313 
22481472 
105267145 
14210998 
128028442 
128934795 
26809747 
94639342 
123363663 
80633143 
94127415 
101078285 
120175536 
20204317 
57408236 
15349180 
78995028 
22757369 
13927952 
78874350 
113585182 
128341900 
105750807 
18365496 
34210459 
39568621 
124847351 
47010085 
61874766 
14166556 
124530687 
123765314 
122261716 
61269661 
14536203 
125422180 
61315034 
20175060 
18806153 
21517604 
126984902 
78821743 
6065122 
94211954 
112067764 
116961450 
44398100 
40019559 
126439551 
126672551 
24227292 
65131609 
91167606 
57662714 
120485008 
18638583 
126092567 
61095732 
104861470 
14891095 
122287367 
101381198 
73220348 
113726015 
81192849 
117881414 
66834352 
123067551 
123985563 
117257831 
38362329 
64770675 
115735021 
20598141 
118926973 
120807777 
42372020 
124118405 
17805651 
119322616 
68105725 
44089597 
114042466 
121716319 
108832116 
26355211 
120486408 
15316779 
12290302 
14767584 
112258220 
74459098 
40317433 
109009002 
7440862 
26523581 
839321 
78833630 
17748888 
14134823 
60017437 
115798248 
42587164 
117749153 
68422397 
76446243 
120194084 
55265358 
75156508 
47988985 
29703403 
29747669 
21559131 
97054968 
78868911 
18168823 
58158690 
62304831 
88082231 
118519520 
116529699 
15701116 
111700561 
90548758 
76066067 
27632697 
95875062 
78927763 
16752401 
16722298 
24934540 
20747881 
27671380 
17523356 
76629894 
24458886 
19189469 
17458035 
85486561 
111333892 
98907691 
14067912 
15375993 
93225475 
45626027 
40026089 
56212793 
56109967 
15121972 
31132969 
24621417 
66517904 
37364676 
14317603 
83671734 
27306045 
22496060 
3109511 
19751312 
17283026 
85901858 
82010755 
36201419 
85232585 
110741755 
17520616 
16721621 
70183449 
50015360 
44765757 
73506828 
14157788 
44227343 
41418888 
44805966 
92002879 
64769268 
18742643 
60995552 
4339041 
21088691 
106462632 
113839050 
71822490 
63222006 
14263044 
95470161 
19731643 
13492552 
14648762 
58971241 
34517292 
13392652 
109561488 
20450982 
16286419 
25950508 
14834146 
15574947 
19175376 
112189951 
78831410 
15276255 
2217711 
42266020 
83869084 
108437038 
18941652 
23278597 
85545499 
70896608 
81452398 
18214632 
65908643 
81417528 
20944863 
109109014 
106880272 
23001685 
105567618 
15964196 
45114730 
26538513 
19475473 
48595659 
110409629 
21842785 
110805978 
23208701 
14060395 
19674421 
28886295 
107553531 
41469610 
78346894 
56210777 
10041622 
20464511 
108452002 
14479825 
108579787 
80120949 
49008530 
15776240 
85141535 
18865175 
98759145 
14694788 
27690903 
27702513 
21348581 
17387997 
106857188 
85845683 
98161164 
16920490 
107589818 
17972404 
82566791 
16702810 
23438511 
43701232 
109320995 
51391696 
15861147 
93464249 
36671019 
109889835 
48867250 
44569413 
56304707 
18173782 
29285177 
99197460 
105479093 
36215319 
17471392 
36544954 
80908876 
27880618 
68852080 
75289056 
91069414 
5800432 
105650382 
12171432 
17853293 
42890987 
7575672 
16849365 
68320952 
20341590 
95975878 
27571535 
31292007 
20565281 
98748762 
108429786 
28879624 
103041158 
11755482 
108447138 
16735501 
14298471 
18803511 
18889629 
14697803 
17750791 
19138399 
15591522 
17482341 
15413127 
18065988 
4759631 
17797086 
999081 
2792591 
16697428 
20241493 
23757507 
14219827 
18204555 
24039496 
14898221 
31702021 
23533305 
18160259 
31096482 
14566240 
16666471 
15246927 
40844965 
25932979 
22761287 
15567239 
95164353 
84933104 
108216583 
36898951 
17473465 
88877106 
92816581 
57734478 
106162985 
96021104 
1719941 
107593607 
45260887 
32750619 
7581312 
71604512 
46237797 
28222180 
12733052 
1487001 
15066524 
107335174 
23553243 
90027457 
14975325 
15115131 
18352339 
103369011 
105353526 
33609711 
19594367 
67771788 
16049944 
43175535 
13390772 
16718387 
97286940 
17225939 
41721237 
57201411 
25541434 
14397849 
24326049 
17744352 
72142741 
5045381 
27276257 
15365105 
19273527 
18586354 
18942940 
17391764 
25036342 
49057406 
6061832 
36258040 
21544692 
32218823 
39602552 
17902445 
15857807 
19488556 
95655465 
95226858 
102760808 
35468564 
101342322 
21555499 
60325377 
17286101 
100193693 
30064408 
18518125 
98899370 
38950551 
5395082 
6519522 
102941726 
52072585 
29454196 
101973383 
64257460 
48524216 
48115928 
17697242 
23383517 
95313175 
39077504 
67032326 
36104827 
18087176 
95656538 
19064162 
103486646 
100966579 
19049210 
15884226 
93769465 
85216917 
101662811 
84188773 
54267121 
35593871 
31622591 
25635631 
103268920 
18812102 
47539748 
29820155 
27732946 
72830917 
29463928 
91159065 
101179434 
99930114 
92692836 
101918880 
39506158 
88043897 
83672941 
84613098 
101066824 
54892543 
17885095 
24851958 
42266080 
21101737 
101008987 
89776529 
44294876 
24843271 
98727457 
97210441 
38965577 
101021287 
7867082 
17065911 
95056637 
16821997 
29071463 
95323720 
17755805 
41170265 
99449201 
27048796 
89864906 
14560342 
95323042 
41038473 
50496309 
61638832 
14048598 
22682945 
78001958 
19782152 
92686369 
36769643 
20608711 
98628129 
95874471 
96232833 
34170285 
18749208 
19834854 
14446054 
16695254 
16889175 
8359622 
30483348 
91010718 
20242459 
20562231 
48789758 
20466215 
20285629 
22080263 
8008422 
62085085 
33117865 
31286103 
17544183 
37236926 
24843232 
69751591 
83883736 
91879744 
16940668 
37585384 
45429287 
21506086 
14284739 
14430556 
52079712 
24211745 
89088016 
19460376 
50830582 
92529753 
26977583 
53585732 
96702505 
95357996 
22943982 
90319332 
93648947 
45358493 
25315412 
14685706 
91049561 
91170446 
93807192 
32309773 
86459443 
36726271 
94562449 
95934386 
32376014 
20245310 
92890171 
29230702 
17838522 
19787432 
18293770 
52447477 
39255883 
11857072 
63829236 
38685806 
38741840 
87531999 
8963722 
17384095 
25219810 
51046473 
14898769 
58056917 
26901916 
22283159 
61862370 
72576328 
22478665 
15328668 
25771032 
35841940 
40503520 
47815206 
38667747 
15518965 
18658280 
94461773 
94614790 
83127925 
71096825 
49657282 
93861381 
79561274 
45170265 
43912295 
83401705 
77692918 
52368173 
88781858 
67124863 
94177747 
15249991 
19945621 
41563758 
85491172 
9979012 
25455332 
42846176 
55360660 
33711780 
60629481 
31251496 
70213365 
92929765 
53926450 
29784494 
25056395 
92930368 
42705360 
41351575 
15662263 
22309172 
60708258 
21642087 
17801509 
25861040 
26557720 
63362278 
34221954 
39953820 
21255274 
61036665 
35654428 
34540469 
37953410 
39453582 
85107902 
52188363 
44375457 
34940512 
13305852 
92703103 
14156331 
26716337 
80009758 
78952249 
62137653 
34590747 
50947919 
21274000 
27836052 
57691298 
69400458 
31038600 
21455505 
35599719 
61160630 
52183028 
56719090 
29722196 
42250344 
25359863 
28171980 
24905426 
50680715 
31039892 
67280012 
72588718 
88329965 
23769210 
54365329 
49931606 
40069921 
34650368 
30561352 
19517614 
23693140 
36387443 
6120472 
38186171 
23166140 
15694010 
35126702 
86250516 
77669107 
30211177 
92634582 
37899229 
71184052 
92538849 
92029417 
73564457 
81367933 
51297787 
88787399 
15478685 
15672973 
68399117 
60026651 
52676687 
31349924 
43745944 
15471824 
16455483 
53212870 
19381755 
24573232 
56003684 
29414879 
76639716 
86100534 
45166397 
26222405 
14431752 
86999492 
21314967 
21074448 
17217921 
62519796 
80942531 
82291239 
18548601 
27400104 
39042014 
88839848 
57995855 
42801507 
20738922 
87286613 
6102902 
24046696 
46182188 
49648048 
30267409 
28794629 
75600922 
87174321 
41262431 
20349119 
35380368 
88998299 
86332563 
42576283 
15340427 
87423545 
89011241 
48349526 
20004843 
50557394 
50371180 
16564832 
19749919 
41348771 
32292259 
78771366 
74249979 
66124302 
85271216 
16546913 
88363216 
17830441 
14290415 
83529680 
72558548 
45089188 
52126417 
87969998 
87970443 
87970860 
87970655 
72704442 
85990494 
14556068 
80369688 
87362734 
27013065 
23544319 
65930960 
36053052 
70934015 
19617284 
14761507 
33144921 
86529827 
18708841 
78360366 
81865566 
19489341 
17004449 
24403557 
26556797 
79520769 
21192569 
32434707 
84625986 
55224143 
34694791 
82942419 
23272359 
77245158 
31099006 
85440942 
18492418 
78430829 
28147652 
8357072 
16653335 
21122192 
85871929 
18528595 
15391168 
84407946 
15668302 
16380856 
83989994 
29908602 
15937325 
38948760 
43896725 
78301996 
59761680 
38124763 
77201671 
22324709 
54874166 
66041931 
73456022 
29259814 
28151618 
56848554 
46178376 
49671670 
85226574 
19724978 
83848310 
7861312 
16063888 
37445000 
22309883 
18802547 
18988134 
80920349 
78958285 
10465022 
62904549 
36671368 
30460070 
56548522 
35579004 
17264354 
33430782 
62781966 
18571332 
47747614 
14150928 
23869902 
16731348 
17180258 
55191533 
21330971 
25238268 
17794683 
25515945 
50282100 
1720581 
54884822 
77589492 
67667359 
14835646 
15919082 
62764050 
18969394 
44895122 
23585538 
26318018 
18447046 
57072835 
41902441 
763032 
59242312 
78884851 
802209 
18151581 
21722671 
73676112 
16553731 
16812041 
78800617 
18430639 
812408 
40224327 
77266436 
56522169 
18828887 
70372533 
28179681 
16813034 
26818395 
82848908 
59936143 
53579112 
15284924 
66716192 
80610284 
16661260 
11432292 
21833039 
22562483 
63963032 
21418366 
35711682 
16337161 
27293183 
62540502 
47765641 
4289861 
19279567 
67361314 
62467233 
17636012 
68501869 
49333334 
48910474 
31700254 
59656923 
36686380 
15882366 
67336748 
17111935 
16154785 
66687136 
15926744 
75346012 
65668404 
18648616 
18655049 
55866879 
69600690 
25823816 
74958571 
20670204 
81501601 
28745509 
732453 
15719711 
66999531 
18797330 
72524398 
16512013 
21863119 
18723493 
16879882 
14537219 
21010447 
16889710 
76408547 
80632016 
80373259 
71122311 
19838257 
15857005 
65406813 
58801993 
63369513 
14258282 
17990532 
21886639 
20240299 
34705662 
45340796 
23395278 
1598941 
17812834 
15346928 
39171815 
29970704 
16903580 
20690854 
14429162 
24398854 
20449129 
37181505 
32540685 
42713366 
60683164 
18558500 
45508996 
20738622 
30491830 
58883727 
58941740 
42446004 
59865670 
4294751 
2786431 
24683631 
2426371 
864431 
18554976 
14019082 
18949686 
23220771 
4053091 
731923 
19921444 
10114 
16361362 
17574945 
11591322 
16874616 
1714051 
7124672 
14595759 
1252191 
22587869 
754053 
14090185 
14112512 
16865364 
14961589 
38816956 
10860462 
16279734 
27649536 
15104721 
20781332 
67407753 
28408729 
70976075 
78533803 
14863229 
14903294 
8120342 
17082418 
15865260 
62181336 
14641590 
754557 
2380131 
50076653 
52077336 
20118026 
76412091 
42639553 
67247940 
36110205 
18784251 
27092492 
79286869 
40961530 
62992749 
16118182 
77280970 
14302846 
15391023 
74360333 
18314038 
15794668 
22994007 
36959762 
16179693 
23823997 
77983723 
78310845 
42915920 
77373420 
27931710 
41489282 
20567418 
73170491 
17880985 
33792634 
78381745 
73619137 
62963696 
14542502 
16553789 
15939889 
18453942 
59698490 
78114832 
14453008 
49665795 
16132971 
17104869 
58806055 
48042794 
72950338 
52678709 
17002148 
34498668 
27890812 
23978815 
46721792 
19888696 
42695985 
76835492 
33883211 
48441185 
66284191 
15998457 
57050110 
12202122 
65913345 
43373560 
75114585 
18628912 
60330945 
18217574 
18480909 
9620512 
19936999 
41859355 
17911562 
69178708 
14320061 
15225244 
24021089 
30558373 
23554196 
22719904 
59514202 
38865415 
11925882 
17468566 
38746564 
51062804 
71327520 
19660801 
37567200 
53591609 
14603515 
21444785 
12044602 
17059140 
15670644 
13037362 
27459837 
22673630 
21406834 
15042574 
44177383 
18498756 
24934797 
21968928 
24898621 
40307916 
64869451 
36350546 
23742741 
28133800 
14385806 
14894814 
21602807 
37884272 
49662887 
72469078 
1117 
10802512 
25821796 
20635379 
19267210 
19251458 
16584682 
30380949 
19449254 
53001410 
32886999 
2405591 
16696384 
1081 
32793873 
23162700 
19314834 
21011583 
36333615 
34237192 
26174213 
49939206 
17862168 
13459402 
35530523 
42362887 
46376842 
27725917 
53574951 
31753236 
76066019 
15582157 
77034717 
26227097 
23315528 
33971020 
37381909 
60604790 
68319494 
25867420 
51591455 
19363622 
17875323 
19360919 
18361342 
19472253 
26803569 
21041358 
26947025 
56386119 
16668687 
74142848 
15040471 
22565164 
24925351 
38242201 
76752511 
35714492 
76887703 
13662402 
65067603 
73071180 
20825755 
45686021 
15214386 
20781559 
51899912 
75359001 
75506376 
75117425 
59205632 
62964769 
32450581 
22837676 
20293545 
67025906 
56280355 
31429301 
19631744 
27928356 
14770732 
8841132 
14746517 
73595772 
13038802 
23519852 
76130858 
72127889 
75431175 
58368525 
45288586 
71899338 
64997202 
36984066 
16184542 
16799074 
19679129 
20678540 
25814993 
23753353 
46455303 
41146726 
42704387 
39518365 
24223641 
19355821 
17925520 
15166658 
56679995 
31142666 
70610450 
42929137 
49785050 
62972074 
75701972 
31399326 
14603016 
38634809 
14517408 
29540080 
34474659 
28206546 
21583814 
43674800 
35847137 
50112246 
59092288 
70596637 
73243579 
15983537 
43120374 
23047478 
1071231 
14353392 
23226230 
17351346 
65136339 
19119162 
62437999 
17221783 
65081730 
39506624 
54151766 
15355270 
19376414 
22377684 
37716696 
16745023 
36673185 
70381322 
51300428 
27804980 
19463040 
47351883 
55384356 
67427070 
15275483 
63687859 
35504699 
17705110 
54104327 
69361296 
36377588 
72063872 
28740100 
14226495 
22114172 
56195646 
57673304 
68819639 
26288934 
21805679 
22392222 
56158040 
20221328 
15037161 
43899484 
19644337 
43946344 
7615512 
37424426 
23219489 
42623112 
57440855 
30848578 
14560922 
30219995 
22720110 
16607897 
73096604 
56818892 
21959317 
27402451 
