417214991 
10878872 
2188363915 
598184558 
22636638 
79199981 
705807268835672064 
3399230537 
4566767841 
47253987 
2537600190 
143128136 
280797574 
104615636 
154261186 
2962180937 
16045976 
714428486 
149158800 
827876098595766272 
3261686798 
20392335 
14476585 
712273875254558720 
1969382462 
46617062 
121778562 
2500354087 
819251080416657414 
21612135 
17521435 
747349774588731392 
15346453 
1899080262 
44388921 
19517978 
17043455 
47625896 
10013962 
14065040 
4800341 
2731848865 
4259471 
21328978 
207495308 
4483061320 
186236244 
14744498 
121577829 
6603532 
176356686 
17770047 
216515417 
772878309894021120 
65069447 
734035571039965184 
273634854 
12495822 
157043643 
728662277696552960 
740895416 
2645602164 
1630686931 
140474229 
728595407144550402 
2853461537 
73247212 
37403964 
2985377279 
1363397682 
84841519 
15614100 
84296804 
38737968 
1684446175 
951840618 
2561538864 
111614382 
306956219 
71593418 
34743251 
1290890174 
26005410 
3921714201 
252237555 
318337530 
512857797 
369791364 
2863919800 
117777690 
748453510048518145 
16340755 
28322235 
56364530 
14291684 
57384417 
62513246 
14810076 
278076899 
4126014574 
4845658783 
17872619 
2652219367 
166217147 
1447135560 
330105456 
1249343695 
27909616 
341218443 
273375532 
153783920 
20000725 
61183568 
733023262158905344 
1323653744 
1137161258 
352685871 
602323714 
2996733311 
63163290 
2205380622 
59775073 
3367854879 
477802917 
1321375580 
3302891363 
175624200 
2281342436 
293529249 
546170165 
2402201132 
68968983 
226287089 
884110166 
856968476 
714109431856959488 
17451841 
189213655 
300246481 
4475396001 
3361254695 
13734442 
3176693920 
3085052589 
19723493 
37958883 
2903837358 
571707966 
344027518 
17329464 
2870653293 
4778657188 
82074137 
3247606270 
4597092982 
4625687418 
1670213388 
483192121 
15169529 
138502066 
14212278 
281176588 
272114881 
157100804 
113422389 
845338280 
423722290 
236376334 
192427420 
1243241 
131631056 
2647053313 
578181654 
14136335 
280345803 
19081001 
124547968 
15580900 
19178857 
32487867 
28468927 
169028143 
614324533 
1104084415 
19773529 
24878280 
126652676 
27610088 
2902654186 
147346374 
77883853 
3133717122 
2300049403 
2223154118 
6312272 
43328022 
403075133 
714758552 
2979430185 
1499377777 
209004862 
76101411 
2422386625 
2371809937 
1072871611 
14069199 
2590226186 
16932540 
71080492 
145589919 
151493561 
164690754 
534525034 
8167092 
3029216705 
56726579 
81867128 
14149299 
349636661 
192897394 
18942053 
19883422 
902200087 
3074604035 
51706991 
1683540806 
3005530325 
297842910 
1481819347 
2892639147 
106482716 
137159973 
2573871298 
2404081760 
112836578 
2340105156 
1884957955 
366622523 
390506263 
2597679637 
589753467 
126012903 
2911805829 
121562670 
249173769 
389912491 
119460363 
5712772 
789969122 
221507850 
198604654 
2842632501 
22634164 
36643026 
25814570 
1780311 
348127618 
42551451 
2656172273 
2247355933 
76594352 
2798956046 
1487923105 
362666710 
803694 
29238281 
104969057 
602317143 
5718022 
60972299 
1963187676 
26528655 
16176837 
244695832 
370673175 
22134617 
20476532 
15737988 
14437569 
40975804 
18295026 
41622611 
25650069 
20106852 
1138959692 
82097756 
38169686 
2209596180 
1944844866 
86351835 
1137331399 
28478149 
59332499 
144559716 
1060946510 
243764385 
21126840 
14547923 
2176527421 
204240704 
380972347 
17633864 
40866719 
839545681 
30385064 
374195765 
360562344 
512554477 
11813342 
37838132 
17588900 
886888394 
27656726 
767545134 
86299784 
21572729 
192208212 
340906429 
1102194780 
14934331 
315661203 
61551948 
93366887 
293213626 
390039185 
18935127 
484493022 
1286823222 
11953602 
295142160 
1504242402 
134874126 
1119798499 
133281075 
25266662 
22477940 
14153487 
18713254 
550307899 
273405125 
54582436 
140118545 
47705172 
28821308 
245814628 
19502873 
11167502 
17341741 
774157748 
14137772 
15612251 
19724631 
338395117 
16153562 
30920073 
351544040 
1479669434 
333822895 
41284809 
858414625 
1056839196 
111666638 
21259970 
92629747 
609230678 
1462937119 
339769758 
1139735640 
65586325 
23340404 
166344819 
266413780 
455935226 
18226249 
1165686757 
77548148 
20865431 
279390084 
63509154 
325177077 
303143997 
1362135912 
69024319 
111128970 
161586442 
714989264 
20067229 
20809396 
15061423 
189173792 
1324305380 
20317268 
206773707 
590046067 
301982599 
91308519 
14933499 
41564653 
295900327 
1263206408 
19744411 
75803428 
618405292 
18075623 
24916659 
886720736 
317019252 
157947118 
139211015 
469618482 
12908462 
31426980 
1023072078 
111316936 
19595532 
53502436 
390767688 
294843140 
15059486 
431615191 
248733498 
18574232 
44013478 
106978181 
14532450 
78791531 
38691981 
1735241 
63738534 
71225324 
1465481 
887502690 
14927130 
28413496 
21454971 
500704345 
304679484 
84584618 
259259555 
208246874 
7024672 
377479790 
17595439 
222449667 
83773322 
840241363 
14385845 
192282684 
618441662 
27615506 
5676102 
203619041 
581655771 
103357357 
53110793 
767952576 
244235657 
14292762 
163879601 
13895242 
780290 
50462250 
23567665 
80091052 
14315063 
214437175 
123095638 
78853809 
33852508 
389024932 
321312418 
17926293 
50309997 
363914412 
269502853 
9207632 
36962112 
369767173 
380972723 
16369452 
230025585 
37178617 
287673124 
555236722 
299159248 
74129471 
365520580 
27689263 
492609310 
129638324 
93397434 
44262200 
333243023 
227492981 
44015395 
47460777 
19530289 
34687247 
17001599 
486755798 
14167540 
424388343 
55722357 
26894723 
10638 
413822378 
16657562 
302666251 
14434070 
417999920 
12034862 
14576272 
333012780 
406131568 
36053847 
296271462 
263448304 
28049003 
18547319 
14466176 
19598680 
20350268 
358902856 
164253483 
21317918 
337057964 
373565537 
451586190 
125629996 
260211154 
92614042 
22419487 
399384040 
36719480 
29979814 
357860827 
13184862 
18980276 
337173637 
24194932 
177196701 
176815247 
2018811 
7861312 
395245318 
189206848 
16978488 
38650550 
52412060 
19387622 
110075039 
15999249 
199783539 
61628815 
16040428 
31507501 
45895974 
171243483 
356518611 
16618332 
72894510 
15010493 
193510857 
15907795 
296579867 
15128930 
131420585 
288674541 
94096361 
42954233 
7842902 
298383112 
163767663 
83814679 
356472799 
14202817 
343655959 
40728449 
343161526 
146238890 
61740050 
39795547 
19457380 
189532307 
14656784 
55056568 
82386866 
264305608 
161380859 
213656911 
88553314 
47994600 
56967616 
20961162 
69432766 
230425485 
96418128 
14458887 
93465409 
177788470 
45836071 
223782162 
20549314 
108020864 
253136095 
28344336 
36741192 
171870087 
281590193 
15496025 
11064542 
301600084 
6813112 
169588580 
1705871 
73171612 
256520396 
73396549 
45341566 
295068000 
128400804 
104616749 
20459589 
175310858 
114559047 
105057546 
294122028 
28854459 
84249568 
283053195 
14268006 
263299933 
58241463 
98539594 
248857998 
243662400 
197372209 
20302625 
119691332 
765548 
17370386 
270836854 
188534731 
242424115 
153486432 
181633381 
44359302 
19589086 
59761652 
32849289 
14421654 
23120863 
185566223 
18201354 
19182954 
133568776 
259444743 
85364226 
26479155 
114868336 
42313135 
786491 
83972205 
21095445 
260304185 
200080977 
246743795 
18332529 
15024283 
17467361 
88722311 
240018603 
29735775 
88639793 
160172420 
49613016 
102460946 
37047306 
16424248 
196121858 
16850725 
116547683 
60609893 
198639504 
17915782 
20232037 
14800144 
197444594 
15430416 
128231220 
116918602 
88846490 
18149219 
16337960 
20132589 
14312841 
223049255 
7397832 
15589895 
89040234 
44106066 
224379657 
179589199 
23570520 
14974073 
18935018 
221174297 
86153408 
28360097 
112279183 
43091726 
29467141 
214112456 
16350811 
19238548 
16579623 
40102071 
191372388 
169489913 
196143455 
143883 
20312513 
19541522 
103085177 
20579410 
14169831 
74135829 
146928331 
76638862 
35756077 
13095052 
20578466 
15276821 
106147602 
163798033 
18308434 
37090662 
37126754 
197195415 
142421291 
68459730 
779171 
38679388 
90343083 
185788668 
156431207 
163170135 
15939104 
140569309 
175176232 
105849781 
97665748 
102954059 
28034822 
117480970 
17181483 
29201349 
23090763 
14075928 
107038300 
102115625 
43123122 
20857549 
36920891 
14086716 
58560480 
158198019 
98509414 
618593 
14382830 
16830339 
117218161 
85074897 
101731978 
85075392 
85075155 
85075014 
85074677 
102205123 
85710227 
98863867 
98944652 
85074344 
85074505 
85074787 
85075260 
176247244 
100218288 
71967371 
112167718 
27631707 
20607219 
119019349 
26379156 
157004016 
169583592 
11094232 
171404842 
78581685 
25331670 
48742532 
20530377 
49658491 
107116095 
34217757 
17154934 
151081208 
14155407 
117091168 
87283183 
167234557 
114158506 
3632901 
7203932 
751533 
21340046 
25378212 
23415107 
10814632 
161824930 
16352661 
19408741 
46499589 
112700518 
22516645 
16186548 
30929006 
137060673 
14117843 
46191483 
155537609 
144819749 
16465507 
14147695 
17758167 
155973251 
50678560 
152368425 
133061784 
29955342 
18767134 
35054764 
25678153 
60990965 
25657401 
20142530 
34076925 
23565831 
14877167 
142627982 
126655402 
62623027 
141330850 
31380071 
14119871 
11069462 
57839222 
20373981 
27532670 
128160000 
133392075 
94357028 
121774110 
138089655 
130982466 
38190507 
14282808 
25470527 
19651284 
109583693 
109583157 
98679514 
134091351 
43313304 
22949581 
95710519 
17758412 
41971914 
19560848 
44134067 
20291015 
72898357 
114909937 
877781 
18204232 
43344140 
23997803 
14079705 
16985701 
89486038 
105650499 
6202072 
15234407 
20846658 
18258508 
107106074 
40310763 
118785534 
126594948 
15966242 
20779255 
17899712 
14658601 
19556919 
122489276 
30620585 
5813712 
119991517 
20078098 
112716399 
63549526 
17498659 
44443654 
15662883 
86977356 
23133229 
122236815 
14990011 
18912831 
117669698 
15772030 
114565988 
29392542 
117176882 
26715952 
26948748 
83706366 
23736302 
1008351 
19412414 
43897096 
77187402 
15077276 
14796276 
16387748 
30421826 
17481667 
16387852 
9963402 
1735701 
17020096 
26680566 
16751855 
14852544 
37999094 
20272430 
44215478 
14626185 
39960239 
20548710 
109150806 
25183968 
49763896 
44652237 
17620875 
19454811 
495643 
18525497 
22151193 
14668470 
14051568 
14183691 
80363 
782502 
18577982 
36106061 
18987933 
1088411 
14065215 
3107271 
14277281 
31932778 
1116211 
16385118 
16404956 
96395764 
62842567 
91178937 
78926348 
23753002 
7376882 
7617702 
11164402 
46950875 
28639077 
89648609 
24519183 
110172240 
14677919 
48443 
41735525 
14570435 
31893881 
108219944 
17292120 
77293 
50313 
5724312 
14607140 
67598405 
96825861 
65661210 
20929258 
50393960 
106446062 
30054633 
105525550 
104116831 
78691531 
71633506 
100324051 
22914540 
24238287 
14266637 
29749227 
14953060 
46956561 
12091872 
99137719 
19282280 
24434904 
20678384 
81821399 
37743385 
22665665 
52788441 
84351228 
18975155 
15717669 
16460682 
20376113 
13496142 
21371591 
97442100 
16176754 
18322087 
49821407 
6549332 
30914723 
39993731 
86355051 
95521184 
76073795 
52339140 
28868850 
20262641 
15409271 
18586886 
9502592 
2088301 
28377083 
14140625 
16110819 
14763587 
33294467 
14529840 
61228125 
93682208 
68781186 
15694469 
17486256 
19659269 
89365312 
7451022 
26977706 
62581962 
92613500 
68837117 
90423093 
22995155 
54597802 
20139563 
14157964 
90975074 
16145984 
19468504 
12653292 
41703604 
16494284 
20045104 
17937980 
36093693 
9892692 
46059944 
69063003 
1010711 
15291495 
89436336 
19254401 
2729061 
21144202 
82081223 
46090899 
15366608 
61415503 
5442392 
70232739 
46426258 
22491550 
66120800 
20923211 
36191439 
21356261 
19025099 
19277685 
27423405 
30941227 
18339726 
20449344 
19338663 
17652386 
18461140 
14065087 
17778727 
56818421 
18628407 
16800741 
637443 
20155645 
14210415 
11873212 
13437372 
17295444 
7690912 
18505899 
12055342 
27359547 
14354094 
24251738 
55588972 
21443908 
14319605 
10836362 
14493046 
26216325 
50333103 
78742678 
71993887 
60275127 
43060327 
26282548 
20485793 
39214033 
73171554 
795029 
15232113 
38436390 
20250375 
18927821 
59130827 
40647143 
25314790 
14881895 
9269 
19893927 
67290431 
5895432 
74621126 
17433271 
72945183 
14719082 
14784130 
17198250 
19685850 
67567350 
25489250 
16404379 
30269531 
70322842 
17590398 
65363177 
7736942 
59698656 
19603191 
18236716 
17170196 
14476147 
23744312 
37916167 
16891325 
55092234 
29251723 
8592732 
53839568 
17484254 
6066552 
36035355 
30583669 
61274750 
22025487 
24155760 
18257459 
29009790 
36071096 
62511457 
19408219 
779050 
1293051 
21752403 
14342371 
62220263 
62513709 
17939037 
44843157 
16123519 
12611642 
5477142 
16681111 
17387399 
45025729 
45022448 
51799736 
18180355 
15183825 
53187679 
22239898 
10798802 
50684862 
8170292 
14886628 
14986408 
833121 
33674710 
22008315 
19262332 
14985798 
13767702 
14112373 
21185475 
49616137 
20976355 
7161172 
36909344 
23554196 
37993875 
14378113 
1407461 
1489691 
28482605 
23618099 
33687199 
25997625 
19090270 
19550820 
20019567 
16352998 
43963184 
19311403 
23686402 
15615728 
18146496 
15656913 
19356110 
25669490 
21996576 
39281567 
10037462 
44840978 
33230709 
15364276 
2684291 
12435512 
9272562 
17910231 
7635182 
11960772 
25107373 
14501288 
8232472 
18057351 
14616639 
14954345 
7574472 
17895210 
17198873 
15173056 
20854392 
20397695 
34851384 
37546672 
29946494 
29414633 
13492552 
29537302 
14119419 
14055566 
14054507 
34778769 
14440919 
6636322 
20942101 
30284695 
25877105 
755111 
16578065 
22892559 
29825156 
24597109 
19597112 
2887341 
26057108 
21673155 
17051681 
26030236 
19306199 
24291042 
5536992 
16198637 
14276504 
5882942 
1184801 
14709382 
16724712 
18451178 
14944039 
25259407 
17872077 
23995587 
26595381 
15893510 
24368180 
15790348 
10725322 
24713726 
22841038 
25341070 
18525506 
15347045 
25174426 
18050814 
4484061 
19445866 
23296307 
16947553 
16651791 
11388132 
24238334 
20536157 
20526989 
18354645 
23163618 
14721260 
22063434 
17044220 
15177670 
18739139 
12599552 
17503412 
14408956 
18150351 
14647570 
22679721 
15239834 
15003826 
21220977 
9865152 
7618952 
15100692 
15076390 
18477172 
22146373 
15437688 
16002384 
14306908 
14836951 
15920855 
1051361 
21917528 
14051115 
1097161 
15519677 
930061 
18729187 
11616092 
18141491 
21386695 
15115089 
14960835 
21467639 
16897125 
16333183 
15673237 
14775631 
18917018 
18221650 
21380345 
21284204 
720963 
17073929 
19595506 
8099262 
19397942 
15633 
19319744 
8719472 
1771151 
2952871 
19283074 
19588385 
19530624 
20941392 
14933304 
11379002 
16707866 
18629349 
19975589 
816653 
46193 
759581 
13041 
809866 
746923 
17651218 
19664663 
14293266 
14052066 
19339713 
18784084 
20446884 
17062358 
18809812 
7136392 
16528347 
15736190 
11981802 
16039930 
909381 
6297412 
14325743 
16560041 
14305860 
20067778 
14276679 
13316782 
14515580 
10194682 
18187090 
18810514 
20037595 
15614317 
19781961 
20065463 
17279778 
19644592 
14618173 
9354392 
19621431 
15676927 
781240 
761428 
17534698 
17302809 
19815630 
15373404 
19095849 
5225991 
14871898 
18807671 
13248462 
19330309 
13053132 
5265071 
14117777 
10489722 
788250 
15410525 
623863 
14402455 
19359734 
16638816 
13970952 
6120472 
17843175 
15987295 
14109613 
7457322 
978741 
8843552 
740983 
61233 
5439702 
15838885 
16089776 
14244461 
3244801 
14400047 
19394186 
19141083 
15687962 
6650602 
17038090 
6420312 
17814833 
14139285 
18220988 
15013525 
813286 
795259 
18953259 
5423642 
17007645 
18052437 
18720595 
19182078 
6705042 
1322521 
14118029 
14700185 
19039682 
15197362 
14408908 
755040 
17992657 
15111565 
14355712 
17637321 
18994177 
18502689 
9923162 
7251502 
14241597 
14355142 
14733 
14847101 
6496432 
13 
12 
20 
14485176 
15919745 
16717978 
14761795 
15794195 
17230018 
12044602 
784609 
8161232 
625753 
14326840 
989 
783214 
18250684 
18393773 
7076492 
18602163 
1077971 
18046941 
16297426 
15516881 
9900492 
14324067 
14563733 
14940100 
1294741 
10855372 
15003313 
10810102 
10202 
17656090 
15232241 
6017542 
771278 
11857762 
18044782 
17753033 
14840634 
14859972 
14602754 
14190551 
18099795 
14104027 
12582502 
16480248 
18216057 
936401 
10202102 
18174265 
150433 
18003572 
11523092 
16228650 
14478573 
14478346 
18058741 
14688076 
9338222 
652903 
61673 
15379713 
12435772 
14655634 
17679434 
16455419 
15936036 
1183041 
16219669 
9454022 
3839 
12810 
619693 
48933 
11653972 
874 
18035885 
15159989 
17508446 
12801702 
14258776 
14603906 
624103 
13837292 
4254291 
15649399 
14621598 
625093 
7617722 
14516386 
1735621 
17317006 
17953014 
14749606 
14132775 
14141762 
5959342 
12902 
82243 
814859 
17207406 
15327070 
16551979 
11665282 
8358362 
5388852 
14086808 
5732282 
5025251 
16387873 
2767801 
786535 
16262890 
10286522 
12483502 
16565372 
15135516 
4829 
17918531 
7905122 
113963 
16319738 
6442182 
16792869 
16819278 
16170845 
16437921 
752133 
14774790 
7846 
13666 
1052961 
16246973 
14778455 
48903 
79543 
3364401 
818340 
1186 
818489 
57203 
817288 
17431831 
12069082 
14813827 
784467 
10638482 
10546442 
8660312 
8112832 
14387052 
11861072 
17194296 
3703711 
13348 
8453452 
817386 
972651 
657863 
621583 
14285645 
8627102 
17360977 
15983529 
7775012 
15220268 
15534808 
7192292 
10415712 
17259419 
15161997 
16134078 
15439395 
14689567 
15034881 
16387061 
17293323 
14703448 
15320559 
2384071 
15354310 
14388689 
16206570 
16945838 
16376460 
15280039 
6198872 
5505112 
14403204 
13170322 
15826148 
14435177 
8657072 
7862582 
10420662 
14367585 
1681511 
15897465 
15749387 
15699094 
16158867 
14676300 
742393 
2558171 
16275888 
14581017 
12454882 
13740932 
15010772 
13216832 
8273142 
