13911852 
2971375023 
52377993 
2463551474 
248769050 
26672170 
532018706 
768157045 
22870112 
382008044 
23890475 
49616273 
104918368 
18796416 
96308633 
351238382 
93798362 
130783034 
16581824 
54935934 
183319316 
7112242 
18604137 
1715124769 
19125619 
186388502 
78022296 
115930154 
20138266 
34422599 
2560800145 
281617245 
189313275 
1377195985 
2374887246 
479360749 
402543885 
498438503 
2511590204 
113555474 
150298133 
301987426 
15009933 
21753328 
16119115 
987600932 
15384441 
508341670 
1857237991 
25028906 
57141484 
18690276 
34660688 
21117752 
507169664 
183962206 
322480592 
42212356 
548553325 
732497372 
834055856 
205425209 
37915445 
44207207 
197887743 
13972382 
223679734 
14372104 
148878329 
43427867 
34178462 
297856522 
8423282 
10496902 
32697273 
20714308 
10119442 
39569497 
117097771 
14352104 
159133698 
37376499 
19631395 
199177229 
15237433 
19751093 
16425333 
15040500 
14743399 
5791442 
15713803 
14438128 
214226162 
20914009 
156797347 
16881711 
17520649 
15246621 
8343832 
26483183 
16195663 
29158252 
31361166 
34507480 
44755857 
21677853 
29195167 
10203 
14290180 
25520818 
29719380 
820828 
5881862 
38660971 
120774655 
117330766 
25832867 
92467755 
23909061 
31463044 
34398122 
93574483 
80717408 
19579908 
94578270 
27880618 
14401796 
21768762 
34892616 
1683071 
50110212 
47951693 
88030517 
68584161 
24067286 
46786304 
97918337 
17848135 
98017737 
19015734 
44522080 
94299024 
13140102 
14346479 
97959087 
14287191 
16594557 
29638506 
14452120 
96899214 
71684753 
18107886 
7446242 
9581902 
18517310 
8907412 
14386696 
69958703 
15565173 
18092306 
36921981 
49152614 
44611770 
76976158 
21419893 
31001654 
26726695 
14684477 
19770709 
15037033 
20531292 
15672774 
17206150 
17812282 
40255499 
9202742 
32889986 
14516920 
21561620 
22053527 
23140259 
20355172 
18305736 
27917694 
54791458 
36389405 
25798234 
13642652 
2057421 
18904973 
7879052 
11059832 
35644266 
3829151 
35114229 
20570337 
14678279 
41497507 
37251252 
22120709 
38025322 
22167056 
22330507 
13406702 
36451866 
20646864 
18207053 
18842423 
34920408 
10667882 
14377603 
34424953 
21959366 
12085042 
14437718 
28777582 
27661280 
6108862 
26660809 
19058681 
16641718 
30890047 
29569747 
738693 
19119804 
13510202 
18656830 
19206924 
28393637 
22483493 
19171616 
14807565 
19844153 
17352686 
41553 
12671352 
14860435 
21255527 
19066390 
16045728 
17626129 
14493276 
23320616 
23710084 
14463104 
22986094 
19664201 
17483016 
15117375 
14713235 
14725110 
16044997 
15066271 
19871879 
15372377 
14334532 
2557521 
22262593 
9753672 
7981702 
10951232 
15279308 
8293882 
1943911 
1143031 
23662712 
22321253 
15091907 
14645348 
22861409 
24124159 
14228355 
17445295 
17120163 
19289159 
17347991 
9836582 
16088519 
14086866 
20168709 
14056454 
17344451 
12058112 
22435983 
9709572 
18598931 
17514243 
12666842 
22064691 
14213491 
14231321 
14600124 
14681922 
17130873 
16181186 
3460751 
611953 
7093352 
16895274 
824157 
12193342 
16106523 
17602996 
22723467 
20645724 
12504732 
17900421 
18534549 
22393024 
17134599 
22877101 
17478436 
16539573 
14887344 
21764127 
16692771 
12144232 
14376012 
22815129 
17611447 
21501255 
14720411 
17352423 
16150075 
14389132 
20511841 
22481950 
14075928 
20536157 
5688592 
21776708 
9274492 
10546442 
5656402 
22523382 
20783319 
21654736 
12848262 
18932164 
16899075 
17224901 
7860662 
14273447 
17348300 
13994032 
14359121 
14425850 
6978472 
678893 
15134659 
15755177 
4804211 
14319037 
9952152 
15223644 
14735786 
1477731 
6818872 
14629780 
1049701 
1531101 
14736194 
15446151 
12363002 
817386 
20332725 
5392522 
12340552 
1118451 
428333 
14671170 
18419824 
14326090 
6433472 
14849573 
12324312 
9147512 
13283542 
13500482 
5736262 
15014922 
12663222 
12616392 
5338342 
2680961 
19046500 
693883 
11640472 
8943772 
4904651 
1050111 
19513401 
9147632 
4119741 
11816982 
778057 
18566066 
14928287 
15586341 
10419 
17051344 
14693823 
12819112 
17376218 
20982118 
15480686 
16817883 
15862891 
17194296 
10637242 
626373 
759251 
819800 
17983394 
6017542 
14647570 
14290339 
18439818 
63043 
15475699 
14092629 
