27182791 
14777649 
33972980 
126114495 
780500905485414401 
19046392 
20641995 
16190898 
18320349 
325260518 
486057278 
83646227 
338601496 
398820933 
3256896103 
27941795 
60127021 
68735577 
50782004 
34462649 
3973461591 
66244710 
375294658 
24848593 
738031467540979712 
23354702 
39204454 
2850398477 
426962696 
930879349 
390320937 
37946390 
39538010 
14052798 
311633735 
69394398 
52529345 
20298371 
95209789 
115230614 
42236525 
106916931 
1355770982 
39833805 
2766279644 
26282046 
341592570 
2949248639 
2741132991 
61109235 
260466220 
27089875 
61331958 
221527001 
586198217 
130649891 
172118221 
36072985 
56515032 
101617959 
66699013 
389238190 
27915028 
203162990 
13348 
77841951 
29555251 
403632664 
85603854 
241382835 
17970876 
245992215 
15676578 
28245852 
93936628 
17525171 
210684204 
19777398 
23043294 
736417956 
46671731 
78194111 
22872643 
49717874 
17182007 
36000977 
981509701 
301630501 
3031774448 
2439081054 
381452038 
403255314 
1222257180 
65243381 
2851404331 
23504870 
20322929 
64496398 
46306646 
454738480 
18184205 
104288093 
122530604 
100329236 
370776693 
24224498 
605824568 
484053892 
20346956 
30503160 
55050269 
20217887 
525725211 
278274994 
23657085 
133880286 
14511951 
20536157 
14173315 
78047463 
16550480 
23560015 
20255162 
16529238 
10228272 
268414482 
36686415 
35702257 
33978449 
213295930 
16664681 
19582385 
21335613 
126672013 
113413385 
109387470 
20609518 
169686021 
22638061 
14955908 
15485441 
180461338 
85839993 
127889665 
6123762 
108664055 
1903021 
96672269 
40710664 
25425478 
14996887 
16283221 
17075866 
17008726 
92372285 
24523660 
23556859 
105570240 
82447359 
51446354 
25744322 
38281921 
16660662 
58466292 
81081722 
20177423 
39133880 
53106875 
67404524 
33634803 
84907631 
22963308 
100887987 
100887393 
19245504 
74196530 
99792215 
35836888 
16600574 
16212685 
36984909 
33578780 
34862549 
96205284 
15724158 
16590240 
39874069 
28373457 
22737278 
18377827 
43283406 
79643876 
15925193 
17163265 
55497248 
20707535 
39352567 
52560280 
20611194 
17595596 
72602024 
59283767 
78350652 
81230937 
23674342 
36020145 
16473793 
33935729 
72393727 
22953064 
22790923 
25382962 
14332297 
66118226 
21821872 
18997933 
55287339 
25441019 
20659207 
24467440 
20639369 
24762051 
19468364 
21978075 
17876645 
16843318 
34305774 
20642650 
19507378 
15563076 
21338412 
5849252 
21143388 
21345455 
16442457 
14518714 
45878767 
19208851 
44266909 
16406962 
15072617 
25442900 
18380174 
22565066 
17058308 
16468744 
13171062 
24139243 
21424134 
15035706 
21351688 
27486297 
43553 
44101412 
16030699 
44207541 
50326418 
15506034 
44908784 
21142831 
76904026 
38404300 
8200072 
15756361 
42357799 
53115583 
29306539 
31255804 
22183090 
11447852 
20691360 
16826713 
27262744 
16643805 
17341358 
15757811 
16145030 
40432457 
14563253 
14947437 
29447554 
12793892 
24171893 
53866132 
26917047 
74430706 
15791324 
38062156 
3857391 
14128687 
58899284 
17994367 
46237135 
44431564 
74796065 
14191105 
41888100 
24231454 
23047057 
26964697 
40181642 
19305291 
16827406 
21713356 
28102563 
16859152 
28056691 
21126323 
23135687 
21902337 
25210903 
14311406 
15010228 
652033 
26174435 
40383339 
32999408 
21155832 
44973443 
15998186 
34500870 
19950678 
22559635 
22687077 
31311614 
30820159 
35298676 
15508743 
25726964 
19309491 
36163427 
44418458 
18835418 
15740701 
17059993 
51294261 
5510172 
24433180 
20951040 
38177183 
53881633 
44112119 
18314389 
29897367 
38418954 
32950992 
15002620 
18144089 
64802421 
16440039 
72421198 
14738143 
44479123 
36761462 
14373029 
69266020 
47549715 
30223057 
25765426 
14218014 
64715264 
19048014 
16244059 
16087153 
43688738 
17166096 
41055825 
59236060 
18998852 
45181660 
33980628 
18056000 
52138668 
21151911 
43281308 
16245410 
50088586 
37457412 
30011960 
17809023 
26931403 
32174260 
42048841 
60158274 
23669666 
62143772 
25826824 
27152620 
38878125 
23645030 
14200396 
23279771 
12582472 
54028530 
27287191 
57501108 
19039194 
29887268 
22785061 
19467455 
14808050 
31943938 
37887352 
15744740 
31308237 
15055506 
40863987 
25737016 
69441096 
29087439 
19068720 
14566445 
36380812 
30995814 
25883002 
51271442 
29257337 
18507160 
23629905 
15544437 
15520054 
19323537 
38729572 
20205398 
18838250 
21345024 
44300904 
44245444 
18765182 
18036284 
16649117 
16138689 
56646054 
20935770 
47778546 
64350321 
16877900 
29527436 
25117732 
15011384 
30025743 
28061231 
28868016 
18809614 
13434622 
35652521 
28952524 
20968715 
17102373 
15283547 
19031172 
21566200 
24479710 
24104208 
26914819 
21736102 
17100676 
20632929 
71325392 
18496864 
19753923 
24897905 
41459776 
57806173 
24201966 
45464701 
16104573 
22322768 
48498285 
21808282 
29292527 
15334270 
28642290 
15482356 
32123774 
20636236 
34326202 
14561495 
20864689 
25078898 
21944493 
16062936 
16916254 
21659345 
73429947 
40058870 
45104402 
7834152 
25873356 
35327348 
47260747 
24490849 
43630086 
18819574 
18095177 
8613542 
24349486 
16834038 
34793714 
17324705 
16812975 
23373799 
18351115 
50331154 
10355572 
23334280 
36340581 
33454525 
21484592 
21610769 
18982373 
16812151 
12865852 
24323206 
65750668 
58066327 
29363137 
18719301 
29093662 
17580865 
34482395 
20375410 
21840225 
20637301 
58668786 
18719985 
31979518 
15539399 
49242078 
31464291 
55340871 
22723537 
20612291 
35378522 
27309832 
27580961 
29234503 
22322056 
21795069 
43805683 
20895069 
17880322 
22215263 
23263532 
19501528 
33738090 
16419481 
1495 
16669516 
64574554 
19009289 
37397443 
16014103 
67138595 
20622872 
38979907 
14147348 
44993928 
16471947 
19305001 
45570290 
51179997 
36217578 
20696647 
36882073 
15049549 
14155387 
14937898 
22142411 
40504538 
21217655 
18034656 
68626650 
37843797 
43807489 
72818912 
44292587 
39188387 
24462200 
15938030 
30367651 
19374857 
37238383 
38219227 
37742355 
18078897 
41291028 
13464742 
5839062 
26969564 
39945345 
64370820 
21624544 
23403506 
19419677 
37919997 
24128616 
21119723 
22244683 
14766194 
39180617 
40161547 
21726585 
32118434 
17579360 
44290972 
33295869 
73012677 
15727408 
21585281 
56275593 
18312780 
29305306 
14112028 
16016806 
17719982 
58031003 
21836409 
34746339 
17070113 
20173765 
30210433 
20865816 
18035045 
40013856 
26959462 
19746659 
26106024 
23323419 
25486930 
19438756 
21114746 
28654412 
58040293 
39297664 
27694805 
23468528 
11862 
7840792 
24785242 
41390389 
30300867 
54331166 
38611286 
25405327 
9890492 
37408458 
18612385 
23280264 
16679632 
32933901 
5442012 
16934427 
22516160 
24315433 
64256199 
22400062 
80852360 
19999891 
14381781 
32513657 
44190098 
15752815 
31960922 
16250109 
14572838 
17159639 
24474688 
47650158 
33501548 
23693804 
14955091 
39496072 
15253428 
14758825 
14584704 
16444726 
14977986 
20183747 
59282172 
39226851 
39126873 
83491516 
74798488 
34436053 
18520241 
20310930 
38797456 
28855033 
4964681 
16193304 
79264125 
22866896 
14111331 
18518164 
19324368 
14350066 
56577155 
23664028 
42721188 
33873706 
14219442 
60304590 
57905743 
21096898 
15807122 
55423286 
33498163 
14749961 
74628471 
59256919 
22796553 
16442712 
32415270 
81159894 
37213910 
26502337 
56172367 
58744570 
33301372 
18713481 
27488218 
53906711 
14795255 
22543830 
47155025 
16116296 
22804107 
14399196 
21836829 
14529939 
18544772 
31306409 
50557629 
24821776 
22708364 
21334893 
70942193 
24405066 
74368186 
15049975 
82087131 
43861352 
17582910 
29264206 
28621549 
16202270 
25182533 
19735472 
16896029 
22536264 
40228349 
24165770 
15726306 
64306713 
48683970 
17096570 
21640975 
36751342 
14133436 
20435429 
59880071 
24148863 
16069320 
33367372 
12775632 
43832137 
14515534 
16415693 
22301588 
15972425 
27537500 
11146522 
22461067 
69743 
54007158 
74254091 
14557772 
16005926 
25691951 
27548017 
14324212 
41197047 
20571848 
18345963 
19995142 
34315422 
13313102 
14761500 
35328423 
19918017 
40612061 
18835130 
19415444 
23454709 
22237372 
25798685 
43384297 
35383109 
32418468 
40000537 
22698647 
43142046 
24484321 
20700069 
19001043 
36791222 
29862321 
40362444 
76677475 
19958801 
424383 
12648482 
41975980 
56256571 
37249244 
35905496 
23076769 
25460512 
47726981 
17514354 
34807012 
16892504 
46912686 
35574150 
72512721 
21670508 
64440466 
39563605 
26254071 
24109999 
35310698 
57789215 
15014072 
19536818 
20670948 
27512270 
14404329 
25225901 
45673857 
15317615 
23731547 
14742470 
55382570 
17707503 
23677534 
59651457 
16675699 
21804481 
17110732 
35822075 
17840571 
54251731 
14940320 
23679009 
41362165 
41809257 
15788157 
64324477 
39374906 
32562111 
15237831 
19379954 
13139662 
38780069 
10780372 
8980352 
18760460 
11277872 
45895718 
65663892 
47168763 
81493897 
59666245 
15299030 
21461365 
40721581 
36732307 
21908612 
23095903 
72739750 
23878193 
16093147 
50401258 
15523726 
61896338 
42633549 
14163789 
73220341 
29385368 
39379093 
4116981 
29445083 
37447284 
28653637 
53955496 
14332930 
29472523 
16869432 
18333204 
28440303 
20364034 
14368970 
68402160 
62168188 
35647461 
32407643 
21141749 
22859782 
35539942 
38376102 
45774018 
29354745 
41139212 
40533363 
22181755 
16881185 
81537529 
23629179 
43345423 
34825436 
52755022 
30202451 
20145615 
22839579 
19245562 
81125414 
17999296 
24821736 
17326609 
15779852 
52242627 
14409959 
25544735 
16016007 
37777908 
36717930 
20335734 
45624810 
20158542 
19167218 
45820265 
31390887 
21914168 
14320479 
24255075 
59935906 
42491926 
16283269 
22836237 
15225372 
21942413 
58632667 
24194757 
24843679 
50093474 
21996435 
44911045 
26875516 
17751220 
19208931 
40530373 
14548144 
26059832 
33773156 
52289430 
23152752 
51495928 
15521657 
29453948 
26486784 
16214224 
16662522 
48684508 
34894343 
15326628 
17563174 
19467818 
54229744 
26135300 
22731134 
27601927 
19067483 
30432500 
18808848 
83884356 
21623845 
19910755 
16825957 
46282638 
22200138 
3352781 
80797224 
38371931 
14935913 
32911381 
26499870 
16934444 
23890141 
21330071 
38362386 
22774263 
61399529 
54252701 
14328609 
24088865 
16191312 
46576329 
47770070 
46530604 
17132699 
15082209 
39018541 
15729356 
24457203 
50135899 
22168233 
14213522 
22252177 
27206375 
36837724 
16212624 
43209904 
15244486 
18989017 
24878232 
17872900 
15479900 
14221435 
51156769 
37850700 
28541715 
40403808 
72751677 
50320473 
4887761 
18990767 
13012632 
19356874 
19031450 
21831433 
24219728 
16476943 
81472368 
15762258 
41974954 
45462578 
15569669 
17301123 
47825187 
30833854 
14760547 
24275367 
17781640 
22389478 
31379782 
29440968 
39528506 
65977009 
19951554 
31751446 
38161687 
25744191 
69033239 
20172287 
45782352 
58861809 
17081580 
14839507 
12947512 
28991707 
81576822 
52897965 
41042676 
18978197 
30337173 
22815799 
23055211 
23704719 
48376302 
24392060 
24799507 
53886456 
19196415 
37662297 
19951795 
61374185 
17706257 
41012947 
13392402 
15741697 
21871675 
22540637 
35257351 
44763559 
13060502 
23105551 
33975202 
21128754 
15086700 
24140697 
51169357 
46270607 
16028097 
24848697 
19293438 
16632545 
14182704 
14829533 
67508911 
14814108 
30399772 
15470347 
30414022 
66151070 
54248047 
35792188 
33508303 
15749915 
16630266 
8986192 
27730984 
10796242 
15313898 
63008042 
30829220 
20935558 
19089073 
23890202 
27157990 
77509855 
11356892 
19545551 
44127137 
16891701 
28874057 
60242799 
46429564 
16819278 
17624209 
16691399 
19101733 
10670382 
20192414 
39185237 
10773392 
58751172 
37723593 
25702537 
30977593 
31301038 
23904675 
18516008 
27220528 
18134056 
39442779 
15020755 
31476625 
21184213 
76520730 
36785295 
61575196 
30933106 
25710436 
17347932 
18391034 
48474227 
45899723 
16630250 
27329169 
46496206 
19305668 
21379201 
57546765 
32128349 
16927660 
28128780 
43701698 
14171297 
18543878 
14216484 
26997694 
17348598 
27772934 
32551543 
24980043 
51381170 
21671163 
59908691 
29277493 
20640799 
40769265 
22577042 
48598144 
11461822 
80752524 
14823343 
54419370 
23661088 
14398606 
17395904 
34416328 
19753654 
61344720 
19420274 
19246915 
32435912 
16942891 
17768833 
26245660 
21342983 
49022286 
14148180 
18755970 
15731555 
25012236 
28501882 
6008662 
5391882 
20127759 
23090906 
36297466 
23686595 
20199631 
19286480 
26078227 
21929328 
48364620 
13689772 
24731728 
18138741 
20865857 
22748312 
20458078 
36688522 
25517291 
26250966 
46406587 
15752734 
24469441 
35896307 
79070444 
15494416 
24501630 
20153020 
32215928 
38276733 
20675151 
17383343 
51346043 
42403560 
23971640 
57334744 
21130514 
26122665 
25519327 
31446824 
22796227 
16872729 
5958342 
13376492 
14723921 
25166718 
22423472 
35332308 
19906139 
40506654 
77130367 
27332012 
16430786 
19236838 
14605008 
21618384 
16229123 
20162633 
73027741 
61801825 
16814128 
37332302 
57694661 
39073811 
16200913 
18349069 
72757398 
61800367 
34473113 
23122329 
35712714 
16443294 
45430017 
13232292 
3540871 
16185120 
42576646 
51465013 
16023050 
23325356 
17740183 
23973787 
84667486 
29878311 
29265359 
33914804 
15960507 
28619103 
49006502 
19444332 
7874922 
38330836 
19470975 
30450557 
67750626 
15473760 
38614862 
48467064 
39233227 
14836680 
25711357 
71065627 
20981944 
14353188 
20453064 
48370483 
28945236 
16907137 
15239428 
21223447 
15272098 
16162703 
50162517 
22257767 
8754452 
26982055 
19505753 
19011663 
49083258 
25541327 
37221966 
31419049 
24799830 
81494457 
49255696 
19723830 
68485695 
56429237 
14212711 
36243059 
52750484 
20909820 
30332571 
22703754 
23951685 
61811679 
19481052 
46398762 
16619244 
32205471 
40802004 
49632333 
18308734 
32873308 
16891503 
18089605 
43090670 
33443003 
30872104 
43353439 
17597374 
18582438 
38289643 
33798948 
17827085 
48521231 
15484705 
19678715 
14111800 
23686201 
52702995 
22233987 
23014481 
41832384 
16272431 
32514191 
48957305 
19524415 
14373878 
75303415 
11260122 
25013733 
23467579 
43185596 
25835041 
28602346 
11474712 
21893564 
21219786 
24802266 
20573532 
11226312 
51441515 
60373413 
57715285 
17097233 
74341372 
45694823 
35829521 
23113031 
30025889 
13018652 
51181456 
35909805 
36922656 
44800954 
35639244 
30017071 
24260794 
5499842 
21712993 
18552756 
7799412 
24532054 
72780677 
24892132 
40572743 
32167206 
3398061 
25501158 
38316542 
18998480 
14347647 
26428116 
3248801 
32490476 
24815162 
29339263 
37772201 
15946025 
22508793 
17744473 
25190404 
25877188 
19369152 
15025639 
32033513 
48482927 
35643649 
51167187 
17997246 
13240842 
32058870 
67036067 
39096473 
11377842 
19898985 
14340082 
13593 
15768933 
22279484 
20323795 
17881524 
37823268 
15506645 
21488204 
15046822 
67211970 
23973081 
14364718 
18730756 
44877559 
20427950 
21495980 
20627360 
34481315 
19992172 
16422169 
25746796 
41299675 
23650472 
15300073 
21205403 
36389545 
42709390 
10685452 
14798336 
18993538 
42499368 
14987769 
19159096 
41010396 
10743602 
52825680 
14396856 
23432154 
20661527 
24177362 
21471725 
67512923 
14785380 
14974923 
22686252 
16400827 
22582091 
22363026 
42738712 
16621138 
20404894 
21720625 
79672666 
60160524 
24301420 
24141095 
14330201 
81500938 
18346648 
50164211 
8446382 
65653902 
25154106 
21142206 
36908299 
16013905 
16599558 
39168289 
44354494 
20870626 
23402795 
24303817 
30913115 
18141975 
37745901 
27579800 
23023005 
25745781 
30186623 
14134799 
46422101 
12686592 
47057429 
26885514 
29059193 
35790588 
37268384 
23638895 
51292742 
21673003 
49526502 
29964748 
32196661 
28095466 
27338050 
23967182 
42340866 
26824146 
56514154 
19450341 
37721289 
38028310 
34775214 
18044059 
27169155 
46490253 
60327376 
30220428 
15959476 
73522813 
24197313 
23011878 
16618290 
46436628 
16163421 
46374736 
18392980 
76763077 
37754723 
15785302 
28528487 
40167176 
16880711 
26478998 
17332200 
22508450 
21215822 
44745377 
14940453 
19903515 
7698772 
17329742 
23713318 
32555546 
25199761 
67792385 
60370330 
21729983 
25877810 
37886271 
14559352 
14316456 
20596958 
20439351 
16448545 
15769327 
81494911 
32842892 
16427446 
46421778 
46203103 
15549496 
5912982 
19997316 
34957961 
35609701 
19239261 
14394140 
10281632 
29889003 
14376158 
60465802 
56343587 
19202126 
81687152 
34936359 
15726358 
21433135 
21869878 
15940500 
15304230 
19242762 
23461971 
69268213 
18348623 
21887918 
20186297 
29281317 
20359288 
41825429 
30921127 
57837754 
60402474 
31411523 
44144316 
17349537 
24434672 
23972380 
21998650 
45757064 
29480988 
18325564 
19249956 
43640008 
21887696 
18998695 
55146495 
54080974 
57299342 
15249082 
34459659 
27762943 
60264992 
19321801 
17854157 
37446662 
16493118 
23869989 
41038163 
17788403 
39157710 
15457959 
17772081 
25416802 
24962826 
16001119 
14532363 
43926987 
15752647 
20179821 
23399475 
41897606 
12708702 
14790654 
19417658 
70870405 
35882568 
23033816 
45422336 
18530662 
34754805 
19920099 
83893091 
75014362 
15949299 
14547569 
8179822 
16441149 
15565703 
53790896 
22852396 
19306012 
17545037 
20313804 
16070608 
16252425 
40545664 
27735943 
30908054 
48616284 
18772786 
37682416 
58783802 
34354722 
25711852 
31449285 
14764882 
35725319 
66986583 
64259139 
17379547 
15249204 
20321866 
80691827 
17892941 
23890183 
22474599 
22371640 
19221302 
26128989 
16446860 
44735978 
21671838 
37654240 
21196591 
13145242 
20006673 
32525102 
42399542 
36732437 
27688800 
44538415 
36896410 
14739462 
7434272 
17596233 
29237728 
71104576 
28622405 
59451973 
19182634 
71454054 
33813134 
7744592 
35564762 
5802442 
22270274 
21635603 
15768634 
29059461 
40465076 
18104118 
40513090 
49599490 
57405237 
30409968 
41448288 
20573539 
17880648 
28890222 
30393176 
77056904 
21977140 
30459883 
21464302 
34768176 
19197186 
33380621 
28040633 
26052456 
24128647 
49325607 
16812534 
3221371 
19707103 
28189549 
16287852 
15966564 
22384351 
22543695 
46418734 
36153824 
32897063 
39073537 
14130316 
19891148 
16915314 
29030386 
59542995 
26557535 
36266968 
818184 
33882444 
25009160 
31009920 
16669512 
25158649 
68600912 
52828662 
17279892 
23026318 
16583251 
17621994 
23032599 
46266438 
22309605 
54364083 
32078819 
16127038 
19705218 
17322991 
48428137 
38993993 
79303888 
46495884 
69336636 
36357317 
28856068 
21923928 
14309479 
27497317 
14167429 
39175115 
15942941 
14394078 
20904591 
15085995 
31382573 
19494501 
49580762 
16003990 
56478217 
14146802 
47148784 
18279839 
38047048 
17150441 
41050252 
22530333 
38061796 
24415026 
44278082 
27285267 
12819242 
18844424 
47025268 
802212 
26080602 
28016056 
79851306 
23038023 
14171622 
17828659 
17132590 
20409394 
39313360 
19293138 
53166179 
27180047 
74737847 
11154832 
69456713 
30217227 
17852078 
21971754 
24191085 
45179324 
17061575 
23436328 
19188257 
19715199 
80902634 
29271265 
20681682 
32203298 
36879092 
14215583 
63098318 
49398928 
29506866 
52090297 
14182238 
14347282 
11406992 
31346970 
41184366 
38833015 
15501088 
32835708 
17115517 
27277485 
14407399 
24961728 
14146231 
24227252 
14193570 
17784660 
38304943 
7713652 
28940389 
22196115 
39993143 
42408134 
60106677 
55055699 
32003819 
41393953 
19239618 
13066242 
49494978 
18519661 
40621440 
55221442 
38309768 
16048328 
17392566 
44271169 
66123136 
7834052 
20416601 
19652868 
14151317 
30986810 
51528016 
59533079 
23874276 
33843979 
25422054 
5740502 
21213172 
59263908 
62182327 
16578807 
54050289 
17165243 
19290107 
38427640 
70827877 
18603122 
17287151 
16419564 
38651276 
25755867 
23725017 
32232307 
21613763 
24498525 
12830912 
51412827 
50218595 
19957012 
56455346 
35719172 
35916603 
37383631 
37830305 
67112392 
20128686 
4918261 
22412486 
50359231 
21228674 
23048801 
40077424 
24260843 
21826068 
26604154 
65956180 
50339617 
20693401 
24445650 
56244277 
78981694 
23037473 
23643454 
21911341 
26619932 
17779618 
30244706 
19943420 
25474007 
50250267 
20635394 
76544219 
20698744 
25103822 
13907272 
19206814 
26884303 
29832526 
18614746 
76733983 
28937358 
67086587 
14799646 
48675245 
20392731 
23330493 
27260759 
29875029 
26888655 
26417975 
17070683 
15294641 
35841650 
17073739 
32915252 
28209982 
38422634 
16268798 
25778281 
40849258 
22832829 
22176142 
33970807 
12645612 
37294378 
23025293 
38311576 
15470187 
60007414 
42299900 
18777054 
20892877 
41201862 
20925599 
21157963 
50378647 
16216327 
14363071 
45894872 
27705447 
14173547 
16233163 
18814923 
21175635 
52246312 
20610203 
25472069 
21666721 
38285312 
32509226 
12742262 
37793259 
33292609 
44559374 
81606754 
23080244 
39481462 
55069655 
16130403 
43313037 
27691686 
19933480 
65790611 
40369385 
43697391 
23114086 
33286580 
50346256 
20203841 
31404888 
21879441 
43182711 
22740478 
73559761 
15571033 
14996411 
25833827 
24732692 
23012957 
21367832 
55491879 
18060808 
19261089 
31294118 
56179792 
28016477 
38196453 
26132181 
29046477 
16858897 
14521875 
20171519 
22821539 
60101917 
62895755 
32953180 
55271855 
33877781 
14979947 
21713289 
18845188 
21430666 
35725949 
17535421 
34301942 
14975793 
5378272 
64437429 
79061522 
49074122 
71023214 
21127234 
41228348 
81608086 
29033844 
27568877 
45031224 
57944168 
33748567 
44783759 
55443568 
21494772 
64494887 
18138649 
14384133 
27309439 
26937475 
14137570 
29936536 
16619825 
14219396 
30916580 
61819461 
23114593 
32121173 
30293302 
21343058 
23704927 
30943405 
67327747 
32932828 
21104614 
21240302 
14131099 
14139013 
15984681 
53279786 
21413469 
14774877 
19393326 
21645227 
10044212 
74336024 
18524824 
18311040 
67338820 
15026012 
45092107 
14776146 
45030437 
45733976 
77485847 
21232973 
44456669 
16917923 
22154549 
32520035 
23279621 
23436198 
25723601 
39457450 
44152490 
43897909 
27193483 
5469512 
34724589 
18146671 
5692852 
50576948 
44882168 
64897113 
47539757 
16476547 
23898874 
43301621 
19440181 
15964279 
15985049 
52834968 
19386403 
34917576 
36373946 
32194467 
49173448 
26425145 
67393806 
29539830 
30307230 
21098690 
802279 
80726016 
38359092 
25433709 
21847105 
23970856 
29296329 
14129027 
40779228 
44203570 
23981828 
18296600 
23635327 
30922559 
40977575 
24339796 
53957222 
37874186 
56379537 
48497316 
40720001 
23016697 
15044502 
19315350 
39044266 
80802502 
812509 
16199831 
7936862 
29496256 
16428710 
73169612 
29029556 
32155061 
19463020 
39259383 
26583089 
30993666 
16138151 
35761023 
46253992 
34822243 
19204652 
21094188 
24966693 
17793891 
22704309 
43193105 
28537006 
14959323 
39446627 
27257534 
23380426 
26562219 
34443296 
20598261 
50224875 
14211463 
33824608 
26547574 
50212248 
19540507 
16016357 
20913666 
21683394 
41047082 
18370412 
29024875 
15568928 
15281868 
17758569 
69673032 
60714733 
38356847 
22801905 
14169181 
83851167 
22429348 
59282817 
33952124 
58958971 
14825237 
36749154 
35148034 
31286176 
81152284 
20190730 
25839257 
18098164 
15964841 
12505022 
23871502 
44216271 
21440020 
36850468 
14159007 
21829749 
21804995 
16049481 
29046407 
44307440 
33815403 
41407289 
28984107 
14412275 
37883186 
19536849 
43979030 
5823382 
55197343 
28613239 
15813532 
16674441 
22844553 
53161617 
34465956 
16615678 
16009795 
21579668 
17837158 
55401371 
27702143 
39141647 
42616122 
16075280 
20903187 
18310532 
16187914 
19293129 
22782874 
26243119 
12818112 
10756542 
30522678 
61635121 
28440719 
19034299 
38030865 
21615007 
28620071 
21229862 
33851984 
47105811 
14606102 
36706099 
19334677 
38208210 
21207378 
39390193 
15049140 
28498789 
29045828 
38034301 
39300382 
56213603 
16266832 
5449122 
45011003 
30843520 
12704812 
61593688 
34951194 
16942593 
24260216 
19187337 
45686183 
42073083 
19016478 
26243561 
20132256 
17697577 
21722995 
24325880 
13236152 
25743235 
11286062 
15471351 
23149319 
18087767 
25087042 
3819931 
57779814 
29852391 
21495069 
15554107 
25105148 
34863252 
67335702 
68534586 
28193254 
14194825 
24841542 
69271965 
15977670 
17791846 
35861544 
53063897 
23154944 
25478527 
17738477 
21154202 
26141216 
37713905 
26245979 
19937525 
15472677 
33491615 
17349729 
21896256 
17298364 
20129191 
34464879 
32536775 
45174363 
14145252 
20884743 
48614328 
23131916 
37717060 
39419738 
22180593 
27233953 
14563057 
15006726 
13567382 
28649924 
19018170 
22762526 
24184492 
21200812 
21180689 
24443344 
39026915 
23362465 
30917871 
14205819 
17580514 
51543826 
24713816 
21463488 
14382067 
25396156 
26617437 
66057432 
23038601 
19091140 
32594759 
17308307 
15798100 
21806327 
19677252 
45608507 
39563331 
19443375 
45714814 
19931085 
20113234 
43635227 
16437006 
12760782 
27543782 
27528743 
40694672 
27348516 
21635070 
72418755 
42574547 
14308310 
18790746 
25136753 
17349579 
15765822 
68792097 
21887802 
56064415 
38155172 
14115766 
71063341 
39532391 
20003882 
36752157 
23152648 
14505871 
14767302 
29832066 
41129822 
19055264 
24362543 
31409789 
24807007 
61742136 
38216067 
36810709 
21901601 
23431585 
25088609 
32201948 
13357852 
24841468 
21574255 
21473019 
19965172 
18123906 
35585984 
41225328 
23935918 
38286185 
61781218 
15240920 
59597173 
19227800 
56194629 
15319446 
19958746 
60034534 
29894055 
42639890 
30264451 
33436801 
75194476 
45720574 
14734909 
16045185 
70696217 
37882276 
35164830 
23712731 
19923948 
21813966 
18780874 
18992492 
14164943 
22161850 
29913475 
19058681 
35258614 
21347892 
43316903 
24326369 
16660447 
54999242 
20175984 
35166730 
11022622 
22316166 
41455944 
23372297 
61406084 
18060764 
15320350 
18822812 
32622324 
67156143 
33881905 
19428338 
17143810 
38310995 
19318602 
43236885 
67634042 
26089701 
51264874 
57907753 
81543 
74213707 
29862576 
25042459 
33355178 
19469715 
57482608 
25725051 
22171002 
45027367 
18541791 
30973447 
75110328 
21876786 
18291339 
22545301 
28513986 
45713387 
32875605 
20210409 
47089526 
16148508 
19275582 
26867252 
24854541 
16212758 
16108251 
20910423 
23134416 
64294876 
36177638 
16909701 
72411889 
15014405 
24274908 
14835103 
33369913 
25427517 
19332699 
24421431 
40034160 
39479071 
34777050 
14785887 
39499240 
26957999 
18994554 
17780763 
22142457 
30014794 
24755821 
21649345 
45448268 
27235350 
10051052 
43917238 
5383622 
22278201 
36844119 
18499642 
25437214 
27291216 
25427506 
21216804 
66210000 
25718533 
53203518 
19766580 
17878810 
20959893 
33298343 
17518524 
36815410 
19761804 
25753079 
21680629 
45592821 
22982410 
21111139 
48509003 
26425590 
30354164 
24357745 
14583536 
18133765 
29047049 
23987570 
44398135 
17561824 
44709533 
20375228 
39255136 
20352913 
22562194 
24981710 
23346337 
76016878 
14098064 
17445185 
18242015 
51788228 
14689294 
30607760 
24908071 
17053354 
26292858 
18255570 
23540122 
14707404 
18857880 
22066149 
22927710 
23850495 
37586387 
17918453 
21541595 
19819658 
46788904 
16504186 
16804088 
31595735 
14104480 
21313313 
18692300 
36596658 
26276256 
17181629 
17957392 
23573837 
20524792 
16498889 
46113535 
53661403 
15909507 
34066592 
17190521 
21519495 
42814167 
65555442 
15445377 
14676217 
27853390 
14063077 
35934245 
18930386 
31213433 
21509395 
51711500 
9274492 
19562368 
38578448 
23838161 
22931763 
29782743 
23186307 
6931372 
14242499 
18451056 
21085542 
20058174 
76050586 
47461831 
19133757 
28738346 
28285377 
21022310 
47998974 
14422882 
18174001 
15138678 
41645467 
19561624 
17428307 
14290180 
31500567 
41716273 
16998210 
15438100 
14241563 
23801155 
16333984 
21760974 
16960490 
64153801 
23770992 
23864312 
27847535 
18958922 
48205711 
15668861 
62801850 
63572920 
28257060 
18889069 
29120161 
42283118 
22893158 
16803618 
63623126 
14055591 
26298735 
9410392 
43043533 
20711916 
15634259 
20257713 
18394970 
24655308 
14294853 
9714412 
38491706 
72232336 
15648612 
14415486 
28813910 
66531811 
37599807 
21543436 
11953502 
14248074 
14270283 
35041238 
17210888 
14720857 
26732837 
14295783 
34295825 
22620337 
23612936 
58313061 
17415855 
40952039 
25664093 
15134480 
15866385 
32797304 
33586395 
34092073 
12404992 
50973325 
21310770 
14851469 
50921517 
22916662 
31245652 
73788436 
22950738 
18927775 
16804539 
14672213 
15092819 
23779030 
57107064 
16953808 
6084982 
28752392 
32367658 
31492068 
34998008 
7262682 
23844544 
18649788 
19587147 
27104031 
28729058 
27096688 
21772916 
23218076 
62436876 
30565011 
14247565 
50924522 
21506346 
29769940 
25295405 
46194145 
17402815 
54445173 
37957225 
25345713 
14296941 
26024142 
33154346 
30743345 
25388127 
83161150 
18259378 
20749502 
25320955 
18255977 
12371632 
27127350 
77601304 
39929058 
25957475 
33588921 
18631181 
24634318 
39903225 
21010665 
20714201 
22636872 
27028253 
51616303 
14711172 
15187229 
23746058 
19793911 
14229219 
41523058 
48875750 
20474535 
45365774 
40968338 
33053340 
37494648 
41612354 
60939336 
9255622 
25998759 
32246747 
21311350 
53574404 
20025661 
34584606 
14285074 
16970629 
66553347 
35095243 
14083625 
16302490 
37112793 
41543268 
30048571 
22061108 
33080274 
20819926 
25889325 
28751079 
29205916 
70170378 
19620636 
46154897 
54440743 
80600807 
24695909 
72294748 
32362001 
14101003 
72271732 
43611803 
19602983 
14416789 
15876004 
17968818 
58567268 
34985823 
29692678 
21257326 
30568338 
15819002 
33176634 
17271555 
37543007 
32759083 
39837924 
17644452 
17935958 
16386647 
9545932 
14492700 
74079828 
36027340 
14434425 
20467190 
37129300 
24912198 
42243417 
14294400 
25555165 
17447412 
63692280 
39655367 
25267077 
57139578 
27904097 
48161517 
24063722 
37124772 
25596868 
23165995 
17224151 
14078881 
30694045 
51617538 
30092316 
21512592 
70084725 
24013712 
25581272 
14429658 
72249831 
34270342 
41658992 
21013461 
15209134 
27109231 
17022428 
41754229 
2608911 
55913174 
25921047 
18473851 
14908195 
33124441 
36495842 
61069778 
15646706 
19788753 
15405736 
43066948 
36048100 
17032832 
22106614 
54909154 
15823044 
65143256 
14690813 
34283518 
17273559 
16745564 
18451956 
23230688 
34285190 
43502135 
21508036 
16526591 
53556751 
34033314 
54606371 
18186737 
18207867 
20235797 
28743580 
26638419 
14913437 
22133680 
20483253 
70518036 
16345482 
29777191 
9605242 
9778712 
25378375 
49849070 
19572710 
6166402 
15398378 
21313972 
18473019 
19868883 
21256622 
25562585 
16734066 
25374620 
39827029 
31093844 
17443144 
15601825 
26672836 
23494035 
16367100 
83105990 
65133914 
17935458 
9150832 
64090204 
37958618 
62647831 
34577173 
33193650 
16796821 
14249755 
17942392 
20256929 
1401011 
12236642 
16321518 
15880501 
14655642 
23202308 
15200291 
23797206 
14255676 
9812242 
52454500 
23230000 
7193622 
14056771 
22867972 
28738833 
45935124 
15633362 
29618399 
17936417 
24081368 
24032302 
25674715 
16573196 
15608835 
25239961 
12052002 
31087256 
52508969 
15675599 
23594810 
17032993 
46615520 
64208197 
26773459 
33246185 
15192381 
20819545 
19615369 
36039989 
78192643 
49868806 
50829316 
32784382 
32708187 
30788933 
48756733 
20248523 
69777140 
48192593 
34666932 
37546514 
48155445 
77794283 
34286317 
20521576 
48089707 
31178504 
20539488 
30113898 
15420011 
31512454 
29717329 
21091544 
20289393 
24935293 
28359705 
32793437 
26396652 
36517809 
15389819 
17416221 
25332908 
11856302 
20530782 
35487590 
43589001 
20520465 
23816505 
31483733 
24908188 
15130167 
27059554 
20480289 
75667189 
26810090 
61296270 
34060706 
1561801 
21284571 
18435404 
58519643 
33122821 
14424957 
35145743 
24942859 
36497808 
33556691 
32301451 
43005133 
42935752 
24920952 
18908042 
30048912 
14428679 
34128302 
31034342 
22631610 
48786610 
22928339 
16362532 
30586202 
22040073 
45944792 
34261084 
15847711 
32785298 
20862505 
20736482 
17211774 
18958008 
32681303 
61321722 
21555740 
16737309 
65384491 
14424896 
22634938 
22964897 
46003531 
54454606 
32740363 
26711633 
15435637 
48064948 
19566068 
25901930 
16299035 
37008945 
21512474 
19117768 
20481736 
50745379 
61255503 
36996762 
26707974 
24026721 
34637093 
36502995 
16974841 
17237935 
34210764 
24650860 
21253156 
52315555 
18651808 
83400148 
17033125 
36082907 
14880752 
71897897 
2402111 
58571219 
19574243 
45985448 
36087311 
18676420 
56790374 
16539573 
17910828 
17217485 
14437313 
56863306 
65071107 
57112114 
23804614 
31040165 
18452368 
18439938 
45926459 
46065532 
26755288 
21069294 
20101921 
20809078 
18474336 
15383681 
31712843 
15201891 
14051651 
32673452 
36999199 
25609778 
30551998 
18905683 
23600413 
56713334 
31667373 
25254853 
28721825 
14857015 
16810752 
42258725 
19116065 
14079909 
21013096 
21021295 
16497517 
21078211 
20808259 
40335051 
12118392 
16292769 
17009727 
25918998 
11774642 
26766377 
30676683 
15126894 
27895218 
9360352 
23242510 
26400586 
22651998 
19105842 
19604235 
33247096 
31484926 
71920626 
9491292 
21013674 
38541414 
15200033 
17657067 
41684112 
15680199 
63882553 
21254748 
14270830 
26807123 
70363717 
21315449 
47460473 
38482511 
21039131 
14233053 
16352207 
20546594 
25238451 
33633622 
37945291 
41566428 
22295736 
26817062 
31135331 
18177465 
30075616 
20010113 
42968281 
22047323 
33653177 
14232337 
63920081 
47994366 
47398634 
15372348 
21310910 
26645043 
18624306 
72123174 
22133042 
29732792 
41738698 
46616167 
20261336 
15142939 
28661759 
21249837 
15417099 
44658835 
44018783 
23573159 
15899779 
22135557 
33179767 
77635021 
24008321 
30149103 
61212433 
62810990 
34050451 
20476375 
33124954 
62380296 
22001359 
17034443 
25355757 
14905646 
16569530 
77922188 
52630540 
27460036 
22956717 
54605374 
29119123 
22948927 
30659312 
48288924 
64110980 
20489149 
20713978 
28234622 
27811250 
15574704 
27945244 
56868171 
42202167 
19801094 
14081202 
22962878 
28724604 
37591497 
24027573 
16331865 
19631130 
37571589 
40285108 
48103224 
18690991 
18961196 
20729095 
25551361 
33125118 
48843300 
32323135 
34663025 
38592486 
39829853 
15091009 
37595931 
36025957 
61063464 
22883329 
14876025 
34549310 
18166665 
28813949 
22297075 
26394911 
33159299 
30069247 
31222918 
48091153 
15206935 
24006113 
60912521 
43610244 
22951847 
56841179 
45957683 
48823474 
19119409 
73745956 
42824878 
6261222 
78090074 
21546221 
54819986 
21537980 
36463943 
22978174 
21033720 
26692302 
29749444 
37103978 
31652694 
20010951 
15356204 
50683103 
45407437 
20307272 
24612976 
31685246 
17432511 
19875987 
48855381 
24926504 
27072009 
29609456 
65157100 
37034956 
65009289 
18424661 
14098154 
48197707 
15838770 
70245628 
18658080 
43495471 
17487812 
44639325 
15926270 
19636553 
34184672 
15348250 
25270619 
12250672 
29586289 
26346758 
20254067 
31031432 
29603380 
20088940 
20020806 
23227885 
19107267 
34161679 
72128717 
14663493 
33642673 
15172451 
38489059 
19594142 
19623488 
16499667 
17401289 
18691139 
21497143 
49835195 
44626864 
53421559 
30685291 
20042471 
36578097 
31636637 
15420220 
75912811 
23828789 
17974980 
18435913 
25944378 
17000737 
70332544 
25331054 
48733213 
54594059 
42209356 
20526579 
61103885 
20069306 
40923520 
54654879 
27813025 
16950373 
14242066 
14222817 
20779557 
17940322 
16312214 
35112320 
27426615 
36050603 
15656176 
55608910 
58496891 
27783725 
43464705 
41645260 
19862315 
36550726 
14870085 
1857711 
73730847 
26265404 
6944972 
64238140 
15899062 
28402464 
27784314 
20552119 
12311972 
18879689 
31026671 
16710435 
16577477 
14435628 
39652714 
29114327 
25247881 
55947639 
34148664 
14676000 
27972238 
62281474 
22041124 
31525629 
26669741 
17945492 
28835181 
15933994 
26753005 
27811033 
61208282 
16551432 
41536240 
18687619 
21316992 
18436196 
30718229 
33681121 
9655952 
17272014 
25299715 
22135369 
22617101 
22106557 
23258625 
20229961 
14463104 
25671856 
31611152 
47532806 
21294319 
18237698 
70682316 
18887647 
14438802 
27074964 
19605192 
15677451 
66509727 
18952540 
18643237 
55948628 
15342829 
22128740 
35032623 
14422177 
14484562 
29698672 
40272852 
25338237 
20260820 
26321416 
73826070 
23815368 
18939746 
54654305 
15138232 
82768089 
27783111 
17939316 
47404242 
22641790 
27414453 
16510790 
14440343 
17936026 
26630451 
17966509 
17641597 
34636537 
53430753 
78408012 
66505512 
27425970 
36565338 
21298049 
16784282 
69989816 
35457477 
28714769 
32315878 
48204993 
26670156 
30633370 
23253720 
51703572 
15902160 
48723691 
27829860 
28659794 
14080265 
20778703 
27116983 
16535259 
22592505 
46650558 
17669229 
19611343 
48702998 
15626978 
25305519 
26297334 
36514076 
24006573 
15448444 
14068834 
16703586 
14691399 
24013718 
18151699 
61286704 
34553080 
18669807 
20296676 
27900969 
70442564 
48099894 
18471056 
15842676 
1258111 
61216527 
37027278 
30113155 
15173486 
36496533 
42264368 
46183910 
29686132 
24701997 
20015577 
22044832 
22899820 
18245513 
21247595 
27878544 
47488761 
62647975 
20711325 
70049127 
17402022 
16535231 
20516512 
41724965 
17443923 
24922300 
14708390 
18677433 
18227872 
23490130 
55890652 
83236602 
32798594 
24663013 
34564637 
15395797 
15850295 
77605005 
19641642 
32777318 
28752022 
31066598 
24642654 
33540578 
14847788 
42927781 
49890978 
15843240 
12217572 
46037447 
17237461 
19807140 
24651882 
27980249 
65476933 
51610696 
28780435 
36983237 
30154094 
46743459 
20292917 
15864735 
35990396 
19839784 
39673432 
16539960 
32320854 
22004537 
20064911 
26392088 
22118295 
38526902 
32716993 
36457613 
27035682 
23249204 
14425121 
32313570 
25340711 
18881136 
19565670 
24603914 
16702926 
1045141 
20519056 
14698254 
18193317 
76332426 
29801767 
33553293 
23598178 
15606316 
78034103 
20774045 
14720322 
27955257 
33677718 
17910221 
12272072 
23843034 
51574781 
19774371 
52519728 
14095425 
50832995 
9716382 
45407317 
23797573 
1666481 
35016181 
42211993 
16292673 
33033824 
78619866 
43550268 
43476461 
17268481 
43573285 
31483587 
17012374 
16298091 
14635406 
50868816 
65551314 
25965585 
16390689 
36509594 
28728448 
18236916 
30787557 
14642169 
15112316 
27443428 
14630407 
33216721 
45956260 
19585943 
15206708 
22629422 
75957300 
41638107 
82430917 
15108579 
19121931 
15650713 
17422274 
15213339 
61284008 
39831722 
52498333 
26286968 
51737796 
14226626 
14453105 
14480033 
14289876 
25377490 
26019196 
16370393 
47417674 
31515966 
16560975 
29563355 
16810169 
34690763 
46743962 
63621089 
65418663 
28259147 
23578447 
53501890 
41553595 
82349465 
19872469 
80217505 
46639306 
15842589 
15164869 
65414917 
14416421 
37982198 
31605592 
27365354 
16944590 
22877756 
46814711 
30723387 
27793852 
30089074 
30118103 
21513156 
33036403 
15386359 
37636456 
70287246 
21274735 
15863672 
35106300 
24072957 
2048141 
20255046 
39820563 
14718301 
28367477 
24009378 
30095347 
15361648 
26652527 
15454131 
24621777 
48836980 
41693755 
83361958 
30041393 
22636615 
20230905 
16300612 
25330279 
70455097 
43625964 
31216806 
52501314 
35004954 
43482835 
23807442 
21272322 
21012474 
15601832 
22952132 
18946922 
15586609 
20462271 
15172696 
17651663 
21266980 
26632702 
16355662 
40337834 
37569154 
20264415 
32760682 
19623695 
28715404 
25236239 
20516375 
25573816 
41538585 
23765387 
63637260 
19844937 
18966958 
14093274 
57197875 
28283190 
63904080 
15369953 
37975198 
31152495 
15109604 
2331661 
18641564 
16538850 
25563910 
26804842 
22962579 
23224410 
28348353 
9784552 
32365440 
28665199 
15693180 
20049660 
9777132 
28246117 
36523626 
33565204 
34022629 
28736496 
43986883 
37508872 
15821034 
45391012 
18233448 
16057404 
16971536 
16341636 
55953666 
83303530 
65086656 
16299222 
17177103 
25633088 
19843304 
75639294 
65262713 
14852377 
21061131 
24677895 
22908511 
15878214 
54765527 
15118418 
23475735 
34983260 
18875989 
17242852 
29641089 
24059807 
20863936 
27998641 
22106580 
17006722 
36119758 
31696287 
22656070 
19601546 
30613392 
56865179 
14222511 
23600598 
15099564 
20082415 
37561842 
23574310 
43994156 
32661443 
32317862 
51795923 
17496911 
46794222 
27009528 
15396927 
19830031 
26294631 
15422794 
23845620 
6687602 
37581318 
55696734 
25618294 
20066438 
11918032 
22661325 
14461282 
25930556 
54738653 
38518913 
20767035 
16952370 
15435175 
18239795 
30693729 
29781239 
29179987 
14034272 
18195759 
14427084 
18634136 
26747650 
17275316 
37075233 
23178484 
23618784 
18432624 
22633993 
24621017 
14904348 
37000055 
74021611 
42115032 
18946221 
26343381 
22084784 
34288228 
34111135 
44686371 
27139749 
22875719 
46180561 
42834246 
6687922 
48037313 
26779234 
23609026 
17248286 
29220715 
51796128 
20285026 
25345985 
37121600 
16950710 
26650386 
21267403 
19566002 
18169037 
21505023 
54720943 
21324665 
22103820 
21052610 
55935570 
55946803 
14886127 
42889233 
27787633 
15837090 
14229717 
31176345 
15604908 
14056454 
18650003 
36080974 
66370121 
15428886 
14081592 
27409431 
14098815 
1097851 
2377871 
9634572 
35473755 
28800014 
23843049 
48767929 
15601293 
14097025 
32742400 
21758530 
33581384 
30783565 
16303456 
61264851 
16396902 
21253110 
26345332 
25333958 
22062977 
72341708 
55638717 
22081673 
40318771 
29216033 
14676166 
31610911 
82507743 
17656814 
31081933 
49742721 
20021527 
50978151 
46609029 
15225169 
42803122 
25238594 
14249292 
15848352 
15695520 
17269034 
20256796 
20014693 
45340504 
18684888 
26785988 
25926863 
14852994 
15450332 
29224687 
15100759 
26390386 
26661289 
20994905 
67877536 
35027224 
34120236 
38469097 
33586611 
26273738 
66804573 
17416936 
20021982 
36601779 
15435574 
16363682 
1049981 
13982382 
37123003 
34058138 
23589319 
17229249 
15932383 
61029648 
12184042 
14093361 
1829971 
34634321 
14430021 
47446701 
35984072 
29606731 
27140467 
18472849 
33015749 
37579442 
15344545 
17668658 
16384694 
19580237 
33057015 
25665369 
25237882 
21281207 
56788921 
66669608 
15338102 
17476369 
23842274 
17956132 
26753237 
31211743 
18884472 
29794387 
14266499 
56890089 
14049526 
20846963 
16963660 
43042190 
60955384 
14434735 
34694506 
31135630 
24004598 
14094158 
43404623 
14682771 
19804113 
45982631 
6696992 
48132335 
32245642 
23816765 
28298691 
54479732 
53553527 
43480636 
15823855 
37477028 
65238384 
48254868 
9396172 
48881989 
24936972 
18227844 
16358678 
14281988 
62842595 
60903038 
15378503 
48192555 
15867240 
29193012 
17239664 
17931480 
7219442 
21307247 
35081513 
33614352 
26667137 
18644296 
27970670 
20040283 
25291126 
66632725 
28751089 
16394940 
39751025 
25243273 
72118956 
14438306 
27130108 
15887497 
34618205 
16745287 
1127951 
25997861 
57112980 
43464541 
33576349 
21069684 
20015534 
34091029 
23515741 
21006202 
23612509 
14070799 
34981059 
72199196 
34544947 
9470092 
19108304 
47509710 
33594800 
18919642 
15821161 
34681795 
66614199 
30707462 
16739013 
17221161 
6221192 
23510359 
34983966 
22016156 
20805463 
39756103 
17001225 
34156355 
27105711 
21269579 
27063744 
28805731 
36564097 
26640946 
38462999 
42256827 
15928132 
20812458 
75941039 
18464457 
22877101 
15104184 
66553450 
14247475 
15631981 
28694705 
19819594 
6750342 
39767017 
27097933 
14289168 
22030928 
52439499 
43564475 
14664296 
15361623 
15911092 
33990494 
27965829 
23592968 
17971517 
20859986 
25274682 
14433007 
33617154 
31632817 
60909043 
51813939 
36627201 
34143063 
14699190 
20064043 
25604180 
48087055 
23796495 
33200847 
36509080 
9483462 
15433186 
72073200 
15408629 
42228640 
48022704 
30599016 
17465538 
15188785 
20547156 
71858815 
29179207 
34128555 
17943489 
16357588 
20990340 
28371041 
18856845 
38003931 
33607485 
40934211 
35444941 
19126320 
16324059 
43000766 
20734884 
44022689 
23239535 
24052266 
15122215 
24612795 
20254047 
47446472 
34245869 
17659173 
6836292 
26326756 
31105116 
21242179 
16801627 
32316787 
27916589 
14248974 
20482393 
23604968 
50034529 
52493483 
7179312 
56742973 
14431556 
36567556 
33637083 
40943502 
21017268 
28414306 
45396505 
51818974 
27087797 
15869368 
15432853 
27915496 
22968858 
50760618 
30130281 
20738175 
38538121 
16058002 
27961431 
24278062 
46695416 
14271845 
17912478 
15366342 
24652769 
42984864 
41710484 
54865164 
48287888 
14634675 
24929262 
20721403 
26335016 
37129682 
1661651 
14454810 
20101307 
15614819 
16551361 
30761058 
22867534 
35053739 
20039143 
74170090 
14247997 
37634250 
21314946 
42797047 
24663597 
14047973 
61299841 
14275466 
20734600 
32676979 
14850719 
26412841 
23849847 
20996362 
19106892 
48821452 
19771444 
31239561 
54725561 
36562128 
16996474 
23187138 
25976633 
43396901 
14456044 
30641153 
29126478 
72262937 
73924193 
23801789 
22596237 
48040270 
15931702 
32767271 
65171655 
16541214 
54554540 
24577318 
15398604 
35133845 
48108008 
20799164 
15381868 
67896540 
35446773 
17471093 
19108330 
54868966 
17042565 
24285110 
15877322 
65522275 
22868427 
30607537 
14650732 
27365588 
28687126 
42780534 
48131420 
17477337 
18929521 
23553109 
26705650 
63896675 
25311660 
15604930 
20789740 
17276704 
30610453 
17953041 
20228503 
51599225 
21496617 
36998384 
65412189 
78149237 
22111218 
46798383 
82291343 
32336536 
15136874 
56744099 
20725268 
28414765 
54424778 
15850058 
23556164 
53489036 
58207457 
14080704 
27954843 
12090122 
31186335 
34511249 
16948340 
23792391 
14227370 
28234403 
36622593 
18941759 
22664166 
58368509 
26333881 
12036012 
16295359 
25933353 
42965862 
50696660 
46124969 
34603208 
16496916 
72281366 
19114624 
24010372 
28266542 
18156019 
30104847 
31097829 
17908565 
20767172 
39723002 
80221504 
35994959 
76166186 
15691996 
21307642 
15661262 
24932570 
41518274 
70056810 
35085034 
23779007 
61086782 
17195756 
1374361 
21007652 
19591278 
21014502 
20843034 
26639454 
14640673 
17429865 
17495875 
31238452 
20227327 
20048407 
1049111 
9534012 
15877425 
23803018 
19772171 
80289577 
46817418 
9167792 
39917415 
82873925 
31061499 
45385342 
14671186 
39850374 
15870011 
15677795 
41542918 
34031533 
17639412 
23169679 
28667173 
19854105 
31167869 
16298036 
15395565 
14095511 
44596556 
33534237 
26412905 
18469324 
24691467 
15153252 
19850740 
17399459 
65103412 
28813306 
55634884 
62263667 
54682258 
33271016 
15588657 
27116388 
14091505 
26391032 
62335359 
65063671 
65434542 
25944935 
31159462 
21533954 
17396566 
25580096 
48715096 
40277634 
39686979 
34626172 
41791022 
18653345 
15345328 
26365132 
32391079 
16795118 
63885208 
15584951 
36605932 
20089594 
11988572 
20744808 
22121769 
18891737 
15842184 
36504466 
25968230 
24705842 
18950546 
48100869 
25993300 
20074983 
18949053 
35140350 
14911640 
36105183 
24580032 
54609829 
55654884 
28806459 
18217798 
20987174 
29668148 
24655758 
43986566 
26016134 
20505969 
44037042 
33701978 
18670261 
20851035 
16961357 
20055423 
36588130 
39664321 
15148671 
18680435 
71995715 
26726188 
26740086 
26413762 
16319029 
16358044 
18443758 
31166743 
25974938 
53555431 
18646530 
14653229 
29813600 
14226761 
51728764 
65203326 
30133499 
16729852 
23802101 
31235814 
15407302 
34284554 
26381751 
17184065 
15846407 
26389210 
16752712 
29177059 
52657832 
14055439 
18229184 
15210489 
15139881 
1238041 
14435531 
41710413 
17662901 
20017243 
16958993 
65374244 
24284565 
55767357 
32315094 
18873904 
58179502 
18878294 
42177100 
78637718 
75836233 
16383885 
39694913 
22922519 
38596238 
55615012 
30590415 
18222202 
51007018 
23161059 
47449452 
16055739 
38028301 
16292335 
80599982 
63841084 
26686524 
27900021 
35058359 
23259758 
36038521 
21765847 
48755307 
32378883 
37476308 
16303154 
39834128 
33146260 
37567318 
36536931 
21017195 
14683371 
18936654 
21302878 
14275336 
20465342 
20037554 
22975988 
36457632 
35969188 
26637584 
78646915 
18192680 
50697541 
14442822 
25963581 
36466204 
28309824 
34572831 
22906548 
30629346 
33996215 
20026296 
15147090 
36972535 
18926099 
54680792 
16355159 
14669290 
16352272 
55901581 
40901385 
28289218 
29573707 
18399235 
9023142 
27109301 
20511137 
14294633 
36121120 
26803011 
23197349 
43623846 
46746959 
14302410 
32258960 
23816364 
26673144 
19837223 
24292018 
32690780 
26714287 
68053295 
71959676 
16382987 
26360005 
21547547 
18151654 
28687311 
43429456 
46748294 
75847172 
26634246 
24587654 
21517862 
20772623 
35089963 
15220109 
14477272 
16811120 
36563591 
9315032 
29667795 
25337666 
46731826 
15221655 
62269912 
47414275 
20997340 
45961149 
20483071 
36600473 
14646311 
14501247 
28764153 
34045352 
18897841 
15375222 
36467659 
29172553 
41634800 
33621443 
17641525 
14645935 
27838965 
60941514 
11772102 
18885997 
43440544 
36037576 
23825810 
27392422 
26406396 
17200912 
29736261 
80451208 
15348957 
62781561 
14851953 
24043198 
1048661 
22639659 
32669978 
20036556 
14650338 
37959631 
1584821 
45379179 
12255352 
70170944 
25608366 
54562707 
26402990 
19612691 
26306757 
22868338 
18849579 
69826366 
15199870 
19111192 
17466730 
34108715 
18647334 
48138685 
16501376 
19848992 
32281711 
20527351 
32389064 
46795649 
14895266 
20043939 
37577906 
14421534 
19562233 
18861158 
18657192 
75666064 
14416484 
23217499 
17226117 
47442592 
82437076 
54584402 
14639935 
35120520 
36980092 
20794285 
36040775 
14260939 
18848613 
53491964 
26391714 
11991142 
24005295 
65420742 
54514379 
21043160 
22622239 
61192684 
15101499 
12376612 
22107051 
15116585 
32746250 
42936742 
78074087 
17465995 
34089199 
15900335 
20547198 
17198288 
47441899 
35084039 
15396893 
22609260 
30112123 
22893061 
14644712 
48907019 
14062739 
16984407 
17915869 
20782499 
57117519 
24899530 
20520423 
37547850 
24922545 
47312213 
22017084 
23839669 
23793143 
62213284 
39876017 
48293890 
72363308 
27782683 
31167308 
27041088 
22083907 
17471979 
49727807 
49767684 
16364898 
48291339 
18704291 
26796941 
23213637 
27821466 
36429867 
24704324 
21527500 
20289614 
20080347 
15834228 
15381080 
33648949 
54449891 
16554095 
14925911 
33664730 
24639757 
34652147 
16525221 
23534212 
20086854 
82620439 
65105252 
30715885 
77864903 
26670524 
21276068 
22117786 
20009811 
15838829 
23507883 
16495229 
17938175 
32691354 
63574708 
66649428 
20786782 
21026135 
27887406 
46119489 
26297176 
34606503 
19571112 
