487833518 
32372834 
8963722 
148274843 
2198106354 
147115917 
72982024 
23898238 
19154824 
94820552 
16044936 
50193 
34743251 
13298072 
17396865 
110171914 
817209 
15338256 
1140949538 
260486152 
9729502 
1936891 
8645142 
111644189 
703643 
361988832 
14474570 
269272412 
112242274 
15327565 
3136693352 
468583731 
15506669 
22255654 
353789193 
1605 
16242081 
541042800 
49736166 
3266874624 
22179561 
61758209 
48600036 
1950755696 
14122195 
15679938 
197753327 
378197959 
23009949 
2474515429 
59166197 
41003633 
15307727 
20339060 
24775410 
153179305 
2935668594 
3089866434 
914396960 
14426771 
71009915 
10747522 
63024288 
6144162 
96024356 
18058024 
97511974 
317696587 
2921797327 
863109518 
15320887 
875085030 
381289719 
108209516 
456 
94530194 
520232362 
52057157 
13418072 
18228921 
1689267457 
943098678 
2543841462 
115573578 
74007906 
17471979 
14199378 
23450421 
15492359 
176932593 
33474655 
259403751 
48289662 
15460048 
39585367 
18036441 
248795646 
17369110 
15110357 
25070893 
90861358 
14225267 
1949618605 
11023052 
20348377 
10078 
46155808 
326953842 
74987950 
84784860 
52488565 
107225267 
15143478 
997629601 
16509110 
1149541562 
90258002 
19206111 
164429981 
59736898 
16448330 
17674644 
786330217 
16949684 
1109129574 
43540843 
14618751 
553729228 
2230151202 
19886347 
17043655 
432962544 
5894902 
17223242 
15022225 
103920270 
33213413 
27831978 
59486068 
486191561 
277434037 
18839785 
102700680 
19038849 
32405299 
7905122 
424549888 
36074333 
14885549 
494092378 
22167996 
2670321 
15231287 
45801315 
227706227 
372375309 
10194682 
17375116 
30872787 
14109159 
15056788 
2442036716 
136250402 
22537480 
365495044 
267939430 
22330739 
50089737 
39568996 
8457092 
348659640 
501801749 
34042766 
65381936 
50360725 
29054405 
64844802 
185808487 
33846451 
331821111 
62466096 
1081 
162887009 
37739721 
168857946 
14277276 
14692117 
44196397 
5943622 
25385148 
17623957 
21661279 
22009731 
8683242 
420091208 
22938914 
20571756 
1636590253 
50075587 
353701419 
12751962 
5820022 
280716675 
169584722 
98571738 
125644689 
1581899310 
382253381 
718126051 
589570858 
18743550 
23462787 
1230801 
15871051 
18544024 
444133833 
32440356 
19113589 
84038850 
8454142 
238255753 
6186692 
14988258 
5388852 
16952453 
1942627123 
250878935 
6581062 
77797102 
19079662 
571202103 
378801015 
52481369 
38483237 
335476543 
14079471 
21751427 
76842114 
415477054 
16126771 
16736241 
35407665 
158378207 
15668539 
58823749 
28177507 
61297162 
24714450 
8724862 
122445177 
18216009 
20182642 
21798345 
18781059 
18083786 
113381235 
21269003 
25983654 
121407739 
621523 
235595700 
155609878 
1175392975 
44224256 
12709022 
53027907 
755411466 
30331404 
382636007 
115304519 
706301388 
18826917 
10741772 
19637701 
15810385 
17593743 
16597921 
48443612 
19606528 
18682917 
14835652 
19039844 
972651 
13198 
397689316 
16228398 
233364902 
32718488 
20957939 
20551303 
113130846 
10876852 
184997446 
106462192 
169791079 
14761795 
2730791 
19506790 
17889970 
27907104 
61061816 
55573320 
19289178 
49253006 
14278978 
30495257 
120038437 
60308942 
17595439 
2182641 
12 
135466487 
1344951 
6708952 
22747624 
118837674 
64498695 
136865753 
24671836 
19407053 
211891109 
17300593 
14378113 
126776391 
57669873 
7712452 
17813899 
27200835 
17334203 
7717612 
19029306 
62522718 
15597251 
27937612 
9064862 
51197333 
47900533 
95723227 
15830500 
17945294 
17999080 
11512342 
7040932 
18277765 
36101038 
18102284 
772527 
17512258 
80354667 
18080969 
1810431 
51668415 
20467069 
15349954 
17297087 
238819163 
10129952 
54887987 
26244629 
76477503 
183749519 
15308469 
27814665 
91478624 
41848328 
18990065 
59790468 
29710089 
29710508 
80623232 
31692912 
17825445 
29256864 
76452271 
200631648 
158865339 
15857843 
25053299 
178417924 
786964 
48707597 
50393960 
42226885 
47539748 
18032015 
109339635 
16201819 
61747648 
115763683 
30745164 
31417682 
62491611 
27116935 
34340245 
15867246 
42469463 
42114824 
21793963 
36431855 
37400307 
20250920 
98411848 
14522944 
39318599 
15778670 
23556945 
5480492 
41620026 
41628296 
18366085 
42094321 
27928356 
17856210 
11580962 
36279662 
23585156 
19281585 
41514759 
17927820 
11494272 
8759282 
14782935 
12615582 
16030968 
44966044 
23881796 
27091470 
55269951 
25988424 
55939550 
37661465 
47710615 
15125585 
15808647 
16184358 
17842366 
17052475 
25939545 
21821190 
15594305 
38303684 
20032100 
21350494 
20727943 
16894766 
24744967 
28155064 
26541144 
23291896 
33254997 
33501278 
24645573 
20987804 
16908661 
19415659 
20001412 
40856031 
22414671 
30994148 
22193236 
24368130 
22407494 
15840325 
25067018 
38170859 
26167439 
13339612 
46426132 
12574492 
10359602 
17723213 
49847437 
15102934 
8155532 
14059694 
23363672 
25191558 
14293310 
7400702 
36082429 
14075928 
8841372 
19789294 
5120691 
16128259 
21389945 
23770107 
19658826 
41445632 
20663401 
16874616 
30300080 
14849484 
18586913 
33047228 
19297246 
15692087 
17596259 
25922185 
21236828 
24176306 
33591643 
14660565 
16428802 
24271246 
14063559 
6486602 
16978022 
14800270 
23757013 
18560621 
17593208 
78813 
5875112 
15734342 
14797016 
18713 
20374904 
14116283 
14738204 
14442748 
12686382 
849101 
2937071 
11336782 
14212316 
824211 
30923 
5676102 
15529707 
17270001 
11348282 
16528347 
13982132 
13058772 
5988062 
16896485 
15825547 
25251299 
20536157 
14660636 
18650879 
14144010 
18804080 
12666842 
19619865 
12820422 
16637625 
14402132 
4342181 
5377742 
18181812 
15012699 
14377875 
17259201 
17165447 
22029505 
20499804 
7528292 
18092848 
16150075 
16108074 
17880018 
5449422 
17387993 
14691367 
21414569 
21949810 
5637652 
17308319 
17945444 
14502632 
14212297 
9529822 
18313204 
22164032 
14326840 
816653 
16974245 
3829151 
989 
1242511 
3840 
13348 
657863 
817268 
14222615 
814253 
784912 
839321 
1501471 
79543 
14964767 
14935281 
15818676 
819800 
18028509 
12505022 
16186143 
15001085 
19219426 
17242834 
16380414 
12055292 
19759161 
16527701 
18194778 
16522523 
14429713 
2735591 
14680159 
6424562 
15450986 
12677692 
17513500 
14058346 
16043994 
15261194 
17669102 
9040122 
14640907 
18312906 
14371856 
16968625 
15734636 
16867850 
14684299 
21046030 
14647570 
807095 
8161232 
14550388 
14979481 
16891384 
2384071 
15948437 
16665197 
8864512 
8453452 
12381352 
9505092 
14554494 
22257303 
19592258 
14400579 
20000536 
20516659 
15813579 
14803550 
19137182 
17657741 
15505649 
15680626 
10411062 
