44013771 
103761819 
319882974 
3850217567 
3347597519 
235592999 
77822208 
11347122 
370113964 
744591102079012864 
69123273 
860158302 
78400475 
20002004 
65698096 
472587261 
242601373 
17152685 
1449022357 
634877232 
351016443 
19843630 
62702979 
517219350 
2828648582 
4245547949 
339847475 
21114659 
12787442 
952740715 
50393960 
2325968562 
14619527 
72804450 
231278352 
1087183776 
365145609 
767 
14336234 
235409684 
554119845 
36462231 
27949739 
1305941 
760065560 
35306978 
118607575 
15615271 
226005712 
17489037 
236842868 
2316224708 
44438256 
22931893 
394336510 
48407302 
33388399 
15829688 
16809794 
76343911 
21056978 
5943622 
608310777 
71643224 
571202103 
1201186872 
63004503 
2793222855 
373729837 
68526216 
209309794 
21408610 
1009983440 
2254656300 
1571270053 
587001586 
340034849 
14420872 
57145894 
108418043 
466766660 
122080635 
16176754 
14800270 
192207816 
25564548 
1582853809 
2312983417 
106929968 
82422512 
2347049341 
1152279248 
18622869 
358367825 
329048731 
2354249089 
46073276 
54619276 
2172914797 
20772763 
472158763 
54946618 
95975081 
171811536 
16553392 
33318712 
23209415 
879181273 
14753183 
1198481 
221451423 
15248437 
60087571 
152862026 
87063281 
14940354 
16248619 
14074967 
15858751 
14096763 
84875635 
16626603 
199766003 
105623556 
53464314 
27081406 
14267393 
260022048 
29093157 
19087309 
151280112 
18949452 
37921458 
15912113 
16227629 
2195241 
10454572 
20651511 
19185333 
17623957 
291528379 
464854839 
33638476 
1308423180 
594666501 
96559370 
418095397 
131315938 
21301903 
156467955 
25128863 
23823851 
20731782 
15882323 
1247425225 
18732270 
4497671 
127727270 
75782383 
20184945 
14636374 
17042078 
1781551 
39601873 
852241 
13524182 
37281592 
5883682 
23760311 
39095636 
11113 
10729632 
28583197 
329850624 
14313712 
1344951 
19650419 
107225267 
243896198 
43692086 
380524610 
32702382 
17369005 
20543755 
97532053 
252672612 
1072695750 
134610558 
16017475 
24773177 
37917164 
493482998 
168295477 
14824849 
16929600 
29328707 
22529585 
1434251 
22110336 
14790314 
106637099 
57048551 
183707859 
47548777 
747524090 
20718622 
132086016 
23085502 
119625403 
185280748 
23641580 
15197321 
32423136 
29263488 
15865878 
17296792 
153860327 
15473958 
22056192 
109298652 
26538676 
237871265 
182839127 
370638564 
579299426 
15182629 
584198802 
17174089 
83374478 
59557446 
104068477 
483850801 
15154811 
17047046 
27696993 
53560219 
486169804 
12819112 
15238124 
232235048 
70813140 
116529568 
233765644 
201184918 
17000028 
380076835 
205212092 
15892011 
22872643 
28706024 
19732455 
21248962 
12579732 
50744894 
143564855 
17867452 
324962560 
266715173 
49445813 
282059443 
19788335 
316327930 
8963722 
23484510 
11404752 
8034682 
174202599 
213917132 
4503491 
16539190 
14293571 
1769191 
56179493 
152143 
234030846 
48599851 
62973449 
21461359 
119923823 
59815702 
15308973 
33104659 
18481646 
171221404 
86336235 
143571157 
24237542 
19080361 
40767944 
26244297 
89465917 
1435461 
19714682 
174740894 
14848157 
116630713 
19267390 
16467567 
28349755 
115468758 
45565185 
14677919 
19816859 
15111030 
12413032 
15816595 
263342687 
52039891 
35773039 
15306005 
21251300 
33187261 
16404772 
14792079 
143912910 
45516390 
7848802 
11384102 
14085070 
6705042 
17567533 
233364902 
62549025 
41187603 
29774968 
86158118 
8496762 
14348594 
8790772 
34868965 
48564118 
19084034 
5380022 
15174477 
16828819 
141335663 
17905977 
8653962 
13746792 
72842277 
58489734 
661403 
2067201 
9207632 
83665853 
12245632 
163922836 
20806880 
15367817 
20542737 
28167066 
19966557 
16855888 
17595439 
11107172 
30377443 
11317392 
4310571 
14043142 
135316691 
18655567 
19167465 
18705448 
1833561 
16892481 
119078105 
109083938 
84730130 
144995271 
126674016 
18994661 
50058630 
