17478928 
119234601 
542936786 
77117012 
242618658 
16098254 
131979992 
63424776 
256137925 
248890506 
1641152185 
526827494 
98839611 
1626355166 
134825452 
1155615906 
1036508786 
34717352 
1568770999 
191366759 
32746096 
235354349 
61480155 
90950820 
14256152 
243896386 
327274992 
178936202 
1380628526 
29602803 
24010435 
1284375572 
111395963 
36801904 
36459945 
533487714 
185530508 
344661710 
106185203 
1045096429 
241000685 
29064898 
248461286 
200903768 
19186411 
951909223 
1224875834 
1643985835 
31774945 
1633816909 
125516142 
1226332286 
323524221 
67314878 
840624620 
474273310 
18534690 
483222686 
21483809 
260347724 
542923016 
18278636 
1631499542 
14817982 
1445799319 
985824632 
1639502922 
1437492734 
82721258 
20611194 
1641864829 
255701982 
45445747 
43437362 
57207199 
37002399 
398478508 
1573498058 
222869630 
26593445 
630838648 
411844157 
346699191 
272689541 
592174527 
14266111 
17456140 
382303541 
425167891 
205541866 
900301500 
33963369 
1123276345 
6018732 
17137891 
155544257 
158122818 
236737904 
21038636 
14509654 
14138421 
19001646 
47462524 
24360367 
19192125 
15907720 
22134978 
21849140 
193422457 
10228272 
182256148 
14605871 
89535432 
7082702 
29223239 
16827333 
117330766 
74473714 
146196339 
25095050 
98807630 
14346479 
7736972 
2552111 
37989059 
104937902 
20869234 
66180497 
65483664 
65304372 
20541842 
108365110 
41298911 
14290180 
1322691 
68776733 
91030950 
22423078 
21200728 
36611856 
54547988 
98676606 
74529629 
101418046 
43832110 
60405752 
15991049 
19824444 
28008141 
62127631 
94740490 
59275906 
99579715 
16056406 
96210869 
93637754 
44085168 
40634780 
94362019 
43438879 
18506736 
34595320 
50460873 
15923445 
44439772 
36000157 
15745139 
18463079 
19945621 
17009124 
93003893 
28143230 
79665340 
62577676 
29660889 
93147253 
62298320 
17552675 
18540986 
11155742 
22208477 
18819574 
18686823 
23140259 
18500743 
43619238 
57949536 
39179489 
74243739 
35487999 
8357912 
31349783 
22310883 
31378115 
69126688 
18529774 
60186821 
1501881 
68120984 
65402667 
65767824 
63820067 
44281308 
35007560 
28785951 
17179907 
24985550 
23685059 
14366039 
15798100 
17540532 
22483493 
36061351 
19673185 
15222197 
56684974 
20595739 
16613721 
38045603 
15689768 
29805252 
1581311 
2057421 
45546140 
24471064 
40897064 
59843207 
52433353 
17242377 
14643581 
50829534 
35710020 
21455365 
38375607 
24725078 
27376128 
36532258 
46547822 
16531998 
48260366 
45909209 
48067933 
21959930 
42481147 
16384817 
15174692 
23575102 
48113196 
17971457 
18501217 
20080077 
17632455 
4574191 
26516812 
46687675 
44383385 
17143198 
40452583 
21736460 
42589989 
28506495 
42221199 
37521361 
14265854 
34022238 
33140035 
40272895 
38433608 
40200701 
18459943 
39447541 
36132378 
37689675 
34617321 
36437693 
30791748 
27938148 
27272101 
15786983 
10417262 
19065426 
24762943 
15573537 
23176424 
17894233 
15751043 
24192401 
14521207 
21477523 
26731061 
23142099 
11058922 
20429194 
25983247 
17210006 
24160080 
15415522 
24571043 
15726714 
3195601 
23383517 
23498831 
23564120 
22656547 
14164943 
14774895 
17038195 
22199257 
16832628 
9272612 
14497231 
14049406 
23728904 
20959687 
15818759 
26179227 
19411368 
18362944 
5210841 
14207377 
25782929 
17203328 
24140527 
25112791 
18303593 
17433579 
17017495 
16908796 
24358638 
16959323 
20929620 
21786869 
20752036 
19262860 
25732590 
25210507 
16904438 
22549403 
2883841 
6539592 
21499292 
774096 
19056179 
16741856 
23993941 
25436154 
25511937 
17071048 
22938914 
30973 
418 
14850955 
17837226 
9162072 
14372486 
73653 
13330522 
8936082 
7744592 
14173315 
15012486 
2768501 
15635885 
15896625 
890121 
6708952 
21132950 
20608909 
19622513 
15753533 
19031954 
21803839 
16615190 
22064832 
17993079 
15537895 
11189732 
13639542 
3640341 
16496326 
18424511 
18119338 
20275274 
14228355 
15620365 
24921152 
24926169 
668423 
14870085 
19266440 
18908042 
12222482 
15313127 
22879495 
16391466 
22644341 
16496825 
15518678 
24333929 
20701543 
15638375 
24904385 
16023533 
20665272 
15529529 
23824861 
15380207 
24027953 
12432992 
25302319 
23689463 
21676621 
17022263 
18220176 
15102364 
18227125 
23071110 
23646001 
19238972 
23289070 
17741643 
23978044 
17853760 
23396761 
23395456 
18393773 
14506253 
16827489 
16343608 
20460235 
18002296 
15935591 
16231426 
23955536 
19097941 
21055574 
22973307 
25020057 
20078596 
13160352 
11911952 
25004163 
18336549 
25146431 
25033083 
10491732 
25034270 
20260341 
22396495 
18814284 
19292575 
21054991 
14666401 
23182739 
19107253 
24857731 
24506423 
14962906 
17900812 
14468737 
17496666 
18778453 
19371420 
19936208 
24699418 
16450202 
16361680 
14994175 
22100588 
15344170 
1117651 
24139365 
17530919 
16408636 
22321253 
16934861 
16493630 
22758118 
20570337 
24130202 
17455301 
23739354 
24492792 
16853335 
18017608 
15630342 
18388829 
19457314 
16518214 
14437990 
14339257 
19147464 
14224702 
23022951 
14851008 
20807761 
714283 
18621643 
16424967 
15650882 
18070667 
22724624 
17770839 
17518467 
17631422 
22044651 
15693776 
24327133 
22668187 
19688992 
15143725 
23933154 
19538986 
19784831 
14839646 
21879024 
21681809 
19740592 
19029137 
14681605 
21185126 
16190898 
7985672 
2384071 
15473413 
14089195 
22650211 
5768872 
12 
19877186 
15901190 
14293310 
18785430 
16129920 
18222378 
14994465 
19923144 
21324258 
8841372 
11347122 
20067354 
15076390 
21035409 
20536157 
19554706 
21955058 
3475 
21131816 
18396070 
14575107 
657863 
14075928 
18420140 
20333461 
20245775 
19314650 
19637934 
15234546 
14740219 
5380672 
13 
17173775 
19329393 
5120691 
18863815 
14515734 
17074440 
1183041 
17266725 
5391882 
10350 
14749383 
16381279 
11640472 
16727535 
19058681 
20608910 
734493 
586 
6211972 
17220934 
7861312 
428333 
1468401 
20 
816653 
21683494 
14509787 
14704715 
24173170 
24395579 
18859316 
14118493 
20824923 
21625488 
18412364 
23052438 
14371335 
24283827 
19698618 
16302124 
11846302 
12666842 
11189652 
15164387 
18763520 
20508477 
17593214 
22047561 
18001831 
23669058 
24164536 
14579381 
20810995 
1223731 
20345991 
23011382 
18799764 
16090559 
21757678 
21069738 
14387987 
21886177 
19568473 
23356144 
15306789 
14583362 
15007987 
15821564 
19698124 
8266322 
14617665 
16984407 
1295571 
17892372 
18924893 
15080404 
19242232 
15328456 
18972492 
16712387 
23931147 
16650218 
22393024 
21569096 
13890492 
14379526 
18921376 
16520669 
16376531 
16741352 
19581574 
17205163 
15485441 
18220175 
15846407 
22928111 
22395496 
23826133 
9515962 
14396837 
20157892 
23290219 
17873840 
14379218 
14186773 
15764094 
1957641 
14323005 
22019138 
14120935 
19405624 
19300089 
14276017 
17237283 
14361039 
18169550 
23284471 
18303628 
22560453 
18218487 
16898863 
17926342 
23396174 
15917315 
17806766 
16841186 
17578429 
18026140 
21839021 
19707339 
15774108 
15677815 
18628681 
15960705 
14666526 
15307605 
20431255 
23402631 
23386833 
19167276 
7851832 
17970412 
20026839 
19737713 
19791956 
15148245 
14513049 
19376958 
14063937 
14161800 
14867082 
19042378 
16348767 
15843074 
20995763 
16266770 
17124140 
16383953 
19448989 
15817101 
23575675 
16108888 
15161938 
21815950 
19179668 
15269059 
21195232 
19676634 
15876170 
15484462 
17369527 
5964822 
19927225 
19133314 
14160220 
19469935 
10311182 
11827432 
15474297 
14052137 
18022383 
14325962 
23025937 
15971170 
13730122 
23541996 
20512795 
21906092 
12185672 
22771086 
22338782 
19511386 
22432303 
17026436 
18266477 
9453872 
14887399 
18071012 
23309768 
21527278 
16845343 
21266648 
20827585 
18276611 
14111025 
8435292 
7976332 
23284420 
17724067 
18234841 
20660256 
14723866 
21062439 
17031120 
14117396 
15020350 
5744312 
16054140 
9947252 
15092487 
23204051 
16246263 
17013135 
20914732 
8925672 
15864794 
15213420 
14051442 
14152654 
15604385 
22311506 
22022416 
23153902 
23123427 
22647976 
17769375 
18531618 
22854034 
16421735 
20068130 
22485028 
17352686 
22623378 
20034583 
17446998 
20950893 
21947051 
16528347 
22156754 
14501175 
17849723 
14215437 
20731653 
22748864 
17046380 
17617356 
16390926 
20231102 
20651083 
22491277 
16333183 
14517144 
17124613 
14301027 
17439693 
18536530 
8664742 
22114874 
17881672 
16908764 
17229514 
19864909 
22892601 
11307392 
20765456 
14259540 
5485192 
22739311 
19192933 
22608614 
21336498 
17636405 
17596014 
21816041 
18140245 
14973669 
21412438 
18755871 
18222808 
13496242 
19754122 
19459451 
21347090 
20693797 
20601248 
22068050 
13639792 
15767839 
1335641 
7158022 
16424736 
15612411 
19148579 
15464038 
21763419 
17440232 
22705633 
14464277 
22715672 
22694531 
14960104 
19086045 
21986366 
19337315 
15508743 
21577678 
22583156 
18852217 
14334898 
18746235 
14534083 
17171293 
19334805 
11134812 
21456730 
22452368 
15976584 
18491531 
2656681 
22632208 
16301737 
18313204 
17547072 
7376382 
4119741 
7400702 
972651 
807095 
14224719 
5741722 
7860742 
5688592 
291 
2182641 
7846 
6173842 
7905122 
5747502 
780457 
5248441 
19680314 
19383313 
18820935 
13928542 
15284485 
18418516 
16306595 
16278452 
18631336 
19866459 
15167134 
17508669 
16284107 
18318091 
15250635 
12505022 
12409342 
22563244 
18715727 
14213491 
22004345 
642033 
14728782 
22120836 
14720411 
22558325 
18993518 
18270755 
19894256 
21046396 
19024287 
18087450 
16747155 
21947453 
18231373 
20136187 
15808094 
17968836 
14145216 
14641392 
18701168 
17416221 
14232409 
18542182 
17850012 
19216162 
16181186 
18463098 
14588151 
20677839 
16675661 
22357739 
21694385 
20974144 
15012672 
9264322 
21465126 
17067023 
18505515 
16271507 
11226212 
20455758 
15785307 
5802442 
17218288 
14627908 
17517978 
14453404 
16503799 
14120630 
18486908 
17845926 
7696252 
16665381 
22358680 
22400483 
20008019 
14380807 
15594674 
22433124 
17477021 
22431813 
19758791 
16377749 
22360809 
8115852 
21835983 
19261529 
1735621 
5550612 
13494102 
14808390 
22368468 
16670549 
17295837 
20608296 
20371495 
21842317 
4192041 
15766263 
21756834 
20543331 
15808120 
17203389 
18506975 
15664977 
17903691 
21526449 
12032582 
17573534 
20145050 
16581876 
20033253 
17078632 
14741586 
18866489 
22338014 
20786451 
15295602 
15232924 
18042832 
21177678 
14297230 
9028612 
21537089 
18892973 
18594208 
22322056 
20651127 
17456070 
15238192 
18560967 
17807076 
6670372 
22257859 
22271159 
16731204 
9909452 
19221883 
5627242 
10263212 
19194198 
22279819 
16294267 
18104668 
20882470 
18250327 
14840096 
15846151 
22262027 
16591205 
22252485 
16393841 
20649726 
18147185 
22174907 
19094797 
22209721 
21277873 
9427202 
15644999 
15369269 
8545452 
14901799 
14671873 
15763009 
10724132 
7842112 
15051028 
7904632 
14872958 
15372553 
5695632 
8820652 
20428058 
19795466 
19976349 
14022282 
11676742 
18931975 
21977919 
22228961 
21530958 
7457322 
17880018 
15052968 
15300970 
14898971 
15590944 
17130873 
22077274 
13996412 
20353030 
14502632 
19317241 
22066824 
17586804 
7546032 
16038571 
15365913 
16045527 
17752368 
17136637 
14990608 
12726172 
16562618 
22059835 
11817072 
18273179 
8029712 
15181500 
15795694 
19626711 
20225067 
21501208 
18551050 
18443948 
6158732 
16977338 
8453452 
14759377 
21954948 
19506615 
413373 
17421752 
19063209 
14425032 
20682475 
14497313 
153063 
22099795 
20452100 
15211744 
14993757 
19338359 
616173 
22103623 
14422993 
20283777 
21972836 
19670543 
16205823 
21276915 
17583356 
15731049 
19312616 
18911592 
16388972 
18531123 
16301127 
20296632 
20284429 
14705240 
18386966 
17463660 
74673 
14647570 
19768338 
22042902 
19542123 
21672980 
14231321 
14901848 
20090366 
18785524 
19091542 
17601250 
19830783 
15211524 
3010111 
18777997 
12589972 
19385163 
15770446 
18598931 
12012452 
21078211 
21964234 
21483317 
21273883 
17527466 
14180096 
5449422 
16460445 
14760327 
15160529 
20283026 
13976432 
21043456 
15195171 
14937298 
18775248 
16814727 
17957299 
10785292 
20860569 
14359747 
19405536 
21804007 
14744027 
21709238 
14164855 
15600217 
21260034 
13082862 
21777434 
21747920 
17225939 
14887344 
21766272 
16692771 
17351666 
21411380 
16249175 
19712816 
818095 
15682733 
15177030 
15609020 
18050968 
20679558 
14341853 
18681151 
19916104 
18561213 
16869309 
19033001 
16497418 
10108202 
21184468 
21857452 
15492203 
19146892 
17757005 
13361922 
20662154 
18265550 
14386089 
18333499 
15105269 
17801505 
17945904 
17030804 
15685236 
20103396 
18467164 
8601572 
19624861 
18191676 
17352423 
16657710 
14376012 
19552718 
18177933 
12044602 
11244022 
18597548 
20412224 
13547812 
18255301 
9274492 
15021099 
15518629 
16440342 
19670468 
15387117 
14427407 
19223730 
18232714 
15933148 
5662632 
21266523 
21706159 
9025872 
15482328 
17558058 
14763634 
21682060 
15159013 
16349762 
20487188 
15522174 
17639036 
8071902 
17897966 
13960872 
18917148 
7713652 
18536424 
16169313 
20295110 
16249200 
17396839 
19047029 
16918872 
15944746 
17511879 
20415761 
19670346 
20005445 
20325995 
18173075 
16819278 
14348899 
20986201 
14154581 
18291413 
18369568 
21093424 
17577838 
14431001 
15497928 
19445321 
19022930 
16890320 
17780605 
9934462 
836231 
17007645 
18667889 
20788509 
16337319 
20450529 
14125258 
14040522 
19932498 
18176355 
16668511 
14996326 
14413014 
11448652 
20758244 
15708087 
6273552 
12687952 
18222730 
15679641 
19568570 
19958623 
13049582 
17672981 
19168971 
18216437 
20585544 
19730677 
17791025 
10373322 
14565566 
18795068 
15111011 
14528874 
15745950 
15728388 
15742350 
16392794 
19670650 
14148843 
19963851 
14433007 
17805281 
15933832 
18312906 
20912276 
20445807 
16812538 
1702731 
18748440 
20277624 
10737 
3107091 
16049723 
14899180 
20511841 
18627010 
18534549 
18055693 
15845375 
17966335 
15577604 
15724505 
16192847 
15576429 
9924072 
2106161 
17932763 
14804766 
19335276 
5564442 
2183531 
13557972 
21509154 
21072189 
16640215 
20557204 
14550649 
19772618 
852861 
17411436 
19741669 
21378724 
14472253 
18164244 
21464543 
20201366 
7872972 
19244294 
21632752 
21659628 
21306514 
20201168 
21654250 
15740526 
19232274 
17478028 
7380362 
18809983 
21058273 
17249756 
19224612 
19747221 
20446239 
10355572 
8368862 
12089552 
10421232 
14537303 
759251 
5402612 
15494882 
14697685 
19555944 
21442319 
17544805 
14923512 
16240177 
15905071 
18957266 
14957322 
20441508 
18311496 
18590897 
19970558 
21337342 
17658058 
21700442 
17534948 
19829780 
19828976 
21334979 
17093617 
16323998 
20526816 
21615717 
18174682 
14710235 
14947888 
14780856 
19192957 
21696562 
14860803 
18802408 
21647264 
19773522 
21711707 
16376192 
19409487 
16676991 
21672552 
15076229 
17374296 
14417522 
12037882 
5604692 
16569780 
20726785 
17905816 
20229184 
11965332 
16725061 
21280851 
18680847 
17194296 
21501449 
17959306 
19083481 
15129070 
19183667 
18238015 
15104446 
7887652 
17885469 
20206737 
15936988 
20459347 
15797065 
18328045 
17082251 
18366652 
7528292 
18931277 
16108468 
21501178 
21425016 
19899849 
19578573 
14936286 
18852500 
14604369 
19490828 
15438100 
19761307 
21437194 
6449282 
783214 
14094741 
16409683 
21548912 
17696275 
21405522 
14484153 
14803444 
12429312 
18802909 
5377742 
17831966 
18933832 
16273972 
21321078 
15866947 
16507871 
17802735 
20492789 
20468944 
15534603 
14919620 
19434905 
18181812 
19689713 
18994215 
17554288 
20494215 
17005072 
20458662 
16753383 
9528912 
12820422 
18567474 
9008052 
15794195 
9860352 
16395712 
18258085 
20775845 
18171314 
21103390 
13039512 
16549381 
13457722 
14711172 
16891326 
18902852 
16166108 
21064338 
4511661 
14311334 
16169898 
15111243 
18232054 
898491 
15406238 
14311992 
18277078 
18604698 
20702431 
9709572 
16914023 
8119812 
20882567 
20958461 
20554705 
20645986 
17785116 
20625082 
19556036 
8423432 
16797098 
16245979 
14378419 
12926542 
17344451 
8171222 
19048014 
16096448 
19756433 
20584335 
20864718 
15655768 
17461978 
20381971 
18807347 
16319771 
16030877 
14805292 
12504732 
19194868 
17061754 
20171850 
17980740 
18238282 
14352430 
18800836 
20763344 
19901970 
16950740 
182123 
19905268 
10329052 
14345095 
19149147 
5490392 
6120472 
19168191 
20822059 
7587032 
20019912 
12582472 
17753060 
17702666 
16684007 
14706004 
13838022 
14481340 
20515445 
16264088 
19810602 
7799412 
16158015 
18251787 
18625274 
740983 
18073211 
19364941 
16735856 
19737494 
7521832 
19511567 
16398216 
14687806 
14660636 
18838235 
20743916 
20742022 
6578092 
20673691 
18777199 
19523179 
18796330 
14856583 
19797964 
20746625 
150433 
16990275 
16005131 
11245432 
16674441 
12367722 
17982724 
15630097 
12611542 
17837688 
14378835 
11294522 
20004155 
20447509 
20705795 
18211473 
16150075 
20531552 
15807888 
18280708 
14877773 
19983306 
16377453 
16082844 
17796228 
14842523 
20126501 
16394697 
17192511 
16920080 
13654822 
15770770 
14667116 
14502110 
13774892 
20322914 
16643997 
17095240 
16554772 
15158110 
7265332 
801967 
10867 
10123322 
14958319 
16146688 
15790190 
15075114 
14357789 
614683 
15388874 
17005197 
9325842 
12972052 
16962349 
15387516 
17117279 
17112161 
15437409 
16557087 
16420618 
17196354 
16964981 
16712984 
14603574 
15150771 
14765238 
17199388 
16181825 
16914174 
17026091 
16010299 
8409452 
15258479 
16381653 
17179515 
14419313 
11734522 
16625057 
16138453 
15793787 
17123824 
15781511 
16166362 
13602072 
12840402 
15737219 
16353128 
15252282 
15296447 
16498559 
13163672 
17127370 
16663823 
16421110 
16878792 
17036218 
15820371 
7884462 
15518426 
14873066 
16235387 
17105892 
17054482 
15678150 
16005225 
16918180 
16005401 
7490342 
16781237 
15823134 
16948096 
14326307 
14526709 
7847632 
14085969 
15981442 
14367248 
15779066 
16243473 
9953462 
15565576 
16479297 
16539573 
16649263 
15658915 
17003506 
15776004 
14057903 
14686969 
16010099 
16259845 
10369462 
16994499 
15081182 
15923162 
12808382 
11896292 
20611636 
18481113 
11902662 
19109272 
7802422 
19871149 
17611447 
16425599 
16303557 
17935727 
14173886 
14369874 
20164352 
20076616 
16429977 
18794312 
17927769 
20422197 
6382062 
14669398 
14952156 
12144232 
14389132 
15289502 
15272960 
804455 
16203274 
14679655 
15347134 
19349216 
17978709 
8771022 
18956020 
19220286 
12947712 
19826835 
8787012 
11988572 
16576695 
674433 
13881572 
11294152 
14451294 
14632998 
12728672 
16854311 
18171416 
15649399 
11316792 
15330277 
16815363 
17600288 
10141932 
17867513 
18609341 
18609830 
15917193 
18487449 
14295486 
14209063 
14342563 
17980871 
17488225 
12159262 
17280240 
15152805 
14380258 
16271795 
15797809 
15201625 
17527323 
16719168 
14684421 
18606083 
5803372 
15316933 
18205449 
16899075 
14805011 
15734464 
17186378 
14572091 
15054733 
11294982 
9377472 
15906122 
14401544 
7541152 
18469587 
17095170 
3746171 
18446307 
18289672 
14100771 
14079425 
15433037 
16377046 
17446887 
17176391 
15891871 
18419183 
18124901 
2023641 
11640962 
17142897 
17786385 
7040932 
17917466 
8653482 
18430201 
15371387 
18262412 
17312693 
16152759 
14131123 
14582832 
18180114 
15198957 
17663756 
18157829 
14905951 
17110562 
2499341 
17757880 
17748526 
14892523 
16910117 
14090931 
17126901 
17479379 
15296192 
14512262 
14950987 
16786920 
13012632 
14331963 
14427906 
14820347 
2511371 
1704641 
5444282 
14360839 
11321002 
16547820 
