849999588 
184931891 
851316548 
53306838 
2254196844 
830128820447539208 
295325513 
23974217 
3765648194 
796067775533830144 
709722997 
104358108 
25914886 
1364745656 
18198832 
196233238 
760204078416658432 
195897346 
53513591 
15162193 
824646438441283586 
126914463 
23609848 
2412845077 
223560830 
414856073 
2343824114 
3240143771 
130564999 
6174712 
821769014691168256 
822133292405166080 
4300743322 
1395095059 
22514616 
17049669 
54480908 
2326375081 
1391469344 
809480881832218625 
760716368 
4908594177 
15926727 
148415631 
2423836432 
807095 
2873177824 
529000213 
70464585 
33964408 
468441571 
790947153375928320 
71143737 
524487620 
233563490 
228794007 
490117736 
16785742 
780475893114298368 
2730539382 
33943925 
5943942 
108408529 
15099133 
32147629 
4235109863 
17524707 
133027929 
14113411 
146874162 
1416076254 
147616003 
459134747 
246525822 
937267308 
51263711 
455312520 
373258946 
429065890 
418 
376502929 
53090314 
16550605 
3005251695 
2762961187 
77645186 
6453512 
85318862 
15736190 
18839785 
571202103 
17433068 
402805486 
3387344512 
213466282 
532857218 
137289300 
2444415840 
132985083 
4018622253 
99160458 
18774477 
120150558 
602212422 
17251787 
21866842 
28583197 
4865361977 
4744055180 
3760159163 
2902000887 
1411800666 
3184450520 
149235847 
726958821537538048 
20698435 
2969878245 
70354006 
113738845 
3111965199 
39855840 
140541736 
761842050 
2229107533 
25085215 
25686615 
292394679 
16267655 
340476666 
949934436 
41044925 
16145086 
22255654 
29130296 
42226885 
17220934 
995740483 
18721583 
16573941 
19877186 
705580630235480065 
437912130 
2282711468 
19364366 
62816265 
718955981061890048 
70736359 
1176330954 
2249136126 
1058583043 
3364011351 
22986026 
115689109 
187518287 
5625972 
49413866 
741250316 
17257776 
2326114506 
1442411372 
60642052 
14694677 
109702390 
25129046 
212758358 
2918785342 
22732488 
167519675 
2273295432 
1261637024 
721668780364013568 
1621383506 
557996892 
295888907 
1225135152 
27642087 
236509450 
15737554 
1259839165 
15640533 
23140255 
248642170 
56878375 
14862794 
372293407 
4831150906 
17851248 
490932793 
47730394 
712528903039008768 
89399763 
27937405 
63743833 
4333071232 
17401234 
301019309 
707269837 
250878761 
713041705998491648 
3580701441 
3685885574 
4721574708 
19254058 
64000973 
2800929805 
30315139 
17877850 
583233410 
1851865598 
106109075 
16583468 
412859114 
2293415520 
57066714 
52296815 
843685266 
133880286 
271228594 
517473207 
10434702 
104324908 
433848788 
87740980 
987121219 
15521075 
22795270 
61245110 
252663106 
487584390 
18734310 
56443153 
850078843 
19425947 
325830217 
818910970567344128 
29786986 
1002014071 
1909502827 
961589635 
573918122 
14412844 
400210040 
291665409 
4854307143 
84321709 
39569710 
25682763 
1327336435 
3334817769 
2554819800 
4445766373 
4638521419 
253536357 
3165785618 
1591847810 
898251204 
28542415 
18198603 
1125151 
48289662 
19179395 
310604650 
3370169638 
23019297 
4104367763 
991694124 
360912781 
709799472 
103927659 
4443557301 
25449058 
251829918 
42153640 
3317397493 
556053275 
2683544234 
442178908 
58051777 
92598387 
1353390289 
16327689 
546947761 
166344819 
26369906 
327672977 
56758053 
91110697 
248795646 
2708466961 
167169119 
14859204 
58870567 
222536250 
36710713 
476256944 
345615190 
10795912 
80674260 
262365030 
15082653 
1485444793 
3131150746 
16888241 
2889856452 
16928926 
3180033032 
2272442329 
40707676 
4139612840 
87279517 
92162698 
250233265 
183201869 
22524017 
449331603 
4032941776 
14075836 
2444519389 
36953014 
47839802 
474407303 
17945929 
20809522 
125481462 
125480328 
116643135 
4026318153 
2968007206 
3908434034 
3634127357 
2857480619 
833842176 
33894253 
216803393 
38065926 
157883231 
8524902 
16848893 
18911432 
70260544 
68784803 
3021826780 
374787057 
3253895430 
953284056 
3681945912 
994310251 
346786440 
603821969 
822215679726100480 
1536791610 
1876367312 
20155760 
2331000265 
140168836 
3367010300 
19080617 
761879786 
54211164 
1445091542 
2987909836 
19036733 
34722281 
36562225 
49639364 
51082394 
90916569 
142325969 
166723722 
167550931 
175429279 
296104307 
331536759 
459195922 
18305736 
15461047 
18917572 
56927093 
1604004997 
2905596893 
17358507 
15174190 
89775446 
89539134 
1650916729 
72644483 
21792950 
3789021374 
14514443 
16303106 
74679391 
3697864933 
478849885 
18847632 
29859415 
574988763 
295833954 
24445207 
16049299 
23999194 
141164574 
5882182 
10850192 
12756212 
14085129 
14219877 
14504712 
14847161 
15018214 
15676492 
16144151 
16618460 
16665516 
18063381 
18213805 
18280854 
18909372 
18994935 
19069866 
19655268 
19709978 
20572230 
20981515 
21101633 
21200953 
21201401 
21640793 
21719959 
21852165 
22080515 
22187879 
25383000 
25531576 
26007726 
26492093 
27650674 
29173469 
29265895 
30320068 
31570500 
32548085 
33859960 
35812823 
39098225 
41126119 
41167959 
41208707 
42067025 
46062023 
47083516 
47653408 
47771556 
48075643 
48718235 
49636784 
53123323 
53186024 
55644735 
56069234 
57016932 
61132876 
65809322 
66408053 
67027042 
68701693 
68965711 
72861485 
73382470 
75414252 
79763555 
80435539 
82053574 
83130916 
86573043 
88961975 
88996544 
95206260 
95869987 
97722136 
99955036 
102392496 
102960410 
103338795 
104481993 
105076786 
105151167 
105267145 
107122128 
109634966 
113402904 
116692211 
117034202 
118098342 
131109249 
138712023 
147562415 
153808250 
158495061 
160967461 
164264344 
165784753 
172345996 
177643755 
184775208 
187896692 
204346628 
206147988 
208111661 
209833543 
211814841 
217030924 
217166635 
218451984 
219249990 
226414113 
229857213 
246475885 
246839094 
249658365 
253098062 
257098047 
257837524 
258730549 
258844234 
260320023 
270771330 
274981515 
281127165 
302155809 
305817205 
309000707 
317373303 
318151438 
329590503 
342772500 
362532631 
386341809 
393538412 
399517447 
408671525 
409997311 
414972213 
415022009 
420211638 
438381992 
459120920 
467474946 
471566498 
474168301 
481437974 
496250143 
506091611 
519355689 
534347602 
550124717 
551166556 
573327458 
582277182 
612062574 
612720261 
636154376 
704838518 
720108259 
727662488 
734956358 
774218642 
806650375 
815686159 
865732788 
874205856 
1029173131 
1409767591 
1412078178 
1545994664 
1582992068 
1586926554 
1886556241 
1954786904 
2221481420 
2296671078 
2315894767 
2420949612 
2431932666 
2530329198 
2575519160 
2680240554 
2786158282 
2793734740 
2831549705 
2832522954 
2840647877 
2881319992 
2892265977 
2904712381 
3084333448 
33647963 
3669044302 
712683270 
15690243 
1491045235 
18594598 
154533838 
19330502 
3169875021 
44475794 
1117267940 
20437286 
43927626 
523488054 
1612417466 
81921293 
2844543644 
25580902 
17631378 
2852470678 
88425861 
2634470896 
928008620 
107175080 
36737192 
50393960 
2275039440 
498412599 
426218007 
17652955 
506990949 
21436561 
26787673 
22419487 
1507797152 
19789439 
18646280 
18194898 
49012699 
22756947 
16014840 
850107536 
322933840 
166315104 
26853548 
4620451 
2545244784 
15820660 
204921389 
33474655 
23426889 
113439399 
52554306 
16218063 
61664795 
94254196 
140534165 
293767483 
19250325 
73224104 
38748615 
18031837 
65151012 
317658876 
86860355 
1952413430 
172109039 
34689060 
22054220 
75906825 
12815512 
168987151 
17329659 
318310715 
3385073003 
3366012442 
218437274 
485814573 
216625028 
49315012 
516771605 
172081908 
396545890 
35831704 
8071902 
18185124 
2737931244 
57841792 
34554134 
21761627 
39525554 
82657929 
277124730 
24973934 
15500649 
1662773784 
927137894 
753345332 
135905236 
987380556 
14069365 
64826699 
24212723 
24913074 
49164309 
18736858 
15198966 
277391629 
16264803 
2777744022 
25609013 
57362867 
20068192 
206240244 
19918353 
193539614 
26203004 
2813530168 
44104413 
329787461 
14634720 
3008882862 
2743113723 
87818409 
15143478 
863405239 
285387177 
39948573 
141376289 
1849288560 
27820538 
44418633 
19546942 
25475525 
175426542 
93067778 
27247475 
18603531 
61593294 
11340982 
18726942 
3031291433 
394216985 
8453452 
309279424 
16402507 
17583639 
20486503 
25103967 
25150861 
2563688396 
18147559 
413722781 
637012038 
2786295960 
15565250 
16258436 
21436960 
15756974 
31496613 
2866141259 
39515245 
3288408358 
248735463 
2361727784 
128645212 
250442105 
856813550 
2445809510 
285302461 
112849669 
42562446 
2417085025 
15585350 
43153641 
456326093 
1451773004 
1347638377 
90345811 
30066364 
860302657 
19418459 
586841695 
15229219 
92522167 
281318451 
18918483 
19669207 
25219709 
111352668 
72520597 
15514266 
2646235934 
17234452 
26788424 
27819449 
246964728 
44156044 
20683724 
28810525 
201753473 
26326766 
821814254 
902334967 
17374056 
375598084 
65647594 
2596084884 
2440650907 
19315665 
173591614 
79201672 
1599799508 
117445602 
2996179075 
494220774 
2614096512 
2334920990 
487624974 
279687441 
2400492211 
120326354 
64569520 
97035806 
391146189 
1510949564 
23814999 
15808604 
216455187 
75607031 
20685982 
103018203 
83668057 
1640478510 
1430685188 
14750983 
15460048 
60664050 
3111506853 
803590590 
49270737 
2589741716 
1057356487 
16840397 
27084859 
557972335 
23450373 
989397451 
87480860 
15173291 
19719380 
62640737 
28167824 
2260956925 
2905395872 
1355864317 
1021405538 
188036336 
58602756 
529126022 
20940870 
254791849 
265113553 
2365633146 
61092829 
36353238 
16691961 
1300544142 
350508003 
2999257951 
2859294735 
18683406 
1252329349 
218601716 
835653272 
25228282 
1266323203 
221253050 
294176651 
41009172 
18073623 
340529927 
20507623 
16958346 
26198882 
16843180 
33384618 
170492152 
96015193 
202361263 
39185614 
14087568 
271275153 
9637422 
319830121 
1308388321 
112838571 
2709920912 
114222166 
312335223 
176470818 
14392067 
24670553 
570374896 
2651788170 
410562823 
243948579 
180147957 
94633526 
518776385 
253474901 
39857982 
81849860 
479104097 
2779078500 
17868533 
1613695512 
23010173 
45171924 
15775761 
34867379 
25337770 
2148240806 
1156152529 
17293921 
393271826 
223414360 
140136223 
2240998795 
194855028 
23579607 
21272393 
947004290 
17899109 
172280127 
16689804 
166593728 
2717855768 
34819267 
65289126 
79242290 
256219605 
2875813019 
76348185 
123085999 
9609632 
14722676 
2706913314 
13212912 
35830735 
150814416 
102616213 
168829030 
72103 
1023378104 
38995193 
581235867 
565140816 
262188123 
2460832435 
16668354 
315465682 
337886919 
1260176245 
93960358 
2293413949 
124533535 
2610454826 
237930644 
61853389 
46732539 
107808752 
248467487 
15987295 
122417788 
46648807 
368713760 
1952076517 
49303660 
2258277177 
47125981 
204441039 
700000286 
321448343 
18981878 
403697814 
1284366595 
274754192 
342275174 
15370187 
803388384 
2214949710 
28218405 
2471315234 
17149345 
2917938780 
2395507958 
204805458 
52101385 
1306477309 
7136152 
19611483 
18215973 
2735591 
291814511 
2335753656 
26233068 
327648018 
586941998 
330520739 
1732180790 
297602297 
146341446 
763699 
117882437 
16356796 
756475 
14188985 
98471763 
35203319 
269802887 
1543957711 
52381876 
17852525 
385661920 
1286564700 
238264360 
1099723610 
570988281 
186553197 
178641594 
228911535 
33602654 
17900437 
96918770 
15633821 
721077066 
29829593 
33396486 
23705764 
21410687 
97835239 
2746492014 
596687292 
16465385 
1431037196 
420294666 
18061669 
551388979 
29718910 
14305673 
57432473 
40789325 
390287262 
1947674420 
19364978 
7093352 
2577700700 
143521190 
335714770 
322986132 
19515424 
2573410454 
330921167 
158657777 
269873297 
183033795 
147393852 
89749842 
2295020245 
2548758276 
5822762 
87640109 
309924208 
143499056 
2347773925 
1063787743 
236220226 
461931762 
2328031880 
470005214 
38606531 
8132582 
39318649 
16150688 
64515574 
2585054862 
2359926157 
23135992 
21106138 
2592027966 
72437550 
50565159 
175091719 
23859312 
30500021 
348127618 
554612003 
186154646 
82901380 
2282576456 
34366410 
261236312 
386150459 
9317622 
2436897348 
2308516080 
2510304248 
87396160 
130853299 
933325062 
46046512 
267449695 
2466595028 
15773072 
70630424 
259435093 
20272531 
40047360 
30862829 
56879674 
2548748886 
287568380 
134460192 
1671585252 
16140831 
48396916 
304234462 
95519414 
50228468 
982953108 
1070997320 
573957917 
166025625 
2451545234 
2546612971 
596654385 
933127350 
7095342 
34323121 
37857475 
23443997 
474865503 
19181549 
451818105 
372597675 
16017472 
344381616 
170841670 
356973604 
1905795734 
345653343 
213831149 
205258531 
806271169 
909894727 
176932593 
1630158625 
153492935 
66256515 
2358628998 
541891569 
14149429 
14208324 
17595439 
1330080210 
20998647 
915914701 
33279328 
28507649 
585764087 
18149785 
1140231224 
2481025914 
629697784 
563698814 
7209912 
2431254637 
19671234 
14246148 
335280722 
2169356004 
15066876 
22757369 
16942956 
49546535 
416555801 
16544818 
17038869 
20536157 
142052768 
179248364 
20422158 
14834172 
112796409 
91236773 
981518658 
29713613 
267399199 
14115381 
741150194 
47359057 
33241242 
1375918266 
2673031 
626784987 
2365891382 
16487472 
117743954 
25476307 
20600212 
15822969 
16878156 
16619904 
281530541 
218951054 
87481705 
52452928 
260844627 
2425462945 
2290367820 
124324174 
1321139442 
279297507 
40173650 
2450464147 
23044822 
2447984276 
2460339506 
138770512 
52768298 
305741660 
541656847 
1386793261 
182608809 
21951350 
2351670295 
151399940 
546190254 
52758395 
128917051 
1323453026 
1350403686 
47553500 
2437334624 
15869453 
14897764 
433665697 
156697015 
531757323 
21872782 
188043254 
1586402570 
14923504 
157477738 
196512864 
1365712026 
19624836 
1921535654 
120604364 
23165990 
387914765 
68172593 
45903251 
1177509709 
223531202 
78447811 
115334561 
38707559 
48139886 
278192411 
75970773 
1229108521 
836931079 
184440525 
86143383 
136441843 
16813450 
15463610 
59889953 
53151247 
724836600 
267891273 
15021274 
755419584 
7212562 
36771809 
942156122 
120276497 
21343176 
128292609 
14410280 
23053534 
51768731 
27711339 
20228595 
16583846 
17977954 
17810254 
31346194 
26930108 
116469425 
35089665 
1239259171 
2305230271 
310330192 
98365761 
805004869 
911661313 
2306938748 
1947790136 
576696555 
2341484754 
255131402 
1738486814 
17278521 
20218365 
17663756 
331790430 
275215386 
27688281 
54673615 
280716675 
5120691 
17093617 
25042467 
414171130 
1289379853 
563876903 
374095894 
243382141 
243236419 
16244891 
44669792 
727094240 
262418358 
2284087148 
14740688 
74707609 
629265023 
562526372 
218641669 
622598877 
261589212 
283827104 
48511385 
27969576 
18426867 
132655244 
889830846 
1720732447 
122770149 
1670983200 
16666748 
2269706400 
11695602 
22961074 
205383116 
2249399161 
217900600 
44943417 
59229156 
547839306 
103652294 
1499540461 
1444060567 
771638922 
31782194 
39803436 
514526669 
940603980 
13298072 
48487372 
264997155 
43940052 
52518701 
562922098 
325848484 
197987694 
576654042 
19353746 
35273913 
162118290 
91455335 
1917731 
17369110 
51022845 
392866498 
23490560 
15458277 
18036441 
216966312 
516685954 
107369075 
16063891 
17445752 
141525305 
163573983 
10716292 
16564324 
91143053 
14372486 
91815273 
39582797 
30261067 
14702533 
12615582 
24944298 
46854930 
819800 
14323791 
1068831 
2893971 
53560219 
58840765 
1393155566 
69419787 
717313 
15987188 
42703075 
1410905906 
34700777 
20032100 
20214495 
120139798 
10433782 
36843988 
16261627 
16657699 
166252256 
20183845 
270951917 
454230018 
8962112 
1098954650 
17783546 
15759202 
896057234 
36408451 
34768495 
5402612 
103185421 
20982118 
27596259 
22971980 
10069282 
17897744 
818909579400638467 
369505837 
621543 
224292251 
376829852 
86292908 
1221616850 
15461733 
23959074 
23833837 
995520925 
14761795 
24129206 
17467699 
20179628 
8320432 
15223265 
116486374 
983159431 
57108073 
27762275 
205195655 
269249761 
137780560 
35773039 
14437914 
742143 
22032817 
21115729 
146569971 
18499709 
46600037 
15762708 
18313204 
159588456 
8775672 
107172099 
19939139 
52784106 
189253902 
15088845 
16876667 
66369206 
86336234 
1652541 
407199978 
17217640 
19386622 
57563350 
620480686 
119027497 
20436059 
278636443 
44196397 
559837256 
9109712 
67059584 
14885540 
93930694 
39824409 
47443652 
250256649 
12618372 
85802831 
21001434 
34718083 
46220856 
59460397 
16716425 
104201057 
15825547 
17451742 
2890961 
246062856 
22337692 
103865085 
18746273 
27911608 
54176768 
7494482 
20081176 
21583814 
148529707 
12819112 
29890336 
15165493 
19725644 
16580226 
8295072 
14592723 
18170896 
15368404 
16300786 
8082302 
8984292 
28160998 
14499829 
22708797 
18058609 
1769551 
6450322 
44783853 
222953824 
14159148 
7402662 
30313925 
822215673812119553 
22774112 
15078840 
24223641 
256890931 
17221246 
128368508 
71677844 
23454450 
74748331 
54373762 
57358675 
126049985 
48799978 
55006025 
6273502 
57125514 
22164556 
406929603 
1010313403 
825687307 
236512173 
1097967283 
1076782040 
112886109 
13462442 
34743251 
34731203 
14630696 
9534522 
14293310 
18164420 
14073029 
43166813 
22271644 
313559826 
7215512 
89793645 
74697858 
428333 
20525807 
23116280 
67514695 
14325188 
120181944 
816653 
17409240 
54645160 
61309973 
331703548 
16669075 
84679163 
16027546 
759251 
25066853 
291371363 
3554721 
13176312 
92386716 
34051158 
16623719 
15459343 
87161871 
17881345 
14050550 
67283363 
18713552 
28657802 
15117459 
20068053 
237073078 
15431856 
15009735 
81814257 
36511031 
9624742 
51241574 
175691292 
45577446 
20582958 
16684773 
246820825 
632212989 
130492574 
23503181 
14434070 
17453131 
99888492 
95966741 
921710042 
22282589 
579690577 
1026960985 
340070516 
70133918 
825106800 
1011754092 
276567401 
18498684 
16645918 
339990016 
17060015 
19560636 
46820458 
15430588 
71061891 
111317745 
23293367 
39516682 
385621302 
15433693 
67100074 
42967026 
24881081 
74741722 
14776551 
22695367 
26250872 
20097362 
260685403 
448552985 
165772089 
382813763 
17998609 
121309596 
621573 
14879591 
178363987 
22363802 
10977192 
25562270 
17455910 
90617204 
15652540 
19031057 
18993395 
20568127 
14239496 
136363570 
163971579 
1289321 
23372163 
149197471 
30034124 
19926055 
11856442 
15020155 
28543386 
14615871 
14603515 
5971922 
17938352 
128146811 
23575322 
63374874 
213302831 
96213352 
84075775 
90696553 
28588873 
14342564 
1344951 
37710752 
18700629 
413223602 
9677372 
41146726 
233765599 
22028564 
20608701 
16292218 
37015292 
19802879 
19097159 
34960648 
13787402 
17374092 
16438248 
17296792 
81141007 
50463206 
98364447 
81982525 
18164662 
14885549 
16929108 
55308417 
128288109 
148803925 
16337846 
94818435 
48463418 
48432035 
76558778 
128356652 
31466300 
61208260 
79321561 
21665196 
70183449 
97277891 
33522957 
20060293 
92183278 
115472470 
36157592 
19419770 
87255753 
17382568 
14410756 
39522692 
15458181 
58489734 
16434221 
19164430 
17293337 
20193452 
105203181 
15484063 
23760311 
59924621 
11178672 
21866534 
58244645 
26672942 
19402238 
15492359 
14199378 
23962323 
14085070 
11348282 
17471979 
17842366 
52146755 
37921458 
32372834 
30275911 
43199901 
15134240 
11107172 
87520051 
6456482 
29237622 
41644309 
13691782 
22548890 
87760251 
88662134 
61907650 
56794525 
33998183 
29977461 
14505838 
18230846 
19929279 
17089636 
17248121 
21581503 
23841368 
15566998 
16826617 
17292623 
39530187 
22695157 
18244358 
4898091 
38349184 
19658826 
15519544 
30366131 
46319532 
61902439 
19018356 
17918561 
30028674 
22636350 
26057108 
15862891 
14647570 
37296570 
16017753 
24898621 
41806795 
16624106 
40942518 
19722699 
15234407 
34412264 
16145097 
15211490 
21968928 
26024010 
20515047 
19732234 
1268821 
16130330 
15808647 
5988062 
14714627 
3199201 
621583 
15955754 
15912113 
15428397 
17918545 
1046661 
5515802 
20750406 
16817883 
5392522 
8963722 
14987728 
16245822 
15110431 
16895274 
1435461 
