334683156 
29598035 
1428670028 
42710333 
3321764962 
781567081 
15163466 
140601973 
739293 
555453339 
166902496 
289653730 
3015897974 
61249568 
14839109 
50850950 
17241749 
989 
11616772 
13527 
14636374 
17925409 
130157956 
6385432 
136300373 
2340558698 
14174897 
14058843 
2248872301 
919551456 
159589430 
17292623 
65647594 
15611843 
16194566 
8960202 
22271574 
34255829 
116498184 
239616380 
259550453 
114841519 
86377066 
2377815434 
610533 
5668942 
16213079 
373566331 
879521 
37665549 
5988062 
5120691 
9590262 
14804281 
13440802 
22485748 
2835276183 
661403 
16001350 
743585142 
2441831348 
966638065 
27273748 
28322235 
1203326958 
1558446698 
22169639 
82660118 
15829968 
14396038 
59228458 
29312658 
40156330 
221407005 
304764693 
38013977 
47470008 
14903240 
36052760 
23135992 
2283738260 
11518842 
14885549 
73147282 
74661005 
135802435 
42146905 
17839398 
14940354 
196233238 
1710714792 
15738974 
9964362 
15231287 
19042073 
14849562 
1379574128 
920041 
153045056 
755991 
5388852 
14883339 
17062849 
34962158 
509 
15326457 
11178672 
3339171 
6944442 
3564041 
12354252 
1870104218 
1870084970 
47423601 
16594804 
33617636 
845743333 
499584878 
95023423 
9507342 
71532667 
40974333 
20150502 
21918310 
14062180 
1536811 
14348594 
18244358 
8283082 
46319532 
17842366 
16895274 
16438248 
18700629 
37921458 
25053299 
14031032 
19040598 
16132819 
4503491 
16878633 
280716675 
15828276 
763699 
14424943 
19767193 
29342640 
19808176 
882493471 
25710150 
17839622 
16891507 
479998051 
310330192 
4406381 
46220856 
586671909 
498177610 
330921167 
40007653 
39522692 
72842277 
178363987 
571202103 
13334762 
1046661 
1305940272 
717313 
19968025 
1897480711 
1457119596 
37710752 
13787402 
16817883 
14085070 
608310777 
43631720 
1769191 
19430233 
1966141 
195562799 
23962323 
19658826 
15110431 
17248121 
15234407 
10232022 
479659166 
24794149 
19722699 
14647570 
21581503 
19402238 
1947265657 
32372834 
8963722 
1435461 
16245822 
16564324 
14286239 
19089116 
253742656 
20214495 
14539324 
15492359 
47939390 
33388399 
2260145645 
423661690 
74987950 
2735591 
15560223 
573918122 
11856442 
16317567 
7144422 
2890961 
30261067 
42703075 
14372486 
9866582 
1475361 
275686563 
2244340904 
36823 
820828 
17503180 
10696392 
14596798 
2893971 
83047883 
1140451 
317143642 
63004503 
716564185 
817268 
3496641 
5763262 
6183492 
11107172 
11688592 
14834340 
15446531 
17369078 
17060020 
37281592 
37723353 
59019225 
55570400 
65369238 
69181624 
300497193 
164397041 
168295477 
285209321 
301750247 
463765807 
17918860 
23731095 
25096930 
28349755 
273197054 
303687748 
5743162 
95480831 
218984871 
322801239 
16353245 
17006157 
18622869 
18686907 
423631401 
453319164 
331816614 
546135718 
633980404 
11348282 
14074515 
14159148 
17629860 
73181712 
2359926157 
94384796 
12160482 
18724720 
6218592 
46046512 
582282558 
170393291 
130649891 
2249234689 
16745015 
14537497 
373437924 
28186908 
23145378 
17593803 
761628 
5943622 
15169290 
17471979 
28583197 
13784642 
14199378 
149180925 
10228272 
1434251 
7152572 
17544803 
320881512 
61854815 
2276760961 
14120151 
418 
4641021 
14334547 
817386 
17198424 
168606911 
20562637 
54638897 
56516570 
22363802 
6577642 
28172926 
7905122 
151106990 
621583 
15808647 
90698449 
19285531 
1535034930 
759251 
5392522 
15224867 
14293310 
3108351 
15164565 
15012486 
71294756 
1652541 
2884771 
2836421 
1367531 
9300262 
4278201 
8383592 
35773039 
14515799 
13745872 
13783772 
14856348 
193330599 
148042101 
166246066 
360620198 
116775999 
525334283 
213722368 
1131922207 
9692022 
6332292 
129987703 
1139903348 
14211605 
295795655 
469182585 
824157 
245407446 
40708033 
18267597 
16672510 
995981432 
1178700896 
14639216 
16992388 
385910999 
90959872 
9500242 
77282186 
31037199 
14454645 
48063304 
27266818 
15475999 
19298759 
117404245 
190617492 
24622734 
1894231788 
108672937 
7091082 
38263557 
2350406162 
1549124424 
849658339 
1006766551 
2347049341 
807095 
51241574 
14677919 
79470968 
2459771455 
14165170 
27261369 
2467791 
22539801 
19564105 
13058772 
1561312880 
18580432 
3652891 
17899109 
14630267 
16955870 
16027625 
19725644 
2416179836 
132332780 
2303751216 
35761106 
16036960 
1526228120 
805176708 
786975206 
15087011 
5695632 
811350 
1051171 
25458792 
23977891 
14774366 
117241835 
15431876 
923862800 
1265726480 
20601037 
374716941 
10454572 
11489 
16106294 
11069462 
14368074 
1175221 
13565472 
18976044 
14437914 
831470472 
6479682 
16656732 
14984090 
9534522 
5491 
16017475 
10178 
633 
2384071 
66369206 
187993109 
57133313 
6795702 
148321840 
23721565 
21799699 
778057 
15493368 
9520122 
39469575 
35749835 
9207632 
15369355 
9377402 
10876852 
21453086 
274325818 
17631672 
15288265 
426041590 
153444178 
14946200 
2444931 
7684882 
95290762 
33978061 
15865878 
18957805 
972651 
14109167 
87968068 
18252796 
86640232 
29256864 
12480582 
21217761 
49976458 
42458546 
1039531 
14706139 
16147557 
24411159 
23092890 
15809272 
24484875 
356872253 
15738935 
14073364 
18143413 
119133043 
111339670 
36462231 
10274302 
14134826 
30313925 
822215673812119553 
17843236 
17467699 
15996830 
19781200 
28108594 
17181781 
18144204 
14703188 
23433369 
23399213 
22655665 
22642788 
14687193 
18951455 
14134676 
18695697 
17175973 
13348 
15921173 
3421641 
691353 
7001342 
11435642 
1052961 
1285451 
6267962 
6141832 
711303 
816653 
16129526 
7712452 
819800 
1344951 
15066271 
14434070 
