292615756 
237403203 
73133760 
754720814126161921 
758311529359904768 
38123665 
18247062 
840061650 
4265630952 
453448425 
43350851 
826913976483065856 
2885134815 
4443333313 
619400775 
724493498800467968 
48025772 
15963037 
755618887 
111667042 
610670330 
164627203 
452047490 
783486861872246784 
795631903726505984 
46677074 
723348628941627392 
841062714030075905 
248614069 
28458538 
20607490 
3888889572 
765987075434942469 
989224302 
827240018 
831168263593811968 
273608502 
2929722188 
1367531 
852822608 
794155204962816000 
826281469072990213 
828772505192189953 
812314802974588928 
801062287197044736 
704003782779256833 
830181389999992834 
777266220164939776 
811351215703523328 
822033350923874307 
35306247 
499914568 
2337654937 
1601240204 
14962906 
698239847723438080 
742082511975649281 
816262609460674561 
3365941090 
856527740 
167624642 
472280781 
799007210051403776 
3154180696 
706693363446099968 
333670985 
42454478 
277794736 
87193169 
489117761 
175716716 
29077477 
3246961308 
32602416 
3460451721 
4074590114 
1534852020 
774141640092987392 
1494574970 
803063058683703296 
336932322 
803487008425263104 
560217507 
35053129 
707082419111768064 
760539500367843328 
3119691856 
430955050 
49973992 
3131256119 
2236927584 
529553031 
1578981696 
2999639288 
1617114608 
1241531197 
2303770238 
15210670 
2492585996 
787914238983409664 
218757112 
18547360 
3321302879 
751277514702499842 
719947006156935169 
1666224523 
774358233251209219 
2980277979 
213339899 
4836051556 
788982922854281217 
4383990395 
2865393363 
2452037234 
250314657 
16219300 
765213068 
3145950671 
888705162 
2497141021 
2495412231 
717970099106222080 
130258595 
4546277661 
784825236747276292 
3251438394 
728334658568597504 
52159276 
31010765 
580895618 
4047931276 
3022707351 
241921285 
782988895944224768 
2510388202 
380516387 
1090894993 
731765438 
110726396 
750694224597704705 
774842306142674944 
85762102 
4499634147 
14282169 
34693647 
4885855634 
31122579 
16542382 
859294034 
621424611 
779578830826668032 
710118833122582528 
706561737546272768 
373931285 
1338505910 
3330345694 
4533519972 
3485292208 
718868995751997441 
14880025 
2847049493 
2505253548 
21579466 
11520432 
1613333029 
3777494952 
3187914116 
1555420586 
147894831 
1149400489 
1518323492 
84805779 
105197658 
1391444832 
242090120 
1260413893 
26733321 
456178697 
315443658 
140963952 
147150707 
219153334 
79674271 
52795679 
1219468542 
704767795850977280 
169177867 
47014368 
381043514 
728860957410217985 
742131155143647232 
3784073595 
729000021723648000 
2894366464 
192483660 
714073533270401024 
2765682614 
24710785 
131513196 
2194868574 
213742986 
17169965 
20713061 
43974168 
731578469356843009 
1556853488 
4855687055 
779358606 
16042901 
54884378 
321234911 
246004001 
977967175 
3548238135 
2535051102 
758764180283555840 
759878968304476160 
921964728 
1954293848 
3774261 
268583882 
750778010 
3983480297 
2987898617 
570281457 
364377020 
3218954806 
706656784522543104 
850394178 
3274920511 
65410646 
108710233 
17418337 
713819080692736001 
34000178 
764623782 
102108884 
2682120156 
2306403086 
2864234258 
4229354524 
3696642496 
41680112 
499026360 
3307464893 
4628562207 
3188079572 
1076071050 
18190629 
392596788 
1319534713 
15025878 
236445675 
2829564783 
3337134430 
2471466048 
492558661 
338050275 
3243804269 
4328540054 
72592685 
343549373 
404374014 
422242118 
429288194 
430043835 
436257446 
441733804 
456917452 
235301950 
729942492431437824 
18850747 
129934366 
370880114 
55070643 
580327760 
1363337210 
322192978 
4219013807 
2962620905 
33805179 
4371563357 
51442793 
502024102 
1018385911 
1747960022 
2202580631 
30232016 
1590214075 
718101618760237056 
2483010143 
239773947 
725763418909716480 
3502247235 
3137790427 
14651447 
325865834 
34136805 
3646468646 
370846808 
2149651044 
2584048753 
75520813 
2977310475 
1417961286 
719374195067453440 
112770496 
4344465795 
2238794056 
4353255927 
2239343312 
2377492441 
68402622 
615266538 
2159324557 
4275308359 
114666455 
23864245 
959841019 
78995997 
45271056 
1137875810 
2242805580 
1498465374 
781377978 
46118234 
697490172158447616 
41371549 
16793307 
90649593 
2181039966 
27151701 
3158499373 
712599658988748800 
272106433 
339832905 
16596821 
16276552 
16340139 
788174540 
1318849123 
1216010388 
1135972428 
774777169 
21527658 
310476518 
100150564 
1010013954 
66807863 
2505785232 
79585906 
3049291837 
345989929 
1571128478 
1426913562 
4725638310 
2430634301 
2401045405 
363684702 
3123589176 
3421283705 
1902452814 
2919070498 
4187999842 
15394659 
19916542 
3405312112 
176734311 
2519105689 
2695822783 
329662100 
990697074 
1440774925 
21532721 
3028754323 
27359224 
421477214 
98621885 
1953176682 
1464479168 
4637750915 
44311069 
1449713894 
1793081 
16435701 
4699745606 
14734484 
4764028286 
586098787 
9102082 
1621046521 
2386548624 
2270625548 
37836092 
43106022 
362099737 
266333997 
2900101776 
3138701077 
3574033395 
32474813 
593557954 
4431286295 
971336772 
147400741 
2481171438 
70301542 
223093859 
172173228 
3239606415 
4018924457 
30316022 
1166761314 
21216192 
1350303332 
1573265210 
185759513 
1119705704 
27741349 
235415959 
1575147104 
2351868230 
2485815494 
1372479438 
2778799456 
2908119962 
886636374 
3014976167 
39908180 
17082657 
3957855665 
4307602701 
3305541542 
3437250261 
3011464063 
2190588001 
53918604 
1395179665 
15346236 
930406068 
3997387703 
4405882041 
237076734 
4326386893 
63488163 
2849954603 
3351719474 
610194266 
401517202 
56596677 
88838835 
612898763 
328440716 
3474456614 
3989177773 
234996840 
33977570 
175743717 
45105778 
862101078 
4020433930 
24067103 
3313792782 
566496010 
379962842 
24290265 
171553344 
3136871118 
17651889 
4351505659 
38761644 
15594305 
43949884 
578202060 
50233388 
2895094386 
3511023913 
3025389764 
2933238361 
36906032 
210931140 
3040262790 
365489818 
59977609 
212302405 
15234461 
2207412168 
292473156 
64792835 
3342234809 
2352163760 
173413459 
310289389 
4124624788 
2794835776 
3970958542 
112815477 
1497062888 
192523220 
67373106 
258373629 
431985753 
2438531115 
62547777 
315878798 
816173088 
597369518 
2568114271 
2919185095 
18163042 
3949923793 
3691799895 
41161502 
37711670 
16004882 
19422399 
2978210297 
1093186910 
3243011651 
3291633594 
236487888 
2436468036 
2335342795 
22961178 
44664733 
2685583128 
19416562 
80831045 
2598821421 
1510141644 
37597827 
1869598364 
2159970682 
2692218947 
989962710 
73506221 
20544211 
161695726 
3026250346 
410204400 
3067013204 
3536938462 
380518612 
2187369380 
2910159382 
1161966614 
3109581728 
2816454735 
2877067037 
3310994850 
19910457 
2690555419 
30438130 
2813421654 
2690738377 
21552940 
3286818397 
3452679321 
870076993 
3392893673 
238266528 
415732951 
35584270 
3321375311 
575914606 
358905141 
703607024 
3478033153 
213422847 
3225705855 
60785033 
3129331426 
26496457 
2340695821 
3254963240 
75845007 
260510643 
3587423657 
299819786 
2424134556 
2264897173 
26453308 
993181250 
3379130812 
1291011624 
265779132 
1527717612 
123634540 
3688779447 
2797919142 
3140872723 
1051584818 
105864924 
60229149 
3093531903 
2593293437 
2608280407 
3569257949 
2713018106 
3326048603 
47751135 
2444868180 
2801957580 
45626582 
19235337 
15662708 
102424200 
2587472995 
3187453725 
2919752796 
3415673069 
3313002820 
48567923 
842580410 
2582823408 
1268306467 
46170079 
609257753 
204633530 
1262776610 
1499107081 
1884685950 
3308213078 
2779393183 
423840360 
17621327 
23355093 
252810409 
50507784 
92104839 
20987538 
3066086602 
47494634 
162872036 
535488905 
3332936745 
18897351 
494891975 
3296643280 
57585858 
3221962772 
2868123715 
219774997 
2943346410 
38456542 
744555542 
549318327 
2163601003 
713734679 
3158430115 
15576300 
3358767785 
3235730702 
90956199 
197359954 
2815808271 
2227540266 
188048070 
2884973308 
632985793 
259375733 
3302778631 
2942158422 
3246128310 
2978819530 
22718477 
2991162028 
2900793609 
1163463710 
3299934913 
1343178872 
1115879821 
50995380 
27151820 
3296139944 
2856039528 
43879159 
589205592 
1961473705 
1343751895 
29811311 
53524514 
249690709 
120181792 
153973750 
2817027984 
2917398486 
2606671884 
2811771166 
3074100828 
14592079 
25073877 
157285459 
2989323842 
28688606 
311709882 
21179272 
3368383042 
899056381 
1016276929 
748371523 
21958137 
1044825186 
2842879527 
3261642721 
304586682 
41600788 
32467942 
328638472 
475818208 
2577283156 
974520805 
2316246829 
2893943871 
3328146297 
702285854 
32918169 
364563788 
2882701420 
282651958 
220928091 
138463658 
2312494016 
1648828261 
924560857 
1422282042 
94440447 
2364648582 
441108831 
1460771370 
2259787508 
593163016 
40032429 
403443988 
2777109847 
2658070706 
2845372259 
14400622 
13637062 
361840335 
65168172 
3111344127 
48142609 
3064402732 
28774609 
97953551 
262964523 
110541401 
934440080 
2420942565 
2844973417 
3042482376 
1195157480 
7114692 
48941033 
1652393228 
3198390193 
65485078 
315299199 
260543225 
1668176900 
977915887 
1202611332 
63259015 
834091555 
2929358109 
3311719720 
97324700 
111138017 
1363156813 
73041528 
76985297 
98988882 
2154019800 
2835926798 
2479111808 
2393063119 
2542905031 
874529208 
3031857356 
60784269 
32257753 
59959922 
329259219 
169166937 
2195327269 
2998767962 
496076673 
3196423899 
1963529683 
3042959319 
2751374866 
2882683524 
3072783845 
2763396305 
40614912 
259169845 
2560215367 
1852671162 
231319400 
1725627211 
75899521 
31236684 
2424372326 
2920620952 
965145926 
2275448755 
402392473 
2799210567 
23088422 
2792296896 
73932745 
3069043408 
466621900 
359074811 
560034604 
929410148 
1467503960 
2207430032 
14352957 
323864582 
5467922 
548955566 
3196075740 
3168238047 
3140775573 
39576246 
3064755412 
110902866 
130247304 
39075804 
304448861 
1463451492 
1322648858 
1179579620 
81263994 
2712571328 
1472720300 
3172212755 
1109747436 
2731669609 
163008286 
102851037 
186966092 
115580069 
140168225 
1633694384 
338687151 
2588476105 
2391392835 
1702689294 
1979470039 
163715778 
432782762 
18102933 
501010881 
18961384 
33704954 
1706703380 
766098578 
2422864537 
2746809315 
787598161 
255333689 
605258617 
2515437111 
2395224468 
2431169347 
2642751548 
2809435850 
338140986 
2746053309 
1416882139 
2873177468 
2259427488 
226938327 
2362831658 
2895033133 
304673563 
2463722444 
3043765069 
2724671087 
67868649 
1146421446 
2613838598 
2912079495 
2836966352 
164692361 
866677315 
2288697535 
449066335 
2394109370 
386348118 
2280499894 
2382271144 
2917230271 
2904281309 
2954337547 
3101767720 
2163150918 
90752398 
2585418922 
2611033560 
221566737 
482687383 
143633600 
2543643946 
3050906514 
1156628222 
3024405150 
18261695 
37307029 
2380778822 
1453126086 
217570329 
3099074796 
1656077544 
2464031221 
2677398636 
2760896343 
3024499718 
2954505255 
3012643506 
20536655 
57992531 
23170150 
417281365 
960687805 
24337912 
2663799724 
1643094606 
213877563 
293045098 
3016872292 
222895483 
134202191 
3023009218 
71969096 
2999046362 
2847068002 
3026542329 
2198808566 
774200251 
190988278 
2856387098 
3023204414 
68569969 
2839054267 
3044407229 
42489282 
51150644 
2546431688 
2295992360 
3032580126 
3048118793 
2968958687 
2896184702 
2715849001 
2327709277 
491020536 
539182007 
2789673888 
1032035370 
1711001852 
3015103851 
550915702 
28864382 
843661806 
470370384 
2896066324 
117988692 
21005180 
1569587077 
3015110189 
77979424 
2996533537 
1510952509 
2372040352 
59967409 
396871135 
2425443482 
30289753 
881799552 
266980576 
25676087 
38113892 
369341304 
2965747616 
2837854869 
2602556904 
215707005 
70986644 
1700264934 
1629462986 
3109407620 
1944345836 
3141215770 
399476677 
3085584391 
2452079274 
2900532880 
239083978 
1174162897 
3150666842 
166434463 
3151381555 
3079383326 
1870199869 
2227175569 
3091589067 
3144688409 
3086700147 
258401710 
1873242032 
716049746 
2977056685 
2950552087 
2916510189 
2971287870 
2944398228 
2916028615 
721654244 
34726326 
3092004914 
2785098880 
1478064776 
3025710491 
42743313 
3088450025 
1637701044 
81007193 
986921611 
34978342 
60681846 
3043623119 
2422046605 
2901616585 
2540688222 
2175244392 
41219947 
789940975 
2896246051 
33217887 
114009456 
2899912129 
1541536724 
608155186 
599718483 
2182747906 
54443091 
147437101 
2842077973 
706022532 
1463251417 
2448571010 
38814025 
3069981171 
900415854 
27017307 
2327149594 
109378091 
2874221903 
44914646 
2778653055 
103337453 
3094716636 
897755060 
2258159270 
77622581 
515796136 
3077264830 
49988878 
3011779800 
425886052 
2656825172 
82147412 
2969088965 
3041015540 
66375600 
2721756105 
1191264523 
2849954709 
166986536 
1909916257 
3044158738 
2918850818 
3002836062 
297015583 
165234252 
2982748809 
3060727629 
2198067773 
2671178494 
3083903677 
499976155 
2902320352 
427563430 
2953423858 
3098384292 
2317922790 
542491774 
2493483188 
3017177296 
3065049754 
2993792542 
3075372906 
578372871 
3018268481 
3042878566 
1244324958 
3064587656 
90012239 
3076781700 
21617010 
3112964537 
2977557442 
34719327 
3105896269 
389368141 
2927016225 
3054361772 
225514899 
3068621889 
913353535 
3018215504 
297115063 
18853536 
778962 
2917986805 
2934007055 
900290420 
2575140109 
1216777093 
76733225 
2513811746 
2256910734 
134283688 
412499496 
15107260 
414540766 
554773341 
578412819 
18818931 
275116971 
2965527478 
2901801371 
562245418 
2831128984 
18275101 
220240498 
1436790152 
2793210591 
39003445 
1629167126 
2756414555 
413770037 
774406112 
1489383138 
424699769 
2965429739 
2420640673 
205026352 
2607353359 
2450840197 
2867558907 
2959024020 
174264004 
2997076635 
1961276137 
190519698 
2403304460 
36395031 
360669432 
419203687 
154886963 
2959153249 
376913776 
2750444603 
1959160634 
2988041379 
93403539 
353289134 
460313336 
2610938700 
2984587165 
44945327 
1673097241 
112883545 
575526340 
375312436 
233241457 
2413480346 
78926478 
384691107 
37338074 
2830582347 
246566778 
387824644 
624807391 
845996948 
2879978785 
590300461 
345688723 
84095403 
36823643 
1702202251 
191835573 
226926536 
9269372 
58589708 
65413907 
479786211 
2548499490 
2526252534 
47358910 
34827921 
240853014 
2751448677 
2490900510 
1653605288 
1480781413 
2486303658 
2813360436 
1255463628 
2472317231 
2993751669 
2907087172 
1440471811 
12839562 
2247653803 
2298419624 
1590407443 
59567866 
122886204 
1955132936 
15137426 
278988432 
137284137 
713997666 
2724712811 
2973830380 
2579054337 
2418090308 
2879696308 
60092303 
2306006749 
2424676051 
2949393550 
17353643 
2975745706 
2905219528 
2955343668 
2573239355 
2278287013 
2618562547 
2680264630 
2716308262 
2599726510 
2314673906 
2903132513 
2975671869 
2942671397 
2962252326 
630544099 
39606379 
2677588340 
2738506138 
2610999265 
2573091468 
1642050824 
2423571963 
105901883 
494264568 
2957474319 
2972565448 
2604832675 
2937643108 
2974183300 
2548627868 
21497761 
2990351733 
937804356 
2965221297 
2678689773 
2972219907 
2900676900 
923418229 
2605773625 
2730659574 
379640739 
2540974003 
124072260 
972638778 
2182507506 
2973120996 
255050543 
3010762010 
2654169786 
2348028988 
2803550586 
2902284226 
2832687455 
2783407929 
35390535 
3003404643 
2921925370 
2911344492 
714332520 
20007794 
69597042 
2366196514 
364465366 
1549785542 
2948230528 
2916053945 
18530647 
2383787146 
139249428 
1702344373 
2970560688 
292381172 
431742890 
342322496 
2680620928 
2792409146 
969161432 
2741943161 
275378805 
2931492381 
2385356844 
902106067 
1153953344 
1679476688 
564223800 
1289705827 
458759798 
2434375109 
60048019 
2784129973 
2350236596 
2465981610 
1382327888 
45109165 
2225022846 
789541081 
713591162 
24520600 
2922107603 
2915176730 
2808546225 
2799745960 
2671166208 
2169727319 
1890445488 
490799157 
2646227492 
458788016 
2891505891 
38145814 
845244367 
89674936 
1198183898 
111612126 
297573042 
110773254 
1361703698 
342820533 
222861547 
2787271438 
65817352 
2258324099 
2921510666 
989393533 
28262303 
18557875 
2971413740 
2697914234 
21134768 
417268363 
417270947 
2948511014 
2381468522 
2270879203 
2546642402 
2925170066 
402326276 
31288907 
26050685 
18549402 
2499847332 
2440527318 
2889917581 
40115757 
267316545 
1639578656 
2723989723 
49072873 
2680472802 
20589638 
2207780696 
582446040 
2375244884 
272388054 
554335063 
2891501795 
2930188680 
26271469 
15066876 
417230660 
2616520477 
137392138 
1222679678 
438972019 
1010772499 
2165423155 
1444073622 
1275827899 
384943152 
2943180743 
171756538 
2918593878 
977556846 
299629763 
2475135799 
2986065900 
2248989385 
29358136 
417228446 
75736238 
2293812604 
33787917 
603473967 
416457531 
113252392 
2899008631 
260031846 
2429027815 
46479775 
1933755493 
17494767 
1345822466 
26122639 
2339725597 
633928540 
450969579 
31718698 
1393356986 
86834073 
282502012 
33079769 
1563767846 
417277824 
20011882 
193514635 
2194835047 
390908201 
603475584 
2437716109 
1428356149 
1010632022 
2924999174 
298317641 
2338514136 
2189410554 
2972659696 
1666082958 
2293050493 
2633191468 
2422873418 
2565877345 
517713628 
2937183147 
2943554997 
2941956219 
1332619476 
416013980 
1119404000 
1222951374 
1044795536 
156724825 
1945677632 
130929977 
2218603482 
2940422249 
478161322 
42300789 
615503872 
2838696529 
2929343326 
2943613272 
459772944 
57992341 
35543156 
2768596437 
25508986 
2283932409 
2408663817 
2866540564 
2941995361 
2952616828 
2953137646 
2590067718 
18465569 
2815453561 
2223873854 
2332217804 
139153201 
1366289862 
31557552 
381031765 
2324718181 
1948664815 
1102329282 
369824924 
305085401 
23111022 
22102260 
51746404 
1468431438 
2953199032 
2883466259 
606936168 
2149300830 
2952224363 
2787289604 
199435885 
44683301 
2938671377 
592183082 
2936633944 
2336180052 
342366374 
2955023608 
2889520564 
33664593 
2956663967 
1506885002 
2334270709 
806047429 
132471587 
2694928804 
2322854090 
2933196624 
2397906722 
2972567644 
2977460953 
2345900454 
2605531113 
417867016 
2598092878 
76050589 
343867151 
2936858516 
24296773 
46156529 
19984088 
31011539 
2762645418 
2375950561 
2151356167 
386632594 
1516936110 
486803766 
2784764056 
58656369 
17378367 
177240038 
28413384 
153723110 
2602104685 
45619026 
2204901922 
239996735 
97475673 
159551891 
79379717 
192935478 
16427528 
314594653 
1417040240 
2716127319 
2613110584 
2214772866 
100838252 
174367107 
2344172276 
603393224 
576012319 
227232672 
1539893797 
2858970058 
55638748 
2795314588 
348701129 
397391292 
29890270 
399702543 
2432093257 
179970294 
444703373 
56926387 
2761859454 
2462054460 
2428471388 
2488909705 
2464933328 
2348890650 
2603895444 
35499909 
2774093351 
1588564392 
176830279 
456308353 
443931553 
35907361 
435099091 
58005329 
21864990 
2494634556 
1225974950 
485462290 
1219354886 
965427733 
2519134542 
2346458624 
99043173 
262956892 
2350615358 
162916000 
2205897631 
2386149381 
840408660 
1660108166 
591133486 
202774675 
780869462 
2325981192 
417271227 
600970489 
1203497629 
823207682 
417268820 
285295586 
2424281569 
33723227 
1563783488 
953210450 
14519568 
310600649 
2530001186 
2841875376 
2353221863 
1194919458 
2429962134 
496392488 
1520255502 
334350846 
17620247 
329932631 
2293508415 
2745547840 
2266532484 
560260157 
2893033104 
946504398 
198259396 
1258089727 
2346313688 
2858830358 
1963304526 
14781177 
53992376 
2476086282 
2288632549 
2824829326 
43680285 
2223221990 
339300182 
2865765804 
2247566484 
625283075 
43408633 
16268516 
299913366 
2792901631 
1145247918 
2874111049 
161863120 
2887440370 
1116939973 
2899616706 
1493267851 
217182707 
898111800 
2270714490 
1458876037 
67441144 
749800520 
436797432 
824245693 
62111032 
983671430 
603471825 
66711384 
485475104 
978693751 
2912309158 
21651982 
2766446298 
2845983983 
194448818 
1372399332 
101253269 
2716417480 
101395252 
60938579 
1630685954 
2215141669 
2536667442 
2796891807 
631538599 
1726904809 
417226408 
2871535294 
19328265 
19489239 
289028288 
18342497 
17840407 
2922300790 
2553593244 
2184124496 
2822348972 
270116982 
404722588 
66401158 
2276533123 
1080401041 
218533012 
31553121 
2890859663 
2813761242 
2881742344 
460472223 
546909302 
233408442 
2237836891 
2818280122 
79308762 
136771896 
219172075 
32327154 
393136017 
315451447 
2894412725 
1921969699 
1372902872 
2608245109 
1000829072 
1419333098 
2184629469 
150063285 
2549090252 
2454270486 
1389775080 
40567669 
2147641200 
2661179407 
560866863 
2715944687 
2734687134 
20987430 
267330205 
60121599 
40376775 
2814991165 
2248015507 
603389803 
269053724 
928726410 
2589818328 
199528597 
35986937 
2181074498 
783614558 
15290559 
755531760 
1454072450 
62972997 
17379745 
18047201 
1349071332 
805694839 
2242885262 
731907469 
293069948 
41025231 
2910018906 
364135598 
1431221786 
72665635 
24462158 
2730648033 
16549465 
59785531 
1137334027 
503894297 
179388489 
464266283 
2804304902 
2751714735 
28096105 
777226429 
495191837 
290292644 
1886723456 
2891400481 
1066093934 
271432134 
108665128 
161190878 
39345574 
21675564 
127505717 
88394635 
2650961351 
2792428899 
1710952826 
2377080212 
130357538 
2690942466 
2642745633 
2836812741 
1149180853 
2511233834 
38984632 
47914260 
323861962 
22231150 
26800591 
2770926096 
1953981392 
2897371316 
295440062 
413969027 
2664651133 
388403214 
1319546174 
2830676121 
714321006 
332084071 
2613288632 
2721429515 
879186734 
86954078 
45099618 
1043993286 
2765240784 
568401000 
98375136 
1299479227 
241785409 
60599555 
2850007876 
1516376172 
154807381 
2778693422 
1257829578 
2604014322 
1356992605 
193978434 
2617372386 
521234983 
2226057830 
234723896 
2379041971 
320235077 
1581698928 
2369916864 
2436808550 
249892820 
1431873422 
186874767 
106185250 
201122350 
2822652571 
1302312901 
11347952 
2576035129 
1316570424 
2539869683 
16262161 
41454603 
54625660 
123308396 
2471901222 
2159293562 
198728062 
2551069070 
2718392881 
211681204 
1153378146 
142842492 
2150738828 
228692444 
2421516380 
35393869 
604604826 
36143767 
1251337284 
23385306 
392743715 
754225519 
1458109609 
796244412 
56285800 
108183896 
14655279 
890121433 
58299241 
45424276 
2719961497 
2195788779 
305337400 
2565564685 
2336164251 
2418412423 
101959854 
2747578529 
816351732 
933516696 
1266460489 
2342954575 
2854178561 
525249347 
15719978 
45479255 
2724308804 
1349434825 
232123139 
14583046 
1898938777 
357644235 
401867594 
2786193646 
37149298 
2427121316 
62181906 
164136194 
74529892 
2505578904 
2615582354 
2604191736 
2820945399 
792872726 
2788278833 
20706182 
74003363 
2266757989 
31479090 
344164867 
155734091 
1518060619 
2745469897 
826788804 
476934432 
418099697 
46888873 
1683452653 
447492217 
20475849 
1519054158 
235060924 
2647333657 
2533966496 
159453520 
1957879075 
2149162513 
121900684 
263324014 
261255374 
2303618449 
40471768 
53750095 
480819330 
2321430788 
229940172 
108094582 
2852664100 
2872362265 
617484918 
1573052090 
1428417666 
17648725 
221068499 
1048193484 
731576527 
342135827 
411635333 
50649498 
2825171197 
1300289576 
361545699 
80713755 
375532217 
5548212 
2451191298 
2264216342 
153137556 
226387404 
2757105050 
2443633291 
2805334541 
2427713828 
2792742414 
386085352 
2707901821 
594118742 
2257734079 
401685532 
234777784 
97351221 
175316492 
19792221 
2696039273 
545410074 
164808069 
1608692317 
2746214589 
2381704208 
2230606836 
2429352920 
2547722562 
856516406 
14524485 
40736486 
2525245326 
2443175295 
2614418400 
2174026322 
449391436 
2292921309 
31620465 
143447651 
1142878358 
2357040930 
2652383439 
1901643788 
2694699948 
2737621332 
2343174103 
2485734164 
23173813 
36015907 
1653942211 
239930426 
2575090506 
385721200 
380754906 
322014662 
14478119 
18315727 
148030986 
2743788996 
88289984 
616285283 
635404938 
2388870223 
2589698839 
2756264173 
373576506 
2803059521 
269653661 
1134647833 
1614546522 
515777069 
2423820284 
38804737 
1208153490 
2751261579 
2717327612 
1191706872 
723197528 
1485844680 
2754999509 
1027249946 
17237966 
756252366 
19629335 
2409988830 
2641562876 
1968158653 
1598997302 
2271421064 
550148841 
2760321255 
338291677 
1976507426 
2783228863 
1287813385 
2676497886 
2585061890 
2577562226 
1197786908 
2830499221 
101756062 
13764892 
525890780 
1160194298 
485555888 
59204209 
1132332325 
2794167008 
631321334 
1633491128 
137221454 
243685650 
2329260565 
2577132596 
2574894242 
2575928846 
1132645754 
2372732904 
892224716 
2837382458 
1952998376 
1662089383 
2451867288 
2305948496 
1387749330 
1123214154 
800354468 
1730519748 
17544628 
405792649 
415360623 
2300812279 
477073574 
282812421 
1309534542 
123920703 
18401775 
61123577 
2197043163 
2558613606 
2784930659 
2310520415 
382224707 
429258423 
17222214 
61672704 
18718411 
2261982391 
352138764 
2360053436 
2255134296 
2443823527 
2186062965 
1381768393 
601836047 
15813689 
16581197 
967981394 
2793262935 
35214394 
5940642 
553943798 
2427407611 
2269399484 
1377196189 
481435257 
2448542214 
519917075 
171284237 
2664030434 
19839641 
709422181 
2382749012 
2360176178 
523605424 
2166992233 
2502519180 
1914140192 
603311895 
208083510 
14765056 
2445692203 
2774277251 
283551433 
1470666253 
1642971589 
17390209 
577320987 
1259906438 
17668003 
2715195480 
2305686840 
26870971 
623690182 
2421492025 
2771113803 
2748799898 
877626542 
24209476 
53544165 
2800260499 
245511321 
15201702 
175196998 
18904182 
14515311 
925516730 
2360394230 
14320346 
40372228 
362594918 
156395674 
16186675 
18685740 
2335986787 
1035293228 
2517702209 
2203346323 
1312250239 
380913615 
17606369 
14347558 
102123045 
37966169 
2606404369 
2279560909 
40321497 
14498671 
14002152 
2832059922 
152093597 
1375409034 
1304012262 
2788640227 
2565071909 
167924087 
50660832 
354704378 
15458701 
17396271 
263217775 
2712272034 
61052908 
383125681 
241006357 
123907274 
2784820064 
255478093 
2792091729 
14744824 
139113752 
14133978 
255327659 
908678251 
191598808 
2826875228 
15356978 
39600890 
2159498245 
1913959620 
2491526033 
2765947074 
53420020 
334187219 
632368978 
909278334 
1077280099 
877106006 
2725770063 
584832007 
20827869 
428914404 
2771137157 
55981521 
2471603846 
2583039313 
2734367325 
236205239 
1643897490 
489879335 
836492550 
14432238 
1606151624 
37274822 
160612187 
628664315 
754007941 
1163316169 
29243214 
428348168 
230020648 
1977076400 
110643032 
1706456582 
14606551 
2685983977 
468853772 
31245584 
373468814 
628035000 
537831058 
22025452 
107498722 
116915464 
1213737680 
191554156 
609097786 
2425000312 
1480601154 
510239471 
362149620 
91420227 
611816683 
298337365 
19608226 
2560243933 
768260270 
2724747332 
2798016193 
88168692 
2526981905 
316661758 
2214293300 
344770427 
61842118 
920496740 
382727184 
172776778 
229360772 
205314776 
283752480 
2168408986 
23095063 
1029521628 
334245210 
2751344873 
179902628 
2293077187 
2558024522 
1327601731 
2653289863 
2813281100 
961408920 
2508281881 
192811584 
2637315174 
709505904 
569221599 
197464628 
1525000885 
402956238 
540975940 
2424710881 
2671557414 
1876080829 
1350325975 
2605783908 
2610097548 
1525814882 
253018612 
2314397941 
2153473762 
1321167121 
567793080 
2734753223 
2745342742 
2722669053 
314483728 
2787235927 
252424601 
2346652446 
764111054 
445045102 
2419749434 
2824903134 
2160118062 
1349886001 
444708910 
2258226686 
2497175064 
2605683193 
2736639880 
2189428630 
2343825913 
1502342330 
1393851055 
912009816 
2786538896 
2558184288 
2397387673 
2764533359 
2808334104 
2767947975 
2499130322 
2770912653 
193736314 
2769227716 
2770273571 
2812996190 
2686376029 
426966161 
858804446 
487271217 
514946082 
568393212 
78210726 
560717287 
2484129837 
1068299665 
44446267 
14569573 
2429616409 
2737240748 
1960342345 
83124054 
518877996 
2180026879 
319950876 
195817968 
2187955833 
1508364144 
1912260727 
2478116114 
359392204 
2666961692 
27402762 
2552119064 
71293888 
30747766 
18164244 
77609773 
2220093649 
19808819 
69326792 
21158304 
2228494736 
1146759738 
2705908056 
839956015 
2504777330 
2696130122 
586810000 
2305426813 
24935003 
42722903 
269503422 
743213310 
19799723 
14957320 
38094467 
382872543 
180480072 
20344942 
33021930 
37599681 
606579721 
161686187 
178435811 
42299296 
551968144 
459587098 
65517621 
833516227 
20078626 
43907649 
1113516805 
154834232 
37468067 
25056702 
40072482 
1415994313 
1145680700 
249626222 
16417818 
1711765531 
124717062 
89793918 
2617275061 
217300839 
294290667 
109377434 
1590976242 
2696011250 
2428039945 
2780139404 
2731437168 
136311526 
281679641 
2518701732 
1637829427 
44389060 
167225934 
115230160 
80590645 
17503707 
285970087 
929098436 
282692943 
1873057214 
159611106 
85877008 
2575423026 
320628863 
2615704086 
2497745113 
73655179 
49641805 
592470262 
16670682 
286448519 
1413044676 
126151948 
895364790 
2573990348 
1950084354 
1716914449 
1941138948 
1067767639 
942562494 
240535382 
417228311 
247471699 
827130559 
2518123825 
2620729514 
614971456 
906708079 
823274702 
140193064 
2659381646 
253059445 
2557727004 
2343769240 
2460604374 
32163475 
31375588 
780638598 
2763192194 
2737942646 
2780922529 
478189979 
418069963 
256406914 
23238282 
10207502 
2774653422 
1464565958 
483659573 
2514141622 
2534426853 
1027652707 
2745587319 
2782717099 
2485823076 
2779007736 
2429742540 
2183727324 
1467390487 
113124331 
2602256226 
2379554646 
553813164 
2281028131 
2575132826 
22304174 
1520685540 
1963821 
180053533 
2772576008 
2391625676 
2545472777 
499717239 
1112960744 
2274290176 
1828820287 
1669105842 
1600151892 
1655261023 
52532032 
1122518502 
836920441 
241182891 
30800964 
825921386 
54647745 
162800504 
146695963 
889351544 
719064133 
52002984 
190032317 
35776741 
62992262 
2572834659 
2528534330 
2558060864 
1628141323 
25681435 
2669536129 
532440041 
2480453062 
18058977 
121971638 
72428804 
2252842038 
233324315 
2781262813 
2507961812 
860598763 
2396663971 
199966539 
58246566 
823985652 
456278219 
2744510302 
1265522186 
1397505091 
2615197531 
221467449 
2741785962 
414985943 
169120537 
492359775 
94695195 
19762932 
2148855912 
47459390 
707595716 
1012520384 
17907265 
373505326 
30169170 
357142966 
2398282176 
976686277 
105849199 
207372678 
278630953 
2444918370 
235157364 
16273055 
2441712756 
833271210 
46236422 
231295638 
2736309184 
2737750042 
617489065 
23348943 
90981247 
14127431 
16975242 
2740079060 
2712900668 
2743891421 
1095558246 
1327601672 
2708025012 
2731554070 
2725351111 
55676827 
1223683364 
1676100858 
111915010 
2322376988 
609282490 
1726617690 
2736658907 
2601708337 
2733861396 
295873431 
283951425 
574674034 
2616005262 
110946340 
15175619 
344230025 
52143261 
46900287 
51474670 
1642919269 
574983153 
2164642160 
1158736110 
15934977 
30206869 
609164438 
1599009662 
2394914094 
2235157022 
274159313 
2182541502 
1698456979 
509072423 
247481605 
1122836815 
1054126512 
2728165287 
1390349509 
1674589976 
141105683 
36132890 
756026276 
605008825 
261831161 
2693908118 
1188195901 
2679339818 
1411586226 
2518878638 
21870520 
366875186 
2713750510 
1604572788 
18439820 
959060456 
14776368 
43096569 
37248555 
1637024184 
14578755 
2541778405 
326904365 
2267861952 
207392880 
235342934 
356198804 
465075422 
21504608 
2595861937 
979351652 
1212809468 
737516491 
2407533258 
26028938 
930296797 
15853191 
428626303 
400472558 
263290464 
117863661 
318619797 
239802660 
193414168 
86839189 
103006172 
539986769 
2688115188 
2627498625 
1872291541 
2405033054 
512045594 
2463744979 
182550591 
726214400 
299936761 
14863963 
2313987054 
2327901025 
71513606 
306644927 
72995878 
16515305 
17299849 
807876680 
1462635390 
94384054 
2467705760 
2504773566 
68026974 
366796858 
334249358 
361267104 
1278680827 
1901313672 
42550904 
185906068 
607417921 
1968220124 
2581737371 
2734463639 
2598636408 
39270127 
29414420 
17633259 
20363532 
17983559 
975161767 
374061390 
1554361111 
2600836148 
389223180 
51448925 
262209101 
1854567408 
1952401934 
1516931269 
518795014 
1587342302 
40703958 
124392398 
1531527961 
1415043799 
1127290080 
835799233 
427680869 
519555316 
1654100328 
520194690 
1245504733 
516788744 
2596680307 
2435053224 
1405811737 
752379860 
263128657 
1370085312 
2542090135 
1474856946 
285823691 
381756676 
269590971 
422352904 
2729354991 
804976693 
2655480709 
1566561722 
2672010564 
28443923 
416370934 
609474481 
308612630 
77100868 
128512518 
289832005 
2432251560 
2694233028 
46601136 
731617201 
22161941 
1857923702 
2313813390 
2327410170 
372835897 
2483066282 
335464430 
280884837 
525963529 
43424184 
340064100 
345804635 
2496041322 
15891106 
49044181 
2472491474 
97404387 
367106426 
64732809 
2605001301 
1013129618 
278706956 
2165792772 
2280584066 
181965836 
24671425 
386716411 
428313945 
93410881 
1359629870 
285646447 
14342905 
1021167764 
600581009 
27380810 
359026558 
253006358 
1437232933 
1916879772 
228532378 
842463050 
1480621724 
135432548 
2450174942 
868637460 
353194227 
29130296 
1530200702 
478413564 
1190778589 
259438979 
15926696 
1581116341 
107685839 
134678875 
183148667 
1798062139 
2353873734 
392743001 
426046086 
29892749 
1605605029 
1542805999 
473587083 
979130708 
2646126336 
150071173 
885660012 
209577102 
2526006422 
1310833224 
1482772843 
291433932 
2385857862 
467067668 
546822548 
576884224 
933151747 
362968296 
80418283 
2316799855 
17121225 
749515202 
2437473524 
931238114 
107562399 
2523777901 
2424289284 
333803392 
2260770607 
2302468187 
1366204494 
2478508868 
2356800564 
321726578 
963494809 
38454923 
44993192 
16346166 
630274584 
540025963 
231568408 
2435583908 
2311876812 
776892361 
19736643 
103405305 
526635475 
142067052 
1344226525 
117696956 
214791709 
348207926 
1531623902 
28427613 
302082562 
1205557176 
615786467 
44182242 
2588472481 
380638157 
2221266223 
2547855962 
39553504 
26391089 
2588794327 
97963881 
1948362607 
16794201 
430521807 
73866747 
1262569344 
1667244020 
85144671 
1957845566 
1289251040 
217985273 
930930068 
33961607 
38945327 
31494688 
258769033 
730796527 
570748585 
2285166750 
367971249 
27968183 
2566278792 
282865938 
17625724 
1598996502 
106163677 
382306609 
787986816 
612940201 
708404730 
380109168 
16713331 
21258487 
258139540 
156603048 
78139745 
334312635 
2162549418 
92536461 
94101143 
19518878 
71637409 
936201324 
331454466 
10883082 
1616491200 
430186292 
405779581 
2422583486 
2274746918 
1232027143 
487119609 
106287782 
585064729 
101107997 
268231616 
707632321 
47336979 
117603209 
23280468 
465225652 
2199157405 
29086615 
1496543527 
123896826 
1463566328 
1543936286 
1055397128 
45285656 
427724801 
1882791836 
393101091 
2617059788 
482840488 
2566914241 
2391511082 
2579865108 
426740725 
2651574571 
719944819 
2357999503 
1879453106 
560103541 
2385689509 
1687083980 
1270150692 
1029211658 
885687332 
2452374486 
342200208 
24921910 
163689851 
1011735895 
1316723250 
1542069373 
2431993730 
890030774 
568257370 
866836447 
1866727674 
31763472 
18556032 
41150651 
2264022139 
294860398 
372263111 
213368263 
214520293 
149234676 
77597579 
55624183 
549944119 
457402827 
785615245 
22832241 
2309048072 
36888369 
25584016 
1574679582 
2443166226 
316966173 
362432253 
2326178264 
27402198 
2575258195 
84014340 
551485341 
542759285 
592003120 
527627680 
110866248 
16506056 
62065076 
872722052 
479946490 
2288473171 
36349875 
2386271370 
2322128142 
2402035333 
2290731432 
135300049 
1267923542 
40319131 
20171185 
77589198 
1342782860 
231542487 
1360348536 
2383642447 
163789792 
23636912 
164272382 
1696854853 
1913056716 
49509863 
207646909 
1956528691 
2159682751 
952891352 
102190339 
291384554 
85399051 
249874326 
2420623255 
240874442 
385009010 
2598918630 
2377902080 
2565524053 
29832919 
169701996 
557777986 
2338469365 
2599852742 
1641235004 
64555956 
2593377692 
2509790024 
41058075 
117537227 
583995798 
551490836 
68330340 
729152420 
2667722183 
64300247 
137733370 
292118146 
72169850 
1625705989 
15212680 
2177014336 
44622529 
564173420 
22109363 
84521169 
1870136186 
228808611 
1154641586 
1206245786 
1694311436 
156250896 
822659389 
2464687974 
2577310622 
2604312797 
1924865396 
513396317 
591863810 
2478710168 
134319427 
2558033375 
2509772100 
2664315358 
297053886 
1558536439 
2429100692 
378701621 
2552749501 
1202204724 
590632692 
17824452 
133836114 
2560851502 
1087032674 
1925175222 
244637341 
302628581 
279239359 
885764256 
2565652571 
63964057 
242355773 
15990608 
24112419 
76374005 
126746553 
238625945 
396780229 
460805665 
729547638 
225486623 
361332347 
44987429 
61837548 
834331045 
245811679 
2670271138 
747410934 
63859697 
2266916480 
65213991 
23353068 
26829686 
36934132 
15022672 
92451761 
484844257 
375591685 
86366996 
2288219996 
31757489 
572369917 
483187437 
15367370 
569632498 
1454229751 
2229119557 
30863794 
2268219073 
549385159 
498887459 
1273881842 
57911623 
1093223383 
54263765 
1930911 
16912863 
54209458 
59332448 
46971395 
68693749 
23498095 
33967962 
65304923 
148758439 
89110554 
199434395 
77126129 
537749827 
1947669612 
43582533 
50292657 
384505354 
273684677 
175819485 
1064053711 
2402461080 
304168251 
2483004643 
152999335 
992426774 
178145991 
2271086022 
2374234092 
2434236379 
8271292 
2339317183 
36355011 
180273672 
294267226 
175816729 
58596161 
217597413 
1370101717 
48816094 
161863791 
725859770 
91352919 
281271068 
272025946 
38885953 
566910184 
519440220 
365828293 
2335045262 
2210190660 
1707916370 
2379940939 
22144041 
179244572 
377971441 
845720863 
771186223 
380408351 
392846060 
201735283 
1090972566 
437908933 
403942389 
872164718 
5883032 
388934581 
272557378 
1580389236 
1059354152 
989661151 
148220639 
1246040719 
434925692 
1967843250 
586247909 
255683168 
1850331271 
561465983 
87595307 
21520136 
587905765 
32828195 
327351320 
551963019 
29723715 
898618628 
2235449874 
2520565746 
991697000 
323445349 
18694032 
143659307 
82874577 
2361516942 
36705078 
572273349 
813972289 
2468385614 
566734242 
392351485 
16140182 
49351404 
1630580456 
2459459894 
1261340953 
2201436866 
53164156 
110540750 
18479467 
1347632142 
2313716988 
805914422 
2499202145 
274307648 
75923097 
36930075 
2561622452 
2500451570 
561785543 
516451103 
784845342 
259772363 
2488384171 
48710910 
2423015958 
319043709 
1222610767 
18815657 
1335616081 
609632949 
1583422399 
123305020 
109192303 
17955950 
501375782 
19917504 
1326793616 
1646130554 
56165151 
857130566 
220883352 
780339296 
120924784 
414336859 
1146709818 
2289745682 
2427597558 
117066731 
138240558 
105491345 
58523228 
171066281 
850963506 
2521732082 
300994613 
1862374926 
111688491 
1683337904 
19367839 
752246792 
2489977644 
115686902 
1623081474 
2308868864 
16814500 
418230166 
486389010 
41843185 
2525890621 
358478952 
2315112912 
1013752736 
385552988 
2395356992 
1287523044 
2317771674 
935912472 
49192541 
2292797036 
2569209125 
1221227448 
423790039 
468225121 
1635529526 
2456583829 
33345091 
591126438 
503360596 
806617873 
1488099853 
893516432 
2302476222 
975169304 
2501660478 
1233906936 
2409242904 
2155578175 
2422629344 
602654647 
2155640568 
22993097 
2527828914 
370523531 
84202516 
106605644 
515898085 
629544839 
2174160872 
1628909623 
2190163686 
22256412 
27460089 
69844570 
63783094 
52398643 
213812123 
549702228 
28013586 
215351752 
2454089336 
15012754 
16789645 
611300380 
2257946473 
2303995897 
178586167 
1686936967 
391543846 
2523307999 
34672710 
301078886 
426119276 
472254902 
1404167760 
284170761 
2271007651 
2541943584 
2545903794 
1297168639 
116805920 
394050907 
274108000 
278894501 
930130890 
816031297 
747924037 
1488482954 
66254041 
281354531 
2467083386 
578356240 
501472524 
441836666 
434928216 
27579560 
899852490 
159902481 
228946968 
36842821 
49499199 
1773900306 
1217348516 
2521703165 
2313192325 
45567723 
1538505986 
135707285 
2392399624 
360555731 
27139496 
35643813 
95230436 
78017804 
1957183670 
100387464 
15838764 
1368953886 
2452845962 
777381272 
383317860 
1548245676 
168772700 
2435924815 
441605226 
1955762948 
236357173 
423527950 
2417665338 
1432512955 
1375085726 
100865926 
769361533 
97956903 
325138159 
350505141 
706741689 
1483116386 
387159642 
1254381067 
64456191 
786177410 
21532913 
711945677 
2420104794 
169044506 
65450471 
1938895280 
889800199 
715273086 
2176951699 
719847529 
1474097514 
370147920 
298621427 
279116085 
84891945 
2165491290 
1328031871 
412395684 
1673634775 
40755319 
2344873385 
199798919 
627870848 
79364993 
444990097 
223153198 
87673179 
168420545 
2225042178 
1005177606 
2205615025 
190296731 
528896109 
33277579 
1227399806 
46090303 
196969255 
63779482 
806698255 
47179872 
2460042668 
1977079896 
608240775 
1667725472 
316305181 
144189766 
22738051 
16001930 
549191971 
1476247057 
1378002421 
749888858 
2164952984 
1009306879 
69612336 
232666084 
1679706217 
1219830510 
252285957 
92612878 
869835049 
944980826 
1518110017 
1977214934 
244769824 
34313201 
105915870 
188640504 
229371182 
2227257049 
2419452625 
1721190409 
2461740319 
265527417 
832978262 
1325393750 
1941641581 
130395668 
340788903 
2158804134 
1853467776 
314615123 
547796845 
107455769 
878733494 
950608531 
1196092884 
16324589 
314450467 
619686997 
284678418 
50178617 
615845748 
1849018746 
1533794443 
47435441 
2347926534 
2288198474 
247006764 
570486319 
1688330221 
68869503 
407438618 
2414251566 
491130944 
313353980 
2508221381 
2470934364 
2273336298 
2382118753 
2329217791 
2181186719 
380634385 
2382809920 
2455573819 
219620880 
829491787 
363172270 
2376018056 
2293984814 
2468684065 
1078452698 
2413209174 
2322255859 
853147952 
2239887428 
766645753 
2469857226 
59131138 
265963285 
491827725 
164544545 
2441675498 
613431740 
2472818479 
2293637458 
1920092120 
1611360055 
2207983342 
2400850857 
98131992 
258556347 
707306533 
487167291 
475836358 
856965385 
2351289649 
262834194 
1360461710 
1102828285 
2391928412 
542057620 
550371467 
78707799 
49731022 
17603887 
174638524 
288547464 
373926299 
759456668 
66513094 
1236570872 
1118222011 
2280982752 
2279696407 
1052712542 
1863406722 
2363793744 
227490106 
131287195 
14195417 
28845530 
118539745 
262910764 
96662065 
16834828 
31320705 
433034125 
2335925990 
1734861620 
504845281 
57061621 
2424833755 
64410329 
1338172567 
542509419 
264034901 
208221285 
1169040458 
350000356 
16304899 
329417385 
42048087 
8939912 
26405832 
33093639 
70207351 
200906330 
108455645 
505925992 
1008509466 
30909032 
583091141 
826960248 
1117144082 
33680856 
938335874 
17667765 
2434235298 
1622127078 
300482619 
612491996 
100181192 
1157939846 
229536726 
770050032 
110244775 
62960531 
538640102 
1460269730 
29066934 
40649383 
2470610059 
2250574244 
347627434 
123828886 
370716232 
1174234567 
83486298 
1321049240 
266393445 
22048173 
37414313 
870767156 
458130800 
619295868 
1827300025 
17380135 
14188570 
27817189 
135273884 
186070051 
280254672 
17365139 
192982283 
518591697 
1313763920 
305557001 
1967371644 
954844134 
415437411 
39961787 
219531265 
878635670 
36507170 
26571580 
549437264 
535673706 
150886542 
47352273 
50773817 
1184460661 
311840482 
548585992 
26370780 
131944961 
976909188 
288864185 
1226412007 
554005083 
550530919 
542683627 
628392667 
1853929898 
1180354410 
900741090 
1108016256 
1244748079 
113075775 
336156063 
577418604 
2203047546 
2447363011 
408801982 
27913611 
23447427 
101580681 
2194187342 
1715518501 
1647617402 
279597693 
2419732376 
514606804 
180641537 
240097442 
66471138 
514243773 
1641341634 
399423911 
1010039851 
26200885 
1185301657 
1908608630 
1053718502 
493353064 
2359781540 
2329466954 
2446241376 
321537150 
69675623 
32538608 
1952317550 
1859628853 
495276869 
137543135 
197017206 
82635819 
2463391855 
2439720462 
2447634733 
168028075 
540428335 
1242760040 
1291995277 
322146529 
43387584 
1665803462 
371505283 
1051816116 
106923958 
507034168 
1179238520 
1259956195 
1078491829 
1110556146 
2462504791 
1343305784 
1386715548 
2329279142 
264227142 
2256985338 
105250379 
16150874 
1321697743 
1042584043 
2364665448 
28274950 
233074474 
178391246 
2413549867 
1187578082 
631669280 
1696678219 
545456307 
744286044 
78575747 
495444542 
312190752 
898845248 
22949571 
1141091492 
1120174340 
1434569522 
1479720774 
2175280705 
1646928096 
1658837744 
2397360954 
253053375 
245521345 
18150288 
78166171 
561699043 
47337795 
392125412 
363229693 
1606118880 
551434846 
587367847 
368485728 
95746692 
313010026 
2419957345 
508865787 
61796875 
2289147096 
538653558 
167518346 
1301867472 
400613952 
451922441 
1158458486 
1972947014 
1641078877 
2421102300 
54997215 
1482886368 
796467524 
1534221822 
106294047 
368936574 
27322050 
25438611 
1289076924 
966852739 
39422725 
23214733 
23947637 
86526332 
2387088282 
2321771472 
366003394 
20930795 
259288977 
438588196 
1868997518 
378178875 
114236547 
86803999 
2434790643 
522172545 
342436876 
426130549 
22850285 
21366474 
161875278 
2263110578 
961274983 
1591520478 
318495520 
57143715 
20205631 
288603894 
83190662 
40079589 
1379620994 
2203356342 
343377992 
61708811 
944994416 
15990574 
41356553 
386852474 
467695172 
822561698 
16538877 
234650199 
77197536 
57437852 
2401994965 
2441490074 
138838153 
191854294 
2157055284 
1279080211 
1089845359 
2173219182 
124477480 
2459723517 
1191740551 
232712831 
373527519 
83741575 
300539644 
2260568317 
32965710 
888041173 
541261967 
45143518 
453035997 
54781001 
89067667 
160724555 
121234981 
2164170265 
436218845 
1428815922 
111893011 
64221634 
2387921168 
1672929571 
2454881465 
383016214 
124809841 
591703876 
724325868 
602175061 
2255567535 
2247816944 
2402031572 
232945617 
1573168584 
993780404 
332158364 
580670796 
2398412737 
138885436 
35345074 
2432240676 
2323973528 
1197397867 
2354875634 
2474872293 
2432979427 
2433940662 
29682695 
2372007121 
567101725 
316348633 
23088336 
958232239 
478027375 
2406058189 
41919896 
40734839 
540406534 
1507585111 
58355422 
701425447 
122737672 
2376185485 
60961154 
23181831 
548777731 
27151453 
1851765390 
2217062610 
52541504 
2203712966 
2193194281 
17990421 
41646634 
21257375 
2400302810 
1957346124 
146150941 
979309764 
93030077 
384416103 
161741550 
1304121312 
1195357873 
1287918224 
1372399495 
2281002722 
295918710 
2309454895 
1884374228 
314888516 
2307320940 
356044320 
128631435 
28004004 
17083423 
626706476 
30359711 
2323612775 
598506728 
576963118 
81093355 
1010657844 
248439433 
334894764 
33059689 
19648605 
18300385 
37448341 
14823605 
25756045 
38475165 
389094655 
2295136039 
1359535376 
2269308450 
531145642 
1234718011 
48774162 
14603601 
14427513 
33838603 
145071766 
1139970806 
774856034 
358292584 
184846170 
25369718 
19164036 
27379684 
1321506625 
305665013 
1413803880 
1202606630 
1266087739 
369249508 
58935584 
204924852 
433084026 
592379597 
134824406 
56459846 
1082994547 
1081893319 
231448511 
2182558380 
2261888414 
21347074 
440225592 
451703295 
2282145866 
1113113749 
2369367660 
2395216058 
2193523407 
2319270278 
35285624 
14249813 
1254640788 
1298562150 
2299270087 
550038598 
743856512 
2426300195 
615687834 
437666864 
2299858519 
1963219404 
2328512592 
2448088895 
853150752 
895575224 
260053317 
2350337600 
2342278825 
937807519 
216741186 
156180354 
36661917 
60229539 
240255609 
69983456 
2363588245 
68190058 
2209457497 
211967236 
29019981 
19260357 
83515667 
13031542 
436776404 
709725048 
1169734021 
969348054 
481773505 
2322961406 
24118219 
34376905 
1074975944 
933571645 
200644819 
365286308 
404479930 
1254994824 
2282187369 
511251568 
1329396924 
299035426 
1856100338 
1573049516 
38812746 
129858997 
2390987531 
32281801 
38716019 
46502743 
62444343 
281284774 
38488299 
2206363273 
387677701 
2276474365 
1260172574 
280630786 
1067180540 
285920806 
269915866 
1030060316 
1496688572 
1402994389 
2206652417 
1948153705 
28161127 
149153881 
142446131 
2362044860 
2364368576 
1705220868 
2327146228 
1550990599 
2378006523 
1947242209 
458970525 
244561660 
2178262190 
2379703516 
221983914 
1451518069 
907273800 
2388427701 
762594302 
208565429 
2345383615 
44428318 
2337765440 
2385200010 
2382229248 
900666680 
930761034 
2364756608 
2406401561 
2386629812 
2308302350 
2383464356 
2390460817 
2413879581 
2331419844 
2396571462 
244359546 
582351758 
1567880582 
2369420316 
457259182 
86091742 
194856986 
1445775320 
154933372 
23338566 
1961133240 
1022328162 
1394840336 
170444129 
1030990530 
2367656634 
2397299791 
1648168249 
600234999 
258079774 
75919011 
2414286208 
2400041425 
702151509 
439575306 
2408417480 
525033176 
2374172781 
37240162 
963480763 
1099250826 
2334179929 
1589407332 
1573399993 
426178335 
31175966 
1553712444 
1475444736 
216356273 
2329167858 
2326043530 
281478547 
41280377 
974868402 
20168709 
534565734 
1074544603 
976289658 
1759431144 
2193351431 
480060572 
1631887159 
2153822070 
709863025 
1695387404 
1060327075 
1709802338 
19887814 
384831544 
31109373 
1064216730 
836193296 
1677413144 
381108914 
2363292835 
2416722023 
2312470754 
412842534 
33140051 
31601005 
22833020 
166381764 
26248033 
107646992 
2411295570 
2242944962 
829833392 
2312346050 
2387866958 
304399177 
185674286 
363006197 
217102899 
226977710 
395289237 
595213290 
2313313589 
2273980658 
2337542556 
576555691 
984481562 
25044215 
1560779984 
1672882303 
625272507 
593772389 
178024834 
1384358624 
467165101 
14981294 
2367838700 
2182377294 
90754780 
32340346 
288489092 
51115571 
28161327 
548842833 
700813435 
593486379 
614408270 
2377513728 
316922099 
21325899 
139974630 
113254721 
2273671176 
16992416 
22055984 
51342098 
47667515 
50967871 
20212663 
21682515 
17818522 
1374415735 
75340022 
537094070 
413201256 
24882328 
14088007 
1472766650 
816159162 
15148761 
26081511 
455270758 
270223633 
970663398 
81978455 
163952891 
322959574 
122014550 
225519924 
20936816 
118296427 
41494413 
62298741 
201217542 
570242555 
571892854 
584204807 
1866107486 
116833366 
396123887 
439571841 
20642205 
273546870 
125787425 
17191024 
42538896 
1039974871 
46012998 
942349963 
599419158 
550744208 
31094569 
1857717198 
440432970 
113085204 
377611809 
2169453487 
281492776 
136740230 
2349932654 
108055839 
1919365302 
1861926542 
339586326 
1669492729 
921762536 
597928416 
210827159 
144558306 
1640963869 
92566349 
392848856 
58609723 
39056169 
23330730 
476384922 
626015505 
386882030 
140889991 
200387911 
164428552 
2179161842 
2218662499 
2364093786 
2335189579 
281632458 
45167431 
463447557 
38190289 
32744322 
965359446 
159435149 
36283937 
1672558765 
412842717 
252102870 
2225233866 
2157665013 
1444138417 
859448353 
69080516 
174618314 
140169937 
589529783 
559755873 
1971976968 
555293160 
1089508418 
128133639 
86009202 
18280046 
380337378 
110503082 
408912169 
229681903 
256179081 
210556733 
22263506 
248725738 
92180889 
109433535 
48572201 
50369404 
340722355 
233768142 
287969734 
278719765 
350142922 
2286756515 
1575723138 
438189847 
1276610424 
906292674 
1322423882 
482590671 
1556374236 
301527285 
603980206 
889587696 
366114925 
35950335 
164295790 
234909844 
2363703222 
2366067422 
2379344288 
74137019 
182781605 
552047909 
6700852 
946214852 
1547334392 
234870299 
1059353521 
395439787 
259534256 
1689066314 
2191073275 
582025371 
180619763 
180609389 
2288923215 
237323805 
2369246214 
40577195 
1608044730 
110568606 
866890206 
1012724688 
749317387 
759866569 
291356528 
14371697 
15774353 
33633857 
1665459781 
313608495 
95337759 
270446631 
17366336 
138209267 
30095241 
57341347 
50963434 
80360651 
570135244 
271997502 
371367507 
514929629 
42105086 
784864254 
518730639 
18319760 
119104765 
321191032 
253263664 
33846442 
22477389 
16931785 
390313079 
271488542 
2364285861 
769090314 
491008034 
566487268 
1924438201 
1700279036 
1735334124 
36919875 
15882466 
278743873 
29065126 
2354584848 
436376288 
538302619 
155586545 
326978106 
592790359 
165202182 
2228497113 
1444613708 
1868268433 
361306297 
2287692745 
554680519 
23523469 
13068932 
137420551 
2345590304 
34419535 
394485547 
2307086618 
227894785 
2305553360 
55557895 
1507563510 
1326623305 
469857283 
1691057221 
2163704261 
567357362 
2286719203 
24828873 
40274251 
2334931327 
19263914 
1910393257 
512714136 
2339682187 
79294815 
1619644506 
534092587 
2293882106 
424332703 
2292431736 
561262586 
1944819871 
2295207595 
1009337864 
2276818056 
1450155920 
278923098 
16702458 
2282862876 
93344024 
1315884198 
275447184 
1517348594 
338919364 
1598823572 
1252910778 
2182552303 
1463072905 
606962920 
1160691902 
2318671861 
516099394 
1834017710 
2271837390 
2165073324 
2286023752 
1852343736 
1102516994 
1427666204 
45066335 
632182238 
587994463 
1248777583 
94522243 
1458265087 
2230519742 
2256305014 
2332308094 
37700790 
2206882219 
2328246783 
2267980749 
2335884325 
74418063 
1280681696 
621567021 
2316142951 
1106314746 
17424793 
289341851 
2227125421 
325928446 
2351877180 
104416027 
1419505543 
1973239614 
460444730 
2330515100 
2350733286 
454264311 
2354406262 
1261590432 
2352932803 
1539257846 
2320177542 
438541575 
110415252 
1707990854 
2274804266 
2362668672 
580320134 
1614418051 
57938387 
2323045039 
2363552582 
1170038246 
274865298 
1031926231 
2267901661 
2349771045 
2346205910 
167462852 
51328274 
556094046 
28625375 
151339847 
990035790 
244735987 
2163254352 
135246929 
16279501 
532266984 
15009098 
311701032 
67409923 
1053669205 
267984783 
206425354 
998081928 
1675321363 
231587183 
1964501280 
1316161580 
1709462401 
898114922 
70304210 
451223619 
1011140077 
162298876 
35118027 
14564097 
200281182 
54464543 
467754701 
364502566 
18006911 
130855982 
1228709365 
1071755112 
184123215 
73046199 
14591721 
883485499 
2272210574 
1375629385 
2174725172 
1836270644 
609812560 
2306887597 
24350520 
1542941168 
17465122 
978129774 
420777404 
420432365 
374124796 
53215946 
226396235 
222130159 
625768952 
283166303 
1228534280 
220472212 
16377938 
393768350 
73657657 
171082937 
260920107 
2237258710 
357271739 
1514034901 
603073691 
26899773 
1597515362 
1672106641 
1100787055 
1265730433 
1266365802 
2177602675 
2174632441 
77116613 
14370402 
221873624 
108573366 
1165713601 
326728794 
56557209 
575485555 
82171812 
238304646 
558272031 
312149882 
22920842 
1289091224 
368699204 
169454965 
886623042 
40767598 
475811383 
116331114 
351195364 
29033102 
41513270 
226723178 
2180495635 
845158560 
525334314 
28512580 
1033065913 
113412482 
15559890 
18859100 
36539277 
25888359 
109460638 
400396635 
494247398 
1703546713 
2329884494 
1144282530 
28539223 
562849211 
15291352 
100863980 
295779935 
14216798 
36437320 
135176966 
354877725 
393762918 
174114708 
554363481 
82595775 
14105540 
114049072 
484845013 
1621171388 
2180961433 
43179683 
19887707 
279906926 
17275783 
120283764 
1568538859 
1960802108 
347392091 
1624944474 
517583844 
362564275 
792044420 
703561088 
2294848646 
1648085886 
358344206 
43332139 
15171172 
93972605 
18297432 
27800134 
2307348409 
1267079448 
22434249 
1933042237 
1535599374 
184078890 
522573032 
1445272208 
2220487538 
2165350855 
2268236094 
2172969642 
2265343890 
408078595 
2186250464 
90892265 
44127395 
173331724 
1460844241 
160552464 
31505795 
437779893 
1486072550 
157918768 
417567235 
186139968 
49250881 
284064668 
17104642 
28556130 
876476364 
2287186897 
112607220 
29720838 
105204766 
1605369493 
1253304210 
1885243442 
2178913852 
167657382 
23094139 
164345857 
1390520222 
899997757 
311473523 
276672281 
24432952 
1071934880 
624296917 
148936675 
25703148 
68484993 
941889450 
67815565 
399816067 
1138839590 
93949532 
893560159 
19350043 
1143075830 
1071793376 
948060018 
1155100874 
22842656 
499497027 
403158704 
17443618 
240021700 
251963304 
161927233 
433083687 
224768268 
235908352 
390641888 
1458140636 
2213220494 
68587831 
872423437 
335478098 
871102273 
275105445 
908672546 
1160544631 
710534353 
2312251076 
1378796298 
2301797593 
498625409 
1020619381 
2266517486 
39043728 
94576212 
778922245 
1576503710 
1861212421 
1890227490 
16694598 
329314741 
416850128 
84092900 
602067591 
190443496 
602502693 
895853653 
17767738 
189854173 
271735273 
537842732 
17162545 
637350044 
1342213417 
2314746001 
2299052023 
2287183802 
397807711 
958968584 
2307428684 
