34464407 
41359753 
26832834 
24919888 
15461733 
15862891 
487833518 
19272796 
27596259 
7309052 
1636590253 
13298072 
34743251 
44196397 
2471009922 
770729 
102949421 
15515159 
23426889 
17093617 
88914175 
20515047 
40234732 
41561657 
18991614 
15460048 
27779882 
15458277 
17089636 
12819112 
397151941 
25950355 
38489678 
8984292 
25562183 
27013292 
32372834 
54546430 
47318212 
13787402 
28588873 
25338245 
20515365 
20513956 
20513550 
20512439 
20513249 
39210029 
20651502 
21968928 
16582975 
23990221 
20175682 
21754589 
23120329 
25202358 
22655658 
14862794 
18778855 
18916965 
20115751 
22019324 
21435213 
19595764 
20779142 
19513912 
20735453 
22266871 
20015546 
20654271 
20770215 
15096852 
15704472 
5694822 
21887013 
20445068 
16805731 
20252800 
19980619 
18976051 
14417717 
15290634 
20581235 
20068192 
18941075 
18202147 
18460962 
19429847 
14858016 
14648111 
15586478 
18632200 
19397548 
20513214 
20427406 
20141040 
14534931 
18050631 
19679993 
15996963 
17224160 
18173399 
18681742 
19546529 
19341622 
17396360 
18776647 
11442512 
18088843 
19219680 
15926727 
17469142 
14979834 
15474865 
19715694 
15909406 
17309685 
21000110 
15103223 
16134692 
17809006 
14983493 
15862680 
17053944 
19760151 
17087295 
14915031 
15801680 
20065487 
18190448 
17468189 
8567762 
14419395 
14294699 
18065266 
17624344 
14224706 
15360135 
16528872 
15389918 
15916215 
5255121 
16563472 
14884486 
12134862 
17851248 
18175018 
6778812 
5141841 
19179395 
15723976 
18458348 
16712361 
18917572 
17826553 
14114564 
16743256 
