97994396 
17106881 
635608354 
15309804 
130496027 
318692762 
820354372827758592 
28279637 
398172747 
375175644 
125367693 
50325797 
14529929 
2329066872 
16076032 
15816595 
21728303 
20802603 
475454826 
2922928743 
155784594 
824333698728333312 
824126001936474113 
824040625104449536 
824028553067032576 
824326864407822336 
824264707641057281 
824797212425191425 
824190260338954240 
824270573203292160 
824467746436120576 
824315778866417664 
824137712286441472 
2293315159 
15446531 
23872098 
1130039840 
3420477195 
227693331 
141341662 
44124628 
3060210854 
106753602 
14511951 
5695632 
2467791 
463765807 
3240459912 
16228398 
44279901 
15687962 
24919888 
1339835893 
23365626 
21757965 
759251 
37155696 
1320761065 
30783543 
201837925 
216084954 
255746206 
34303 
282130196 
111054522 
125809060 
61331958 
2744646081 
47753447 
2896738950 
63788496 
23822236 
65525881 
481598648 
2510478133 
202571491 
29227040 
8659362 
457578560 
302840096 
15926431 
315229857 
34932645 
20821813 
19251920 
571202103 
637338906 
20245775 
17420065 
17278675 
115304519 
1093090866 
818876014390603776 
30313925 
822215673812119553 
813286 
174740894 
437241554 
22956641 
109881948 
27318079 
264790339 
16579539 
7917922 
23290408 
216481299 
14708901 
175449241 
172636093 
156393893 
21158274 
15736190 
5392522 
15859039 
12453702 
14652452 
17781955 
16117878 
14342564 
14749606 
62601419 
14205258 
13001192 
16929450 
69065385 
188070052 
29500609 
21454307 
44686314 
6017542 
17993906 
227186387 
44445121 
47506783 
18782675 
44376410 
14335380 
56610562 
21505436 
15749997 
21094604 
16034755 
41553 
11250 
738693 
646533 
11181612 
774280 
14112756 
18776131 
60273 
61133 
972651 
8453452 
16303106 
5971922 
7144422 
14647570 
15965292 
15458694 
14133259 
6297852 
5741722 
