4623225086 
716737641 
2950882785 
858815689 
4358618293 
3129971415 
259013473 
165636645 
2252474239 
929810600 
3098913894 
1692082831 
2997801967 
4851881860 
1043782664 
800726904 
541340333 
2763004300 
2787036834 
840611386136920065 
85462804 
2416045517 
2955733913 
2646811968 
2320084907 
718601437 
337402437 
2336994626 
2926029748 
137128194 
760970538 
2908567447 
1424769841 
195480066 
2771301626 
349246427 
3421359208 
428262132 
787668735918092288 
3323190384 
702818677846966273 
359921896 
3047590544 
4838669141 
3166115132 
950655542 
449488003 
1581515299 
103778086 
3081486746 
261168600 
844036502627610624 
2278076268 
452150429 
3118820839 
163555711 
4509342435 
2644735078 
1335390115 
3053168773 
4807594877 
275174686 
3020275333 
2897695629 
758214206093086720 
3231741953 
329050527 
474484888 
93140776 
3093960174 
769401037249581056 
2909132106 
2495897750 
2357401814 
38295911 
3036873300 
2846650252 
874876094 
701422723084357633 
2562575600 
3281097200 
2243603058 
2896794740 
374767002 
1109440495 
2828624471 
2608617042 
3310876034 
4194650201 
2567894187 
814140997 
854991295 
468462662 
2368104899 
526000811 
773975212618616832 
302399666 
79911637 
737052715 
4519827076 
352676788 
40967580 
3235549027 
1021565125 
2263043737 
610873724 
476135058 
347016471 
2546646165 
2860790207 
4095395358 
2842715424 
159692426 
2178954706 
2970769876 
757807406378160128 
326815632 
734801058 
997967292 
2316460388 
346410373 
636531651 
2371223545 
755203893676482560 
3233001600 
706943679932571649 
67244294 
703965987096416257 
1726613894 
2945829817 
622284632 
703776189979238400 
1957917234 
477261172 
3107695515 
2641805541 
1546988264 
1961763512 
2998119664 
2950612301 
758273661925195776 
3302479732 
3101877801 
1587468122 
716910793464397824 
2367299492 
1268811566 
3307284302 
1723892689 
822052951 
600447215 
732570041070166017 
1368488167 
2509344239 
294760107 
1340435864 
3505501480 
2755840156 
549004336 
1924683001 
1104651786 
517075319 
2262709733 
233609551 
700838335363702784 
727972596113760256 
3027448167 
1159729842 
716740654752247808 
256587754 
3382273480 
3568477222 
1526106889 
588803246 
2405178628 
1219882405 
561665910 
3174450668 
4463585656 
3866301552 
483342931 
3682060220 
2458593529 
770075852004524032 
4041787893 
2189472903 
747964670 
622295317 
2975885401 
1262919300 
1584552739 
1549497564 
3254984191 
2353696815 
462039176 
1850049654 
499162286 
550738169 
749299298982965248 
398990399 
788974433708879872 
2262781324 
2379560436 
479587945 
262923084 
1070021250 
46869394 
376594957 
2420947292 
612140687 
440492886 
4229513719 
2296681310 
1966841101 
93526957 
2882917812 
2724815443 
718909536887812096 
3324134512 
820592125 
826061185 
3124498846 
152369229 
738445220761718785 
2616368774 
1468421364 
831671757178281985 
776030458886881280 
819712252345536521 
111995546 
3116659156 
4282522753 
568568570 
2444108294 
61638196 
326758822 
827634069076922372 
706679540383285248 
1119129590 
2977008141 
1122693996 
453096405 
832168338 
2338357100 
3041697886 
751448970178748417 
4554122352 
2372988613 
1631443987 
1881182096 
2279918095 
1916257608 
1348412467 
552282719 
2934169102 
779812810779791361 
910923859 
172490440 
3006620564 
613913338 
776549892198129664 
2612530363 
3278830231 
2958834271 
2344928225 
2643711673 
3083092409 
2222182537 
111781497 
1427794531 
466969569 
62489798 
3031810131 
2933100301 
4144290316 
3145387236 
3831733033 
2356248829 
14824821 
2744816718 
345736885 
404002391 
1958116981 
249158545 
2954305785 
2421537512 
450376576 
2719129513 
316406954 
170535219 
811364125 
2878057754 
2711539054 
2803721929 
3355795707 
833612195271372800 
419854542 
296248366 
261818976 
804460974 
428028586 
828606212585295875 
130947867 
616488287 
590072329 
547746541 
930993841 
2155755133 
59003760 
793873898 
592878126 
3456455115 
3511577959 
1532851964 
245291950 
96268311 
300447251 
1660220444 
563167730 
1409624292 
1019711538 
322842096 
1730153995 
767072213149310976 
600634257 
738563742980440064 
25636146 
3145419666 
3062829079 
561536629 
117034166 
4692263132 
152517532 
806568527922655232 
1247536338 
3385541651 
521820074 
248202144 
1526649552 
745562990917914624 
461530983 
2842361818 
286638590 
260590919 
619429249 
1267234094 
1106785632 
557560419 
224627708 
3119567453 
245903939 
758646282592190464 
3581482512 
625377213 
604826870 
587378661 
2923300363 
516909858 
346589717 
3099922387 
202949564 
1569850249 
244369007 
1038471259 
2987689295 
1142587028 
965592229 
2407390537 
62313903 
3937913117 
733646841024122880 
4859107461 
978438312 
764766758 
3006646222 
2902926381 
4879905046 
2652268329 
606943353 
3224494932 
301253460 
275527840 
2730595812 
2903169827 
722798131 
3089909841 
60485354 
612075813 
3022039627 
3819349110 
448725999 
979557943 
3372192254 
2528078312 
3555445634 
830532439667769344 
1275129566 
3182916961 
1138595449 
2463491035 
717997576 
784836175743754241 
531973197 
2450647633 
1043835612 
2204311052 
820551197840945152 
533634887 
2684214282 
162258568 
885495512 
225761386 
2372257235 
1198323996 
2375966246 
4832915820 
3961718297 
717424915045945344 
4672606123 
906459974 
892335152 
3308287771 
2619264096 
615520223 
1011651488 
2258105077 
2186495912 
789529594009378816 
807947447876009986 
574930770 
3237613226 
494998876 
760230611827040257 
2685190305 
3082513699 
2662234341 
527775470 
830818614840291328 
628759731 
2885684725 
3385986027 
310928475 
4864299146 
1027734666 
4312109297 
1495265582 
547587223 
419746435 
1589868133 
3130328369 
2941170789 
765941273438085120 
450103297 
310173102 
819735919645380608 
747225526939623424 
2750478129 
352745628 
626136878 
253374757 
4691899754 
2574458836 
2372866873 
270286178 
3091873827 
512609942 
2344301653 
2889151027 
777023107 
765378495983738881 
3301011007 
3227946446 
746912244349362176 
338505981 
1605098340 
2975525258 
2823730371 
464820311 
724549586 
2200557570 
3060118741 
91452164 
3744240194 
2465351154 
3168199210 
4572527902 
2974800891 
1912468254 
371772411 
904550930 
139616041 
2598379050 
3411245654 
738039797739073537 
3208254827 
248433871 
4272389354 
954473510 
186965948 
2866248164 
517051221 
3766707195 
407415595 
2296766196 
3248246762 
2350968372 
983735545 
604118736 
2183281884 
1347402823 
796600629854666752 
1972828350 
131319125 
841894547655401472 
3046875156 
1316747604 
2320754386 
520254785 
1099728128 
4680337921 
3109711555 
44796624 
708314653378682881 
161114523 
2711714080 
560666609 
1499030528 
3499066939 
2979282011 
768837452 
1627345039 
2263735956 
156543830 
340395005 
1330526197 
1080732853 
2719087277 
3196699526 
716471033 
3248016318 
579408533 
284815830 
973445562 
3076204151 
4769286686 
2188092939 
900581438 
3215230745 
758221418 
745711923975557120 
2369033719 
2265414301 
4259622614 
3323684055 
3227853163 
412834458 
2280241474 
713571000084893698 
2960192592 
4339013173 
738137756405141504 
2300208801 
3887555952 
571827224 
85389492 
412024048 
548967557 
2261103541 
587762328 
2845371247 
1602245246 
233547898 
3247479756 
574044875 
1480938368 
2286824236 
2440251115 
344998194 
2990788727 
449238176 
3950633717 
624263759 
4707480744 
2549067194 
216567738 
330742636 
49364169 
772706803859623936 
322712085 
795841340651307008 
448591928 
2941443328 
2911653842 
4292054899 
276339024 
2993159427 
2934476968 
4740444024 
464474436 
2288623572 
363949800 
482214149 
189076998 
841521533738672128 
318749590 
785893255 
3783872357 
2960677389 
188100296 
2962700061 
2921225958 
2617258674 
2893978643 
2686603998 
3163080918 
2155326741 
2925725399 
1729337976 
1891815277 
758587493935525888 
4718738844 
546598487 
625588416 
3129480065 
2412785211 
846092899 
327875776 
4265133563 
2930039798 
3226321115 
3227506795 
3319245582 
4174366161 
752273258670678016 
2310843692 
552427405 
367424567 
3011549079 
4293904338 
506331991 
302741493 
781867330527789057 
707952576 
37530590 
2173031451 
1891645674 
2995277889 
622365767 
755188764633214976 
2407255722 
90784279 
1289816186 
3128165150 
4034001863 
584304836 
233302880 
581985796 
2879711331 
817778032207241216 
4392983562 
705796128189652994 
965584274 
3073587584 
483267718 
2584576178 
2711881168 
1559918234 
1181105672 
3306509974 
2201971291 
1568819713 
334346865 
2531794887 
2341243038 
2846067533 
451344591 
1654125283 
4509845193 
1018422630 
4846050492 
1579050374 
733654452117311489 
3997028958 
3271139760 
579030603 
1582089889 
3158364165 
4746966927 
2451276062 
178248767 
723840043341742080 
720317497665314817 
4119272609 
1495439275 
4799780372 
592746997 
560173287 
593450855 
3846777138 
837023226777718784 
554944629 
819866318962757632 
2301438637 
233905250 
371358115 
1920065670 
314980825 
392711080 
820674686971482112 
2184871666 
636012309 
2742653689 
1038621284 
2492960599 
2544513722 
2395469596 
1169643696 
2943187115 
959180131 
2758214057 
2336194327 
1555277137 
533200258 
486189537 
2300119957 
811428697 
919762333 
832146381607428097 
1351279154 
319723095 
3101545152 
1261916022 
799037630 
2914194110 
2346796452 
2571344953 
1391328408 
594832332 
1086649730 
99375420 
3242460473 
729527671793852416 
106510122 
3002286052 
755916034108903424 
719297618 
2148149010 
2720303832 
717881124714840064 
3304046671 
3399041592 
3836278156 
140228930 
129643964 
312946369 
1858895749 
2593493742 
344348210 
730337944901292032 
709678323543113733 
3615404536 
2260034430 
197807757 
2894774392 
2922095419 
2919412472 
2314894166 
716695105 
793716633571356672 
3401934987 
1478364877 
458323895 
19315409 
331322707 
800776808606011393 
450690171 
739838238 
2899056187 
2832846336 
1672182078 
906615822 
1556588702 
2794730952 
4740441617 
217551068 
768029070 
2562726588 
49796020 
187019396 
766024839517863938 
923579814 
2297028367 
4479812358 
435476000 
610432101 
702242202647265280 
798670479544422400 
739232490364141570 
840931158338740224 
2421407385 
2446128681 
803314853091885060 
2397268692 
265642595 
1031173398 
4170627552 
1631298998 
4657913358 
603147006 
2943622542 
155951911 
707007955757981696 
2723440669 
246451208 
1445094068 
573696084 
3119160160 
251311771 
1066219766 
803834675374542848 
2911229311 
3087634507 
2411318874 
1311709952 
801112884809895936 
2731673239 
754549737131417600 
311567631 
274322014 
495325691 
2197642206 
872755866 
783343201 
443352696 
635923030 
2483023230 
1888426508 
1336714172 
1447484731 
2800810945 
3288604730 
752137748392259584 
1210644296 
804029634669137920 
2157783151 
406339328 
3383727256 
3139215978 
809100641247358976 
257639983 
856800464 
630828662 
2770535937 
1270882928 
1010671159 
1333138506 
4297416863 
58385353 
711921728 
634295521 
3285976004 
3522864377 
2278855285 
789635253023432704 
2198511350 
2550333809 
984868112 
705506732844433408 
332000592 
781658362622738436 
2494447854 
255903781 
1499497501 
3281742745 
2372172193 
2751645934 
416802096 
196248766 
3251042167 
815704938 
114581124 
2171605216 
2751289161 
1928423197 
624874110 
255069267 
2597922365 
4500998914 
807529664117874688 
2293394766 
4259401274 
1216421071 
1115218028 
4541278821 
2912300117 
318081484 
2800568580 
777364009183948800 
3205600481 
756704757704777728 
742774406573752321 
320213386 
30258165 
796083737452834817 
3713162899 
3007658672 
577551637 
746609616 
2931536226 
2705235376 
2994782830 
3073817619 
59666354 
2421481616 
2482761334 
549770118 
841099128541216769 
796194679 
1017897006 
2611152943 
3185625966 
830451289330970628 
232600285 
2935613839 
3837333195 
2900015985 
2809683715 
3183655738 
93474105 
585023531 
1385426010 
2487251507 
609301773 
2959473004 
552988802 
4798006462 
3094577460 
103961618 
1593475194 
893705772 
4914002368 
423087854 
1652896159 
703210103114178561 
486917283 
171335396 
3260578218 
3577830508 
2212923043 
1548603264 
2153313153 
803425976248057857 
760454486385123328 
1603816099 
256247432 
4634315594 
2346238129 
2334281605 
594232809 
471483654 
2262686890 
1483721390 
255828723 
350454315 
2319784891 
2874532780 
3710015475 
320949719 
765022977163309057 
759580406257549312 
3324121488 
2600214842 
1474615892 
3080424028 
718889486248116224 
2531926108 
1110506316 
787816505492639745 
803717118 
2230820987 
1702204568 
744396770931728384 
2197144360 
1498258579 
2596104988 
149726479 
919800638 
713343932868988928 
381506198 
2881937206 
3327172604 
3784013661 
834895542631161856 
403693787 
276732757 
2774484938 
1957126237 
834798945259880450 
344830487 
2855346821 
568898358 
581414608 
1420154107 
706495941973512192 
4275314091 
114155745 
826856759528738832 
842556992 
246957269 
290222892 
834608654946938880 
752537443635699713 
4003966413 
741547255111421953 
795886020873031680 
3242632170 
156643154 
2444103860 
48426411 
61431552 
498828188 
728794976440569856 
3783254173 
1228728139 
1571909964 
721396110552612864 
158106295 
3984175510 
2499818346 
2842921801 
722213091568721923 
146717724 
714966610465796096 
2293786398 
347688896 
33105445 
3000389446 
471591337 
794449170727718912 
2405815708 
2317713570 
790397822575280128 
1368133412 
492743177 
1225956260 
2915664973 
3043417793 
1041551503 
721877505527848960 
552069993 
2238280554 
18122824 
1223114845 
760259769714311168 
2190831840 
817556750391975936 
327730359 
174327603 
784221653110779904 
593261665 
2863266031 
3396369423 
2596935362 
2521717218 
467914000 
18870004 
1535437040 
4617207565 
553857617 
2860157700 
1651776018 
3139434344 
2370777823 
2764986598 
388137386 
2197006796 
348236014 
806950815030071296 
814481347 
2606433272 
2185882760 
3844337584 
760288167098404864 
3526868357 
2523034639 
735858070337818624 
1483257594 
2534879005 
1124997427 
3330153201 
471042290 
455470454 
711025925 
3476896156 
4728319463 
783762620360916992 
721107576411193344 
2265332331 
3687841220 
2530039148 
3547245263 
619247815 
808040455082491907 
1606792730 
2319561697 
4638331208 
3048655019 
713838379 
1355752616 
1072530390 
3372548177 
2203759250 
729683172158382081 
717487117941751808 
2340242823 
612206740 
3428355562 
2355735636 
781324497827819520 
1434315056 
2985314145 
1444594266 
465968314 
139265907 
2687935094 
585549005 
2789606988 
196479138 
1869126115 
4301547914 
3722628315 
3145925015 
211530135 
1708875427 
2768061640 
2383097222 
496124582 
1555431373 
765391525484240897 
2571201450 
359054768 
747746050945884160 
365418030 
2984709171 
542589271 
815979494179799041 
356103390 
300405791 
137365722 
598900416 
1355643030 
275428583 
743162560950636544 
2995354994 
500767004 
1422282486 
293732440 
713916894655483905 
1056538976 
1408686980 
4480728980 
2223018540 
793154294585315328 
319562111 
54381931 
1615186608 
3047006209 
3456605293 
1600035122 
793292792302866432 
2971340714 
3226233431 
2501796552 
51651628 
4475787320 
2188246483 
717023729067364353 
634449087 
905178018 
505260598 
97106427 
307746705 
298874886 
2501621888 
2713278991 
2493763969 
2887994575 
802241683 
3024693523 
260882792 
2796881783 
4419549862 
151284002 
114071127 
2177155674 
583696920 
245664043 
4766900847 
2431314852 
428778676 
793571111413882880 
815169390001856512 
900692306 
774760645501648897 
524041681 
547398765 
2992229310 
745101137687117824 
1880733276 
1428934940 
702088131919523840 
4718873413 
308833609 
2883285375 
803591429129793536 
801421579 
850062175 
2431991694 
762314914908078080 
560646460 
810589543757967361 
2228543089 
3177064650 
572410097 
2847047004 
606800533 
2532379746 
2602859901 
395932539 
316298366 
1714465446 
3882906912 
4731871100 
435548173 
2863221172 
275266452 
4765084098 
1476685548 
549930220 
2848998339 
2830524240 
361735889 
100167679 
514757784 
1383116546 
1242779106 
1129304755 
728331709553508352 
832912677634719745 
139348073 
4880350231 
170179433 
344618986 
620864208 
50477400 
297794767 
763988638828859396 
86956691 
756854730635096064 
412777926 
338933520 
470088756 
3359465194 
344904075 
1330428504 
599339870 
304116027 
799517816 
531357798 
174169698 
222423887 
1465845872 
420473658 
763604244284837888 
256665321 
302407549 
2435323428 
705469707302797312 
705063909 
2159507143 
3151050625 
577947020 
563636205 
162323524 
3823674738 
4727714783 
312618139 
3293041295 
914762168 
165386038 
231528574 
499700211 
53895229 
740577416431575041 
838932361 
993262352 
394569949 
1607445793 
1229999040 
633840351 
2888018440 
2803032224 
218385758 
1918029444 
829911859167973376 
2631574300 
2835120973 
580797868 
43677537 
1499702077 
1075883756 
745573834661761024 
237669060 
445979036 
462462559 
270476825 
445177720 
1712655360 
2823219893 
2783987436 
748356702035128320 
4004398460 
824636676962078720 
626793535 
567956707 
2408343037 
267608917 
3248231246 
39987702 
284949232 
1242797060 
253440239 
204707650 
1099457934 
1010949510 
786299196836044801 
3571350196 
3918469872 
549569227 
375886351 
4709296646 
2908834462 
295708325 
212560973 
96198869 
629959494 
3131086790 
143103316 
713425448701599744 
769949360411017216 
249044997 
785773246624829441 
54772813 
176410030 
545692383 
1916366166 
252809030 
1678116074 
2318574744 
532464006 
1901649097 
30411318 
458940151 
268747623 
1538054286 
2241206400 
3405917861 
1409115314 
2397263843 
2302748995 
444327835 
2316172790 
1879794871 
411165923 
135099930 
624490998 
963265452 
98209672 
203194872 
743472454505422848 
2490480453 
395786021 
1594514048 
743505334359179265 
614500041 
503910409 
2562079779 
243352990 
1887914714 
121237705 
3303763789 
1078426646 
2645420772 
1136043768 
975103952 
767524205692788739 
3246178712 
2957407142 
2515467923 
1256081455 
2440946018 
766324804030963712 
2407371844 
3637693936 
840893226 
748836389148590080 
2379357588 
363236010 
1125081720 
1621042537 
879185611 
3030820444 
761008224288079872 
492833773 
3456847035 
302428298 
2774508470 
2824996755 
1316451758 
2298250960 
96841685 
341234725 
519619944 
362722862 
732171151 
2618196158 
427955566 
778974000097685504 
713054303 
2652262140 
537688370 
3411009074 
711436239707066368 
310650774 
193652740 
4726690360 
3302643992 
715299555 
152807413 
78290695 
2225318078 
705166134690103296 
309095656 
900928706 
716850447928074240 
1646257226 
2480353198 
420343775 
269126145 
603507406 
738255075252928512 
2725962351 
2355500743 
3107942982 
532695135 
3244195183 
2954199199 
441465796 
239624309 
1453180250 
327225628 
244828963 
4410637885 
420353018 
2800952497 
2655725263 
826936523996147712 
1642680594 
47928322 
619800145 
2204645107 
202365585 
427190907 
2834293124 
481815185 
495569881 
133697399 
256336267 
2539392479 
1488218214 
741195948701810688 
781668780 
792948270980923392 
1214208618 
333927425 
4540547293 
2584229995 
3139751544 
85049828 
3240140400 
782964873819000833 
428307477 
458333777 
1218981667 
165298974 
736841251664732161 
392404463 
3159674377 
2589700548 
3114143886 
894225643 
3299196680 
67563011 
2806478424 
893226960 
236194712 
1427373871 
708824489996451841 
2951308298 
582367351 
4503691890 
828294947933679616 
2311803486 
813286131194179585 
2222185038 
2371277953 
1095576560 
259059077 
433418759 
4197790769 
2785698504 
1078288614 
2413210141 
2920756014 
809079905698754560 
2988262235 
2567170009 
803647968532307968 
176726728 
578851989 
258408000 
853471333 
2273619829 
832819852561690624 
93630591 
717708478081466368 
2524549691 
2323237915 
735679672386621442 
961112912 
350016473 
2995559250 
3873990612 
2233100036 
41107729 
481770901 
210398868 
824953093 
3233057898 
797230129 
2337384066 
1458362052 
563361665 
1327973966 
1252823275 
2753512319 
2685707280 
2649535326 
292202752 
706633060176031744 
2521711890 
737780015358693376 
232719658 
4218926893 
4432156096 
2595311810 
2382167304 
3026386194 
748201573 
490048300 
28047473 
490846930 
62800406 
548879067 
292369307 
2597628804 
2549565134 
1228712600 
805054628907712512 
981894266 
1678055090 
2786424076 
329863099 
1039722553 
2852649482 
741687560099926017 
888536420 
37278315 
888402654 
279184904 
1126250737 
1204739198 
1615046970 
322966599 
924522104 
2468284483 
414694997 
461373160 
255409260 
2391750391 
413899950 
588384870 
83310399 
3034635182 
2585001367 
264362111 
165323090 
1049866160 
3515768361 
829400857305292800 
368737303 
332878526 
92413467 
701382842031296512 
787474406 
608136852 
2200036097 
154041350 
374492928 
188803573 
375569897 
804171053970796545 
448997953 
2211683335 
56299901 
158425193 
779084696 
440639602 
294709337 
3724333152 
2433522535 
3286958858 
461999456 
253808329 
101150644 
809521810568003584 
1935914496 
117024582 
2174588404 
346007196 
2958969085 
81063735 
2500767284 
1113514182 
587531525 
805015711189856256 
765123160396005376 
4157712804 
570649647 
2464222711 
2984982069 
2282951989 
507397392 
1631523888 
3797136024 
1043702749 
76092349 
2404052367 
503215338 
2986079333 
727096883777142784 
2904026738 
329036048 
102913189 
2952234293 
2938881542 
3301017456 
796830599226925056 
3171221106 
351848997 
859313952 
707301731491848192 
2255691300 
251480411 
2316790876 
2424634855 
798780317775466496 
350639009 
785382446 
3384066843 
703448678514728961 
277902270 
2720406032 
3181924741 
2862598362 
3001389029 
1610289536 
2530066004 
2265487358 
805650858667032576 
617833775 
3346693727 
54122798 
1042764138 
2882102307 
2886579511 
3613067113 
2970861099 
110028940 
403872521 
2858650981 
125681769 
454940182 
2648702144 
455265667 
189271261 
732897403032997889 
922212510 
3492393792 
581910039 
415056821 
806740547972919296 
2780070312 
2908534694 
3538360993 
11671992 
2242622886 
331297100 
2854903044 
2281366938 
2529124513 
751834331954503681 
433101847 
2274767407 
716739492313374720 
2212273405 
704332964390424577 
143633622 
3196313721 
565536388 
752609668569202689 
963939366 
325765518 
731138827650109440 
810176267790221313 
702792980 
430539264 
279930979 
3517681940 
1950654986 
411380788 
745880791 
599990120 
110315580 
524455513 
145261411 
554806058 
2279508445 
1118383939 
2354186270 
626095450 
1090797980 
103853936 
997881577 
2183805183 
2418214232 
627022844 
1716344946 
302388112 
379551665 
127777709 
164944257 
919044746 
120442477 
398607486 
300559682 
2455653729 
2409784032 
83473013 
138704193 
2423870830 
1368341732 
551291975 
2745031143 
556969265 
2221142852 
296626084 
895819027 
2476352642 
2297847287 
361779525 
2235883147 
1319906676 
1954014162 
466319451 
355622688 
1666359548 
2189256565 
2673723296 
734363082 
155144895 
53027332 
957453564 
864439398 
1540324782 
187893538 
600986303 
136118230 
2501968351 
350135271 
44618413 
732432704 
1353764336 
308945133 
392373096 
47936715 
27858450 
2728701452 
412093645 
291602554 
30445484 
2406671574 
894789720 
2447607288 
1962874430 
1321218589 
2368735088 
1973937805 
2750938489 
2470190470 
1488358734 
37639086 
1219361209 
573925362 
1889528988 
46769535 
124623031 
2774567111 
2817035880 
1762692012 
1004055722 
1546234484 
387628943 
1480598196 
2179332719 
392477702 
1365058632 
892169510 
2441475877 
402905904 
411768689 
389145424 
1606825603 
233669478 
2174538722 
2365822418 
609578844 
55806562 
111663849 
140804628 
1326343436 
514981164 
2414017724 
240890898 
27544566 
2817239748 
450595818 
1715256121 
385646805 
587986739 
2201720640 
950520133 
713656848 
618136440 
1398627450 
413664855 
325014066 
156627015 
27174672 
1730620940 
582733596 
381323591 
420005136 
321874345 
2494826943 
2774074253 
2817509510 
2728983897 
1908609146 
93300439 
952990105 
806016419276025857 
468649029 
4895058506 
805788569004482560 
1879215306 
219582446 
54111581 
3036057518 
792038351872327680 
150243893 
299840552 
3073217435 
536586272 
164245610 
2955812734 
794842461898055681 
3310588162 
290880411 
987970447 
628108906 
748494274778402816 
30786943 
456180073 
576149336 
306686933 
769277032102502401 
268388649 
780930998 
1441560438 
129274086 
762090277393891329 
1329785762 
1256791188 
3055840186 
2848890523 
400363478 
34875528 
55132947 
3237156146 
3139000961 
2216665722 
2295269172 
2925521810 
88925839 
212325574 
775716552616259588 
213994000 
146686873 
2934755352 
248579909 
224455131 
714081245974519808 
1272786235 
551372122 
400594106 
2329385868 
31930129 
2323406840 
2277642134 
1638314448 
313827210 
1009729831 
3139166989 
767926122126438400 
781594576528084992 
2458705140 
514558758 
1534608822 
717160642906497025 
2248905058 
2977474744 
377501640 
1356498270 
2821327196 
1895402905 
773875348358463488 
794427290784395265 
262295249 
184462063 
3240771953 
470391670 
1092020292 
2818448730 
802879716235608064 
4602263960 
3213084622 
702337588565139456 
4606195396 
287989747 
171499368 
3142926506 
2990961310 
1348191086 
3273982184 
860918444 
705671769483563008 
2383676760 
806421487091675136 
1248913736 
2890309310 
2697005301 
760402538935881728 
2261663358 
2763580751 
738395000 
3014040974 
1323534150 
187015316 
2870873445 
3240050582 
3723384095 
804025115155382272 
799011046807605248 
3124465601 
841699284 
242030156 
764449719158472704 
1029551695 
944864310 
2295386474 
2776959337 
332952574 
378754446 
479829713 
378148303 
1631752112 
318452370 
740770050 
400095060 
512543044 
731043540 
1694024263 
2776955920 
130253362 
1112946716 
336184955 
705475932 
1496982774 
1059110852 
2287642812 
572615592 
2778258566 
2361631237 
2430970197 
2664267485 
477261646 
1654163533 
2806640486 
2763726150 
2245044200 
2737470177 
2666904311 
831978907 
1061536676 
2258522803 
618780367 
706864422 
2226468260 
68540569 
2323149858 
2339769948 
2773918851 
99230499 
713021479 
1541454559 
1077267860 
1849781492 
2402381671 
248068093 
840500238 
636645365 
1819197404 
1961604116 
236476304 
265832785 
2450878369 
708281666 
1565453959 
148908750 
593206959 
1029680616 
2258222874 
357443598 
1453558658 
369256315 
282625388 
170611083 
2393860722 
480895144 
1537574107 
153658469 
154003056 
1034091390 
340502935 
365631245 
1896478230 
193633498 
580798657 
381956279 
620931315 
1008537794 
125133117 
799432266 
150269318 
1567036184 
498367885 
265823493 
2211190208 
521046870 
445871557 
2456240036 
1702877996 
2427875671 
1005423607 
2309252040 
1624621662 
2764085267 
1478902986 
2752854185 
524814136 
339974483 
1165274995 
2379817682 
2592698810 
542287163 
2472349752 
250947199 
621277815 
2204127868 
299990221 
2740963127 
1413850848 
1534211706 
490522289 
2208021564 
302772306 
745572614 
2166982378 
2564214320 
37930493 
234264024 
872563873 
2539319559 
2347173864 
2348231054 
1034128382 
2896410665 
3063857498 
2363816671 
2991648000 
354995793 
472514823 
2192792668 
399904397 
241973872 
30663012 
353543921 
2942239926 
2880445298 
102574819 
2204014058 
1652675708 
195580202 
1247251200 
3562218436 
804518416795189250 
804392003832147968 
804229731507929089 
804543502566785025 
772463071184818176 
804545756900261888 
3306910770 
804546932903395328 
2732173763 
772821739638099968 
496456749 
3941779334 
700941258 
1261711940 
771837970504568833 
2956513058 
2234654177 
2341972242 
2780597866 
2783224157 
2372975796 
1321389306 
2930067438 
239256330 
415875062 
3469595799 
203959103 
300795370 
2265541064 
456076897 
1369771674 
625078269 
535278515 
1489057639 
362933424 
706703161134682114 
30074270 
871668324 
2915995286 
349592359 
2546330405 
4851301756 
593503255 
965739174 
2397975883 
790588782055596032 
350295940 
66177974 
1098997184 
294070334 
1094530878 
142015549 
3258755588 
4847472323 
528628863 
798137467283079168 
1167474907 
905328458 
3392095750 
634204199 
250112714 
2985182113 
3325052389 
395183646 
3148887739 
608962342 
2560400676 
3856789214 
2739523917 
2255017932 
798233252 
1056630984 
3305485099 
1188767324 
220335688 
596103818 
541779609 
4910087108 
858088602 
344387978 
2344316976 
2384507020 
535349504 
2715424879 
4905939672 
778726821852438528 
2245722722 
771810368280604672 
985536906 
1406923454 
702519590 
3554573114 
2669667737 
405351661 
1032153727 
2293808672 
803743454190858240 
3572620399 
2500891846 
1446592454 
723528525379174401 
799313786 
434988582 
262987606 
2762820746 
1118615257 
559473120 
729912512280399873 
328333290 
3251386849 
2788937802 
2908363826 
4496863276 
986030113 
305303709 
4448145914 
2708274528 
2476048003 
4412949435 
706745064991563776 
3293676756 
167033224 
787696949210128384 
626014465 
2255307062 
604443401 
740790040566083584 
3273741896 
3313080752 
3345811431 
1245039816 
4657126363 
2579758711 
3149365012 
786189017729466373 
2909364246 
941739931 
580821957 
1486574474 
184968323 
1371157411 
2989012420 
3009895800 
759973936683548672 
1405370462 
415566540 
748016653280100356 
466957041 
1267797350 
1268148193 
739354268 
54309986 
325832260 
2890097812 
168008592 
826381896 
1168904948 
236076211 
3635724500 
795610140527312897 
701613430382338052 
379579718 
2469547662 
2486684756 
716720414819377153 
2259435254 
2677423274 
1907772446 
54559676 
1000055618 
947473862 
4543072992 
732947507945349121 
1559319566 
765075638747275264 
775862134668341248 
308696853 
246790128 
385859579 
793119764419719168 
1730411828 
40113540 
259608135 
2310694891 
125298254 
533882937 
313999635 
2324871774 
700297288439111681 
1453183045 
555555130 
722290875091533824 
3210818272 
1063935512 
2297528473 
4556970860 
2467988104 
725072355282829316 
990656479 
1956150157 
3934839014 
496774812 
3325342033 
2608946946 
2923054112 
429449777 
1607319120 
2229562994 
2250087182 
1294059764 
1249390578 
731491559217057793 
2999290623 
1415920538 
120532998 
260321929 
828262022 
149852712 
933574778 
3092964211 
3919620372 
2901377736 
566740115 
2206208556 
325383054 
113897103 
800720308994871296 
774903755535814656 
444353776 
790899512 
138007231 
534823202 
619489844 
74003942 
2293964946 
1881272370 
3190233973 
4080611773 
605411219 
589841886 
110656598 
1187221327 
3273768740 
1314168270 
2234915703 
4387387415 
2905699256 
717439028157517824 
138341830 
826381327 
2336037972 
1008356414 
490141911 
18433876 
732764844143874048 
3227867869 
719355453730213889 
3139126566 
3151830684 
3185094412 
4721817768 
721051891 
69992616 
531418217 
3226074139 
625272262 
636264254 
39889214 
227887009 
730177278 
363394570 
420041380 
1164822914 
65972066 
893769438 
477459783 
2340022822 
980530417 
4689214856 
2634530976 
3777466593 
2301855306 
784025084 
1015206620 
3000944137 
1597513406 
2753858808 
470658360 
1619482549 
1187379823 
772529845460885504 
2187478951 
558451341 
776649890 
120431722 
3938986816 
953621617 
851838462 
3311827902 
2526352472 
2945779681 
3119102232 
2613002084 
4803724586 
4842278240 
528669687 
154938856 
1307587213 
1570830512 
2582956310 
2211020562 
449731297 
3107076552 
1126834753 
1348093291 
838523689 
1690334785 
436100656 
24009377 
245263739 
269841195 
363786932 
1623867752 
391941695 
622909999 
406654010 
2796543526 
1265986189 
1423623697 
577804221 
440814355 
3310163419 
349495173 
626267088 
737259620196978688 
502137914 
3347013491 
302207641 
94755948 
2796935205 
1115856553 
401873012 
1053519362 
3145745491 
3143086027 
711068136834002944 
4064077048 
463347921 
370084791 
3304791224 
61333548 
3857546293 
1456196888 
3380421496 
526278757 
139423014 
108550790 
771184361530011648 
3199892295 
1351857516 
2370561408 
2921957742 
1564148179 
1396790917 
2556796420 
66950644 
25914615 
60223659 
1022405240 
2504909123 
449520926 
429518364 
2392832118 
793841588573237252 
112037820 
519999543 
411589663 
3008000552 
725912638299852800 
2329248426 
443850476 
2523846236 
919449798 
535094152 
725207132652498944 
2888098220 
344585239 
2413646786 
743510058 
15492756 
593973601 
1617812076 
938234186 
35350553 
88034811 
761915511546359810 
282849621 
101468091 
442016428 
711884608195788800 
503417412 
1682296242 
89904781 
759462981994328064 
265790316 
720143137436360704 
1480374674 
4020438612 
1374141631 
1139920614 
2219233550 
2617077494 
111060398 
420121335 
1281049861 
491178668 
38804590 
114386031 
3066256860 
783435437453041664 
4694157145 
3169982293 
552310169 
262347368 
2907293348 
732777275662290944 
786931414348525568 
930096620 
1644568226 
781734328464183296 
1730507076 
170040267 
1281639476 
52424364 
63828491 
40012056 
774203721274183680 
726327074 
1258425600 
2515214211 
727422308701216768 
3491112972 
588626366 
2164229017 
1013692921 
735839559867469825 
549310858 
3428051778 
124369760 
1355790847 
116721799 
363588244 
305499432 
743560351887798276 
446237822 
2235571207 
751718326519230464 
733527901845364736 
740030497334558722 
337476069 
313771253 
402033067 
2315702214 
1056760615 
3323955974 
40970263 
763301775562518528 
485168925 
3301879968 
217365458 
789086166733598720 
1268555796 
750185084838260740 
391308837 
764311251497254912 
3133533792 
3317353188 
1682974123 
733258871549005825 
798397405 
256741476 
267032128 
497107848 
314992655 
354083658 
2859949084 
346688823 
1482649117 
70569174 
4521084082 
498782094 
2416330982 
506886346 
396821702 
790771261416890368 
418553197 
1683071150 
1287160747 
1344541220 
1659817392 
1492073857 
705995118 
2544645186 
1360085552 
436026239 
761597923 
51718683 
784276408965083169 
268042333 
3240581024 
381231066 
2570795844 
3855699312 
337707988 
582384470 
548415074 
708283257683443713 
136202727 
1653427670 
359056562 
2892436023 
257723109 
2258239069 
2355830222 
244633553 
775547067540213760 
2992490112 
272433404 
1160095633 
612500987 
1544209932 
2267399103 
773680029079339009 
852225212 
786171193766256640 
4880223862 
2649226545 
779870570989047809 
722144107666100224 
4015025480 
2319974670 
1711409719 
2806361753 
4302235758 
2281479860 
1540518097 
2432881652 
490263663 
3174530578 
1897834460 
3015362645 
1610176050 
496764343 
300662540 
1364834587 
2945854386 
748350258963320834 
735034520 
758216790384271360 
744029941260484608 
2794110768 
302554165 
3653196495 
548468430 
893814062 
717489947213627392 
724286107735740417 
2644419374 
2837511571 
1756046424 
910737858 
2848018896 
238783286 
716950405 
50027436 
749778847264940032 
723749982059302912 
2298213279 
3239673571 
2878820898 
4592426116 
252462197 
2295468194 
3468690202 
893536140 
740778961672757248 
3434082194 
4116947952 
256766676 
2778449962 
262415141 
2407592065 
2427069409 
751804932 
707432964666302465 
2526757882 
765493766622814208 
4617030854 
503483939 
2185437227 
243059325 
2332726241 
536063436 
795362460 
4199316700 
533980111 
3146786335 
1483908253 
3025115716 
2861200646 
374514689 
1349576934 
1016928781 
1877989284 
3389347655 
269176498 
418804356 
3283770594 
288701062 
3280937130 
2376482090 
3228282253 
3180094728 
3254780270 
790602922287570944 
4388327727 
2876948005 
584478743 
536784244 
2372899008 
439196703 
3077698836 
2771877658 
2183349343 
1118362280 
616012479 
967946796 
3241348574 
1695049854 
1053499680 
744960709834878978 
979585123 
363062434 
637207364 
3041035792 
990300188 
2457307230 
1957238730 
2805801914 
375742297 
2840628709 
620575444 
380488488 
4172997194 
1423655636 
1252208862 
81190248 
625200569 
736122377742913536 
2795146891 
4150057820 
623217211 
723191306076315649 
787446115813634048 
432989523 
630547760 
2363546280 
636633510 
2345975917 
3032048196 
755038324276854784 
762764861851865089 
4801436658 
89917501 
3075894530 
2454669930 
2654910354 
1333375764 
714588344315953158 
737770794 
2891513312 
791502781 
1676478398 
3730444997 
3481437503 
1447277570 
2775883879 
167512144 
2153256133 
1661560200 
597115800 
429540536 
785894226 
576187634 
2281475101 
2847255816 
2277129258 
763630152391593984 
811137884 
2911437145 
439383133 
601229487 
4544134632 
832912436 
767599365732995072 
719657683 
622390847 
3918446352 
786324068 
450802132 
159529070 
544136231 
1921338302 
2995370286 
1540354556 
520350890 
2306803350 
617826605 
752839877939564545 
762928828154990592 
368039812 
1349841122 
757870349438496768 
610063126 
1873979670 
2732667118 
1146030152 
3254900545 
708744600 
745969746026205190 
1583731298 
1654683091 
227680216 
1650800910 
767851417411264512 
230964919 
25613909 
3190361924 
1597064017 
2342436016 
596659477 
3271402256 
3068661865 
391144185 
2869213780 
2332484256 
498523775 
2224092457 
2502174176 
2469215006 
3374901707 
635625021 
3238525411 
4359429194 
3168060118 
2250487244 
526832155 
2448059035 
1934877001 
2805113154 
2861084323 
2352342026 
1372134810 
807983346 
2314651382 
767967061830045696 
436708180 
540557700 
1559463962 
481213030 
951305640 
568687953 
1581474588 
862532880 
3162856975 
1061936948 
609414556 
2882983161 
75615233 
1909605385 
4802823018 
190094788 
262968453 
785344019073302530 
1927267801 
4699660704 
3730967053 
2950294535 
2875489490 
1317899905 
719596248886415361 
566536985 
841045021 
4580076500 
722557763100942336 
1433986476 
1957390874 
2256095246 
3195738128 
439570378 
635099182 
2491504213 
766273736 
2760259703 
453269874 
903828404 
443367888 
2940279843 
717890222 
489343569 
4771007869 
70318477 
344754449 
1887838080 
91485886 
1094777924 
2489048569 
370117057 
23621337 
909406988 
61003112 
260233285 
73529386 
773402839 
2721378617 
1347845113 
259855077 
99996817 
1265274186 
366960127 
2490491384 
630162680 
534531634 
2764761501 
704801926 
172228020 
2511906699 
1708517214 
545921123 
2468471207 
399046463 
2306450745 
454338887 
2727920017 
307595805 
2468163752 
1784451846 
390276279 
1318681568 
2588609034 
2334800466 
1265437862 
2596928576 
1346965476 
621310545 
355330023 
1135950578 
358353274 
387215353 
400838582 
895722548 
216245850 
1609378976 
716328888 
291926901 
2558468022 
53185644 
1327339832 
593022189 
2828996797 
2591160990 
2484600370 
584258718 
2704569300 
2782004782 
1887898141 
2297090766 
489499087 
1608283543 
602914892 
596306451 
448188566 
2780807835 
2723321765 
2778592529 
2452969917 
225153833 
1043776794 
1974365065 
2249610668 
2766030377 
1167622764 
1543077654 
1158643052 
121080165 
2763671976 
2709847927 
612478152 
1684873944 
608253190 
838331730 
1428564956 
2455099401 
1679199878 
204406330 
521924395 
278849403 
2391447696 
2727480904 
985341054 
1541597438 
555639511 
567608200 
2811303170 
59982860 
594171094 
473205993 
2356683865 
2581014229 
970651388 
1386158424 
338481940 
50870925 
2240280786 
355910828 
1392889622 
1556067842 
38767993 
1165343082 
1518860454 
2333915994 
2801496608 
1862520498 
258521281 
371846778 
1055771173 
866293560 
1385843306 
2349503796 
108079270 
2573695550 
744635264 
2657338512 
437646175 
2309268182 
389232516 
420975958 
168678357 
948006421 
600587447 
2191633003 
2272732453 
234689017 
862324657 
2823532921 
67902788 
446976470 
439706189 
982021664 
2782484667 
555612157 
2480553945 
1475834604 
402654447 
379572289 
2319175430 
538789364 
546921247 
1667565426 
244484126 
1303570075 
325064918 
605974931 
913615776 
1122024307 
416018345 
2194068128 
192073923 
2526003004 
1375696764 
80137166 
2187165378 
2798830008 
855694920 
3304885045 
771423457716211712 
2172148925 
761419788 
842974202 
301474985 
2372405474 
633445284 
463015466 
594112576 
2934551287 
1130814560 
2250665453 
781291394673602561 
187297378 
434857890 
3626005336 
1113222860 
242946671 
590643557 
756684892742836224 
4442410425 
975056040 
550865945 
2226210616 
1733444816 
736984387917611008 
367462622 
631491185 
737799240 
399730573 
2957783528 
1860562615 
348064408 
2463178872 
2938166650 
2328960536 
1578687517 
1617775057 
1599923676 
54974336 
4890209835 
2249106464 
256240658 
196394539 
380836288 
2324806576 
227571242 
3416030714 
2289826805 
1556298044 
210562191 
1006216878 
568582929 
391052193 
631025449 
390142718 
127205085 
553981086 
479991725 
733048886344974336 
35375829 
975053678 
783720212092903425 
424947225 
1023219583 
2599669501 
390491042 
2395966498 
3139131564 
732862519098802176 
59458445 
57414945 
799383060 
541277772 
1643355002 
2778314416 
2226770618 
1888013232 
164406212 
384029422 
513316657 
612117297 
156140462 
554574728 
2677394602 
551523279 
471237401 
766863566 
169734700 
1562089502 
426041943 
447591170 
343073783 
1087674356 
824145996 
47545794 
388331157 
2610050698 
1195817832 
2819184229 
55712426 
349831579 
484058007 
604110944 
729850339 
559201163 
2826610734 
2262405852 
1170457952 
2699006976 
735207547 
1077495968 
103044351 
320527818 
399181290 
446544655 
727391077 
2584539883 
922262749 
14834291 
2714072109 
24079694 
431396615 
2770400687 
892104344 
1922006029 
144661278 
164095960 
2711159126 
1323853952 
2352755671 
376497556 
1052467022 
1474980330 
383087403 
2186011626 
417156353 
170123228 
493744752 
115188177 
1045138322 
956811530 
1972653913 
588780165 
92738181 
423186696 
1305931766 
1293241074 
2237825304 
2822179610 
1401972812 
1210579476 
2791982971 
70230549 
1343602352 
2824509391 
2827769599 
597669449 
310353845 
477420870 
360053215 
345745451 
576259426 
838420538 
2582603280 
2446256319 
895387380 
442371373 
346057994 
451184015 
513277322 
520161762 
2663733760 
778022240 
2455992192 
2393585044 
2417808005 
388443213 
700871891 
583211759 
250583649 
233287768 
630697872 
114221632 
2624032721 
1880884686 
479233268 
178907099 
2320256963 
446428634 
747797108 
448677296 
370186286 
1521540547 
93083709 
478931699 
232951014 
152724682 
1012341960 
518086591 
553502272 
571506939 
300651092 
428831875 
1316137723 
350100410 
84843465 
599072621 
1427626758 
86655131 
802409923 
567115287 
736313456 
2308249355 
254421631 
2807590308 
1208896375 
2223543540 
2266526120 
2756345939 
499402525 
261074260 
134634995 
379719491 
616976742 
1426753136 
935335315 
2827542115 
130561904 
2393964725 
206268790 
595028619 
2755336263 
127958807 
385993046 
866710770 
1544065081 
462469838 
46636604 
2245858205 
417570068 
618381619 
47511753 
743828816 
708259826 
427711171 
28304918 
2731969599 
2225492318 
2332980688 
753987950 
2427784430 
1075847510 
2796169454 
725988337 
2198447178 
1972878097 
1363054819 
1902316813 
2756652821 
346527683 
321796367 
556505316 
732388357 
811732266 
35714431 
2281179522 
2198275354 
259011797 
2156768750 
410849452 
601248482 
601203867 
302355519 
284577296 
1807653913 
1021500048 
283622938 
2257454478 
404127951 
304435544 
1649013048 
282382568 
270076462 
1103043745 
1045846880 
414010945 
26116974 
391262426 
325537875 
2591596915 
177906205 
1048060082 
170162310 
151753376 
2767428680 
1951952431 
224132807 
961686996 
2498383650 
622772236 
2373398784 
1513533756 
36261549 
278912315 
1476603697 
2161719614 
2768512970 
904404324 
2575635698 
1681896662 
553673817 
449679302 
40908929 
215678212 
1366586869 
2466091146 
457218360 
925592232 
1299651000 
2429269758 
2202795331 
28129877 
36883878 
2685647801 
2833377570 
277694879 
72073583 
1190908932 
2300673518 
717058734 
1679656754 
390279025 
91548436 
412974149 
1471816248 
2210626908 
336148537 
596314259 
2223473563 
2360364541 
948921680 
483543107 
2366321665 
604219211 
528483289 
2783152816 
2479284812 
1087875103 
1539793783 
345272416 
568673105 
1505966780 
2177544882 
379770142 
2832212546 
1693598190 
736491890 
2349611487 
72735433 
2598542544 
711637910 
212435405 
453712981 
1253925566 
508130434 
522867785 
2536662733 
403077357 
45179367 
1081420662 
2298000108 
2454179353 
433796192 
321709967 
521920318 
553615234 
1371544963 
64163264 
577648552 
221001079 
322597449 
1958059706 
25775123 
2831437452 
61751627 
2549352295 
551616136 
242288337 
46433189 
1232454745 
1062417636 
189240906 
2714439008 
1701695690 
2596178527 
112073629 
1086943976 
775659289 
296366077 
2391081906 
408414016 
1955829571 
220275996 
329798812 
635130301 
311737806 
433311272 
898908266 
420342051 
2199952390 
349286515 
387768673 
2493001567 
1023928632 
142249118 
851352998 
570391862 
1152667268 
923825948 
426360291 
2310628122 
29177948 
2795029583 
118015201 
2190612160 
1034855478 
2229767738 
463137070 
2828983254 
171458458 
581392767 
349073430 
59975111 
1520465281 
1384689540 
78655998 
1468103605 
19911323 
2412643318 
37890897 
1723067346 
373057726 
1691088608 
379208090 
1855537160 
1142923796 
1189691420 
491904593 
239575305 
92605366 
1331751091 
1592149236 
361656026 
382810036 
400141563 
2762977007 
471061741 
2716917729 
1161979518 
2418025903 
290132488 
66201098 
2473709203 
272297344 
275277390 
497654252 
2742340234 
1077917629 
2344166564 
1544062045 
2165521486 
1322505998 
619969669 
590368403 
230624860 
37541071 
1002197870 
802111974 
28895505 
944974255 
184516054 
477867982 
1320398114 
2495034673 
1472661090 
1512008858 
2574199062 
760602031 
2705301198 
1613422494 
241248975 
2261286443 
188870643 
774718170 
28846912 
52520574 
707024563 
907183568 
448255026 
803257874 
1103971729 
2243826142 
2198218951 
1263533342 
1075043203 
506963629 
118967631 
2298267929 
1961743003 
344131046 
582374400 
336102530 
2490684665 
1401275240 
286301459 
451746262 
2506166612 
416766048 
552910206 
165647781 
418420284 
239938955 
2797533239 
2716322224 
326029038 
2735805551 
794931270 
2780293414 
1358190150 
603492724 
1542610526 
628417136 
2372400195 
512492858 
631575764 
97051604 
1137888956 
348644887 
367719807 
1053358016 
2481421761 
634301257 
716731129 
2792028743 
854801966 
267281651 
956949492 
537449878 
968000336 
15072299 
304474316 
335899073 
1210273082 
1889916012 
67052329 
971483702 
2521409700 
381701072 
2725100561 
2749842759 
2832468024 
268351053 
132900589 
462077359 
2827187804 
2753264091 
941560112 
477328429 
1403879442 
1235432858 
2270680873 
122834904 
566312316 
361833647 
49181125 
204752721 
1069593746 
367152983 
865010731 
2234490302 
170053836 
2182630932 
370377081 
351016142 
805703436 
99252611 
353629698 
2564089533 
148688659 
278475967 
480946229 
196513209 
940542794 
284142955 
160246902 
2534255629 
1227955543 
547658243 
90197771 
281674680 
457258819 
108953246 
416489468 
451958908 
217673746 
1379511619 
392873568 
86491271 
310468628 
636824574 
258982374 
96097717 
192780627 
701064018 
475443579 
302424610 
22259494 
2512802977 
275716126 
1673962232 
2222649558 
552768485 
2729770568 
560629229 
237471445 
159214943 
156504169 
795207362 
534509112 
2275034430 
604626536 
392223638 
1594930087 
64247484 
362281197 
741789168 
512642482 
1173474038 
536820055 
381060609 
518153142 
332868470 
1003004210 
313855038 
590415731 
479098610 
2316352686 
358873244 
2741754410 
60429759 
1513827068 
393102021 
47888988 
624492030 
2791322300 
2828918820 
2354429256 
97690590 
2567282166 
2219962971 
2790191020 
1229133218 
1927040443 
803738148 
1400498096 
998849646 
3059763393 
4843595114 
624902037 
3804030083 
720368645 
715262635445526528 
739368641553010688 
48271975 
773966066737348612 
1184738148 
752206074 
703273319093530624 
1651876537 
187611689 
3435659907 
1222999729 
104320883 
354055770 
2880770484 
239126878 
759927458615300096 
462302214 
2565907250 
3058645412 
3753616878 
2983484645 
496701188 
773379964427264000 
733549609 
3364692845 
164927577 
519124929 
224474149 
244661081 
759243544624263168 
2507456088 
2515475855 
3406034267 
890949091 
2697905175 
127368922 
53174592 
2745721461 
3261906613 
2759818983 
2928048294 
1202418301 
348028091 
3322912698 
324928459 
49996154 
3028975816 
229538011 
2740361716 
410343771 
2897937244 
406301682 
3097131799 
1319405714 
2523059828 
4810516939 
382365385 
1332693769 
1613737453 
769563816 
1512090270 
752911618384629760 
517800012 
2683619540 
2286920619 
3905050334 
540418913 
242433947 
928449734 
2915263327 
2515912251 
4925621532 
2782475117 
22558733 
4101199529 
48823883 
306439948 
2319056187 
2741057234 
2979245391 
3401576266 
4766161826 
304638737 
4042042514 
3283078663 
733852943049330689 
3085821415 
385088744 
2175007009 
695997438851706880 
2431272818 
2975417958 
436335438 
2201188115 
1553049390 
2967997704 
4649249717 
47656859 
2303975238 
417310582 
554673674 
765752008254984192 
2750694680 
4072463069 
4912424677 
4209351493 
376545093 
2531201374 
744765001 
3297767623 
733329393779679232 
711620942 
605964448 
1087282506 
410367071 
4002883092 
2203988396 
51276140 
93961344 
1126753124 
2757976467 
1460945844 
762393456 
2312927293 
2355611976 
371586740 
83143458 
1715977057 
1886321762 
1604969826 
76836356 
373731241 
1658056634 
770619030 
1040282173 
245081925 
2519418570 
281882672 
2574365554 
1380108416 
254951943 
112419655 
378180299 
1537855892 
877066436 
331461658 
977346697 
632258434 
70767031 
708253434 
1136163498 
294081739 
2371348381 
296785125 
1091109258 
63473333 
428807569 
412674799 
299723929 
463405654 
317384016 
2655389778 
404393894 
409002178 
1025171928 
787901634 
939874092 
46220486 
599656244 
27088784 
498679094 
2739542067 
497647097 
2312951125 
415319829 
1258484682 
1203038156 
52782364 
2245015524 
2767674636 
614882311 
741104936 
158031811 
808800012 
2485016153 
2313113894 
798866072 
546548392 
166389298 
95009602 
85035475 
464283693 
2648729771 
19227825 
549648018 
531309952 
1411371181 
320553117 
2448442487 
721435357 
706328010 
395332899 
2405147175 
741998760 
2749748409 
848438628 
752116158 
2291035982 
631124617 
87894986 
793164877 
1423781742 
1383767257 
2724951820 
538165809 
1658170243 
2259436706 
318853013 
749317501 
720289098 
442204194 
1631536159 
606793701 
501457480 
2778557671 
2259979549 
353209968 
1072414112 
2360242478 
613622012 
616141104 
868503547 
1221413864 
2424378584 
861202909 
2562369277 
1120802215 
956368663 
1033276832 
313967425 
808142851 
1138431606 
1099973450 
50258661 
636009695 
120114142 
1016302422 
1321945789 
635234396 
465024757 
105269847 
251012864 
713826009 
706803553 
2801006128 
1049536951 
455604335 
2345099522 
2431930001 
230373542 
1654414274 
2838380276 
242926980 
293713350 
1881458875 
1109797812 
2394042642 
2775330392 
397939371 
113546499 
147416796 
620926179 
2269764809 
2548545187 
1924750458 
285273404 
824557015 
487662268 
392343462 
471105701 
197593704 
2304824274 
593279749 
559917380 
2255002790 
2329416630 
1636647342 
897494912 
2374622160 
925878504 
585333588 
1885053349 
248810154 
521839228 
1164804883 
1431707822 
2504937354 
1641692736 
239440052 
236784410 
1037645388 
391130012 
406664466 
2759895694 
2752730613 
37290790 
17653783 
2944815054 
737806733360254977 
590066252 
459771393 
150246843 
4817361631 
632908838 
714389974695616512 
3311964838 
2943198957 
907048322 
1142833934 
750029915915948032 
701558046351228928 
776474837447348224 
1136308782 
4144730117 
168209920 
744496504862171136 
403271861 
290919462 
2642282242 
272094040 
1284151382 
962129588 
236925602 
106665935 
1952360587 
2788621505 
705768203927068672 
416642677 
1675492645 
16107109 
731734442 
242710880 
2492840958 
410350426 
702911040992858112 
362936715 
292536093 
2951318691 
121456248 
2450778037 
4515043361 
26966233 
3123035984 
49235467 
970921735 
3815052200 
726318620226146304 
137283447 
701832566 
81485219 
175638071 
2445662900 
347385815 
1036928184 
744275828 
515914160 
1641634825 
2741030744 
2203551619 
4821562558 
537949033 
483272197 
2984512248 
1176582606 
1155329556 
1200377611 
89464196 
1561145676 
710386823093047296 
3241106485 
1616828802 
378682359 
252755783 
4094726834 
551496081 
204316701 
55597589 
954006097 
600101789 
973975536 
1360596852 
3067373851 
91719161 
637048259 
283383242 
309620247 
142245941 
516563373 
416092808 
910997371 
909365173 
325035859 
1016453630 
237380726 
409950165 
471330807 
1043634686 
764025973515759616 
868165874 
2943334429 
2805977150 
407739932 
274040847 
1087413966 
1094008519 
562318537 
3259544694 
1173138397 
3225728990 
183163527 
767691126 
1148015107 
2587561351 
2360476230 
3951483682 
391831663 
398100398 
1013535103 
955488870 
727014289 
341059792 
272124281 
111465414 
122302074 
760351092928569344 
982664077 
763624249969913856 
1895290056 
299568957 
2397072434 
728887193440276480 
2847139738 
2852833657 
1025247938 
2309090132 
1931207880 
1537234788 
3235270230 
823113818 
630470709 
1463263866 
4236565152 
161651636 
2344327556 
1064522383 
709710121685790721 
4862270741 
1708518500 
543798155 
2716691536 
278183493 
565058214 
727104849746096128 
836218716 
228650411 
3003117575 
3149648047 
530854154 
571715737 
752679417609158656 
89816069 
2505805308 
123821289 
379080257 
772593745912967169 
2888173406 
450375903 
494707156 
1599922214 
3554969414 
552719496 
630585915 
634754886 
3960582016 
2326692802 
1621077402 
4735708333 
228398148 
4143112454 
458847060 
249103652 
2453552166 
124374876 
400605720 
2525169973 
304386859 
952881656 
3072456251 
2183368933 
3830450663 
415185577 
593239410 
3415238872 
433501431 
975388597 
3331700050 
846712849 
3109393042 
2372852064 
490390894 
752231664470851585 
159718658 
3709914133 
3328909392 
2507938830 
286107558 
265265397 
44118649 
2776011961 
709551637228990464 
123727923 
2956035603 
3825708014 
2544564685 
52472641 
1724274854 
2946203517 
3517835113 
2923724483 
2300650104 
2732980942 
2269069028 
3803891122 
3257295602 
3102898794 
1577210448 
2321194642 
127532523 
2611558704 
2444854730 
180244272 
2989444442 
3158499642 
755796601038340097 
1643295697 
333679418 
23895585 
346371844 
243419535 
154079735 
14457552 
2170940712 
186947796 
3808333274 
3244572906 
409488457 
236538998 
64488574 
1056100332 
4465090522 
772353687947612160 
2215724132 
2796246651 
251837420 
194796022 
1612123880 
325859854 
367962304 
3067758650 
4826037297 
1380675552 
177867871 
475809617 
2719832571 
170305500 
742871074061176832 
1524155280 
3924138802 
738665317363126272 
986032147 
3163929775 
4810816274 
620574516 
4689663296 
2616289850 
771934648758829056 
723314328959627264 
4095458173 
607117738 
249953644 
1039044600 
2848085246 
257300013 
4006964884 
227117476 
1061881099 
22577765 
609983388 
622793051 
123393216 
2831790240 
4825514367 
3534937641 
2449331389 
1273691684 
377289449 
258407488 
391193529 
3958277172 
2991873058 
404198967 
2648846166 
3666742692 
189745109 
2342002419 
1241431394 
2696665153 
610061606 
122694564 
3172266722 
2902152240 
323364703 
135358606 
737258941491642368 
3424770419 
517171952 
3702517933 
2218392098 
759334634140278784 
569356340 
1444284248 
328935831 
2661605749 
2437581408 
339379807 
927254202 
448075170 
501637423 
2998915052 
2467640624 
2732782035 
2852867372 
406385099 
1037417413 
2491472695 
1202231365 
307205191 
748581131642150912 
753529155875115008 
216183486 
295046963 
772597095698206721 
469971956 
1908791828 
3162984210 
3910700292 
745713817 
2343022562 
1686303098 
2279017616 
2263505640 
4580734763 
527073343 
537467850 
4896463492 
425713755 
967444388 
315215305 
2405805471 
772511515291320320 
4254672912 
2256097218 
1051667648 
799633178 
3391567497 
565004016 
254710384 
774302810 
374764713 
713240914727190528 
2767241843 
846343352 
2446512553 
2571034463 
2246136092 
371518988 
2957352551 
4678023560 
746292686412447744 
582399304 
635845910 
4420364954 
310717597 
2315978466 
155798173 
703265867 
3470404078 
296283285 
84780575 
998670313 
1940405808 
3116503399 
748735656 
2260397063 
3582051497 
31591999 
915148544 
758416211386441728 
3330463079 
2670065720 
553946313 
284559929 
1854856460 
561098853 
761550876381175808 
3102878716 
2259665880 
175831002 
537224368 
746143410818428928 
770296974851530752 
436244958 
1568744521 
830195342 
702665308729843712 
2332951663 
1467502494 
1574362610 
1317885151 
188044533 
241420423 
246802507 
126119551 
2518063921 
2949748630 
285474425 
1361664606 
1535466716 
823262168 
713833602107056128 
3548031016 
2575439084 
2831974880 
615248200 
99831804 
759458984055144453 
342876538 
219285759 
61964574 
716679140229779456 
465613298 
146083970 
177601241 
2910423344 
1460863921 
381468873 
425761221 
1863507205 
4881141509 
551838892 
1303818984 
1354675946 
3317161429 
335639295 
778658424 
3312038820 
1411944517 
2856116622 
1257151039 
91491609 
555193497 
197437639 
3190807975 
1081407391 
4798757953 
714495824252813312 
4378125983 
37200206 
3365092625 
3202401238 
416957485 
1069771184 
4862979918 
4318228299 
283810045 
290710545 
446414097 
41726793 
2916305894 
845773669 
404857403 
279081596 
142167319 
585511945 
336181814 
2759136626 
767921125602897920 
749610569120964608 
2677229827 
105025546 
2570096540 
3065700911 
763357044778803200 
526851631 
321037427 
3623373496 
1351503780 
721055960 
309671040 
1301067841 
383073530 
3799999939 
347636007 
71720400 
3248798658 
135083280 
55636101 
2300657114 
3130396215 
256744343 
178284614 
2959720412 
1929966355 
571187337 
29923521 
4601256973 
2772760964 
902074951 
348802064 
3750270922 
2759097420 
2848261011 
2361864507 
2859604666 
395858467 
772649617 
629830348 
3809682132 
139634916 
2561091757 
2547872654 
709881559 
627985503 
496552613 
1626946945 
1475545658 
722068319834996736 
192740376 
2978042119 
2443087708 
2229298877 
1317443076 
983552442 
844782336 
40484754 
1700994066 
2986621798 
68380451 
2983396060 
3227654173 
731448369436971008 
853635415 
340923696 
788130590 
3336843263 
1027955594 
397617407 
552035701 
744386765398609920 
1945424580 
221687539 
768723173080694784 
2986890412 
2834685708 
100811210 
755202618566193153 
766990249 
161126833 
1597083966 
1609323565 
193552522 
3008917346 
1214342528 
741104046 
754230111268769792 
370588676 
3222670616 
411103886 
3081068321 
1393319455 
543236868 
435060513 
1662908179 
770742327283515392 
3306566886 
1168513064 
459569074 
954787292 
2959949203 
1275633816 
3194965623 
3572077033 
1089156762 
966083101 
2389923888 
2165241181 
2262831674 
1256137867 
1575620269 
749645824125046784 
1626516684 
4619821604 
3454897820 
758155823369613314 
3224746657 
2886404100 
537744500 
353397292 
758026554 
1499640265 
236858081 
2926310200 
1439421624 
1623978343 
2818957184 
2418182426 
3215724289 
2655131525 
476928163 
3255808824 
630303995 
3230296351 
226244969 
2783375966 
480090564 
770484939888398336 
578213100 
2834030749 
381726659 
350085066 
3754018212 
720446070233436160 
703188704 
2483017699 
736560331627991041 
609052185 
710078387575001088 
765789883919114240 
403139070 
716656190957027329 
709361073426714626 
770144702309949440 
1035608580 
34294663 
2248022077 
3241329144 
736979413858975744 
2981912901 
166173240 
2811681165 
2421246584 
141708592 
3305301719 
1911959220 
4789537220 
339237550 
1085575430 
2733070134 
3912982214 
2203540131 
3464672835 
745524314707918848 
604750712 
596061693 
980229806 
2570927381 
3253274298 
255886210 
348143146 
259150378 
2433285786 
2515766513 
608695950 
997698672 
1218132403 
332857777 
2797925592 
3910444937 
177469131 
1578790615 
4694242872 
2311320946 
739267399384371200 
2238127440 
1662808267 
278424423 
2457377828 
2272584787 
581852744 
4716553165 
2213047825 
766087779906379777 
118127466 
712157904766238721 
4848570302 
3830265555 
1216572812 
2324781571 
2973277458 
739662426854002688 
285785121 
1365270211 
4045877537 
1568653584 
3146517224 
935565608 
3759523340 
2248011475 
251339194 
731153676874752002 
1470251677 
415682153 
364314013 
705917851429957632 
1937440428 
1534354118 
3087102488 
2852821257 
1566963259 
2280021529 
3332196964 
3185708290 
224657535 
3026024019 
974426689 
3000336953 
2899610745 
1931158034 
355419376 
1348781286 
3305535620 
717003372331606017 
1106431362 
1321261699 
943466426 
4663371733 
2927899894 
715364627429732352 
631565731 
2630147176 
470813091 
2713027723 
2938513383 
3400149347 
1270702543 
922687105 
336676141 
36250543 
2729023367 
703611954292727808 
3334306630 
377898519 
624520744 
1476036282 
1596561601 
3086758879 
972066036 
3213512863 
701903722893459456 
2952982207 
2327193754 
3612376213 
577725986 
178603562 
1623591174 
383738172 
3227040788 
2668631891 
3376596489 
148919849 
2987589649 
4488213195 
2573525138 
2163093254 
38668643 
605146844 
414711628 
1483436443 
382740489 
2853116311 
1050205298 
3514642698 
793867422 
521431066 
1933021188 
311927111 
783401532 
243375507 
3392296475 
3185849564 
382359550 
3232815008 
2557220342 
2937223737 
2562259068 
3000237699 
2841724105 
4706768779 
2328884165 
2253429186 
489050113 
4688467518 
1957535168 
589858309 
434016595 
732355501489573888 
495975764 
2868241616 
715894048037404672 
1656774548 
3132072831 
892434517 
368300152 
4881452823 
92144393 
284680297 
2883329165 
621361769 
1591949893 
756432671278977025 
4895226815 
397613508 
460183200 
625445647 
16499261 
1658994270 
231637037 
4858281012 
3260417898 
1499574774 
443077400 
2998507603 
3228933627 
2530109754 
179072030 
2369419021 
922248236 
3311495802 
2667606156 
2239070347 
130764714 
1264931683 
744145608 
2262881159 
2880213169 
712219573995577344 
2259701036 
2717951006 
2301943598 
2484966307 
100065709 
1353525997 
1155868376 
103202395 
522738758 
2375327389 
69775901 
3503560638 
718854227502571520 
1897173888 
470145281 
77992081 
2720319175 
3160550714 
208427764 
750482772184170496 
446605756 
737820015903150080 
4731380071 
751307710797213696 
2943145804 
2302181100 
702116935731912705 
2656813257 
3411112120 
1152464354 
4724707828 
2984888313 
2589990762 
725007036786814976 
94050697 
4912819152 
2368130027 
1739693028 
1541712336 
3011695222 
618522720 
