97086952 
293690005 
16017475 
77802639 
19926983 
29607664 
1382108304 
941585384 
31420786 
209173498 
1241577835 
476391617 
108492761 
259968831 
71052395 
921524869 
108838088 
415860695 
29285832 
20697830 
522282462 
1648631646 
997660219 
453639280 
770172932 
380268462 
543995538 
516134483 
71653295 
44470276 
141642937 
1266209922 
266329170 
81797031 
1080211093 
545342702 
707463510 
122205213 
991745802 
92922681 
360724991 
40915045 
23117374 
169344116 
221867858 
1339328684 
23476681 
28144343 
1426557763 
15334009 
24181299 
55557293 
84936481 
4881121 
1039531 
147586500 
16351770 
30071952 
437593607 
11388132 
20651107 
56832079 
250722404 
19206876 
31450658 
82689705 
27245426 
186667011 
16327826 
714891474 
186755547 
333425081 
60898019 
437857233 
59580688 
47034524 
27172744 
166361173 
95713297 
80944765 
176664765 
14807154 
582257502 
10670192 
14911886 
76715323 
5502502 
5708292 
14650130 
1071767384 
117944986 
26947239 
35847728 
212678688 
52204090 
92470496 
2191273256 
211740357 
1168958420 
544007758 
355777138 
232602648 
407779393 
78723806 
46797480 
155214257 
2255182597 
460164882 
23898542 
14980129 
758383008 
488645353 
17783085 
2275126033 
332403304 
2218390334 
1056759164 
378272434 
1442329266 
1652817602 
29670517 
553948069 
1905455712 
2359425668 
2494234921 
319684620 
2646152270 
2573412228 
235487120 
442057752 
2494308415 
372954697 
2786678208 
582873149 
30390019 
47229922 
247520137 
57711417 
438537099 
1969097227 
2232249386 
134685284 
43995341 
15410683 
1267313336 
2309274656 
4091551984 
1943683722 
1464621512 
743836563302420480 
1355181415 
17309929 
15486485 
126141468 
40353407 
1066781642 
17039021 
2903081582 
2910021613 
2878379666 
1966122110 
16375132 
58855260 
1915037018 
178848314 
116280386 
257667137 
97923030 
56063496 
944441707 
232936988 
188618290 
884329831 
341672280 
16322958 
260021161 
6564442 
440345831 
93683558 
268180238 
413872211 
274599338 
17315676 
68431619 
42380541 
267928002 
185668517 
297392598 
227134465 
72035551 
317363827 
447287280 
40271041 
331776544 
130991000 
443088417 
21032312 
176909524 
185326534 
460587292 
245070607 
142408435 
469980579 
470095789 
169397026 
119424867 
252129735 
459403728 
247995962 
397875201 
384525885 
41381572 
18095839 
258316739 
20240662 
297512704 
452400742 
492395406 
459762935 
103547618 
419164404 
281388792 
122807345 
328339096 
358583405 
111384267 
239494843 
331875927 
413475351 
133455850 
308546433 
34266728 
58672153 
410042802 
274877901 
317142851 
237337488 
20851434 
16224147 
229145963 
353158566 
271332094 
336659652 
75747126 
361006771 
15948793 
44082608 
15222146 
342712617 
86322981 
267366697 
43448484 
275296803 
9527242 
65379675 
87459452 
99235251 
16591105 
44603554 
238361425 
41207010 
256626843 
18155029 
6900582 
36649674 
29958957 
20791915 
114828596 
195585952 
240813363 
230568060 
96956664 
248999799 
249581154 
161713100 
207349160 
200118480 
213593279 
262867339 
31423006 
226347732 
171682258 
173961833 
18580997 
236760618 
97733959 
34993467 
170550363 
148100684 
194789076 
28252215 
30429590 
53135066 
41206204 
76330071 
131665332 
19064760 
16549201 
14251024 
9675952 
26159051 
42832721 
22146229 
29441043 
53254551 
25254309 
36413374 
46364609 
89543275 
128414333 
21807405 
106198387 
68056608 
94439395 
41852011 
56661674 
132110034 
172112435 
108718390 
218033018 
196652625 
34282547 
243380626 
100549603 
18595270 
89533247 
236638465 
14869449 
172723582 
224565746 
25497700 
16835003 
14551670 
138178624 
25065717 
205692244 
14663358 
14764833 
1428831 
86189487 
23699904 
18801237 
77318917 
17425241 
30215793 
230338436 
16905702 
24940874 
39284620 
51190641 
25152794 
66750681 
178891432 
25786451 
15979524 
55655935 
195646669 
5660252 
146406061 
106597507 
17952277 
207125486 
205263667 
38228399 
19784303 
224395105 
236943011 
21321811 
18818742 
146675033 
63786481 
106589176 
15098781 
20716884 
109565101 
172432678 
33619512 
157899694 
59486540 
63530848 
113234873 
127608613 
13452662 
78980514 
8046362 
60661217 
14065302 
177240414 
18922365 
101502561 
15199483 
31100954 
180363219 
46616820 
15378639 
193513095 
17497443 
13723912 
108712111 
31139417 
21480850 
16831933 
26049637 
40387108 
26116352 
19411435 
56433349 
27257022 
29102891 
25428543 
22924791 
16696633 
166213079 
19132944 
16649499 
15875443 
16330347 
13018052 
17772439 
46826084 
15266264 
95568270 
109347190 
19357844 
23837283 
106069488 
20727457 
18043103 
19226287 
22811855 
25919258 
18028855 
27221902 
72638170 
18996281 
8113342 
18229413 
11781922 
17038854 
185699053 
15911022 
22210863 
19047058 
16349937 
8246902 
16812041 
15922274 
48001737 
15702490 
72692240 
14667037 
82990722 
3452941 
141585825 
126706868 
41923863 
30121209 
94190333 
108428754 
18731326 
104704766 
108371105 
7074962 
46687574 
19732509 
15559400 
24031260 
44948077 
48745830 
81897647 
17556300 
14673239 
29256546 
63540937 
20709950 
35925967 
58509348 
25707034 
14554287 
87862586 
70837770 
32503163 
109660963 
36710550 
22314511 
34967164 
50370116 
41583550 
25350177 
18690681 
41639618 
101398581 
3533231 
15868796 
26820275 
56532503 
23061134 
23774237 
18070094 
45069888 
69495977 
11786682 
15972412 
80222944 
80883429 
61322705 
24125006 
15344643 
2970331 
46295714 
6459812 
28126326 
7826462 
31509737 
35770735 
18980388 
30388016 
58484692 
65690250 
25282583 
41425272 
47648348 
17881359 
28605206 
83096948 
23264062 
14174897 
22193173 
14072398 
33066047 
19250982 
90906912 
15829857 
40355400 
15028398 
35273103 
56661033 
44312886 
14932728 
44298140 
14821812 
28713213 
20471488 
16413061 
17136186 
21202376 
75535492 
13606912 
28786997 
26185961 
16723958 
20619128 
43621938 
18808656 
16288214 
39617773 
27290606 
41468014 
17045410 
19831016 
16386805 
15437774 
8299792 
1004331 
16996207 
1033451 
17374059 
17576493 
16690955 
10138132 
16326131 
21326240 
15497613 
3881391 
24224660 
21765489 
16025244 
22480289 
11679902 
14457882 
14383199 
14718569 
21002008 
16674187 
17979024 
16123489 
29993649 
34932726 
16079004 
15450996 
14812510 
16239881 
16869227 
14328388 
5743132 
1450531 
16503361 
18195116 
18249843 
5658202 
17238692 
14237208 
17075325 
15157595 
14944084 
13436432 
20738709 
19520239 
10594 
892821 
3594701 
27478849 
14901690 
24567620 
20553953 
14000362 
14525314 
24984369 
19039760 
23579012 
30985845 
25812955 
23126766 
25478327 
19821625 
14234077 
20858400 
15296714 
41471923 
41559867 
15482557 
15457220 
22691786 
2132751 
13027692 
887221 
1876811 
15780934 
20632738 
37201522 
17618308 
42224411 
29177375 
19952656 
29657072 
16313896 
23166140 
24916779 
23872502 
36758515 
15103734 
23612009 
18864493 
17867980 
16404114 
29538023 
35212173 
20809510 
25076329 
21445223 
21897900 
37277796 
17841862 
35936748 
15823745 
14643955 
14493261 
18283738 
31544089 
35750871 
24172781 
37571989 
38709186 
18713669 
22507376 
15463073 
16032243 
16937042 
21213391 
26450405 
36954437 
41042471 
21067933 
15074154 
32115553 
20719352 
9248102 
8958402 
32490328 
19912468 
30550362 
23785731 
38859709 
17163029 
27856169 
16913697 
16549045 
20860725 
19785646 
38709870 
14176490 
34952229 
18831228 
24889448 
25345329 
19780742 
30077109 
22535893 
19048005 
31825227 
15779198 
15273910 
24403649 
16297167 
41308485 
16912750 
38494339 
18658054 
41377336 
39326361 
22049361 
21001025 
20790583 
7159232 
14162336 
6323412 
16741099 
15458357 
15821034 
15738722 
14987094 
15326799 
15102590 
15356161 
14792134 
5612632 
17571304 
14164192 
18455471 
18177617 
18339832 
18280980 
19408917 
19769739 
21363177 
18586046 
19041701 
17160024 
23337781 
16026783 
23468821 
19002438 
33409846 
33739547 
29161746 
15751737 
16844670 
22743218 
29613520 
38187844 
37972191 
37670347 
38987396 
40144710 
40859278 
34981896 
7380652 
17376407 
17691143 
9885222 
20006946 
788188 
12287502 
23764957 
22719832 
14864389 
15154904 
15074191 
15050912 
1017571 
19068251 
17279394 
5738952 
23338276 
15711307 
14177734 
16698084 
15078400 
18278057 
17593208 
14386819 
5669832 
14833257 
19172503 
16305189 
15721082 
12646442 
14547961 
14115093 
14091360 
12089362 
23359363 
37194535 
988 
17953646 
18884183 
24010850 
14560108 
17758502 
15312936 
15768216 
30020675 
28497673 
18425330 
20003325 
5813322 
14592937 
31073153 
34930367 
31521683 
14684095 
34546774 
14615199 
20781706 
17277921 
36941708 
23076997 
30042481 
34285799 
19797964 
18050172 
23999994 
15254397 
26568334 
19029411 
18740229 
9009502 
17972121 
20732124 
19568570 
21665988 
22593490 
22787481 
20619972 
18609893 
19868731 
16582634 
21896428 
25387424 
18194486 
25911394 
16326806 
14651190 
20189450 
16588005 
17858210 
19656046 
16566153 
15345941 
29250632 
14350323 
14686586 
15601188 
18054919 
15785315 
39565834 
19869503 
1441661 
18704291 
19091258 
20944121 
18363508 
5717882 
17924226 
22492963 
18664838 
11538342 
17350163 
16369805 
17780587 
15057441 
16874803 
23347852 
3926081 
14362274 
24238743 
18165207 
34792995 
14326946 
20421282 
23013047 
14721480 
8497082 
1101791 
14619446 
16018375 
14146356 
6513952 
23250081 
31016521 
21958868 
15588429 
26534347 
37289770 
17454087 
34057913 
23629413 
31816959 
18884126 
14060264 
15151669 
17971299 
19565251 
38153161 
37035413 
28635457 
7766772 
29354944 
38014704 
21319487 
39940193 
39876988 
27129014 
17839625 
16245940 
17623670 
2704951 
18250906 
9493312 
34988469 
15275091 
15265455 
18586925 
17976923 
18078104 
18237676 
13569472 
19121163 
27064366 
27387440 
11881302 
16251921 
25701031 
26052592 
32532435 
16397124 
21089214 
22177946 
27819705 
20808984 
21807420 
17987855 
22889621 
20337234 
21481425 
18406292 
17927146 
1497341 
798931 
16888869 
813987 
7804102 
8348632 
14715281 
8387542 
40229026 
9753672 
23321872 
14269828 
36560323 
24043343 
16015091 
14706139 
9527222 
16471645 
19359860 
14575465 
18226951 
23101838 
15454838 
16812086 
781460 
28439015 
15032300 
34073398 
22973287 
27799407 
31786066 
22388858 
22053084 
22699353 
26757956 
24588692 
22945054 
18536110 
14647570 
18040191 
14188809 
11911952 
15985743 
21021420 
15115887 
8599032 
18358220 
20689249 
18520456 
11141482 
13996412 
14315484 
20273524 
18555351 
14934071 
15608588 
19520607 
15841680 
20120523 
7072982 
17001907 
16040859 
14163008 
19015539 
16594263 
1934671 
16164636 
19675016 
14211765 
16468365 
16511917 
5024061 
16035147 
18672479 
9170142 
13976432 
15118418 
17969899 
14410951 
16782473 
9169072 
16931849 
12089552 
12044602 
15726878 
17912420 
17738947 
17953792 
14234493 
12298162 
14098122 
16008182 
18808745 
3640861 
17853597 
11143952 
15750388 
14488078 
18090486 
17631117 
17451088 
15020856 
4345931 
18775851 
17314390 
15899084 
8106562 
7057922 
14180269 
17901352 
15494297 
18393133 
14280239 
15600217 
7435452 
16169043 
16632328 
16241039 
17235237 
17626966 
17808333 
15822642 
17606801 
10937632 
7878282 
17876407 
18262412 
16353453 
15321376 
15803400 
14353217 
18300176 
17800397 
17260743 
18413221 
696193 
15087678 
12727902 
9660652 
16445339 
18021934 
18848659 
10355572 
17325860 
18392225 
15753115 
17477447 
17926342 
6120472 
2677771 
14034192 
2066291 
8825982 
5138561 
874 
860851 
7789282 
8596022 
60663 
6114312 
774675 
4303181 
10396 
5554222 
5449422 
623133 
11340982 
1201491 
14258424 
10419 
809312 
16156755 
15829920 
16367894 
15488240 
6053552 
18068926 
4576911 
7524622 
15590090 
15855291 
13228652 
11028352 
12402972 
14562685 
7644442 
14492964 
12781762 
18787045 
17601922 
14431994 
15304782 
17867783 
14260636 
14562259 
15503194 
17084807 
796409 
15158419 
18589419 
15759387 
17617527 
14674094 
18701384 
17819189 
8542882 
14904437 
17401072 
16306558 
18750958 
15446245 
676493 
18785243 
15472407 
18763534 
13908522 
10917962 
16900850 
18414487 
14389031 
18039861 
18137724 
16547271 
14313986 
15648401 
16690544 
14294853 
18193657 
17816121 
16651767 
17676451 
15821161 
14310982 
15768568 
14948716 
13604172 
16261707 
7799412 
17831839 
15804503 
18604922 
17872065 
18067749 
16352920 
17945904 
841541 
16734393 
18453432 
17850012 
804455 
14370358 
17208563 
5511332 
17964303 
18283808 
17930574 
17542895 
12127732 
7518252 
18474336 
14883625 
7557612 
14725110 
14985178 
1495 
806689 
1220181 
746323 
833071 
3789311 
5563132 
5780992 
17365231 
17917617 
7541162 
1283361 
14855279 
9091052 
7955522 
14602442 
17527466 
14132775 
14337720 
7504712 
7613072 
14317603 
8161232 
15533800 
14347931 
6790172 
6940772 
7651872 
9517562 
4233671 
18340923 
14513456 
15346333 
17433821 
1378 
14261812 
14185517 
12072492 
15346319 
14817097 
14114725 
658323 
15024479 
7429892 
14990982 
14100624 
16655534 
15599615 
11103612 
15028403 
10168082 
14463821 
11604292 
17059040 
15534451 
16148602 
15401168 
13530182 
8875072 
17394196 
15161822 
17065634 
14412817 
14494310 
17817473 
9506642 
16314194 
9793932 
18164995 
14621598 
14778687 
11760082 
15572961 
17899712 
16274815 
15794195 
14132503 
12001952 
10268 
15748351 
3415861 
654403 
17121920 
1528701 
14320620 
14735516 
17842096 
10898322 
14315918 
17242874 
3897841 
18270260 
15326572 
1097851 
14572091 
14414604 
14998161 
14662169 
7729542 
16381144 
16860796 
18020819 
14385654 
14376012 
18020635 
6485392 
17080974 
17602996 
14211204 
14064661 
18545786 
15070171 
15084025 
17927830 
8769212 
18262352 
8071902 
17057978 
17655762 
17062503 
16834165 
17463413 
17744399 
17612554 
16991717 
14415928 
18412903 
17907968 
14380258 
6830022 
18278417 
17982724 
6099742 
16931388 
785164 
15730539 
15693930 
11333532 
14217740 
15021794 
15318271 
15947277 
16106687 
15114855 
14091056 
2554001 
14223070 
14262483 
18124901 
11855222 
15734464 
14326938 
14321670 
7434272 
13325142 
14265758 
3017051 
15773107 
10165242 
14136755 
16545133 
17814635 
16230290 
18323933 
17868828 
17894146 
18207458 
16878992 
17246703 
17496971 
13718482 
18103857 
15974068 
12483772 
14462759 
15105878 
10800932 
16232940 
17433609 
15305203 
16282011 
17686264 
1702731 
14295486 
17966335 
17257540 
16805861 
5654932 
16010646 
1189601 
15741724 
17572138 
12781152 
14462900 
16907552 
15669207 
14415941 
14165424 
14870952 
14950106 
17297074 
17933278 
17151097 
14639963 
16307411 
18148759 
5661892 
16814727 
16720467 
18082977 
15359559 
17655446 
808520 
17078505 
15261749 
14186767 
15603464 
17192613 
16020182 
17146944 
16378969 
16220912 
18399097 
14275475 
17116405 
18211454 
5940592 
14365084 
17809868 
14552827 
8918032 
15049138 
12986812 
16870225 
1781701 
14563269 
6683332 
17076663 
16807860 
15603826 
14090921 
8119812 
7457322 
17416221 
10223 
14501275 
11513952 
17106413 
18013152 
14936771 
14720411 
14674254 
15615814 
14874772 
15243925 
17883520 
17641086 
15483800 
14389132 
14893503 
14142059 
16174854 
16133935 
16179083 
16975005 
15161023 
17056617 
14289197 
17060391 
16258777 
16840661 
16193488 
16215800 
17594634 
13286872 
14890627 
15159682 
14254527 
16031964 
18380767 
14433007 
15685662 
17189349 
9402882 
16131298 
18414349 
15386825 
16528437 
14209599 
5931502 
14739929 
17966828 
16931765 
9939342 
14422993 
14225856 
15985573 
15198785 
14841105 
9804482 
16933334 
15391330 
14198631 
11101542 
5871032 
16427218 
14666783 
5952302 
8340712 
15752255 
15814920 
15861944 
99723 
15650726 
800069 
14604508 
14307494 
1419581 
17959747 
16334772 
16440294 
15182200 
796983 
16506383 
16840880 
14669377 
15950602 
771505 
16421586 
18059559 
15587326 
16494555 
16487228 
14354096 
10935302 
9271322 
6618402 
6016172 
15868524 
797134 
14763077 
10298 
14225711 
732773 
14079852 
15121418 
3017151 
15317634 
15223346 
16924971 
11308392 
16042924 
15847001 
17916584 
15899465 
14602346 
17888460 
17855050 
16890442 
753783 
17806557 
17794939 
14076763 
17421046 
15032785 
16747000 
