13669 
133893663 
391342788 
376753045 
2302092702 
1220243773 
3018734366 
1629336979 
443492997 
2650814664 
3257985386 
3367417713 
1201979432 
2902373248 
1397907444 
2347171993 
47865477 
3012561618 
2810181131 
744501012 
18721583 
581641768 
461301890 
331139388 
2838356960 
73774016 
365659212 
1944422287 
76642704 
42769016 
2548535288 
17375661 
125512325 
198488488 
1180379185 
180063092 
418830106 
2218058372 
174732971 
37003849 
295267698 
21121491 
317322960 
16957615 
562913848 
16451635 
761708960 
1353461389 
259833364 
361303796 
1092814380 
30667061 
326450473 
164339610 
25562183 
80628196 
1341231684 
208203321 
24914494 
168777465 
14929448 
14835807 
415514182 
16578473 
23771696 
30035970 
17261378 
36149833 
27138573 
56254987 
200820979 
488694599 
29789167 
394070274 
408630315 
17625801 
365659990 
366393055 
375833449 
418012837 
290134553 
160945556 
209210479 
20436059 
18058609 
18208219 
53132167 
35007826 
19658826 
14660564 
76039467 
139446540 
253135252 
72605151 
222024216 
173348723 
17416571 
44243133 
42651647 
22091213 
18072298 
21718070 
32122637 
28144343 
20562637 
16581604 
14949454 
28172926 
25053299 
22080808 
15492359 
23828109 
53366252 
20575754 
244785567 
17539739 
10880202 
87212008 
57132154 
197038033 
22092623 
254223428 
44726094 
22261326 
260979419 
251708984 
27646691 
125628203 
260222218 
174753068 
69703014 
5920532 
244778885 
18812572 
23492901 
161523969 
15592792 
19553409 
15450996 
237403203 
18916432 
16827173 
207773069 
93957809 
16887507 
111965109 
157083720 
162131262 
227276622 
22837709 
119812235 
240585178 
213796133 
222147370 
200262213 
117264105 
160233617 
68684453 
23330343 
65189306 
14062554 
173286713 
59936805 
19019298 
18294197 
221704824 
182273778 
36331488 
80149492 
19789299 
13490882 
14237001 
5743162 
243240107 
58609203 
17752368 
42354625 
53023973 
35138964 
153846871 
78954794 
61235774 
18576537 
16888241 
94086086 
130464071 
58731726 
42397806 
18692858 
20449296 
624413 
80044759 
41602160 
15237333 
23451439 
26066384 
52349938 
20774402 
82328271 
39081709 
19041200 
19656443 
66703389 
198555069 
34675456 
130241862 
18061489 
59856467 
14372559 
15143541 
15367027 
95026625 
17003765 
15311268 
93017945 
16468012 
3524421 
4898091 
20056491 
52965451 
119708238 
105177612 
28160998 
23999515 
135221095 
33407950 
158413413 
19658936 
25510555 
87798068 
15723971 
40020280 
24232840 
43349370 
19730589 
45986265 
140427956 
64477358 
17559155 
56600072 
67339080 
21762776 
124294132 
21814129 
25356215 
41542290 
58791339 
126029108 
73380878 
77244737 
102588606 
27251518 
22692199 
16365636 
32131398 
37706358 
69862385 
106128931 
144947779 
23967554 
35789155 
44314871 
18294275 
16616061 
145820825 
18041870 
49905272 
57019583 
29296944 
176799222 
163885610 
127663598 
85590450 
124571338 
17155995 
18700629 
21968928 
80886550 
11856442 
11856142 
48275072 
61484719 
17787584 
80593785 
18033662 
20798645 
64481865 
154234311 
74805778 
15163577 
62851246 
39834947 
96038819 
39170683 
31900793 
14439358 
15628274 
17194090 
58701489 
46748165 
15230064 
18733416 
21600184 
140019832 
123635930 
74782204 
51029636 
139244327 
115070488 
132547388 
115555255 
138193318 
114493554 
122303217 
104887178 
7868082 
18456173 
81077946 
16782062 
27583985 
123269014 
74213196 
23296501 
78745126 
27893109 
132220448 
45677328 
119486727 
20783679 
98766747 
23224410 
14545767 
37877645 
33443352 
39728257 
137276317 
105225281 
129240741 
84121994 
53796756 
22938914 
73122430 
39764957 
19979844 
26810542 
60735602 
16893800 
66135098 
23631835 
26832834 
90207017 
33898299 
9667812 
20207715 
41912609 
127319847 
15523525 
135979593 
125031023 
136338479 
14313428 
81021277 
115382707 
102250802 
133242426 
84405145 
120537770 
136022010 
114556898 
122780081 
123284564 
124282550 
72683311 
87787010 
114951488 
28439936 
92438279 
86611074 
17873356 
51407841 
32538235 
87802331 
21457382 
21839021 
71314666 
124941165 
109770696 
21644067 
76425916 
131328954 
123389809 
113078728 
25685097 
29089023 
76088344 
17302542 
47295926 
25763891 
134078084 
16335069 
113671453 
35244169 
78966181 
54601825 
22936506 
109601104 
124592514 
20414363 
96134363 
51779527 
115507389 
81235311 
87211195 
74107411 
17033708 
22451415 
47365669 
13479052 
108371589 
102726932 
129903387 
100649747 
119207165 
115684177 
132762460 
48482750 
33066917 
21369218 
132064412 
20578836 
17562068 
60992872 
94684521 
27422305 
23368403 
110902614 
37831315 
110945751 
112713834 
85504509 
103175234 
109717974 
43899858 
85267824 
102684119 
83659451 
108716789 
46288013 
19538356 
105011313 
108317003 
104620868 
110217626 
102052030 
102770069 
104285847 
106649019 
104737427 
108523595 
111828337 
104696426 
21723702 
47857418 
110866731 
51678920 
103066328 
59740361 
102574767 
102416125 
90351217 
105606545 
105388549 
111723401 
108490178 
128998853 
46824548 
17331200 
118051058 
16554602 
109975749 
108903948 
103414763 
108992019 
94784599 
117333436 
15651801 
87729425 
9806202 
6859412 
98351042 
17008328 
116513262 
47328889 
15763379 
20313028 
120931990 
52673933 
101988524 
112285477 
66471744 
74934728 
71063387 
14882911 
15903275 
23223266 
98436021 
86572222 
18785290 
91076599 
26465699 
90666914 
127038403 
109332178 
117462565 
18351430 
13492552 
113161929 
17271511 
15850295 
34572831 
114988333 
42391032 
100488867 
93059585 
48355434 
91640029 
35214166 
47100802 
63577020 
12578882 
57882290 
22807853 
69048089 
94244050 
50013554 
122471715 
92244289 
14200437 
127834780 
127488146 
107772635 
118985766 
66134142 
127459039 
96843931 
35753127 
17068947 
117964603 
67483846 
20757621 
114813662 
64420485 
126543453 
122143621 
105822831 
88802936 
39906997 
61353193 
123019278 
52909382 
121468363 
84080407 
74763913 
20678850 
89014526 
30920593 
15571375 
19811134 
14314467 
125549432 
17471979 
17089636 
58838415 
20685982 
20609518 
80152429 
41765544 
114677776 
18925770 
34826262 
40173703 
39160268 
44817860 
58566869 
41080008 
124925523 
96715542 
35788415 
83521795 
15747938 
22314511 
54918959 
124831760 
22338881 
22942681 
16699559 
81702335 
71031196 
17927796 
121749506 
57678152 
97983801 
64825959 
87680461 
17992196 
114420052 
87812442 
79031177 
87431801 
62491611 
123732846 
123518504 
38730882 
123579096 
120569955 
81236303 
85163657 
105171357 
52427661 
26590804 
122891485 
15969217 
112763580 
27147923 
95828816 
17053535 
72934286 
87495080 
23620437 
97061541 
36396735 
30277874 
13097772 
44228722 
90764279 
83716559 
118804742 
116865520 
93075434 
116830347 
121816023 
32860247 
115697701 
19877600 
18081630 
86986010 
27224386 
102471968 
43888471 
15587500 
44507659 
33360563 
57323708 
13167742 
45548619 
66834352 
57379728 
35863564 
97064954 
71276513 
22947870 
47403519 
62586762 
65201417 
119507640 
119125906 
20602394 
52852957 
8963722 
27559439 
119796521 
106445448 
91258333 
90726014 
110821703 
110423583 
15642093 
113050845 
17516678 
81277857 
114552138 
106798572 
29413354 
81236043 
114830638 
16809738 
16093835 
62313079 
117113743 
80269840 
87728522 
114829071 
22631073 
27078740 
112186765 
42942803 
17915095 
20017601 
86608815 
48546155 
15412070 
111500846 
17396021 
23707921 
20749408 
23459518 
92155027 
76085488 
93340196 
18415637 
29929720 
10329052 
31969059 
17700501 
107256412 
98280442 
29382312 
15694377 
72709953 
112258381 
84042707 
102835723 
24144462 
18299118 
17795002 
18193591 
20355125 
110733634 
70359538 
111395694 
57701567 
21893726 
17368287 
110800246 
35839443 
105984985 
22806969 
38678011 
113077031 
19837231 
113088512 
112737177 
30736104 
29031502 
113780870 
107510189 
72945183 
70681246 
54007305 
37635895 
15349354 
113452696 
8527372 
20614075 
92999622 
17468725 
91224733 
25606585 
83657741 
85901858 
16514047 
14801984 
68228846 
38007150 
62577330 
35758171 
99996965 
16112641 
24279681 
92607192 
54682125 
808627 
24741685 
50393960 
36412963 
7901202 
27740227 
73512970 
20136955 
72547403 
101300609 
45490819 
47852596 
28577601 
59157393 
18805708 
28621418 
57282857 
14624975 
16953480 
14378113 
58636516 
61555491 
41383002 
16465359 
107254295 
9701272 
84416224 
53112612 
21750314 
87230508 
110685799 
86254675 
10971502 
51818615 
25204992 
107363987 
40159637 
88278355 
27482327 
21435574 
19796978 
108474548 
15953625 
27619548 
59037785 
25924841 
56519740 
95670304 
17494860 
25262272 
59769395 
20186316 
110401728 
34274380 
44970026 
41164651 
16664830 
21507883 
75662468 
87621081 
16309612 
28402018 
15839303 
14990608 
82106689 
102068294 
6123762 
101224811 
94154253 
109664254 
109564621 
37929777 
41339860 
15793787 
21331977 
94733528 
106912921 
93579778 
21850829 
81870338 
31905259 
108123506 
72751760 
46398762 
88321965 
17150173 
30199052 
79756751 
22847312 
15863699 
108042615 
74004550 
25169797 
93610503 
55678018 
20502764 
105622983 
14850079 
57709719 
69751591 
77669107 
66602116 
15991049 
106938521 
87727802 
74658172 
20755912 
67393160 
105189921 
29208227 
57585183 
74944046 
17552675 
58809383 
17027102 
59079231 
103885821 
105652269 
21995213 
43065412 
28206440 
42020073 
94933506 
106208081 
19976462 
103225771 
94293986 
68618399 
98180750 
43038905 
32836877 
44153288 
58273002 
84262821 
35670709 
57117519 
67678930 
99871452 
36855355 
96818184 
14833435 
38869858 
19347202 
22287555 
32535676 
14755492 
19031473 
44161798 
37161927 
22536055 
15457383 
13787352 
48370370 
47630489 
18247147 
20179628 
40985277 
38014451 
44697596 
18084025 
43329833 
57406347 
69041734 
14713235 
76880650 
85350129 
32173701 
15762845 
39211877 
17610907 
16280566 
59266746 
49048541 
65733393 
75478054 
30270360 
104269081 
50205962 
105174520 
95430042 
34869875 
100332965 
28899563 
17193222 
14886197 
19412474 
87453269 
40042413 
92345783 
83573266 
21883088 
28369816 
29294901 
104285076 
60345696 
62060671 
84601032 
86402631 
77711981 
31371254 
47914845 
18878528 
14502985 
26587452 
25458378 
104083480 
92905664 
42900929 
21679575 
79643436 
97989575 
95345515 
70615008 
15706633 
26736238 
55373985 
92098719 
102975186 
52934974 
92168974 
81787178 
96287190 
87769523 
57949536 
101918880 
100581739 
24682598 
24430413 
22868427 
17500731 
76862253 
45998133 
17653789 
41850136 
66587447 
48108174 
17550660 
51122724 
14826124 
24931506 
25455332 
45167061 
7327642 
22020221 
18958003 
34868017 
25204536 
53729225 
98206240 
74988238 
18242032 
26177240 
17008163 
47625578 
52313421 
10306902 
63757675 
84182330 
91745914 
91673977 
61449240 
78654288 
23738836 
16618296 
66188538 
25290300 
47429624 
49714129 
94063465 
23478610 
50246443 
71332100 
92678445 
101503632 
99114352 
17608059 
38167249 
54583061 
63339242 
27916865 
26177244 
38734394 
35814194 
40096060 
46203666 
41083076 
71004092 
83845297 
30938428 
29585328 
29256961 
20017243 
40034188 
58061912 
46998883 
40927674 
18723719 
71428072 
44002033 
88848391 
36719360 
98983052 
24705126 
58765782 
61214720 
81796703 
77694716 
12940662 
70555711 
55109529 
69041691 
16923050 
36786085 
14252979 
16520708 
31081562 
80231280 
21145154 
74732486 
71472806 
42952347 
35546878 
93328161 
68383735 
45283227 
15958265 
98729934 
38480697 
77693624 
18779871 
18932935 
16319771 
31986452 
45545666 
87011621 
84612165 
41600371 
73402984 
21157704 
96381658 
96535799 
58996847 
66282107 
25599869 
63999969 
52823357 
15937402 
16048575 
64614569 
66649733 
78542532 
24817051 
75375980 
94189057 
96972404 
75973097 
38553185 
45956475 
16068416 
36574363 
26112211 
10373322 
75711686 
77672093 
18731529 
95919524 
74262191 
24899874 
88839058 
23943320 
75579980 
95012685 
20113234 
18799066 
20478542 
93285235 
40508600 
27728092 
23932508 
44292587 
83858987 
90256463 
94597140 
785595 
48390635 
19659540 
90216936 
6435542 
18839225 
47621373 
78076914 
55329345 
16794789 
41548605 
19253237 
89353855 
17939485 
92897451 
17798328 
40916932 
81853981 
30002694 
19551886 
74793252 
87147125 
65614540 
40838415 
22777809 
32353044 
20838971 
58525147 
69893 
40237506 
80681424 
27915472 
35658029 
44576278 
19625555 
18461227 
14348419 
4733651 
91608900 
89073526 
27817316 
15471824 
80879290 
88834828 
60476920 
52729072 
42543676 
29999693 
66338776 
45198873 
44106429 
27661280 
18556492 
83469061 
90062137 
25287077 
63574302 
1223731 
46988713 
24722401 
14180279 
18647254 
60355794 
37557785 
69352662 
14593685 
19246850 
86468756 
62195331 
15781769 
88007912 
17313475 
36666496 
18324336 
71061891 
15860016 
14387591 
45402934 
35023146 
16519651 
45777576 
31382902 
90798712 
17956862 
15147250 
6513952 
18027123 
64964429 
39360261 
28110300 
84751403 
57187491 
12524522 
85742782 
70892432 
15679301 
59548079 
82060683 
85220142 
24270717 
54528868 
62933817 
33153203 
78336443 
84401427 
23627169 
88051060 
89004284 
23276238 
49498964 
41404841 
30266993 
18126527 
86089860 
17336310 
57377665 
58611693 
35748736 
35725319 
30147518 
81949093 
85981226 
15235829 
14435376 
25048810 
22039829 
19655303 
27700636 
72630501 
49518187 
82342949 
85638043 
79266148 
15481158 
11154832 
38411476 
76708302 
83336476 
23205082 
76072596 
18409645 
66623036 
23177645 
44020351 
59082722 
86130744 
1763801 
17678270 
43060862 
42805792 
15094471 
34170274 
25873356 
59701568 
76140938 
45427469 
85999504 
24738484 
11073902 
84077013 
74481632 
19381755 
14634144 
19920201 
79573284 
84362115 
20357131 
18462064 
60150061 
65185523 
77636802 
18302410 
57898141 
22985544 
50713128 
22949669 
75804523 
34531910 
44456656 
20624816 
19028727 
56488059 
28172188 
28409554 
23410262 
19568273 
25552666 
46664272 
20760968 
15110357 
23950214 
53676477 
21104103 
18405311 
80872091 
45582524 
40491638 
75124716 
68321809 
28340290 
33500429 
23862487 
68319494 
15105878 
19278408 
82545312 
18819574 
72135502 
14702529 
15634118 
78565077 
29222415 
78264751 
68578064 
64842138 
7262712 
16903675 
14246001 
76656711 
59936143 
22310883 
33768465 
47152440 
44320452 
15869368 
31167666 
29470884 
15639821 
78069094 
13859162 
17059993 
56489205 
81022964 
69167919 
13557562 
57331899 
12831902 
16181991 
36730027 
23068470 
22078798 
15096641 
66020185 
16213875 
48145292 
23613000 
31176167 
35530393 
18213541 
21893564 
19605836 
42638402 
17137891 
41885001 
16342422 
54368334 
15285352 
18197498 
18975088 
7161172 
36984066 
10305322 
35610654 
17217408 
16933716 
62572984 
44763075 
26300497 
58021965 
42542492 
42661295 
48726692 
68649223 
62712521 
21892522 
9921932 
22960745 
46338768 
34759046 
75164060 
27455888 
33084168 
20554833 
36592239 
40477393 
22103582 
23785337 
66877994 
14353146 
30037412 
18340152 
71587850 
56711636 
15894896 
22447311 
19250495 
20852569 
68058704 
18942110 
19101243 
22195223 
21410791 
29916578 
21099737 
40056778 
9689662 
19752256 
19152774 
19345846 
15942137 
41315097 
34743307 
16272650 
58905170 
52968547 
42510566 
65611918 
35140097 
76102494 
14739266 
76858651 
7216862 
28199466 
27960225 
19657806 
34022238 
40174715 
43785629 
18002528 
62212610 
32923712 
46374176 
40889066 
15452859 
31349783 
45192730 
39563680 
24533117 
35654845 
25036817 
19735514 
58990791 
29772611 
16635956 
15972661 
36407187 
74415646 
69722507 
28230113 
34605032 
21570727 
15710716 
49696394 
15769958 
73948706 
15625381 
35755170 
22835920 
15473767 
24236494 
38531995 
18934825 
35999886 
37809387 
23492053 
23451044 
36669275 
13306282 
74481096 
69211765 
21548991 
16593629 
21900198 
28792301 
19858769 
41591243 
71180413 
17323781 
32569990 
25752595 
45071742 
38186171 
16390561 
26527680 
18199492 
17586622 
37759360 
41420112 
41539646 
66680115 
69367749 
45560533 
42860248 
46615933 
23551208 
18573979 
46254126 
63814753 
26594346 
36504682 
38449898 
53039176 
18775132 
26010540 
38048560 
15174229 
22695157 
38318301 
17897772 
59401582 
67582517 
16569530 
57838663 
23943985 
5065051 
18073937 
14567177 
20131183 
59750856 
21854069 
41358380 
37478092 
20603062 
46035463 
19364907 
43326598 
15008936 
15009020 
57693558 
62010808 
57059361 
62841810 
21759725 
22850867 
71184881 
63852452 
40333354 
15187760 
16781500 
33006313 
34993850 
36699753 
19911588 
10348402 
5685012 
44552432 
16203944 
23769455 
22752559 
19415802 
66700885 
62625198 
25538036 
18834912 
42576790 
20408085 
27894427 
16928633 
62499561 
14607478 
65494421 
66189199 
14413498 
16620845 
19047089 
54447342 
21479179 
22027264 
19109272 
31838293 
35205205 
31113677 
15302201 
38187534 
66652230 
25377274 
18485106 
6452362 
24897505 
17036004 
44898043 
46576329 
54500424 
37368117 
66932705 
26889413 
36790494 
32201563 
24796867 
17290967 
18084690 
7021202 
41391194 
39994371 
26128478 
18889487 
14508983 
66922686 
47067777 
17109745 
39579507 
15438100 
44148901 
66628260 
3824841 
35010195 
49618760 
44715412 
65928865 
46024497 
66391807 
20709863 
32868539 
14747144 
33341207 
65848668 
43664346 
14964410 
16597787 
14262680 
14467072 
19299416 
65876893 
27902760 
20643470 
5694822 
44101656 
65715000 
58038880 
52729106 
57711373 
25865252 
18411779 
63079479 
65349926 
48261599 
52769340 
14171278 
15817431 
32298723 
47562671 
37648438 
15645474 
6729142 
60708258 
61742247 
61878019 
19688525 
63771931 
18027434 
30514293 
24909624 
55512082 
17857351 
19916488 
39558523 
36359397 
43959753 
17299063 
37360915 
21257006 
42336836 
17225002 
20710035 
21215571 
47968762 
33953125 
39731064 
59217654 
19498298 
21591888 
29495763 
26621297 
29954112 
18314565 
22490645 
17636678 
24802478 
26622638 
17509945 
18483313 
19621110 
15135958 
20806376 
43993369 
57701489 
58528253 
58735830 
17393790 
21866651 
41480333 
17316606 
20516999 
18770132 
17123884 
37611067 
39654339 
37258479 
19468364 
24282204 
47155950 
16436098 
56571185 
15930817 
50565316 
28570873 
45800115 
49566800 
39725691 
26012992 
57584585 
22748992 
28508070 
57375997 
48817665 
18949053 
18148253 
55435728 
24354683 
46277972 
22568769 
17677005 
22336717 
14104027 
28426395 
55209764 
18318176 
46077825 
55948318 
56634409 
21527689 
50025073 
46977924 
20388108 
17332448 
41254022 
19311539 
46555245 
18037907 
25509705 
21411180 
41647331 
19631946 
26803584 
25450715 
47404431 
52080316 
16530559 
18000120 
28739957 
38578833 
36634018 
15568627 
53788795 
44767950 
45531990 
16098428 
52574056 
28417656 
53436897 
46044647 
17597121 
33352913 
50873351 
14874480 
29971991 
12925072 
36967128 
23554196 
22911739 
46091284 
32653911 
32220512 
18400053 
21124996 
18750721 
18482270 
28612947 
27618790 
37414156 
30659707 
38497629 
25214480 
38662040 
38479638 
39802072 
19505248 
18003891 
15904273 
42705902 
23843197 
23981265 
16294267 
39519037 
32968776 
12146202 
15910023 
25319271 
17899109 
14534174 
29764071 
14590903 
11350892 
8170292 
20100039 
16661993 
7449842 
21689161 
22515362 
18665800 
9720292 
2735591 
788524 
5988062 
16574209 
14326090 
22201342 
23451057 
16193528 
20532386 
23624565 
35722264 
22804107 
30341213 
19468555 
28976620 
17536486 
37650122 
42446076 
28280166 
19639235 
19351990 
26791828 
37004976 
24707013 
39349306 
33512543 
24469441 
23484039 
19989714 
14885549 
15634105 
16311797 
28140646 
20450972 
28437907 
38705325 
15214812 
15378358 
42096608 
42847023 
42386011 
20634088 
22967319 
19653723 
5894902 
16651871 
20076000 
36084952 
15118311 
20815041 
16798572 
15365857 
17867077 
21668293 
20254889 
19211048 
18215165 
18590131 
14261168 
40191643 
1734381 
20161260 
28010930 
24002029 
32889986 
28160651 
15811314 
13049582 
14411991 
27275428 
11915432 
33673307 
17068373 
17442457 
34171157 
20272531 
25532843 
41784128 
25532522 
23756023 
4425661 
15207668 
20510870 
15893046 
20595739 
17010913 
18257051 
13354002 
37849945 
25960305 
21021295 
22842982 
18571466 
15717516 
18244345 
17324965 
13058772 
35741756 
10389902 
20865389 
23941720 
17413393 
18999585 
22019881 
21093744 
29178393 
19673977 
14070890 
26077026 
19872047 
23554934 
38655076 
30434772 
18146398 
16561884 
37768162 
24965771 
25093616 
14754876 
25791768 
17918663 
16316655 
25087685 
15134240 
22206565 
36319486 
621543 
19487056 
33906130 
17226612 
37434855 
17066782 
19720220 
15785718 
26061631 
15749983 
15602091 
22506222 
9109712 
22025634 
35617996 
31639623 
30619936 
19738801 
11013952 
15861355 
15861220 
11014272 
33985835 
16121332 
36571916 
14469397 
16865468 
23383517 
14401599 
16278748 
20094535 
37711958 
19425538 
22190193 
39432600 
25170188 
19110632 
25925954 
19047058 
14312391 
15169290 
7228682 
24828537 
21611410 
17375697 
17665374 
41892619 
36488216 
27743483 
21723444 
36556358 
20398117 
20632878 
35542451 
38596613 
18682756 
21123772 
19684632 
27922157 
14669951 
21010214 
38149143 
16260135 
17294078 
18093423 
35712161 
32943021 
15660515 
20731869 
16024556 
30313925 
822215673812119553 
13839372 
11961532 
9855382 
20292450 
14335435 
18461544 
36797184 
37660058 
36781973 
32553959 
27696443 
30313386 
1000591 
32291866 
14935079 
25726490 
14499829 
18911592 
12014132 
21425016 
14435305 
24502450 
21592216 
9203422 
2890961 
14372486 
20511391 
16898427 
20626359 
18332190 
21392716 
22919665 
25374357 
14282169 
17428139 
27976399 
38176191 
15233311 
40188603 
14482799 
7969392 
15008539 
14820608 
20188209 
17518401 
31817141 
29413715 
14245014 
26541144 
39253647 
15831817 
38664535 
19355028 
37076658 
24719214 
33581920 
31241502 
23681848 
15818493 
14776609 
16114205 
39118799 
35006963 
19675049 
8457092 
25615193 
34821938 
23146393 
24094397 
29771811 
22497950 
17296792 
17019535 
15566901 
24004453 
9184222 
25994433 
9780512 
14738561 
30272272 
14378849 
34495637 
24162220 
23452742 
23574060 
31667078 
17983854 
16274109 
14800270 
29363882 
32837201 
7113672 
16300786 
14293310 
20930505 
16244789 
18969754 
31486940 
16149397 
16175293 
14243046 
14686098 
17049255 
16905782 
17930077 
24999872 
14750177 
17072217 
21517400 
26314247 
22708797 
13479 
23990107 
28107042 
23426450 
33642087 
21025508 
28295255 
20762038 
10032152 
30837549 
17707620 
24961563 
21908338 
24166026 
16298036 
17100159 
20741723 
24512138 
22210180 
23318283 
5746452 
6595682 
3080761 
23045922 
6516132 
740983 
10228272 
15810520 
18189723 
29546945 
20788087 
19397785 
14839646 
18498684 
18102257 
20963066 
28367807 
5653432 
17145848 
15086185 
28585010 
24534078 
15594674 
17481017 
22501094 
17217256 
18735276 
26547574 
23545688 
24151152 
15974692 
17474126 
22764917 
23101838 
15583026 
20161675 
27870264 
25898134 
26988789 
26598715 
18363508 
26384860 
27382571 
14181215 
19066018 
19641024 
19035962 
14853436 
17535040 
21837258 
17088553 
20164296 
18023352 
26787935 
19077100 
22922045 
27025502 
23666482 
25524811 
20194065 
18922561 
15784302 
22322056 
11274452 
23868451 
14303883 
15224867 
15962096 
22677790 
16998020 
11522502 
18393773 
18101713 
15227791 
13804812 
26533078 
26908404 
15127584 
17076146 
23795530 
15065333 
15918020 
16548146 
17467083 
20713061 
14946131 
15829144 
16400124 
22108689 
17397762 
1097851 
15155268 
22044262 
20211064 
26696589 
21091954 
21369823 
15310061 
20570461 
10507652 
25419125 
23281662 
23768889 
22234738 
21757155 
21625488 
25639424 
19001589 
14797457 
17229028 
21766686 
15554042 
18625274 
21231049 
20809150 
19199136 
18405728 
22490623 
17039360 
17139837 
20777337 
11591322 
15649433 
16272226 
13385612 
15182728 
21561726 
16402712 
16031927 
21946635 
24664903 
24704470 
23772472 
20601248 
15923187 
25722290 
21114240 
18906805 
17712153 
10886522 
15770446 
25673628 
17097875 
22859025 
20933260 
25247012 
25490873 
25285921 
22893158 
23709318 
10129972 
23439247 
22396495 
21803216 
25082233 
22207014 
16746457 
22433313 
22061815 
17118708 
24636693 
18418944 
23306941 
24632147 
21638011 
20464537 
12691382 
18038010 
24967445 
25450687 
17966449 
23997355 
25550803 
17161347 
15464038 
18255301 
16577700 
8900062 
24842037 
22509548 
18539631 
14098332 
9507322 
20789740 
16639307 
23735030 
14626802 
21492345 
15565703 
25481195 
17637022 
25690537 
15738990 
10222862 
7512602 
21420010 
14849573 
20779448 
23780066 
22578391 
14539324 
22127274 
23425024 
16528843 
19421764 
23273932 
511283 
14441143 
19308138 
18802640 
15642249 
15623301 
15149447 
7400692 
19343323 
18791763 
23052438 
10215212 
23419128 
20232105 
19517509 
19444913 
23757002 
14666401 
17063846 
22579768 
20075668 
9453872 
25143303 
21598155 
20069155 
19966062 
24632416 
19341895 
21490851 
23236478 
17823618 
22259556 
20425708 
14431400 
6425412 
15431856 
15901190 
11347122 
16364399 
14883401 
20333461 
2384071 
5490392 
19562228 
5380672 
18953259 
18396070 
21131816 
14515734 
21324258 
17753033 
4119741 
14575107 
12687952 
19554706 
15846407 
6211972 
17266725 
16381279 
16630062 
18978862 
18922476 
19003100 
14692385 
17884199 
24553605 
22787685 
23242736 
16263040 
22563261 
16346880 
17525266 
22164556 
14993921 
22863584 
16124611 
20028920 
19710454 
21566434 
22115786 
22072729 
21837686 
18530271 
23130853 
21759785 
16442512 
20966277 
10338982 
21490162 
14867082 
20590768 
15895251 
22656082 
21905054 
14903152 
15914820 
23345682 
15185215 
23289134 
7162972 
23475165 
20192394 
21240814 
22961764 
19072668 
20534955 
15656072 
14896557 
24610367 
23107871 
21200956 
12466252 
20002666 
23107671 
20021061 
20588553 
20259714 
23094864 
21334064 
23844477 
18979457 
14573887 
21923470 
150433 
22332826 
17894233 
24090040 
18175204 
15831715 
23593867 
24404539 
21021188 
23843084 
23762043 
22831861 
16264982 
22196716 
20323624 
19125407 
19862743 
19818515 
17103409 
19314540 
17679931 
19218584 
19276560 
22543022 
19694272 
19130297 
20829877 
20583561 
19606528 
20695614 
15640388 
19069184 
16901252 
16279159 
14316241 
16310965 
16367585 
16211061 
16366127 
15741853 
14604658 
22868368 
24199315 
21138461 
16771854 
23574950 
18459370 
23090391 
17837688 
15532432 
14480101 
16471324 
20359785 
15263521 
21582796 
24484146 
17894169 
24522662 
22756456 
20533242 
15537227 
15283599 
20233429 
6149912 
18465598 
15131310 
19186046 
16460745 
19712106 
18164662 
17455910 
15911947 
15503959 
10977192 
15955754 
15808647 
621583 
19433638 
15801534 
17576388 
19209076 
16582381 
16136478 
18803196 
8090272 
14869152 
15056788 
14562016 
14420767 
19202700 
16044997 
15999286 
18271152 
18138157 
17838014 
15033836 
15496218 
14791162 
15066271 
3646911 
14869478 
18517910 
15935927 
17411632 
14287094 
6604072 
19472585 
15353425 
19063323 
16896485 
15736190 
16433168 
6273552 
20245775 
14985228 
15743570 
16017293 
17929182 
15067280 
17289105 
17864097 
22709198 
15911591 
18362952 
16540939 
18767537 
19082879 
18170896 
17142019 
17513981 
14454302 
20369825 
14556477 
15751083 
18398842 
18644220 
17527642 
22991614 
6173842 
5747502 
7861312 
5120691 
12 
7400702 
20536157 
15813140 
20067354 
19380829 
21879024 
19639641 
17601196 
14268564 
18246611 
8189822 
15084853 
18601029 
14515880 
16518142 
10450032 
14729646 
16515773 
6790852 
18995140 
15532983 
7865552 
17074440 
22256659 
18818769 
7446242 
15245706 
14282672 
16905483 
21872294 
16959755 
20613514 
20722385 
15722135 
17545687 
18286971 
16812515 
19037859 
19259102 
14441010 
20262264 
756278 
14385679 
18142394 
15933218 
18531951 
16395712 
17194296 
19008826 
14906613 
19000274 
7830402 
13348 
18981209 
18312906 
20532395 
18597548 
8336642 
17951752 
21196865 
15179820 
15039997 
16038571 
18531618 
15737980 
20511299 
19003991 
17776189 
18513491 
20840441 
21066561 
18277078 
19958528 
14258044 
16398216 
14426115 
15323110 
19659340 
14625365 
15630097 
13996412 
21412777 
15932734 
8479532 
15840471 
20688910 
17696275 
20554830 
18802909 
7510192 
17239404 
14335243 
19416553 
11294522 
20424067 
21084883 
14019992 
14678743 
15554127 
20213457 
16684007 
18518125 
6796502 
16421419 
14787239 
6184582 
13900252 
15576630 
6818682 
17251304 
16168177 
17734925 
16297082 
14610663 
8820652 
5482032 
13462442 
10913242 
8349572 
2269701 
2521001 
13212162 
8053532 
16203586 
17492127 
10335992 
7019062 
15829287 
16045004 
618593 
15665583 
8115852 
9196392 
6429252 
17251657 
14232962 
17242874 
13796572 
14886375 
16005131 
17112590 
61133 
14610709 
15221717 
15687962 
18746339 
17414224 
18270775 
19665629 
18250327 
15226913 
8308762 
720843 
12335 
15897364 
17663756 
18784019 
19099916 
17988954 
16364536 
17978626 
16627727 
20668205 
20430881 
16520697 
16128950 
19648474 
11745522 
8395142 
19688451 
17474531 
6253282 
14412533 
655093 
749963 
15387117 
15054733 
19844153 
21320368 
19680156 
14288975 
20116915 
18486173 
17077093 
19994074 
20151477 
15641893 
20545979 
14251476 
14711172 
15354730 
21380386 
16487712 
16713720 
17641885 
19371420 
17217850 
18001417 
11110472 
16641947 
21321973 
20158137 
18318324 
19596228 
18532358 
7090232 
16377749 
15839517 
15319195 
16711561 
16321755 
16245373 
19922241 
617053 
874 
17847014 
15305831 
20513857 
14277692 
18057077 
2112991 
21202767 
14140798 
15929273 
16066928 
17233677 
19124719 
18290031 
19349089 
17707182 
9506582 
21049747 
15393582 
18615488 
4909151 
15285557 
11965332 
13649002 
17259201 
16726509 
14647570 
20930543 
18313204 
21101201 
21032998 
21045216 
2740741 
20054731 
785032 
18631703 
16798448 
15788154 
3943871 
15058309 
15827869 
17735430 
20120761 
18063196 
5695632 
7936522 
1170281 
1118521 
2768501 
1269251 
1046661 
17286690 
18771192 
10126672 
8775672 
19667766 
14224719 
17416221 
19180007 
1044771 
16186416 
15825225 
16898863 
18940466 
17344451 
20527554 
19990565 
20047767 
20109762 
17362008 
15433144 
16035499 
20608296 
20626785 
19509529 
18616112 
19642289 
15487691 
18688496 
18588822 
18123064 
15584776 
18537317 
19836954 
3108351 
833881 
17235918 
19474130 
17432932 
19653152 
20517526 
19696413 
16964181 
786764 
19590009 
20703914 
21027059 
18083983 
18345902 
20835338 
17210385 
19194198 
15786716 
20443419 
9753672 
16458180 
16674687 
15724505 
6120472 
15689477 
15513509 
972651 
657863 
8453452 
1143031 
18632593 
20597239 
16528347 
19993233 
20100674 
17905816 
19343680 
19313848 
19309488 
20552489 
19783295 
16513981 
14075928 
15727181 
15298276 
16030857 
16093478 
794808 
20563408 
6794052 
19290107 
16446860 
19001166 
17596014 
15378041 
11994732 
9549352 
10751252 
10933662 
17083504 
19617105 
15763995 
19347475 
2182641 
9601512 
18794312 
17392949 
7799412 
20458662 
16815339 
9950562 
9667772 
14669398 
18506975 
19079396 
19278424 
14415928 
19662465 
19503553 
14660636 
20314307 
17121920 
16429977 
19349216 
14502632 
20359366 
14323863 
12371632 
1344951 
17629860 
17409240 
14074515 
15917556 
16192206 
16548435 
609543 
15308469 
14610645 
4278201 
6794502 
8984292 
7152572 
6450322 
18253682 
15397465 
651583 
6519522 
19614296 
781163 
16159251 
18970603 
15731526 
17343006 
1550851 
18565358 
1125071 
14980539 
12397052 
7024552 
6329632 
19014325 
8161232 
7259302 
6708952 
2097571 
611823 
1047451 
14514804 
1198481 
1769551 
1434251 
1877831 
1754641 
807095 
819800 
8283082 
9567972 
18171148 
18957266 
9411482 
759251 
18280708 
817386 
63043 
804455 
16150075 
15866947 
14164855 
621533 
713973 
14245378 
19805496 
16181186 
5417132 
13082862 
18467164 
18536826 
7490342 
14376012 
15274836 
14720411 
14389132 
15021099 
14913928 
18265550 
19864215 
19953860 
14331389 
6629242 
15170795 
19947587 
16828372 
14592723 
5263151 
16664681 
15925421 
19185441 
11856892 
11856422 
8942262 
8695932 
14283173 
14173315 
15588657 
4170491 
16819278 
10546442 
17389704 
944851 
16539573 
14430060 
13976432 
20170078 
12480582 
17388780 
16899075 
8071902 
13547812 
14952156 
14550649 
12369372 
6577642 
15202615 
15652066 
678953 
1861051 
19599856 
19699431 
3135241 
16012783 
7044742 
5693842 
1367531 
14344370 
6017542 
5872172 
4898501 
2884771 
18834779 
17094285 
17350019 
14825399 
20 
2425151 
4432431 
19803950 
16273972 
10203162 
6087712 
702773 
742143 
11055012 
7905122 
19394188 
16727535 
7040932 
428333 
15843791 
7879972 
18999869 
18137364 
15405328 
16666847 
16684413 
14260173 
1930311 
18104339 
770759 
18195039 
18839421 
19065378 
15083344 
7212562 
783214 
4999181 
15848763 
14804002 
685513 
16286713 
19912313 
12101862 
2467791 
19982354 
17365848 
12300322 
7744592 
11856482 
5688592 
56623 
17706421 
14613367 
1043241 
5741722 
19625548 
17061754 
16617638 
19987946 
19407496 
18194898 
11348282 
734493 
649673 
16371326 
14377337 
757293 
3154301 
15508743 
28473 
10667662 
6449282 
15195171 
17801505 
531 
30973 
3941241 
15673480 
743763 
18656281 
15164565 
15433037 
18513221 
1109231 
20963 
18932057 
12505022 
17957392 
16546913 
16713361 
19076426 
17834408 
19511567 
14263586 
16882628 
16229427 
17864208 
5515922 
14514929 
16031536 
6614812 
16211434 
18091818 
1774391 
9676212 
18600513 
15416505 
18102374 
3829151 
816653 
813286 
711303 
636923 
9534522 
17359791 
