4813296861 
360204558 
835360527110963200 
17825445 
95092020 
46335511 
915726438 
1262597628 
36823 
62513246 
71080496 
55323056 
78377571 
16288455 
61617150 
226320142 
108140192 
42936899 
3535078756 
39250316 
30864524 
316389142 
262298195 
473188163 
21360117 
1708400634 
30660788 
9477512 
2161588465 
69166537 
294553363 
571202103 
17889970 
749714912 
1400808038 
70726260 
50701663 
39563695 
36397568 
197360155 
112847408 
18916728 
213295930 
9242922 
1497847602 
19697415 
30364057 
124436459 
14464995 
17275113 
71594919 
26164728 
284806620 
121789631 
28944428 
757892072 
2555946565 
115414415 
158778481 
105541906 
48439275 
50158351 
60786944 
447447490 
14378113 
16581861 
14717311 
250457371 
2232398257 
2512708066 
16434905 
35307399 
309888617 
76758970 
254661810 
221166944 
66374059 
16001827 
38481059 
53122252 
14315150 
184883137 
104019598 
23500954 
51310221 
363213576 
85471631 
109674233 
174830596 
18327279 
362230557 
244331649 
1132527912 
57411021 
156749457 
114828899 
10621792 
15029970 
17410863 
241964676 
558182620 
91478624 
894449244 
832138490 
130011998 
36542528 
1091007859 
16685018 
14761795 
14199378 
29345637 
172624867 
27987687 
59502660 
242064724 
121399303 
321324515 
138402029 
140509257 
37005435 
1589142636 
17815345 
87182349 
138494790 
170791365 
227413986 
212076446 
15918898 
17179368 
48203749 
13366042 
18152276 
19397785 
176233506 
10228272 
237845487 
70807231 
15057943 
5988062 
135316691 
23492901 
19028916 
17881732 
14260960 
425409745 
22681340 
16191902 
26282371 
19114614 
5667002 
28583197 
16838443 
84096913 
28943388 
245088128 
43047422 
23595462 
20824921 
18228263 
16092470 
13683952 
41413178 
176490413 
32462487 
24158444 
112479899 
22194330 
628043 
5971922 
28196433 
12616 
18131142 
10810102 
17679977 
16589206 
54730258 
20539937 
17289530 
17995951 
14357273 
79797834 
14288478 
9779032 
29240040 
18980055 
15235629 
107266877 
43193532 
68393819 
69856501 
131969712 
17508360 
41172563 
16444025 
1813571 
17436060 
14448791 
34731203 
15302391 
37562800 
39758962 
48390635 
22810726 
11266422 
38109868 
12231022 
11489 
972651 
2172 
14677919 
16568227 
16336998 
17623957 
1765921 
21661279 
21111474 
31527179 
18735704 
28698001 
30138120 
17093617 
18668274 
38198320 
21713274 
86976429 
68599478 
41312404 
14985438 
18886161 
35590290 
56117035 
20351482 
19679758 
15684570 
16715706 
23496245 
23620374 
14228422 
19940283 
23245206 
17596014 
19215375 
18513221 
20065463 
18393773 
14075928 
19637934 
7376382 
17266725 
657863 
7861312 
25418795 
9202882 
19676062 
23345682 
14647570 
14293310 
14511951 
14747551 
21688431 
18028509 
18496893 
17431913 
17802922 
14126996 
1070451 
14860927 
16592312 
18022876 
