46954727 
24929621 
18530063 
104969057 
27042513 
16618332 
16326882 
2965032356 
19542638 
23625221 
601279659 
2310786086 
37727276 
390347854 
82673628 
156381570 
155986128 
50835878 
14997400 
86166367 
57690247 
15851730 
178586269 
3102008970 
3088405732 
14173315 
2180163722 
23588838 
2180170945 
82789484 
15012486 
2180168234 
51241574 
750751206427860992 
2151416029 
2846982741 
2847028078 
701635518 
701667727 
393852070 
701625379 
701615052 
570218986 
3063032281 
580097412 
391037985 
361270172 
47786101 
47285504 
133880286 
50374439 
18131961 
23314049 
113134752 
52613032 
807095 
117848769 
5695632 
414304780 
63302020 
442237496 
15147397 
27022632 
31312972 
22222761 
72423061 
27711685 
42977712 
2909536381 
176047209 
256302342 
456104299 
20121783 
455056434 
266147986 
13061102 
18755564 
120834390 
18791575 
20259508 
57750055 
183229635 
1347082578 
19519704 
114323684 
42598409 
36513246 
21624951 
23136873 
2868663736 
24261176 
146878509 
164539719 
1150237284 
858743294 
557143602 
271086371 
153156412 
242038666 
22641532 
41441059 
28380724 
23228600 
21323673 
268414482 
79650494 
34507480 
153694176 
36008570 
20565284 
18625669 
23976386 
26565946 
35094637 
27406401 
33990291 
54951973 
19571299 
16827333 
18222378 
19330043 
23631859 
53569692 
44570946 
14749383 
23680913 
20122306 
25806962 
20729471 
567272786 
70206087 
162814269 
64288197 
902189941 
596856929 
39287040 
558843630 
554796679 
168580030 
17714046 
107553042 
92107813 
25612634 
956355000 
400847615 
212676890 
253322072 
27895514 
19407585 
19407180 
28409795 
16031897 
15135752 
18951206 
219649937 
15422847 
13700542 
45681041 
15819632 
17105214 
18173624 
15687962 
394216985 
1418745782 
19430456 
180560224 
28406270 
368448364 
36242584 
2273581160 
31127686 
65105252 
78821925 
26923995 
27854194 
14735121 
9300262 
329746058 
3233444469 
1483679244 
178072150 
11644562 
325388699 
22848668 
22039950 
121966121 
818203045854990336 
17853760 
248270076 
166739404 
62513246 
158414847 
19697415 
2233154425 
28570808 
2324455916 
20522684 
357199011 
6539592 
41073372 
62290422 
21926684 
6433472 
8736882 
22179997 
21217034 
22650211 
14924114 
12848262 
26528121 
26820715 
23603092 
79293791 
236940168 
255388236 
28742720 
294248649 
21514409 
1253165725 
15030766 
329239560 
256573865 
1051765518 
2426272700 
209084916 
204296012 
45357512 
80700514 
826309249315725312 
17237095 
330705266 
2516060048 
42384760 
310072711 
35936474 
23083404 
405728790 
391523929 
379408088 
19923144 
403245020 
790692857392824324 
105119490 
19426551 
209708391 
26257166 
2557521 
196795202 
708313947686965249 
27260086 
493053234 
100220864 
21447363 
813286 
16190898 
14377605 
20221159 
27753260 
17017636 
43963249 
14681605 
195001606 
14348594 
25749391 
17732153 
196656564 
16302651 
236892869 
6480732 
20015254 
20020775 
6480652 
73238146 
970207298 
357606935 
325830217 
818910970567344128 
818876014390603776 
1093090866 
29344169 
19793752 
19768193 
2317351705 
21035409 
316389142 
16303106 
19637934 
372902725 
28041265 
20535790 
189338783 
22770208 
176566242 
46390648 
19675397 
158314798 
252575365 
19982092 
17509749 
84279963 
434923200 
44101412 
181561712 
69343575 
85452649 
262269130 
176486829 
31590077 
95465386 
69053216 
18953259 
59522488 
386654472 
29964675 
20508222 
28407974 
17386885 
19818494 
25925522 
215952307 
102135528 
19562228 
65195961 
17336417 
94344568 
20015311 
21408148 
46345843 
94710817 
14824849 
23428171 
336116660 
163981466 
441854978 
17336372 
44874400 
20155652 
18887526 
19111767 
15439395 
10810102 
7861312 
1183041 
19029137 
18396070 
15227791 
31353077 
18948541 
28562317 
500042487 
523632806 
22461427 
17430005 
79501630 
2206266908 
15365105 
2809707614 
21665313 
92860137 
386244525 
441115772 
41265813 
428377986 
165552004 
381648806 
14790899 
198599889 
15358329 
353029369 
32378913 
188647212 
292359364 
18745729 
238763290 
234552226 
51742969 
111690277 
185487499 
109713729 
117778179 
21278412 
158014897 
24966423 
96851347 
94360081 
119509520 
75449249 
40908929 
95515846 
18220175 
75343843 
93935921 
3004231 
18064372 
17696167 
28638191 
17929027 
15830716 
25726723 
19028953 
14791251 
17915334 
29611918 
17074714 
34738598 
27778893 
20567939 
32959253 
14920785 
116362700 
25365536 
20322929 
259379883 
28208983 
63677189 
23690344 
21774892 
19248106 
29840295 
17399269 
24705687 
35798784 
70436289 
392447726 
1914770850 
36375467 
24000262 
2960238381 
158415077 
1692451440 
2154925141 
24278900 
44711806 
108204138 
506230844 
17453527 
8320242 
464118415 
263310916 
18726245 
248554011 
11837102 
15096363 
19984744 
36738259 
90700862 
23040113 
807837680 
126206511 
48140577 
1332121 
292536764 
3291841 
23560015 
20727819 
14840869 
52087269 
203162990 
14497313 
15291335 
21904217 
20255162 
50004938 
428333 
221219249 
19002345 
14705603 
1652541 
9930742 
12993222 
13896552 
19000033 
17659340 
2242728246 
19636948 
26327974 
26314109 
750207745144545280 
22013526 
156411211 
28422142 
6541402 
132365355 
248540427 
381903813 
186154646 
795686303702646784 
199626733 
722446407106445316 
425366980 
9942272 
124014634 
28628850 
170861207 
185272205 
3390731 
223005815 
14676436 
79848384 
3311805104 
53192519 
60651983 
18351318 
2422349413 
26006790 
401392893 
17917369 
44264086 
4040490432 
45371222 
394254612 
10926202 
18548221 
86972419 
29965655 
14768664 
271033589 
807184035181010945 
116669275 
756971018753757184 
22411342 
3035025936 
369626211 
60666162 
40044371 
37669499 
94938691 
54856746 
31213162 
25128578 
52757166 
22665816 
80233893 
23410721 
42843146 
52181976 
369583954 
66544351 
310463188 
6446742 
21586418 
19208457 
18208354 
16322037 
15166316 
29206353 
90006831 
533408363 
23737582 
32981735 
516771605 
1888149452 
515722353 
127431090 
75206471 
193494089 
1290082680 
189283341 
135039839 
48672487 
32985158 
70006177 
288304848 
40519628 
52135300 
50515656 
28301551 
502017570 
24529777 
500651859 
44527648 
66561957 
112915037 
53297035 
258868912 
139848744 
398458864 
362786454 
168767461 
20196258 
429298552 
499336680 
205302299 
115682368 
1222639789 
1195370804 
355708717 
110895343 
15290441 
7517222 
141664648 
250831586 
75974281 
285282053 
82939583 
45266183 
43522180 
1242582222 
29066171 
33976026 
19373710 
20443852 
67995848 
41649718 
2237968202 
15466988 
18249988 
120068116 
469619226 
17596622 
3554721 
16029780 
13201312 
3459051 
5360012 
15193285 
19175209 
46415280 
1170178843 
22794418 
35780857 
15756056 
361270800 
49468412 
23196051 
15565026 
14780915 
254753463 
119199038 
730300800535121920 
4118908632 
2861361 
41626387 
2858766971 
233564170 
245527050 
24618825 
16322680 
742143 
175954697 
33589209 
127245578 
130496027 
65992743 
85243004 
778078781856624641 
16681542 
576616989 
16434826 
89787662 
23572083 
33960482 
83590349 
24797315 
17325090 
26789088 
68246882 
260174519 
215061754 
19044933 
22680659 
19563458 
21415235 
16472279 
441389311 
22535639 
1051396218 
139475931 
228964154 
13992132 
1330219021 
204616194 
2322759930 
19902567 
55587591 
26677160 
3590756008 
16589206 
2889398600 
237870401 
269666502 
237845487 
72192791 
15301152 
234053160 
180821354 
377706430 
164756335 
747770993310113793 
20758559 
41468683 
17293897 
22657153 
18097821 
46662450 
22209185 
890891 
172858784 
24250913 
762076856510091264 
166669818 
1011049142 
368665193 
22003654 
4629148236 
43383705 
154010861 
246914391 
285923088 
376267732 
39601638 
22247236 
546629319 
271235069 
1857948524 
1516720879 
204944073 
145723434 
4487597665 
4795703042 
34461301 
25097818 
62267325 
90839099 
104857155 
153153856 
177657318 
245881661 
155568793 
261690899 
145776072 
86384661 
60597469 
260384666 
48120914 
729571020 
76255874 
321794442 
1493678719 
26109736 
259348680 
545452580 
301165717 
78763632 
310695482 
56446839 
26127836 
25180501 
106764592 
37037520 
29599482 
239675358 
1242055206 
40306315 
237345880 
15930906 
17878322 
237575932 
15033845 
18133405 
16134697 
217920201 
27071444 
1482663290 
186594295 
128749783 
19582385 
48203178 
23888081 
122429429 
37997708 
20711389 
20447903 
3359481 
8892822 
19165963 
102595595 
18039316 
23626355 
22633584 
1063561398 
224305554 
3193819488 
90275322 
276264706 
164430244 
62389836 
17624294 
141341662 
755623051 
703357226 
4276050858 
44138335 
30254855 
49539854 
28625627 
154019858 
28295259 
72451861 
14629092 
339351433 
130622311 
107305711 
1360268054 
85962158 
188823353 
15841856 
188779258 
17725445 
69649259 
339718674 
24260680 
498359383 
296370514 
348044335 
48821380 
22382858 
258454040 
247297721 
1101991308 
228079608 
1131983209 
20672768 
370458823 
20606805 
316558908 
409526666 
163462941 
370232620 
80945516 
31948110 
356349317 
31220292 
40154192 
16530805 
27692502 
26157133 
20729576 
61288679 
21110041 
21415380 
18999854 
34635455 
396946100 
703400666 
612839930 
263676249 
298552988 
412461506 
248912030 
170508483 
415631898 
19297007 
409590408 
452740559 
25099558 
44169688 
467820381 
19779559 
253831375 
403094217 
122157341 
213385090 
2525109626 
555688860 
18073532 
613497601 
243782728 
85114412 
422966358 
284241195 
933734899 
29249435 
482457738 
184603980 
16615740 
22552228 
17028306 
20455625 
18078296 
717408461835935744 
88312318 
37319188 
718023267437711360 
294219261 
283783863 
95713333 
1707318218 
132240374 
26192398 
74055097 
513446017 
820462574 
2182868706 
916979274 
40255499 
91390383 
49573859 
44409004 
16409683 
7428362 
14230524 
245992215 
17919972 
107512859 
18091904 
274119641 
251496825 
492399548 
133093395 
57097104 
121626258 
758502037 
135409637 
52551600 
101629378 
25551278 
33978449 
54950220 
292561889 
2897441 
159207564 
16573941 
189598944 
25020922 
319919135 
16391737 
298253 
6427882 
18708466 
241382835 
5402612 
14506253 
5392522 
502135911 
3108351 
31080039 
14293310 
23544596 
14075928 
19040451 
14677919 
259392555 
398092540 
284602545 
44372537 
657863 
241264057 
42511388 
373683618 
456354916 
16044997 
24000965 
22190567 
3254742980 
34537868 
4715246532 
47188388 
67024549 
21795864 
242382715 
26259576 
787709936 
1245320090 
402181679 
17712552 
968686122 
28132141 
210925724 
312915136 
138888759 
38184376 
82265469 
14843057 
114913253 
35552379 
17787050 
118614063 
211293722 
2546601734 
22187608 
36472610 
974798197 
29226377 
140492870 
185314895 
110827653 
92367751 
52544275 
88784440 
108471631 
1074480192 
216881337 
39349894 
23022687 
21237820 
39679408 
23937894 
126447030 
16569278 
27337098 
47404677 
1382252497 
54716387 
15962096 
130617778 
19058681 
20479813 
62528637 
915726438 
15290897 
115749048 
18627768 
65439289 
63874030 
164326590 
28420827 
390240874 
23116280 
20172395 
29726065 
26896008 
189258194 
379008908 
388332665 
88749392 
51100670 
31569621 
1339835893 
33235771 
8504762 
705643942872678402 
55364459 
348797073 
34316788 
541158674 
267104726 
59293302 
72659915 
344955115 
189192277 
18723984 
19568591 
1311764197 
148209352 
47452812 
153592225 
553291947 
21659166 
47426362 
502281810 
87595338 
66263785 
155823836 
97564473 
39097715 
2812210658 
23733489 
23027237 
23023236 
730914240865820673 
22796106 
924631 
16354780 
3861864020 
18331903 
19272244 
17679977 
262299947 
18980055 
18253310 
2774803874 
17515200 
165646878 
25020656 
7479182 
240049274 
35077706 
356314667 
246606775 
140252240 
2364380472 
2696448270 
104255797 
1115209315 
154622017 
29274541 
69677501 
47714668 
21238524 
48075294 
19805800 
74186967 
7280572 
43355844 
1223101 
289998339 
14216661 
291792912 
18177126 
59863850 
15666380 
32204592 
3115459976 
49712809 
23855299 
27092646 
3404704067 
218877071 
19494203 
32168892 
39558948 
24053690 
21546659 
258496812 
733101439745175552 
518557386 
706652435960324096 
36722004 
221411491 
4850721095 
21359713 
23156823 
24529179 
24580902 
50037051 
154280902 
48177728 
96448406 
19882775 
20620967 
23620920 
69059330 
69671984 
834338274 
17725964 
1325678520 
153811946 
135116543 
194244616 
229667535 
267978097 
131123396 
9763482 
3040978594 
1600809253 
1050991597 
26604904 
21131816 
23654986 
197208081 
447580938 
493347356 
133414931 
202277204 
26512439 
94633000 
346119883 
333320329 
180885272 
3013562225 
22964290 
1418813336 
389513334 
2370590299 
721963802825224192 
16883218 
583023951 
69406730 
21718006 
2767615397 
736380620201467904 
31414290 
138166008 
3438039995 
3385236489 
2927885011 
126082864 
19025270 
15253147 
17753033 
17020962 
24447643 
112508240 
44039298 
37982492 
15693493 
31497094 
20451526 
281309452 
27195114 
324365764 
1292556607 
26751981 
1939935499 
20372467 
1536791610 
34772326 
18962118 
622993275 
19725644 
2285819802 
3943189877 
103012173 
166747718 
145353566 
157411058 
51325726 
18956117 
23153278 
896255168 
382480441 
197676828 
114866259 
2208166865 
82199898 
23970102 
50769180 
426917520 
222000254 
76119139 
4883778258 
17427779 
19329393 
19877186 
214244710 
32398651 
22757990 
15756877 
54030454 
57446944 
2647930626 
632099320 
3312146263 
1372975219 
180200454 
27947088 
239598054 
33610187 
14474538 
43024351 
19119809 
157140968 
16334824 
244274949 
2398620020 
74893178 
39823796 
85953867 
17601086 
51652689 
2390552802 
238319766 
25776991 
52141198 
467685522 
125783114 
62095500 
139162440 
2811837431 
80096994 
292735110 
2812768561 
434681458 
42382824 
2934482082 
4443559637 
3237911068 
4427174507 
4864563748 
2770757517 
182106541 
1168059704 
24130267 
723364872709263361 
304999614 
426083205 
3836740781 
134393304 
39908948 
56697794 
39103094 
19195276 
175161093 
133252126 
915104455 
26177528 
20035593 
2364560108 
247170513 
108178360 
714923513245736960 
132926301 
719054157970325504 
3119754419 
213444489 
772555729 
719611406845407234 
16729887 
2835276183 
1302055856 
2433256554 
15754281 
84076863 
43698701 
69181624 
2467791 
14511951 
16129920 
15224867 
165828348 
33683375 
48461619 
1718292402 
355222270 
313752737 
2380161223 
55645161 
19265430 
124050122 
91454381 
27927815 
22956018 
1093540076 
24012917 
343746110 
168757829 
19417999 
26130127 
376842086 
60520655 
20574354 
16945341 
20291791 
80815716 
34706051 
89183429 
69109277 
823528380 
6273552 
2654937974 
14280127 
248274498 
80492127 
2340811879 
31167808 
177761707 
103948050 
15740829 
19709536 
120616894 
593137955 
18565988 
23501161 
99610531 
1467026312 
74310312 
1222235652 
277596193 
44436088 
22570592 
562570372 
96800585 
122092164 
17138468 
24938230 
124526196 
21665267 
42909467 
29898542 
30858436 
278236482 
460329427 
2831890262 
40627965 
1537478390 
16329181 
15639784 
243871581 
198954890 
18982411 
22090361 
24595125 
35028812 
40935962 
23513177 
18788558 
326787724 
16396232 
16072676 
9614552 
14593090 
26228740 
32445529 
14149571 
132463090 
63290331 
168987151 
732074215 
12230022 
7480402 
56461986 
30051241 
533423839 
20091703 
27186085 
231858529 
39565241 
250619283 
589672047 
862357015 
55726439 
40056590 
794553588 
26336318 
588352379 
82974180 
300506276 
259832379 
234951672 
57375861 
265416147 
18544090 
28133800 
37978773 
73447678 
136674424 
64929124 
419768036 
451171141 
1815752912 
20117914 
14126785 
89316412 
23087695 
3785688687 
522661225 
2899161 
159916388 
98422090 
14604911 
521219921 
2215866739 
43973013 
32162056 
20221195 
21360134 
29985768 
16259997 
179106678 
33617356 
1179691368 
268274153 
586897390 
626961049 
2796132364 
67126127 
288466745 
21651600 
394919190 
279045708 
19614512 
113536421 
31317590 
32774989 
292993566 
2494352335 
1713362508 
21359583 
15967794 
430399139 
24167813 
611941828 
21162131 
14147395 
67051145 
17451607 
27077991 
65364470 
27077347 
26929292 
448566571 
168839429 
43604763 
314316222 
205232255 
133726017 
14819432 
227802303 
17271672 
125465007 
160599963 
3322895292 
96932041 
105843082 
25773457 
18041528 
633075839 
18146450 
176583333 
89267127 
16444868 
2482655844 
26265033 
72501348 
26320449 
180209133 
226211833 
23012957 
104291530 
549587666 
231987512 
21125133 
484930513 
23099673 
525141297 
235057203 
1085759592 
74244916 
470941988 
396397745 
42578447 
16077932 
296560902 
316769147 
581275345 
20627870 
35938101 
56739000 
19143584 
1209516660 
175711277 
25021769 
131250818 
22197325 
31339382 
260436600 
66534685 
210646332 
28650983 
36084926 
267590541 
21702363 
19022811 
2276788117 
35104660 
3811396152 
30049993 
26548315 
341953976 
1371821090 
25516222 
6110982 
72442169 
718827319 
139081896 
73063859 
28185030 
24471508 
26003792 
88512396 
251512017 
168101329 
77889057 
403179950 
199856827 
2875485611 
41419199 
2268748518 
1676607096 
2304270448 
2444731878 
3337432331 
17373731 
24749745 
18548750 
611417477 
4002119720 
750451681 
279918322 
61663458 
362655140 
317672700 
69415222 
213976731 
67423942 
3241924715 
39426309 
523176605 
2876263546 
108758183 
1099967342 
248750273 
774178446 
87090592 
2878081468 
3731446813 
30754682 
448936476 
53105046 
759251 
2097571 
46305783 
51804453 
22805073 
31062322 
19554094 
81415840 
97232237 
23580092 
207541837 
51654540 
2423644094 
3522049032 
421915188 
375981658 
9629222 
443215941 
109065990 
14867598 
37548451 
385185222 
440435021 
528670045 
296823582 
39699580 
21782956 
28048270 
1102702328 
432519067 
17630941 
28175675 
200616329 
712336656746029060 
220493077 
946826028 
712365853946187776 
712335968691490816 
4854762227 
710568616228462598 
2331399745 
135602995 
708048335475580928 
1195872445 
343822575 
1442241594 
704824980794527744 
3347107205 
52113968 
2944115159 
15918543 
4419400721 
712395087360053249 
634573296 
24062457 
712428482991534080 
95793662 
333084460 
14754932 
95297220 
205242337 
1612349160 
255333548 
359750088 
21360768 
3257083627 
261503761 
318821694 
42451620 
249462185 
2364791713 
24323422 
19224440 
34255205 
437044037 
2466065371 
19226730 
2989033555 
33153738 
41634520 
216776631 
139823781 
57084769 
201295531 
530808613 
411869789 
131992143 
2404052367 
3062240904 
2616667146 
3438164686 
709599952054255616 
944927005 
107761206 
3627451335 
1543467258 
3235541497 
2771346772 
3404564050 
242468682 
375378081 
2576167946 
470361191 
2161246842 
1077487926 
2653786181 
164400055 
52339186 
1146864612 
140669654 
56973754 
3107996229 
21072971 
1734356648 
37338814 
4830582779 
106401651 
4738900108 
2956428622 
1908479377 
1640520636 
1564798998 
3294048876 
1678765915 
1072700058 
2510900782 
700992000871497729 
273026747 
99543084 
324712162 
158851905 
251731790 
24107268 
120961746 
37778451 
20506013 
18228898 
479199911 
31670909 
3043662116 
21652046 
453590160 
4045940368 
704846239846694912 
2628779620 
4892185835 
70099039 
706470299248754688 
33602654 
2200647533 
23206055 
524778710 
707103621427539968 
707631206679113728 
3269479040 
138605904 
700410194644201472 
3158319547 
744019416 
4922683686 
1408240723 
35213207 
4332610361 
3138588553 
35408870 
3008760096 
353457568 
25092867 
25985344 
62902286 
481297034 
38066493 
100876685 
24235614 
19243766 
891231919 
95040721 
56367926 
24168160 
419995383 
35184346 
707620748 
203188566 
70953694 
214094612 
146285530 
266326428 
21235661 
192996553 
50055701 
372381573 
419654804 
2261960829 
22645363 
184903026 
1449838801 
21334326 
93874433 
15574534 
66728248 
167499782 
104288093 
104249727 
56783491 
23375688 
21111883 
550237141 
3648637696 
1346726942 
208509933 
2339780971 
29535151 
3152543510 
3145239759 
624565467 
35587894 
538734371 
741209480 
4260536362 
4675254794 
4675807938 
2760642920 
2366158783 
4517617632 
2859877473 
116909087 
34425400 
41427635 
77477487 
358469509 
4867487183 
2843864489 
4849138692 
4887790312 
69335402 
735211087 
2332679437 
1044283686 
4886947684 
1227706040 
4844914507 
3938824701 
47235590 
4790124015 
390279425 
2812157146 
2600517398 
26046091 
97751154 
385196571 
36419991 
21293483 
116630597 
172042565 
3401287625 
2934057101 
15730901 
3186898980 
70623910 
4858944006 
854442948 
40313810 
1703005734 
2592962215 
30175810 
4913836009 
4914479898 
3183925746 
565649240 
574876533 
2325653546 
2703085086 
331953396 
543760437 
194214054 
337517800 
4919300775 
558174982 
4763388612 
2942811737 
3460028233 
27897690 
273418969 
29927169 
15846160 
3018992813 
251721516 
410110281 
493248791 
3005846178 
35744534 
260405687 
25933353 
561738282 
44645318 
53223050 
446700996 
3146413624 
579563646 
3029802929 
4833692225 
25964395 
36848537 
2893511188 
4892945159 
179670866 
30364057 
122597015 
19745224 
499441501 
57649025 
142158326 
241204643 
244207508 
4838868622 
4838117194 
586260382 
1401135751 
50133479 
155620016 
4855686922 
28870592 
3159746961 
26508557 
313506346 
3013334231 
589759025 
21894531 
946715173 
4879250194 
4879301007 
2451562567 
384464210 
28982413 
29442313 
39915997 
22706942 
22706551 
1347285918 
113047940 
22705952 
29823340 
109275829 
552111476 
29534973 
2717249388 
2583840889 
18777241 
44685373 
22841725 
111027428 
70706845 
1135745678 
16105044 
17525171 
15745368 
76405756 
65289126 
348785149 
14678279 
4053615492 
27806745 
1112840509 
2734757585 
21868311 
4832451492 
3173243350 
520717048 
36984909 
98949692 
18999969 
2847407801 
108153789 
2495361691 
54447030 
108448773 
372814213 
29316672 
1918414987 
13523832 
2715521690 
1095262020 
508820429 
1158188054 
527069811 
4443473355 
67062865 
2928243883 
4833916584 
559943455 
3789333800 
520399487 
1976189407 
1215624355 
21307723 
18227519 
17074440 
50325797 
21619519 
2834212357 
18936809 
1176994477 
14529929 
25977925 
35607923 
169686021 
578613870 
28756363 
707140378 
1472729646 
3235066196 
309214829 
356285068 
586811974 
17581754 
25073877 
92104472 
16739814 
174833671 
3043847109 
3312613223 
89744086 
380186206 
126486523 
393119417 
256595307 
14326245 
1104703644 
14260960 
258921974 
21355614 
28061724 
274251277 
110557285 
1321735862 
3672400154 
3393215009 
2336018761 
1347719588 
443160036 
2244669210 
1884926322 
1220334726 
21369113 
2838580478 
44826930 
97822385 
3801071113 
4829962816 
1244246810 
91766281 
1733889787 
322773491 
179129165 
598002619 
16331010 
899039797 
105218493 
4822785879 
4822773370 
4026743206 
3876632476 
181187033 
331844822 
548914720 
3133821104 
382886433 
18704659 
18200640 
4562363254 
2462482822 
367910022 
469524102 
34743251 
713660438 
254171611 
133394544 
71588715 
2715191466 
21507301 
241249160 
15927336 
399147540 
14801539 
13824412 
27011033 
361911482 
62652711 
816739926 
448459115 
2349135840 
92459289 
119879374 
599512903 
26053643 
3315404424 
445893421 
26747453 
10716292 
28785486 
3688678348 
2717830729 
26959507 
10228272 
14518148 
61504402 
2408848296 
537086964 
15964049 
251447819 
1343030293 
33553702 
2250794556 
2285662423 
17439277 
29058222 
2774157674 
17615931 
6591872 
22517388 
253659198 
355220990 
1953423542 
18424591 
833571 
17681513 
27919401 
336242259 
16589495 
302328722 
589711599 
18303935 
28645157 
215521276 
551276984 
238020959 
6054912 
8689912 
21623813 
902266856 
2518302192 
189619402 
1132793340 
20959225 
21522718 
5407372 
28466237 
20782250 
561709994 
2515038823 
18216186 
28109359 
49717874 
488682119 
19268706 
18479337 
14133970 
21987670 
52188144 
25836721 
28625330 
16206101 
178174164 
21375462 
1396274120 
16053405 
3225356016 
30907711 
35831704 
3092041803 
81280604 
3193201157 
17953972 
50019191 
129017224 
16241389 
2327772354 
26801818 
779451 
35261876 
760828086 
1338030026 
38724491 
2224127485 
39931366 
23649923 
20552696 
105321788 
19469663 
3254623768 
515868420 
1938240282 
2182766588 
16828094 
306258183 
2928098421 
1943895252 
1927297255 
391747030 
3195704504 
21711973 
17854923 
78116364 
3195723266 
2937978687 
14626676 
601950613 
3108463695 
112822759 
553598278 
1381079328 
891380612 
931262750 
1564411646 
3228248765 
95893277 
2730466283 
132768637 
3195786992 
3255024064 
3255004889 
89103763 
2849010945 
1012248577 
3195862783 
2903278373 
2910587460 
3255022641 
2364528493 
50180584 
3255097577 
1554906872 
3195812790 
264238785 
3195814272 
3146486404 
2528048353 
3195939421 
36371214 
2863801819 
3195874686 
3195869142 
3195866718 
3195976615 
408449474 
971146699 
142428690 
81765321 
24628323 
390899288 
41027062 
2693335453 
188181406 
15384777 
2560197345 
3253975888 
2925234705 
3253866291 
298844240 
3161812850 
343769673 
100277835 
17532059 
3192822865 
3195358801 
28403666 
2419697472 
3253829417 
72404821 
2335945427 
3253810678 
3195282289 
3253746545 
3195257869 
2902622339 
3253680382 
3253656034 
3253572329 
114859776 
3117970881 
2796252720 
3121584953 
2495567768 
430557055 
2291613300 
3195051314 
113491775 
1339383355 
149738419 
22739392 
35120520 
2846113911 
351466411 
3194232397 
537354383 
2241808315 
153947016 
24492949 
3194980550 
1614568951 
3245894068 
24090015 
131400932 
3253090017 
3252826420 
1056007447 
486229780 
331282970 
17434474 
3194678940 
3017902519 
50653585 
3194745464 
2979055101 
3089079598 
3252847823 
434361030 
2987251068 
3194705976 
338186102 
3252931618 
204659464 
3252905273 
3252867471 
2772480921 
3252907931 
3252943775 
711870540 
3241991837 
171636144 
557981045 
78775015 
14470033 
3199579355 
330520753 
3177361789 
125501383 
1214648880 
2231530261 
3194828192 
157426014 
367462358 
2966899667 
1793352253 
3194815434 
2196671900 
3241972253 
359245320 
3194827848 
3252980853 
25023478 
3171117090 
37391190 
437602921 
107230390 
63195238 
1007794658 
2957408075 
1883769727 
507999060 
3253063571 
65922208 
820830145 
42438648 
3253075007 
256713716 
242184655 
3252708843 
459873028 
32377726 
3237490264 
2926184646 
1665548646 
507268554 
3142370754 
3249108873 
20626176 
3194628253 
3075428982 
28111856 
448523251 
36211667 
59167391 
190046201 
22661695 
29317225 
3154658211 
3252472637 
266005286 
111603635 
191304772 
703456267 
1116820716 
3194598990 
633349475 
2472778144 
3059788528 
3194617032 
44415716 
2287686397 
2355386714 
3194628264 
2408747035 
858560268 
123381228 
3194632848 
276291425 
17468313 
410321914 
727921651 
1944437898 
3001826725 
509022789 
3251138667 
3194210563 
3190501001 
3251024560 
89903824 
1963780776 
3207522575 
41654831 
3194248478 
3251253507 
37810746 
3251358118 
3080341565 
3194289854 
3147939080 
3251456878 
3194302976 
3251502478 
2258519502 
168774941 
153217024 
3251561267 
3194301972 
2350122014 
224329682 
162377671 
3194388890 
491009880 
3251660013 
2169154336 
3251767654 
2358681133 
3194434358 
3251736431 
3251711523 
190540159 
3194482243 
26688109 
549554414 
3194516269 
43629958 
23132771 
24105824 
148471494 
346568051 
32155143 
402149964 
3096121 
70899977 
3177681818 
41010890 
31333403 
17177041 
3194434524 
824633292 
1093337970 
294944449 
25019061 
29512013 
3178321970 
3194069720 
96807254 
102529502 
322760041 
2823372059 
3251914487 
601304701 
3194541343 
5658202 
3244865746 
125423306 
42317446 
3029191540 
286428176 
3220593845 
18625654 
35621122 
20324260 
886838516 
23143020 
201419073 
723448286 
344955064 
1941503900 
126701303 
93481274 
19009559 
3249858903 
3193910192 
3193943569 
1369176918 
3193861938 
244419269 
15108422 
3193392704 
3193734517 
3135502667 
3249205233 
14831111 
3193774429 
3064286655 
3193780381 
49465128 
511990256 
3193783981 
2593129195 
3193785421 
3067744996 
3249259107 
3193705740 
3249405046 
3193806331 
189958841 
3193809619 
3009305239 
866961774 
3193740096 
3249498886 
257171384 
986624784 
309396557 
3116880418 
3193810340 
2755442861 
3249475071 
2188790936 
3193823300 
59582091 
3193861093 
2988962325 
3249517083 
3249564065 
57474354 
3193871575 
3193564526 
157073532 
3245904676 
2959482944 
18858666 
3192186938 
2269798358 
254304704 
3193822476 
2978100728 
2991347601 
3193883408 
2387647867 
972877885 
3193888004 
3193835214 
475448091 
67099565 
3249751071 
288595226 
3193842378 
2943416577 
3193898210 
86468474 
3193900946 
3193904270 
3192893515 
24137262 
2831993551 
907165123 
47692591 
956719939 
2511460860 
3193673042 
3249050465 
3193696718 
3193640304 
3249250876 
59292466 
3154959646 
3249179080 
17035159 
2163475218 
3249230050 
599186048 
3249234448 
2479101672 
484131765 
34703198 
197939989 
238766277 
56815763 
252635429 
855288464 
16742866 
2831527893 
2951621775 
2461958953 
3248781958 
3193648975 
410315955 
3248713683 
3193621298 
3193628516 
351381169 
3248747685 
3193669507 
2825308963 
3248849434 
3193637198 
3112298212 
3248858056 
1281350990 
2873308131 
257260767 
3248895448 
3150873818 
559076321 
1938872738 
3248925160 
2891508819 
3193662788 
3248869287 
84137915 
3248909705 
134701492 
2174811294 
26250653 
249403146 
2279436384 
15176117 
75096769 
2181711866 
3192911420 
156549427 
3189198691 
39895321 
348108661 
3246925197 
2999009991 
3192632629 
87031170 
3192616304 
40124240 
3246965973 
3247060522 
3213733174 
3246969873 
2795296764 
255193111 
3247018955 
14839329 
275854661 
2935560568 
3185602058 
3247077946 
3247043429 
2507941922 
201034916 
1293497803 
211763738 
319902695 
15158859 
3192596784 
296332093 
2827208802 
3192660932 
3192664586 
3110642933 
3247140154 
24767660 
3192674372 
1308292158 
3192629610 
143184048 
3192692060 
382412433 
3247084773 
153641591 
3192657408 
942707833 
519027318 
376987425 
48503582 
287928838 
31489970 
134744316 
854868637 
407482725 
3192663768 
68373047 
596290035 
3178679460 
972328530 
400117504 
23590047 
385980383 
567578409 
404870370 
24983033 
39340785 
3192608760 
285825688 
301622422 
3074866513 
3192724808 
312272261 
1378396830 
3192773293 
506004664 
3045196639 
3247240342 
3040006316 
1167380233 
212727629 
2758386949 
76368893 
86588736 
3247211999 
3247213841 
1319824999 
2840119261 
484934670 
393660770 
3192799603 
25248050 
503998955 
3247182783 
755833082 
472590592 
151201625 
3247236761 
1648607384 
3192840547 
3192843385 
3247313188 
2993882172 
78350964 
2852481546 
3057179138 
3192829070 
3192828278 
2893599677 
3150391172 
3163196730 
1968943969 
797193360 
3192893311 
3187015382 
3192857084 
3193535484 
1594242936 
261550683 
28666705 
252404356 
52877657 
27264130 
536562054 
64223036 
615312474 
2827588852 
22991199 
3191546431 
65767263 
3192352008 
614761505 
466087074 
2476479282 
1488653274 
1137912103 
3247386881 
3192870786 
2663494224 
3247265201 
3247382937 
491602626 
3192889422 
3247410831 
3182093684 
2866095613 
1093798171 
2325942734 
3247554358 
3247508795 
3190257224 
3247479567 
3218286807 
3192031848 
861029406 
1623086371 
244638214 
3181380592 
1459965150 
3193096646 
17018375 
3247751921 
3247751303 
3246413261 
2844610792 
3247750169 
3240451636 
3134157712 
81931065 
3247875683 
3247834827 
31155727 
3193209896 
863454864 
35248776 
3247897271 
3247899773 
89427975 
3247842309 
3193258292 
783322633 
3193308295 
3193281824 
3193326187 
3234392836 
1115695368 
3248038264 
3193397623 
24641332 
3193367402 
21990909 
574156478 
536129315 
1464807829 
3193427126 
342303909 
1325668290 
2463203922 
864151237 
2379907399 
3232495523 
3035482602 
628998630 
2715181062 
3193490281 
3248307130 
458002586 
341164497 
3248260083 
3248339795 
2196845465 
521266358 
111064214 
315569136 
2914316557 
3248389539 
3248471195 
3248462369 
3193511670 
22001577 
3394371 
3248564123 
3111739836 
23337784 
24117572 
156796741 
29216430 
137221118 
3192426198 
495176894 
2544330812 
3246759418 
3150213331 
3192492926 
597470683 
3192533635 
23908892 
245629818 
3158455160 
18140810 
172056812 
3246860626 
3192530480 
3246816509 
3246877348 
753922130 
1527913255 
3246918886 
1746223801 
19506382 
36931191 
3192563240 
3191578742 
3192512238 
3131219884 
3190420200 
3192578282 
3154915553 
3192529764 
1642149697 
25723502 
3246309412 
3192140198 
3246229965 
15524983 
3246327652 
715541041 
3091283463 
1271182212 
3192148518 
67002352 
3192211040 
3178175960 
18357301 
16927893 
188377135 
858246354 
1331680086 
37036598 
447626031 
175114206 
1574150534 
284677776 
24011622 
2324632165 
3115051613 
44245823 
108716520 
3246385889 
3022684296 
3225608669 
3246412265 
3192334741 
3172336202 
3246376401 
3192308744 
3246385821 
3192346333 
38683219 
19593362 
44850203 
1099914457 
43937476 
2856988261 
930223086 
178870639 
34164155 
2764661729 
3246064637 
2796502364 
3191913812 
3191987131 
346052407 
2541817952 
3246069033 
3246057807 
3191971400 
2902939946 
1431511046 
3135044610 
19930434 
3246216286 
3226571944 
1104454878 
3246178571 
349133545 
3192077127 
331332464 
3242747872 
2684976762 
16491888 
891288235 
3192111367 
2592724927 
253248242 
57213267 
96775280 
3162085414 
394346438 
500355116 
282569265 
26443641 
175500549 
1002294386 
147335250 
1434342270 
3245777662 
2578338115 
3245791912 
33129968 
3191588618 
3245522369 
3191589518 
3191593520 
3083584843 
3041120559 
3105966924 
1437224695 
2816317522 
3054183498 
1297743313 
35150000 
2440275924 
3245864836 
144294465 
14353392 
2573235171 
24468059 
14790499 
3191519917 
3130922596 
3186987366 
732902425 
2587507967 
2588998418 
69695527 
2973992139 
29384787 
1351078746 
119277314 
235033220 
1451956356 
2955281742 
32613484 
31429229 
16161704 
3191517728 
208632398 
348139218 
3066768220 
3191524916 
2789954476 
914921587 
2973913251 
3191528588 
3245715448 
1145583265 
196715160 
3148597615 
2196527250 
1555944732 
3245636733 
345450386 
3191581321 
2613051415 
2366885750 
3245649867 
1456143956 
2914347748 
24045958 
3245754034 
3191591947 
3245698085 
319699071 
3191593453 
580044739 
3245676453 
3041145902 
3239524191 
436758636 
328167530 
631589548 
955984675 
3245467036 
3191429102 
887928625 
2603440681 
3191382264 
22069314 
2726816310 
3185780347 
3245510182 
3188229780 
344348446 
3245515438 
224901602 
3245430417 
2752844422 
527845798 
3221675596 
3245479823 
3191399676 
24357823 
776125668 
2768610849 
194337844 
142814889 
367865256 
353904663 
2321997415 
3191472044 
3132128567 
557762067 
44854592 
19204529 
2550923184 
117483377 
21384852 
232801463 
35595347 
2182817753 
2812682429 
260835810 
3191273011 
83064431 
1713778981 
289052790 
2869869490 
2355676237 
111787154 
89821822 
32767336 
3245356863 
47326916 
3244471223 
240134759 
2912403126 
92250215 
1107756259 
2968331662 
556437865 
28228130 
3191174263 
342114864 
3034556667 
619833900 
48044461 
17965920 
242487960 
481531753 
25505979 
421576924 
3191087550 
3015612906 
389159408 
2782781928 
3191151828 
23597396 
21432863 
20680271 
60751303 
19777398 
60101131 
49254485 
178804277 
37010605 
67381805 
9783492 
71325392 
6813682 
168470806 
24536248 
26267709 
439765869 
158357978 
195841391 
100077645 
372326456 
416963802 
134934361 
71311820 
14849145 
192958632 
24016682 
16409216 
210684204 
33443369 
18050271 
21603863 
30972802 
17294851 
23614207 
30676197 
18128901 
22658254 
20499828 
16470419 
44425526 
18753424 
372623020 
14246657 
9466582 
37785849 
23916140 
23409163 
20600084 
29576445 
569555266 
40699138 
31140005 
726006174 
22422168 
23472809 
226040793 
61001395 
15980503 
25203361 
14354410 
15401078 
28744383 
30336038 
25365593 
30813505 
77087461 
112523594 
18065572 
18104752 
18774567 
5800582 
18018384 
61228608 
39111483 
31176345 
84176272 
26020465 
39114090 
891794228 
26447054 
16190753 
131500972 
27126701 
14725870 
127754070 
17368405 
20080284 
19790261 
29287606 
21173922 
38516217 
26788472 
1897579758 
20391646 
128816639 
22042407 
20632700 
21188490 
556441806 
16279774 
10806302 
20419958 
35513015 
857360184 
77474656 
18999261 
125478217 
206506117 
52529345 
177276897 
24337788 
619441636 
18922198 
39306847 
24231531 
35874969 
34369290 
184964515 
19234580 
29652694 
32371819 
50735431 
1250121462 
17287140 
24908960 
36581340 
259201051 
14855279 
60451948 
19665244 
27935689 
16312576 
243955021 
130385498 
17523013 
58375137 
46116615 
37286009 
82160486 
20598509 
22366636 
82656516 
20761311 
55996918 
17243213 
14969510 
27092492 
8200072 
730958460 
18369812 
26539009 
94963785 
17373600 
14134204 
32950792 
361875262 
15614819 
104543711 
109659449 
29945902 
372291193 
18439972 
78645110 
254195953 
8318902 
24964967 
36490075 
64472302 
18785600 
20018424 
126764924 
18694134 
8616252 
31682898 
45285833 
15471060 
30948732 
36098990 
17956766 
33276161 
52553382 
149103331 
15769327 
32189538 
1080747870 
21279706 
21319695 
14126996 
34822892 
85363141 
34789469 
27519328 
545061461 
1106879239 
75985600 
71026122 
173947979 
36885528 
14852482 
15036232 
135251226 
14989781 
44516839 
15284851 
8162322 
16282245 
101058456 
210921551 
17001435 
18734884 
306356872 
69066063 
398306220 
18888510 
44472892 
26403670 
29137765 
26764362 
20205854 
135731468 
15858135 
31676365 
28398277 
43482919 
19659605 
23121414 
67910628 
38504010 
58466292 
199574885 
49573178 
744163154 
19051166 
25063992 
34047021 
20261843 
22873141 
16536023 
180457545 
604424828 
22412376 
431273472 
241229867 
80511710 
33549858 
308452020 
19382366 
250791554 
30574546 
182384817 
37226256 
285321572 
9234352 
27338965 
36542282 
30333898 
144130505 
21011270 
17955081 
18911665 
16943339 
28483458 
22983937 
60357435 
71413402 
23875419 
15454949 
21348048 
48289342 
156152785 
75025395 
114801712 
12298152 
29770862 
245364081 
23122371 
86455440 
15966995 
16228699 
216498618 
164762035 
163570098 
24987045 
59150974 
87533454 
24044209 
227148979 
242957669 
13611222 
26088221 
23398730 
86373400 
391184137 
4532891 
29553576 
260838863 
1696309278 
48565709 
113767155 
14124254 
15053754 
37058108 
204585587 
45668062 
143614013 
20264228 
473493882 
2612262912 
23713815 
22186765 
1603365408 
24469619 
69574210 
406440494 
15949839 
24447331 
1185971 
1360898695 
143187176 
235441535 
33777424 
22629466 
110071314 
1375432724 
22823850 
142441229 
16881223 
18050342 
400230293 
25688332 
252968718 
2279776304 
60972923 
211974993 
20250828 
5977982 
18709388 
18153654 
17680518 
78195200 
38660055 
34488806 
30892730 
409623516 
602367905 
22255244 
24735707 
38507445 
28605294 
47074463 
66685886 
462968571 
1833570096 
27091328 
19534686 
168566725 
16527932 
22154398 
284961454 
237378358 
64496398 
177783712 
104618477 
19259132 
52442742 
189002304 
52392640 
9590262 
15356522 
202322417 
389067673 
15484092 
16243488 
2812227992 
330077306 
30259370 
19940791 
52221945 
63385728 
25009961 
21435194 
100264423 
19495172 
20074963 
24469324 
58959628 
14829533 
2445558278 
16397147 
156315725 
18742360 
415451420 
24510716 
16155483 
91055392 
39466447 
109160697 
28270653 
586032653 
76351820 
30367259 
72661724 
33938700 
15101270 
71156099 
285389267 
206995045 
2412935556 
218523764 
50651914 
71080496 
112616812 
12101862 
21631781 
90767831 
2503058006 
187893622 
20677866 
16131148 
37122027 
312684273 
10761442 
37599351 
14052798 
238831882 
8634932 
275836823 
93867771 
358880317 
237918222 
45052382 
14090989 
19955763 
42267429 
74456252 
442677627 
274810287 
167458426 
25412283 
15160622 
16435735 
267937553 
22415163 
19726058 
19385192 
194118713 
192935052 
36460096 
20548762 
14119916 
67162576 
462188417 
101568868 
54300306 
50421015 
42011746 
78208471 
32939851 
32388271 
77298060 
15255045 
5620792 
16394643 
635024437 
90357085 
1187763794 
261366910 
117477029 
17518737 
3245174403 
163229019 
774096 
31093615 
107325601 
92892933 
67973076 
106456130 
16188908 
47030797 
503633271 
449458965 
15757811 
34559099 
767396 
19982433 
358311362 
57606334 
24996939 
18125335 
147966474 
28066028 
17881732 
1452028705 
14353891 
21681591 
29166305 
1130156892 
35756163 
21884158 
398323499 
18403658 
636341209 
3177251707 
3191011152 
60425102 
19767618 
264040988 
556014704 
3191133439 
23030490 
101343233 
93998929 
37052017 
16234715 
2386084724 
63964057 
2162622334 
2262856508 
22843197 
3245228409 
212419229 
3190812260 
3244891726 
74889302 
3190825668 
3244977760 
38915205 
3190934701 
3244956905 
3190856130 
3245009968 
3190864062 
3244973297 
3190962247 
3190968427 
3190885620 
41763831 
3245008181 
3190848824 
3243929452 
3190949732 
315492188 
760361478 
91010436 
311643024 
3244991331 
3190908414 
3190913172 
3245045975 
3191013193 
3245060495 
3245061269 
3190920180 
3190941144 
3147695258 
3166582222 
23657350 
3191015834 
2747477760 
225094050 
3241235548 
25203225 
130728554 
2336025234 
2260858253 
22581205 
504876315 
232842085 
132447857 
868728433 
493649786 
1362270038 
55073978 
3245194186 
726074834 
456177552 
3038701207 
3245198092 
575690862 
406173514 
3189552960 
3191056915 
73176838 
103641492 
17263349 
428727594 
26768981 
29512224 
242545616 
195021808 
3171498558 
29984729 
2157401745 
963749264 
34770794 
3171882568 
18883 
3180909618 
252222526 
3148459289 
127425619 
93950918 
3245250964 
54158080 
39174220 
248452839 
3190468334 
24332964 
3190564279 
2929214006 
3190552724 
3180280418 
3190559546 
128047483 
3190535094 
3190624387 
3189548096 
2158748857 
3190619874 
2854118256 
3244709902 
2596384843 
3190642620 
3244686891 
1514214332 
48499318 
3190755973 
3243176025 
3188337354 
3189889362 
3244747085 
1735016678 
3183422483 
3169939133 
27393712 
3244810631 
289499706 
2723022388 
32338437 
3206859754 
154658358 
854324724 
25669535 
3190156922 
3244159599 
3244159407 
36397967 
3244369917 
19880817 
3190463209 
1113170077 
1265680309 
221550741 
3033107615 
33731306 
3190498231 
3190500313 
16788749 
3190317164 
3190353415 
1227897068 
1711714123 
3244399630 
3207646599 
200891294 
236081919 
3244432588 
35308937 
3244442932 
3244437022 
26807319 
390161167 
425086274 
3244453090 
3244440677 
3244500904 
14223538 
144274339 
16574093 
999631922 
18101550 
2698300332 
3027946992 
822056838 
291495154 
17336507 
3190286822 
28748415 
347299569 
22797120 
1161949682 
18273547 
1268079534 
38335857 
2369950466 
453267578 
33936780 
118186960 
2155111169 
71386012 
169683235 
1415791669 
37056037 
3141069397 
65779833 
27918535 
239199672 
3244290605 
2163589946 
3244067211 
473911049 
2791929934 
3244087263 
3244183132 
3244093221 
3244184074 
3244098825 
3244142057 
1405746626 
23908155 
454779099 
21445334 
994090987 
40121245 
940013948 
16584317 
1249677504 
892494480 
287945299 
22429799 
95893990 
1543622690 
2944386889 
1001019984 
44292712 
3190242308 
258844896 
3190285099 
247547726 
3190205754 
3190243118 
2316307634 
538226125 
729536407 
3244270319 
73447069 
21674568 
30766009 
28129125 
44538370 
88573529 
27490344 
205547346 
241343645 
2853495124 
1604128152 
14766035 
3060532860 
2342877942 
30077635 
2487783389 
147816016 
31136730 
335219694 
307691286 
378131195 
2947598015 
1900027280 
31012822 
3190244905 
2729169137 
3244133367 
22263710 
31018409 
104856942 
79719002 
64919253 
128096114 
2806267007 
21956678 
17262885 
384876153 
14600444 
597143359 
23787283 
2485764265 
3190111920 
22829753 
3134120408 
1503246746 
107893203 
57041002 
20548809 
2778200686 
74735290 
24311733 
201391464 
2206400662 
419493519 
299876485 
3202468222 
3189618097 
3189637501 
3189616148 
3243243952 
3243275632 
3189608180 
356916924 
346818840 
3243277731 
3243322361 
864619783 
3189707262 
38597573 
246711246 
3243316557 
3243360377 
479829984 
713908634 
3243330915 
3243333861 
3243426982 
1350490724 
34806686 
270984086 
3207592979 
337101230 
3243403757 
157080089 
3003504007 
3189844898 
1529503195 
2952634577 
566430489 
2399985868 
300639896 
3139290004 
251439375 
101389337 
617630666 
3243537365 
31123575 
3171486492 
3243522495 
3243531123 
171664883 
3189977143 
35479757 
3189902130 
3243603707 
3243605123 
1611375919 
3243623765 
3243645713 
3243605625 
3189989804 
3190008908 
967222824 
403437135 
334421992 
138807943 
3243733065 
3243744939 
3243838312 
3243788081 
43778582 
2931575575 
3189533996 
3243824441 
3190075640 
3005076475 
3190121185 
861962821 
950943835 
37226421 
15091217 
64526284 
1455464502 
17893460 
2195365056 
3243947650 
3187074894 
390757296 
3190056492 
1855884960 
26947725 
525578819 
2541836847 
226045990 
3243951809 
3243914823 
3244004644 
114178819 
3244016626 
3244038922 
3243959697 
134889125 
16714291 
6304052 
2153035997 
28205795 
3180609266 
34953758 
64164354 
38037608 
1296097363 
29361506 
553348747 
49553230 
112939333 
19946209 
3190177357 
314615930 
112093803 
3237457605 
563994913 
34965872 
2648771557 
37878674 
20399422 
282409309 
159628912 
32231042 
3181095132 
252400894 
20125356 
366833517 
333637902 
2534029843 
3189044586 
325298584 
529678324 
3242388375 
3242426375 
3242394129 
381523826 
3141401517 
46510040 
2348280020 
43928758 
37330387 
34149379 
332496899 
2477167770 
318532434 
3242185649 
1255409142 
50570659 
162455514 
145633192 
30729633 
3231168736 
2243254832 
95580369 
3188834816 
3188505787 
1360957538 
1628345449 
2767231006 
3242096896 
25651345 
3188909136 
3242104751 
63578928 
3242069307 
214607171 
390772817 
3021156638 
25044415 
3239631208 
3239597687 
3187076354 
859358059 
3239614979 
1228960368 
167534877 
3239647523 
3239636627 
178710629 
203580142 
2937701728 
2761610148 
18385293 
2357574287 
3169362523 
3187278919 
3187334713 
3225664037 
3240312287 
3124620441 
3188238163 
3194337130 
3241402612 
3186427230 
3188461669 
3188347836 
3241513961 
3188406222 
76143561 
321070817 
3083341645 
3183557258 
3241619003 
3241658843 
2510237539 
3241731167 
3241745446 
3188566710 
2257185361 
3226191058 
281872814 
24261730 
3188308434 
45832312 
2508942885 
3241803237 
3188752321 
3188680158 
68633246 
253253039 
23726715 
27008614 
33367341 
2929506351 
23846324 
637062608 
3241817997 
250750241 
2301942200 
262330884 
127688337 
1953142548 
283270325 
183338338 
951161736 
26178884 
944916938 
2855860518 
37597827 
28858648 
3187108508 
33169754 
16419469 
3118092112 
1265520734 
20870533 
24213124 
63540775 
580335761 
3121065998 
18754938 
89868309 
257641260 
246894019 
3241855527 
28933956 
194416995 
5089101 
33991399 
3241917893 
3188801642 
552998232 
14533364 
537756315 
31047559 
3241912211 
1141043858 
28259523 
26846713 
23309803 
16321354 
715165976 
391568659 
3181995048 
16347656 
16436882 
14623422 
577114327 
183876352 
3187266265 
3240600479 
3240724115 
3187974138 
3240979906 
3240964865 
3188129365 
3188155759 
1534444274 
423465816 
2344438632 
373728330 
3185734561 
3241297132 
2803335229 
3009688850 
24139243 
838933256 
3188135438 
2276228354 
3241281754 
94209292 
477229746 
3108779094 
1365536456 
3150997742 
3241356760 
3188154948 
3241273655 
2686802118 
414743982 
3188259902 
356610058 
2964607533 
853915213 
3241392641 
1964229852 
22067273 
3163694892 
1515033720 
2973785843 
3241270372 
3241298243 
23393212 
3061665039 
275074723 
3188193060 
100111524 
822215673812119553 
30313925 
3118097183 
232463643 
182486952 
3150264865 
2178348182 
3241053219 
3241147744 
3241167688 
1024289234 
3241109715 
178470644 
440121582 
3187863283 
206395086 
3240895924 
3240835431 
3187997502 
3188002824 
3187668176 
2732451033 
22333806 
134442886 
127983373 
385566650 
3240452608 
3240572866 
3138709502 
26769499 
23074563 
39543360 
2168911681 
902691799 
2849301007 
278598192 
3240812793 
525157632 
132022869 
3005697435 
2361121 
4191131 
24272129 
22333048 
2647426138 
956930503 
37282112 
2729114793 
161052457 
26370727 
758495052 
20900209 
34048333 
3234779261 
3234774856 
246410049 
2617459341 
374059091 
19907316 
3234796139 
48466478 
2950403837 
3234832907 
3094920126 
3221559766 
3184695727 
3232429451 
3184662084 
89119794 
785852257 
3103942014 
366977151 
3232603420 
2304906253 
471304078 
27454990 
53939604 
19055104 
25267910 
371051683 
297794987 
3225854697 
281665508 
46691793 
122783337 
1564465052 
3032334880 
24993247 
3122764522 
7462092 
3217211079 
3225872734 
299785357 
492372814 
2919929990 
38342891 
733463989 
108072529 
3225774489 
3113818472 
3180236804 
3181300058 
3181238634 
2977511499 
813119 
3181351855 
3181271934 
2484547616 
23908050 
16507922 
3181377925 
3203613947 
3225977704 
15232244 
3100637010 
452420600 
18148017 
25321143 
2272195495 
2233615009 
56894578 
2803902879 
3181325862 
14530698 
3225989122 
3194478209 
2601431 
3181392211 
3181444765 
456785514 
3226000426 
364128680 
830496234 
311065398 
20106372 
2277283123 
3147517137 
221969297 
263133975 
69579313 
74689574 
258698688 
19515702 
26275139 
87347295 
1143678590 
14716949 
850296174 
15229048 
15951931 
14921361 
3123212579 
2970856725 
218651008 
231232655 
803795190 
3184218549 
2923419079 
38494631 
27942809 
224951390 
137789922 
3171175278 
497525258 
2890351753 
3215199989 
273149093 
1228642682 
26402092 
3177894469 
252109142 
3178740714 
46028446 
3151438753 
2368944584 
454622634 
405161649 
78202739 
2534810647 
3179721925 
2963212006 
3225392861 
13 
69810860 
486137537 
22371962 
26160309 
175679234 
2924381017 
625007576 
134896497 
586 
16857701 
2459371 
14317527 
2307123481 
2158821132 
22085219 
285360074 
1089476491 
174117848 
22239212 
2848542885 
52040398 
636295497 
325064329 
303742787 
146327085 
233266490 
37788181 
22677790 
158890900 
142157505 
131351549 
301194930 
70889816 
15846407 
121817564 
14353061 
90420314 
21954529 
288452305 
17685510 
248917209 
2955503084 
25004796 
15495636 
18252079 
2272140174 
540006139 
444126004 
933056282 
15544178 
2952070570 
18471054 
25717024 
499168846 
465728070 
276836662 
3009891325 
125481462 
215060612 
71876190 
62591681 
23779324 
3165866988 
155940012 
3115409654 
152407844 
1718200357 
2243982033 
3207675171 
3175195982 
368077352 
263658683 
3170437762 
3170929177 
15433910 
255338943 
3176714952 
3121549546 
789576690 
3176793182 
3176812387 
3176837491 
227030866 
2604389412 
3176820030 
3176908195 
107523645 
3004318710 
16874715 
436155438 
317385247 
273542042 
768477774 
3168082327 
3196497382 
267969759 
3198074097 
21725741 
1692081 
3170124793 
19788155 
3201246629 
282821228 
3150229930 
278770142 
3207435527 
224445375 
27457788 
16232843 
18529190 
232310339 
22894742 
885482852 
3092443488 
19192100 
3085835595 
11074792 
23158381 
2210569433 
2445809510 
86885447 
2291411432 
14897303 
17221167 
1304265619 
46469192 
2425446669 
7568172 
172596420 
20500977 
15249082 
1419904225 
2310605209 
89082570 
581648203 
384031846 
22497126 
50567219 
3036455905 
30772732 
292744913 
17446621 
450225658 
1236166975 
25199267 
306422100 
16087140 
2575585038 
2622233345 
23344138 
85687852 
155909517 
17878173 
29993888 
20607586 
1912071858 
412373159 
41648843 
2786311606 
312313081 
267959594 
220144832 
31045770 
17545825 
17461978 
2446078822 
15263092 
2861172669 
29886078 
265447323 
985400317 
1694040764 
109674734 
3017263971 
1067084173 
584470051 
263981583 
463138486 
392897366 
592086582 
2820751642 
43484772 
17833574 
30508215 
199413346 
20322986 
31524680 
33059619 
2927758254 
46335511 
78194683 
38611183 
400067985 
42744294 
2360130733 
32121726 
92310823 
82532813 
152411615 
25725698 
3078534715 
1087359854 
115485051 
152801977 
165511377 
97720253 
19826509 
1965219194 
84489711 
40262120 
465615326 
159279277 
274656070 
18396706 
17844280 
1228516999 
73992972 
15485441 
78194111 
19571008 
1524213558 
18089654 
17736232 
43885373 
25521487 
164359043 
331057915 
23151437 
23561980 
62593760 
19517250 
72908422 
337509689 
2967831 
229145561 
382799251 
2343660412 
208267169 
306953673 
38314743 
177282087 
2281772191 
56405314 
1383537248 
362134498 
19898168 
24167314 
1633831880 
202415747 
22084427 
25110374 
23818581 
6311472 
16143507 
16643805 
1284247806 
770391847 
1905057553 
30849103 
21361325 
41761325 
21829242 
178890944 
183697115 
55621541 
1691563764 
34096100 
19043517 
37597184 
2458840187 
32313570 
54275319 
493275236 
14134141 
28395645 
25343191 
586892658 
35407181 
23827692 
15923063 
16299275 
34534137 
2488119769 
121825928 
28387848 
19952420 
394900083 
327716711 
9794192 
24113598 
37955592 
103436151 
32337013 
51368548 
55117855 
22324642 
22507674 
29838500 
19260016 
30817847 
214762415 
1005942974 
829730647 
306266059 
25145923 
143120019 
16034244 
634186898 
35980780 
17498493 
22059385 
2575680679 
28375496 
114776155 
52644093 
17883546 
39706174 
16848539 
390823534 
27483369 
199124129 
56282705 
19209687 
43493763 
2367911 
973012926 
135992495 
1873023223 
93523126 
94414140 
151184571 
16167236 
16941646 
27338153 
88436406 
56995598 
24518111 
74669397 
14320551 
242180700 
45118247 
881607937 
20978103 
26598593 
25986708 
85459697 
17164500 
2404961101 
64857767 
36711022 
20528275 
53238154 
23002923 
38536306 
24795163 
14771122 
20638192 
22544911 
18091925 
18494593 
34792516 
31644736 
17450410 
26939677 
21816984 
27679489 
378323538 
208711264 
93023732 
26798304 
36158328 
21879024 
