54938044 
1131295471 
15642485 
1143031364 
5613242 
106744580 
70511174 
254323118 
413282935 
2596608199 
1027913557 
31307826 
310525888 
248371657 
23976878 
296005753 
184488805 
280134848 
10390642 
87144481 
201546293 
23972307 
302068984 
16881711 
774956046133633024 
117597817 
30852330 
16874279 
274123901 
23603092 
45002755 
26582838 
507586336 
22024974 
277235311 
43192340 
43622941 
57720108 
757610826127867905 
194623008 
369060119 
116507380 
270572725 
26320149 
429566546 
46984450 
1267840950 
17513537 
103772202 
500107470 
1091690629 
50998004 
438571695 
266283696 
1443836252 
823494528 
985433677 
2846893132 
777104388 
33761202 
24619870 
60896418 
23150234 
29031245 
15326271 
14576105 
211740114 
14789656 
29288462 
17652339 
28743977 
18639734 
15239426 
147941081 
190318706 
498937002 
762757250989428736 
932779147 
710129479247474689 
8329532 
309126813 
21212087 
3614039062 
1487846678 
2905755292 
145240393 
614648551 
29688834 
135194099 
23084629 
702223846863216640 
16572185 
18464437 
15692086 
16275037 
18783579 
17972852 
795852289823113220 
28386971 
22771961 
359558997 
2371944008 
756408104 
20013783 
400481570 
255347566 
22198131 
338173621 
732581121657999360 
19270216 
1417251 
7768622 
221217623 
40029002 
103984785 
54594232 
780407983595479040 
23114550 
1947684788 
24926127 
457377990 
743830705101279232 
377450553 
67054443 
19750159 
622073561 
28461567 
46613087 
94903374 
24469637 
52147094 
171491393 
35915599 
4212736883 
349021958 
331227611 
288060478 
125481462 
322177274 
3246284552 
2888888366 
560708793 
22026882 
90841737 
16362878 
29893250 
88295045 
140588752 
89690502 
253207647 
14853469 
917527651 
890267965 
20455625 
132476742 
123264701 
18561211 
19941238 
477789152 
21431618 
3094682705 
205873116 
25564725 
728686519008043008 
41099665 
2894253941 
128659160 
476720439 
22030729 
18174361 
2910785218 
176470019 
796977487335002112 
23387006 
2801913502 
16692411 
18553125 
553451734 
257581957 
138155000 
20088350 
62898697 
15392371 
4854382889 
6014102 
13272822 
7130582 
15129265 
2696021990 
3874610301 
1933042237 
53367120 
14167997 
243093295 
15397029 
191570638 
1546203637 
342924593 
5988062 
505116459 
16312576 
738017702116229120 
23670090 
74891814 
27769716 
91243832 
90648131 
16244449 
47455112 
18686907 
2400232927 
16892481 
47448886 
3938057794 
20898315 
785607966208712705 
2292157963 
213386120 
19277264 
17843986 
313574271 
15677036 
17970975 
775186593137197056 
1739219954 
221494970 
275629562 
45670467 
45664779 
2638184507 
16738222 
306129372 
23771747 
19928703 
23482952 
17499867 
21732205 
45480897 
41223519 
802937838 
32526891 
19499759 
71341675 
27768253 
253294853 
130270322 
25558984 
60394459 
85661998 
29812430 
475470860 
322326100 
64533095 
17746769 
478120116 
626108175 
573981283 
3303999167 
126782198 
2771061222 
26757599 
91478624 
421428223 
337742959 
35000660 
1148799487 
4335524481 
217526134 
12682042 
40463369 
2796851954 
2790988694 
70880329 
23764200 
57419537 
18136821 
577403888 
3500111593 
169541623 
2571626694 
185877122 
215516164 
70751504 
1665245000 
2154350985 
1253178548 
14864544 
591293468 
53135986 
32927285 
17653630 
24256062 
81685290 
16132402 
243407483 
250827850 
262467012 
33528435 
15808765 
2244136164 
568514373 
77272571 
198675510 
16529873 
772973818646294528 
3174640367 
710128286353989632 
275481069 
96825727 
143289168 
293602135 
9388662 
106818079 
21714304 
188576704 
33274835 
23395456 
2793167340 
742477514879205376 
40569692 
83813315 
329973499 
233914395 
569859960 
40961990 
23611269 
2584250587 
285681180 
9734552 
113156904 
20694505 
25629316 
50755159 
51329062 
2798442068 
323334982 
49585213 
27843456 
14420178 
53152678 
41487587 
96982856 
82452999 
256157149 
17065906 
26849735 
336550057 
15263516 
7096232 
55252367 
22967929 
425284888 
242346458 
454127322 
282262033 
86190092 
109589477 
30068744 
278296250 
16193528 
64335553 
384002379 
454453785 
20009944 
14989100 
15892011 
17525171 
226193364 
18815810 
4747267402 
60727889 
2173437831 
364343905 
385469816 
302238503 
1311056983 
152424880 
394336510 
103820111 
113549817 
137815920 
17457061 
462308811 
26583027 
299505155 
217107571 
1299289771 
365663064 
16017159 
868338120 
82999306 
15466121 
38799727 
890207246 
3027893001 
3362230949 
145726990 
212630682 
1345483261 
14266970 
20696261 
913763730 
2284149785 
108207053 
164086964 
1634344705 
226024260 
13505402 
234229478 
248456599 
2372948196 
17124669 
147077615 
18316818 
108891381 
258481206 
34390986 
193053803 
221400909 
1027219010 
238645207 
2672141595 
331053512 
119980865 
33032283 
542953714 
82919072 
339948111 
173135442 
1559336070 
863846988 
423136363 
93553785 
100605030 
2826598689 
185848896 
214449579 
2977041137 
406290234 
3031804453 
17482326 
17322690 
194324555 
21023681 
204861510 
98249412 
175174859 
3001978210 
3314963469 
61692991 
26239721 
78293304 
398272947 
19918221 
360493 
18156146 
219682445 
278320108 
172349527 
249228280 
275541233 
12621792 
15555618 
1632426716 
224539468 
1140702781 
63983705 
1911425660 
20488956 
2390129959 
3348936484 
14750348 
14733528 
1694342066 
437498097 
39273586 
262418837 
2319546666 
111023411 
3045024405 
17843237 
16782725 
1149325730 
21897336 
17327847 
59450708 
761907388660187136 
27580569 
737818366979674113 
271849333 
762979554893918208 
249209710 
1719528151 
3266526451 
114870386 
1359980808 
125004595 
730839144755265536 
29191374 
2926023922 
41153687 
24568884 
3664315155 
1223916560 
99472900 
16249938 
1390094640 
1616158050 
248428528 
267365480 
21667107 
2163061537 
3676820721 
372513103 
18252459 
3939907695 
60785277 
297226079 
114152603 
16736411 
308792912 
69351059 
531385270 
14177081 
374391854 
151164733 
121752349 
78702265 
13071032 
84860555 
605085897 
2353169760 
94161380 
19888295 
28571358 
270494550 
122425486 
121441121 
30896681 
64522637 
40257233 
4460225183 
3255241 
70180872 
751569531777257472 
306214739 
14858053 
265645925 
3606624615 
18698672 
84589003 
16213003 
52877265 
65121780 
3761060834 
128503433 
2771456504 
73138016 
77019842 
3299166901 
86907694 
50792630 
63214534 
127303420 
2419449589 
20687237 
216695058 
252887403 
237215586 
30509475 
16709629 
18138592 
347762337 
16302595 
55578875 
17178587 
2608653042 
153966123 
16450860 
3287987275 
17759147 
1328237184 
615591021 
7348612 
169273650 
598793444 
36408305 
115459470 
403015089 
853780519 
19298115 
64652564 
23411414 
111098433 
23331132 
20065936 
1183882556 
180066380 
744156074 
61601022 
18195543 
97000168 
151950438 
1309953968 
78077811 
388267953 
42337416 
2752775016 
160960125 
232329293 
52851391 
568268445 
268397586 
34662263 
2857834481 
61245989 
1979169158 
485081336 
46120528 
325767544 
22648377 
3717933675 
13446762 
503091489 
1726353288 
29254469 
26548315 
620067291 
737858264 
544274293 
13491552 
415157437 
758295012 
17372204 
3965151045 
24578794 
16671418 
350400702 
24819332 
20505386 
119762626 
19952283 
16540108 
21857316 
37064260 
57551989 
335395081 
74732008 
47854963 
162963162 
379887867 
181088539 
15867069 
233056842 
137771988 
25527618 
15473429 
19727189 
152641745 
5528812 
753255031 
14802104 
14341771 
432872133 
164553185 
72754105 
90910059 
18679459 
14311585 
454098126 
21524017 
280514431 
18941153 
26857645 
31341161 
173973018 
27193266 
26613663 
104216760 
278708734 
39508814 
435571397 
9439402 
254845183 
24278134 
24130704 
731556360 
370131833 
176511167 
68796857 
477295249 
2189066318 
24332941 
166924262 
245635763 
132629891 
1112913338 
1856184426 
407332344 
80225921 
28677012 
32517167 
23595027 
227841653 
314059179 
155933719 
18012093 
17423868 
2543912713 
2790401035 
26677160 
292575613 
23791176 
14357265 
536721797 
61973882 
209754177 
21725275 
587922323 
19662219 
79247378 
153892796 
597027606 
63067814 
26574882 
1359726481 
18558073 
16409260 
3180265629 
245896994 
1697296495 
431740507 
3305981926 
105644803 
67669339 
3503530816 
28688916 
845084689 
1879968444 
25871447 
4091727197 
3939645135 
2595606786 
45303563 
438616760 
306202680 
1851824340 
191305054 
313727335 
373119172 
362267125 
4800145762 
209087875 
3602628263 
37949117 
15423869 
511013447 
16086383 
537193539 
369096389 
177026513 
25500091 
48738710 
566787202 
328836746 
75234991 
26244297 
2269700542 
1395252458 
45938478 
116890278 
18326609 
28820902 
35813492 
14243746 
917360906 
21164353 
1616226162 
95748484 
39603334 
372984043 
314457061 
170395775 
23250378 
2563909506 
56810175 
167088804 
1259155514 
46309783 
68403785 
24921197 
1390102177 
2533527679 
133091778 
373406686 
123787941 
403121240 
491673209 
2147625440 
547860279 
19711765 
98196636 
139909832 
13565472 
198364620 
30071231 
62381141 
818876014390603776 
1093090866 
127986145 
18820248 
15189652 
52799029 
2317861 
16561306 
509139009 
236101180 
52955419 
2409190063 
220038215 
172436125 
831903222 
34713362 
2385803898 
3144220420 
2715373496 
333167101 
3082506125 
3246554151 
198921888 
55644735 
15762222 
1484520013 
78695500 
1246567549 
64316582 
21867042 
28201410 
117785005 
91393936 
15681512 
19713521 
8820652 
23135992 
3058961 
333942694 
4070781 
19923638 
305398903 
18690342 
539190268 
16916881 
34383684 
206274448 
622112447 
15735744 
25344713 
84094275 
135421237 
1090141 
275686563 
20866810 
81919198 
14199378 
18742360 
174987962 
22642788 
15164565 
16955991 
82689705 
1548489476 
9300262 
28202758 
759251 
810424 
27863115 
1967529985 
15997807 
1979557675 
1575540938 
518665797 
105182804 
19201245 
145725636 
156352329 
16021608 
56723262 
726723858 
457655339 
10952962 
14511951 
51241574 
2321210966 
24201867 
1465548618 
182234549 
816054493 
36962740 
2493741 
37979150 
72596401 
16644421 
18596091 
199734504 
1726999231 
20562637 
21982720 
83641835 
587747731 
24053352 
66442344 
14235032 
129830192 
14326473 
39744918 
31612773 
15097615 
20976277 
78412527 
594855137 
1944936990 
2331254209 
618986370 
23442490 
20547511 
74325383 
555587395 
77921494 
108999587 
624897617 
612057375 
18436509 
48018118 
428477704 
364581843 
33956300 
234453677 
21553990 
634849869 
12290962 
36071175 
126366115 
16143094 
434809893 
52852957 
85590450 
11277292 
16336998 
16557564 
50532186 
97197087 
123136593 
24864158 
39408504 
251823725 
32742396 
237779140 
176605234 
15870794 
222165133 
119424986 
545405054 
1250672168 
15650737 
28142932 
89532971 
32381660 
69569506 
10156602 
16296057 
1252243674 
155836991 
361173087 
264568819 
17578005 
16260246 
18539631 
7946392 
209634483 
210645883 
2198023014 
19407053 
14492779 
472107961 
141281366 
279810574 
46517939 
103556981 
107391777 
12838382 
5341312 
619462139 
24861878 
31419771 
17000056 
73548109 
32889627 
13354102 
34751206 
17400407 
165869637 
868792771 
16929600 
14246001 
87195913 
50050300 
22622878 
3943871 
219147130 
111091030 
84609389 
36859008 
42422464 
28282511 
21056978 
19560280 
185345185 
273742047 
1488541664 
10696832 
436922091 
117520079 
26388821 
19042931 
127544455 
298008603 
18175106 
29480413 
294391261 
360138350 
1230100986 
414311965 
17296635 
282341207 
16031921 
18565131 
374701135 
50137343 
1199478786 
789296 
20489936 
36289927 
14966292 
74841334 
19403796 
20487008 
22051752 
170475400 
243752898 
17601515 
85006768 
13760062 
18255763 
17759125 
211821143 
10173362 
47662632 
15781813 
22089049 
76690428 
103005801 
15651636 
44795258 
14550996 
214748525 
19621710 
9252172 
12803972 
16310534 
36229547 
17783278 
28406157 
16664681 
16830572 
56767959 
50404894 
41619175 
50144015 
46128095 
329896130 
22488960 
23786152 
16518848 
36979032 
27777548 
502019305 
28750311 
27964023 
28174342 
16004470 
59252727 
60102082 
25351964 
14816339 
15537451 
29789167 
906967844 
91718078 
360597308 
26109965 
25383000 
506362312 
39437901 
205481046 
205477629 
512603919 
28002147 
23704179 
25344709 
868430946 
522859871 
20553004 
135649087 
16532192 
14332852 
18057210 
299771420 
30025691 
169127051 
20592942 
15031729 
163560388 
19416152 
20539306 
20525769 
1837381 
41606204 
27911634 
304089782 
274653332 
46733981 
19735124 
34752115 
18847469 
34781412 
126697381 
27157593 
39751009 
31586483 
38705388 
19294924 
487833518 
35738491 
67653379 
121849657 
117511309 
23962323 
71133664 
22971980 
90723005 
22813738 
39008044 
14539324 
20665865 
161308746 
64895996 
36731812 
45845303 
156010207 
249323668 
46135936 
148408486 
54290504 
28407368 
58838158 
58840085 
58832245 
210904404 
113148404 
20710809 
19664869 
34742219 
48508722 
56402313 
34418791 
515861728 
26792275 
40302362 
153818509 
16365305 
27685095 
36218435 
49995864 
32264744 
45642027 
60959527 
25334900 
16661296 
18935711 
18995454 
29209404 
27715037 
18148466 
404129778 
14857525 
365495044 
34999247 
40892976 
178465912 
22631081 
16138021 
19622108 
22631033 
38463707 
20462253 
59903495 
22184271 
26777308 
204807535 
15220095 
17446621 
360900255 
20682620 
14608159 
20548213 
16899822 
15976775 
44963899 
21136618 
69695033 
18991947 
51202864 
236657680 
316559484 
34648320 
16022809 
326628047 
195504989 
153452218 
105203822 
5698342 
161011536 
18337513 
166699198 
900677486 
104888483 
483998418 
23800611 
16313602 
19933038 
174740894 
15433453 
23804902 
15433533 
325188513 
21625310 
23841113 
38737093 
35764870 
24226431 
137833698 
27699999 
15634806 
17697387 
20409356 
760090220 
27014239 
14353891 
21906715 
357564628 
17244973 
28449123 
15842160 
14996887 
88262815 
199299110 
20585024 
18201114 
7235292 
50052780 
23129305 
90648439 
87515885 
19251838 
17977954 
69029030 
43376877 
213722368 
488893122 
57720206 
60727036 
154584937 
36184220 
19722699 
39523386 
23518723 
114793310 
134885429 
66430922 
18485546 
47714583 
25092348 
25093616 
34713941 
102431596 
20228796 
28795138 
25374040 
30947351 
26259480 
14921141 
35821471 
17695629 
15996830 
14884651 
23993734 
25103000 
822215673812119553 
30313925 
15353894 
25087685 
26079630 
1129272402 
486933781 
21701757 
14769365 
22146985 
252734049 
18682378 
1698941 
40965341 
26578816 
21870242 
14827129 
400240773 
31181674 
1128560796 
18717983 
20695908 
71536712 
240077919 
188856825 
349125897 
29334311 
10234162 
22686674 
59241059 
22026974 
18190142 
6031002 
15908028 
29218236 
622628412 
107234633 
11831752 
628447230 
34100766 
130159953 
37029298 
5750262 
28383900 
88762215 
37820042 
17684459 
287846382 
32093504 
264241548 
99102901 
339238294 
6752572 
62696202 
20117790 
12267422 
34619600 
30031974 
31177241 
16789892 
33969753 
18769254 
40106722 
15907986 
28255617 
27086889 
37525451 
63997063 
19972220 
262373115 
14563824 
50286440 
44432556 
16456572 
55110065 
19766751 
222780090 
16543319 
16598090 
16939491 
22068282 
43765496 
14291750 
282733951 
17441973 
19068961 
14136906 
17900402 
27684750 
22029071 
71278466 
23798922 
29479564 
20546446 
229846334 
115569081 
20177423 
15223905 
19916163 
32192949 
64805595 
16581061 
34196492 
17491378 
44987212 
818225 
68425294 
14957625 
29486373 
131244526 
36667596 
5634332 
14125077 
24731270 
11556392 
14570815 
87286750 
25072505 
41504088 
106723820 
27640735 
56497811 
10080082 
4598 
266187076 
21271500 
216580328 
74130577 
76404002 
14617357 
55247160 
24994219 
32476015 
17041359 
18152431 
15279266 
63004503 
17449231 
17040615 
19639085 
14362028 
70401884 
40043388 
19873296 
17040452 
11099982 
73761305 
69196933 
26243401 
14819891 
18610180 
20524736 
17071255 
61379746 
15358026 
34981952 
108400185 
52563809 
87229767 
45564482 
18964696 
34599285 
17929859 
22150977 
23624565 
14287094 
14325188 
23451057 
14647570 
19989714 
18784113 
23318962 
14934818 
20962674 
22042454 
21114659 
14562016 
15496218 
14791162 
6604072 
14035292 
14885549 
17219108 
18726245 
