86330674 
89751261 
29912873 
906771091 
2468886751 
25185308 
5336752 
18916432 
33196091 
307982591 
100220864 
39344374 
52544275 
39349894 
197496309 
426909329 
146569971 
24028681 
3000355133 
30599331 
328157579 
39922782 
104856942 
64929124 
410409666 
25365536 
92424604 
123274268 
229705734 
29735775 
41383002 
80096621 
382008044 
163559269 
95713333 
734783792502575105 
1880281963 
172858784 
16160352 
595515713 
8775672 
20600214 
208120290 
785739140 
342803375 
48219520 
52422878 
251918778 
256225105 
518491715 
14541402 
5418912 
4939401 
102812444 
2447901078 
20002401 
1055685948 
234053893 
2482022082 
3044993235 
15705437 
15928389 
896047477 
612406231 
15866188 
115172311 
105410287 
32717570 
74791999 
2654464946 
36783413 
273988967 
24900072 
147812313 
3729474916 
988900345 
16477634 
326834507 
14260960 
3018646102 
43383705 
309831852 
176780000 
8807702 
62132416 
2317100748 
93761782 
498123757 
133880286 
314587185 
368621253 
9674292 
87987053 
161023696 
1443243097 
3941970821 
195814782 
1636590253 
72370745 
715148185 
15460572 
2382297056 
920104904 
213969309 
69008563 
20106852 
2990515071 
2305428572 
777625681 
117685967 
96399121 
882945397 
2879654503 
15876379 
34104616 
234245657 
79923701 
44771048 
18085974 
22053725 
234097254 
61277941 
61903300 
2916305152 
18391799 
478782624 
140131880 
2914044609 
16027546 
61212645 
34692244 
229665860 
613712440 
213792079 
1900694785 
272019676 
73712582 
86390214 
15647676 
19725644 
1248768439 
302756669 
15485441 
22650211 
2776801405 
2467817646 
5988062 
15110357 
28140646 
18949452 
32359921 
3108351 
301744581 
858628634 
17074440 
20287689 
2653578188 
70638743 
27830610 
20006813 
80327954 
325830217 
818910970567344128 
16789970 
19394188 
15764644 
15007149 
939091 
244655353 
193964056 
14511951 
1732941102 
1563604279 
829797714 
12133382 
5392522 
51241574 
41662642 
323319539 
16016427 
759251 
7313362 
16664681 
2467791 
15754281 
26585095 
28785486 
39768085 
1418044027 
20609518 
500704345 
232268199 
19834403 
45564482 
14677919 
14153020 
20702382 
2292182045 
40711814 
26101736 
2468214192 
279462946 
556922606 
42898736 
17393196 
267698530 
134846593 
813286 
757303975 
1093090866 
818876014390603776 
1339835893 
88749392 
182402041 
2836941830 
500042487 
28176066 
19578598 
325204360 
182952318 
340100133 
608311713 
244743317 
27943265 
19338563 
2432452021 
15648008 
2400301657 
224674172 
262299947 
766844228 
140669113 
142481442 
55379482 
22699770 
50652780 
32909523 
1241737627 
564001647 
822215673812119553 
30313925 
204072843 
14755492 
138346220 
161801527 
50393960 
382253381 
87057908 
17899109 
75069067 
158414847 
1394605356 
1330457336 
21287515 
327779531 
59350040 
15829144 
170424259 
14361155 
58908090 
21785699 
314196494 
46176168 
14606079 
14434011 
26792275 
17602802 
49702654 
93957809 
968149567 
743585142 
70706313 
1223071476 
19506790 
29100243 
250221906 
51197470 
28569546 
610922415 
24773177 
9624742 
15279429 
84675324 
14882435 
219073535 
586198217 
20805829 
1080016992 
58550415 
821946295 
39623638 
257548783 
219480139 
41757433 
372575989 
805831704 
16455297 
15353981 
10791192 
78389622 
16017475 
14437914 
130997057 
1344951 
759901363 
97739866 
61272161 
16114437 
122396513 
12655722 
304407399 
197492862 
22045045 
285675789 
89593573 
14515799 
1440641 
323468251 
807095 
164719617 
390346559 
30003842 
394422168 
18170896 
15750667 
15224867 
473014087 
17093617 
19024819 
22760252 
435978700 
169089454 
15012486 
18529028 
235764464 
195380444 
88754318 
47107415 
37697834 
19376519 
42958829 
292929561 
22138357 
102238997 
783214 
351019938 
25949845 
26813101 
331211313 
34370797 
14445574 
48821786 
6839652 
69718702 
21111896 
154619001 
16330339 
24943151 
168779030 
44616313 
174145542 
21702539 
246329877 
29242152 
28351033 
24020586 
24362769 
15741208 
30241898 
270508448 
274160433 
205392468 
31127446 
22149280 
266580182 
29057694 
130649891 
119829799 
30936551 
278606956 
1899161 
41374504 
31464562 
21774546 
21373560 
15392053 
10878852 
16657699 
16313592 
16083576 
2726631 
16334139 
16299627 
15032862 
18767649 
18767699 
17134268 
2960221 
14400385 
18776942 
