732592694137098240 
3331839555 
844186723529740288 
19252513 
34509873 
19803365 
297504021 
818876014390603776 
110195330 
180949358 
1423080212 
210238655 
185449401 
66626580 
21769063 
16732770 
143694997 
1881534805 
16194054 
16101930 
49782796 
479911985 
52938517 
48133822 
952086582 
25544125 
374665328 
11179192 
30581721 
36510873 
18947387 
20536157 
73754609 
128667119 
17519222 
18225195 
28649627 
810119146713284608 
48890349 
81965252 
60087571 
834814763716714498 
43192340 
101354384 
2245603687 
17446621 
586032653 
2883841 
17525171 
14331732 
258530181 
1113426913 
746483431576461314 
2317303898 
15995446 
26548315 
126260381 
514513113 
158493740 
2911660275 
1364930179 
81801663 
300980434 
314149528 
231454384 
146095202 
14467969 
55289075 
59151932 
97040343 
471672239 
29442313 
216776631 
16906237 
2790319231 
463039124 
376993335 
19734832 
18174520 
7848802 
474232856 
25365536 
25073877 
740903 
292576703 
355220990 
16202359 
42984750 
15021956 
15024635 
246651975 
61653212 
33980532 
55268667 
870574411 
16738222 
35559570 
34915038 
17703236 
738017702116229120 
13488022 
47953929 
2963912310 
22665816 
21268897 
16244449 
3198497918 
190906140 
986007690 
121461690 
15446531 
1536791610 
822215679726100480 
14260960 
1339835893 
292398011 
95108733 
4719527898 
326448893 
184823423 
1172580780 
60625486 
45571373 
370371762 
56539097 
27008664 
17859912 
17599212 
2796999111 
57751359 
70111948 
18932751 
757997401 
21904990 
162078848 
12988312 
247723476 
3044918950 
308671096 
197191016 
146218157 
3154256074 
612531618 
1226199920 
138919736 
1148863651 
3390720430 
16912892 
62761019 
63227967 
756600619012612100 
5512832 
518897779 
19046875 
255749099 
20704893 
1242511 
3090803426 
2264570153 
18534287 
9684572 
580955643 
703612609 
1908527322 
20687745 
288385385 
96711247 
2561597334 
157739327 
363048803 
597078771 
61808337 
28167086 
14289197 
28349755 
701896796465979395 
344712765 
373598135 
20607927 
14264854 
165897365 
977340816 
96301517 
635532028 
2577247622 
18060970 
186489227 
33371149 
112283476 
708305532746993664 
23407415 
49697450 
91157458 
3245142196 
80833706 
14848157 
325777887 
20449296 
22546772 
94355703 
9611242 
836330359 
787601335 
16031536 
16129920 
21619519 
21220931 
14529929 
50325797 
15458694 
14982267 
31127446 
326255267 
45399148 
23346166 
149913262 
259722538 
13524182 
259395895 
14412533 
406669488 
1491155593 
382300412 
22400304 
35864358 
142376014 
611798627 
80681847 
117237387 
2860856683 
16240558 
394762955 
18719880 
25443684 
23972042 
38508305 
1939278510 
19298759 
3108351 
173992307 
21887420 
36184220 
1774391 
19973100 
30021147 
377149306 
6123762 
72333026 
27699999 
695633 
305754695 
14287286 
24210929 
14256759 
136734437 
22779820 
24716475 
14048396 
1948056967 
20631002 
1148799487 
68485029 
18644245 
16166126 
1110768062 
242822343 
738983551 
36937588 
815636605 
220852241 
166607010 
395554659 
329838136 
35086898 
3094558202 
1652541 
3028727651 
624929150 
142754319 
208748836 
407231524 
41601337 
14902214 
14311950 
18297948 
102566376 
37718165 
18641695 
16051471 
16145763 
97515204 
42234375 
36495905 
2615738922 
1307320340 
496437008 
16116288 
139847909 
21677707 
3119988399 
1933042237 
2462382505 
14703265 
17197477 
2800320912 
14687329 
1347071545 
21868272 
41280268 
65466174 
853668180 
146564275 
370808273 
15377328 
14790613 
2316018883 
29272615 
14663808 
2284068481 
21668293 
8192222 
122533830 
18510860 
29309901 
15146659 
1227998718 
298975992 
382207725 
474549019 
226251814 
204487830 
36249697 
71026122 
380109984 
165942990 
16874226 
34176543 
568247551 
21147846 
174710820 
82902417 
493175789 
414998937 
821650328 
42057294 
15655449 
1710714792 
36710827 
18251414 
481468399 
77517399 
285982748 
1059273780 
15077212 
278093318 
16989052 
23497680 
48235139 
344175042 
2499440412 
403598464 
28420588 
37079701 
2206141043 
44914646 
9641832 
16574209 
19469976 
250256967 
85906310 
19219378 
443810395 
804538952 
164400667 
27472675 
17781955 
41662642 
465451482 
334554659 
15466121 
12078212 
393575726 
203719900 
51087809 
18326925 
16319022 
227065692 
23242175 
20246842 
252747758 
45878767 
175794305 
155952299 
104257356 
14078468 
898301664 
24410456 
119372054 
113455697 
151603912 
320788880 
5532592 
42282305 
20742615 
20383730 
33447166 
15151943 
24443284 
9542972 
6582782 
15378399 
20518193 
30041336 
36486559 
20426436 
11882832 
210684204 
15940499 
273540698 
160924991 
26250595 
583800103 
82397047 
21407083 
119228939 
33741281 
65453528 
2706868039 
14681955 
44940763 
995748870 
2653993796 
15435890 
2650905625 
1688872578 
25510622 
376153291 
2401224600 
619295837 
39419576 
128632829 
14870148 
58113946 
18036280 
1613447581 
1871927095 
54641598 
21049183 
258921288 
54900089 
587925549 
474314063 
26953547 
317361266 
624269308 
28096105 
2350241137 
92281665 
1060955742 
92193762 
402732269 
24162220 
23254816 
14325264 
388926026 
14629669 
145046142 
41263026 
208736091 
2293093106 
28577405 
2376674930 
313080826 
41883285 
181511728 
1434349280 
18222925 
536807361 
33040458 
545634502 
24558735 
2239464709 
25415300 
22200544 
1131168372 
900863636 
178237982 
1534764248 
16593494 
348864647 
4029531 
197990600 
384279030 
320748480 
469002376 
300338214 
285179641 
26790251 
488023668 
16673081 
25324378 
14759651 
14356248 
2227191366 
16136898 
52201841 
428368496 
237035183 
342957470 
41968678 
31222715 
14626496 
159199503 
28572732 
36730070 
14817998 
32459429 
15996830 
23058335 
78702265 
23271639 
15368610 
138226384 
354948782 
609286877 
319298113 
22720425 
1271050027 
27878344 
34677102 
46154017 
356132198 
18783285 
15210339 
270083788 
14085854 
100187629 
595827527 
134247610 
15858340 
257065074 
73125967 
20353621 
14560316 
605856131 
24881388 
17661236 
18774327 
52090590 
7789342 
302939702 
14259880 
15005808 
2228409762 
15904851 
32591999 
36350759 
47825577 
16018805 
20638016 
15469101 
41453909 
9655282 
30233955 
67638947 
107234633 
248608394 
218733924 
91836238 
1927936256 
539644469 
346726501 
15204596 
16615822 
407432006 
382301115 
531426472 
475137184 
218947362 
325100194 
303855276 
13251042 
5392522 
35773039 
383207452 
34381522 
15806069 
85718957 
15518507 
1674135462 
21269694 
20704445 
185472995 
596792665 
1599528481 
191076340 
253389132 
130216302 
45660732 
66499705 
48013522 
2165294450 
56758110 
283012450 
906093511 
131280052 
312208146 
296009535 
15121299 
211645206 
17945328 
28408162 
146562954 
86232410 
19170299 
39568112 
449902750 
1510641314 
138788356 
1184045990 
102203190 
23072299 
154005444 
2192968190 
17466668 
1445006936 
2178519344 
13832182 
117052556 
137288990 
271143276 
246794942 
100438215 
39820738 
588631454 
14478614 
1638640430 
121629014 
8383592 
325750522 
164419489 
94271945 
459540565 
33415155 
16933383 
273946026 
15419757 
20774143 
159553878 
14290415 
20190154 
256241594 
21432029 
84591920 
90900010 
29725897 
219056602 
10194682 
1488641228 
181277361 
18356803 
326495149 
20025162 
1209991243 
16454564 
30893732 
114599241 
16386284 
17651229 
152258667 
22970364 
17536486 
21750703 
492334714 
33785499 
932544288 
25836585 
70403330 
148841853 
37681531 
18700629 
314494880 
81139048 
92447212 
16187266 
23637826 
15657533 
148410787 
88534252 
16211434 
64374269 
36065771 
243649204 
1665589794 
31824920 
24016767 
17207243 
6329632 
8284092 
10937622 
15181209 
14226495 
7212562 
78084813 
260907612 
20626359 
22536055 
5920532 
1542862735 
569187224 
83894645 
730488210 
305018584 
15936314 
1061291688 
267725580 
1668126644 
43446538 
197539894 
38244174 
334079148 
143773571 
162252915 
135489140 
39288955 
85144671 
727418599 
148015250 
27368803 
1536803749 
184461126 
15073513 
89466481 
15840161 
87777436 
80374332 
198922002 
129799674 
82415812 
172870641 
350053680 
271493002 
11856482 
14132853 
44886859 
17365848 
16365636 
17219108 
19915096 
219370252 
18819574 
111089718 
20595739 
301559775 
278855754 
1022546707 
56569990 
160452683 
387373496 
559675462 
473075728 
1596794966 
18637396 
767868984 
49875537 
84276089 
63787812 
475893628 
24491882 
21798345 
25737600 
15237333 
28429434 
36144455 
353748359 
212296976 
1571869188 
99981044 
725372054 
22695548 
89333558 
337594915 
246989901 
317256470 
953781325 
579136745 
25987359 
217612422 
15031792 
378529285 
262316297 
163051182 
232062107 
277561034 
501236983 
16896485 
19407053 
228339397 
14369314 
66244710 
573918122 
21687414 
28186908 
14526763 
41139564 
169485255 
453452701 
60954073 
80646944 
29836578 
1038627535 
58934399 
48047418 
224240358 
214999671 
17022684 
28392516 
36770485 
41828110 
72406810 
38507478 
14870670 
51088856 
14800270 
15020108 
18858395 
109968678 
612004401 
87798068 
898115149 
28145010 
20685002 
46804450 
150646927 
15735556 
274104995 
267866954 
24800281 
16632374 
41398440 
58865001 
622073561 
68433687 
97063671 
16585184 
252228068 
22642788 
549397012 
595613460 
319201972 
17161347 
29512561 
16230565 
436203183 
480113413 
246474942 
348557830 
26755480 
335363522 
757807206 
624413 
85951959 
119235497 
18639872 
17863785 
18776100 
306970395 
816653 
339719308 
18992010 
26538954 
59486068 
11929242 
140869994 
82398088 
7744592 
27726303 
14606079 
19789299 
18944942 
14096763 
16100312 
17348346 
12182142 
14258521 
20179628 
16955517 
284359574 
23092890 
16111173 
28213071 
20002797 
383537992 
21332010 
22029004 
45683903 
34379799 
137789155 
28139881 
38283152 
367815625 
23365014 
17813899 
130201160 
2735591 
33677778 
247404780 
30799044 
7144422 
106900589 
253853726 
12853032 
398180605 
383267499 
52522194 
343693834 
89545298 
151548026 
321515697 
291753790 
427652262 
249361345 
18456369 
16578505 
71567590 
24030392 
15892298 
381150124 
17634425 
83704207 
186468322 
235835356 
307974253 
21235196 
449257577 
71027475 
360685668 
97161968 
14669951 
16955870 
21001013 
32353291 
18812949 
6577642 
40182630 
2836421 
15754281 
621523 
15110357 
34713362 
16584443 
32359921 
18218858 
20562637 
16726035 
67358777 
42712551 
1754641 
18481050 
7717612 
27073265 
15281391 
120176950 
30050899 
72631996 
27923715 
11856142 
15568127 
104237736 
56413858 
104509652 
16193528 
19787000 
20402945 
234826866 
48115928 
20088161 
16184358 
132703700 
15764136 
205789121 
5988062 
25053299 
19546277 
16955991 
28339798 
41166790 
61875147 
400251392 
65174274 
435257257 
14136972 
196540524 
22486057 
15767621 
19565198 
17627700 
43381418 
21122250 
116945666 
24770229 
191103309 
47456898 
21583653 
17241826 
38683121 
388551122 
21212299 
403148217 
18686330 
50703938 
15495439 
38469445 
11774052 
30565005 
8090172 
33699534 
76923829 
221843134 
163897694 
159279277 
22848758 
20906906 
69367096 
146115076 
21625713 
111098490 
15211518 
32696158 
52170081 
8420062 
14229928 
18452614 
16825716 
19785281 
29724302 
164780421 
63796766 
18794391 
216086840 
38166684 
183256417 
29057694 
15737842 
15905103 
40533912 
22836731 
37966033 
17816699 
6449282 
117867607 
11957512 
17478529 
188417262 
13073622 
87245762 
15171577 
22947611 
22970952 
19740086 
92410156 
37966135 
19167050 
19153224 
117809595 
121596471 
16717239 
28175577 
15162193 
22150874 
23460795 
25397074 
18925527 
16669175 
29300726 
19792450 
25823322 
22042454 
17136568 
135643468 
21437682 
83047883 
43166812 
14924128 
19968090 
28645961 
149181184 
16163371 
114616301 
19012517 
17234642 
18698775 
25305044 
89130778 
82306599 
16073115 
15353274 
30861369 
91814900 
25102769 
84129728 
90939655 
15159967 
26807966 
16819278 
20340144 
15157677 
14095194 
18561791 
14194726 
29553535 
63501309 
71870842 
25763683 
46923217 
38357351 
33413203 
61593055 
52868798 
82265216 
