750470830774190080 
820354372827758592 
30089980 
994053811 
60628575 
2882171558 
2334633194 
12082782 
738767160395321345 
3187848737 
751947774 
769878574052548608 
139931363 
822577409434222592 
442324521 
26909691 
75137401 
2233270880 
4854332050 
284509458 
357606935 
1338021314 
3387373071 
476227480 
824237509588688896 
2767562372 
902544727 
1096068614 
270929764 
465095582 
40965341 
804610526344949760 
27187343 
817188719501447169 
21713274 
86121008 
824611548488466432 
16472781 
293088091 
15443890 
843401571501268992 
3461871 
715030940813275136 
723641112360062981 
835588747215319040 
3657333095 
1903105045 
3353605939 
4800718640 
18320938 
2889119106 
785137 
260057603 
470887106 
362306058 
162118905 
3241954824 
839456454759301120 
842464032745480193 
388053795 
723516845425184769 
837373665020891141 
37085464 
16654294 
843563352311959552 
17784896 
4114441180 
798936281954668548 
2763264732 
3082986275 
1267826966 
138906158 
827323185058033665 
1602093464 
17547736 
136674918 
801159713035612160 
825433368749826056 
829680896978583552 
2519306708 
323648321 
846122208330235907 
32156954 
728673283 
766971186508992512 
127624661 
799047255378391040 
2369117648 
28020720 
1094197753 
14526877 
2199541 
1072467470 
3129968261 
315485573 
836042147774234624 
767484720724647936 
97994396 
2574200585 
2211532982 
15731259 
154311445 
423135707 
761163587263922176 
3158486384 
33653195 
48596084 
31122582 
595981817 
3433187174 
825043982006759428 
824803611490271232 
195783637 
3237109164 
326665662 
18137749 
29501253 
800693444939087872 
2701344158 
816792347803533316 
4822119385 
804359028587511809 
19918005 
526988048 
199419058 
2600864514 
837806366798544896 
3091373190 
983175715 
839396065858183168 
3093127102 
839574081854930945 
1323187164 
782595714505445377 
18695134 
817770602442489857 
2877916049 
316557414 
1893855636 
4826860932 
987771205 
193740196 
825963889770782722 
815299027 
795666749194641408 
2249223773 
795624693273337856 
839010805962113024 
2601002640 
23567622 
3305757918 
3121862860 
1301564484 
776830741984444416 
171590750 
2973876753 
2834756998 
2942334462 
625768380 
1378000488 
838436813790380035 
23603092 
19346439 
2866970988 
42389136 
1318898570 
4721601833 
69420004 
829389163745202181 
104593267 
259137610 
78987307 
548036878 
181998932 
390239514 
1320582673 
2791666390 
372516539 
167466698 
36469075 
77079077 
3060449330 
625644142 
840434420 
79100471 
1305544802 
577044339 
57445686 
745487960 
19924393 
61638411 
15678511 
56185879 
742010972 
424340878 
821883790171709440 
445698466 
36354984 
55334133 
20772763 
1051396218 
19568591 
4797361833 
265499611 
1374372086 
788027298935177216 
1105537230 
563617296 
740597986846203904 
833336582706962432 
243514537 
41057950 
835355140915867648 
18655493 
97040343 
1067357814 
901152493 
806193922322165760 
833914263429271552 
833918453484359681 
833919559950225409 
833917393999048706 
3242983915 
828798124315463680 
39615390 
584204619 
829979854087057408 
134242072 
360273490 
18089654 
2352205328 
29907453 
18381517 
196336581 
1169757187 
2389877058 
375662595 
66450049 
24081135 
1007701530 
784383290044129280 
3516287900 
3301171864 
822089697153392643 
800482105528418305 
169916350 
829794295355940866 
4769860735 
15343682 
547289837 
2717684330 
3402504015 
624488210 
138770045 
352534407 
116505994 
301549400 
151963505 
30912937 
19716781 
246357149 
131497030 
2252505013 
233783568 
825011381455843328 
253023842 
248884036 
125453969 
240879503 
1961166432 
61183568 
130104942 
860555190 
15952856 
3167508269 
466519303 
3223426134 
17239876 
290081003 
183699302 
85133173 
33515806 
152695769 
14266856 
15794496 
266601780 
9893752 
365939318 
252104045 
102718971 
129295928 
95573246 
485083111 
22376014 
15483390 
301750247 
15201979 
151444950 
27392088 
824283253901103104 
824135739512385536 
824708393030017026 
824386163439841281 
824785316426940419 
824400401797619712 
824792411545202688 
824368251266228224 
824366696517562369 
824338843327361024 
824342512844222464 
824157441248153600 
824153054731759617 
824448870059048960 
824731065520574466 
824126001936474113 
824734510323535877 
824726751209066496 
824326864407822336 
824698825499701248 
824190260338954240 
824248798948052992 
824467746436120576 
824119137031094273 
824439371902316544 
44978716 
24127811 
2927470411 
635608354 
43192340 
1510894027 
31128529 
797441168514621440 
577200820 
388149095 
121952864 
52722816 
4700228450 
1973354066 
488658953 
97708927 
580223849 
14123301 
81505840 
21116269 
18058741 
15430445 
143281137 
15714370 
233001368 
8040282 
14118292 
22596600 
15054166 
11071302 
15395001 
147304867 
29580609 
93879982 
212647359 
22953500 
24544452 
14215322 
14512716 
14931637 
31455711 
72831048 
192935052 
126364026 
851211 
175711277 
102420077 
3359481 
289342771 
14124866 
19925278 
91431221 
182714868 
23106258 
68752979 
17642747 
123177645 
289052830 
594175899 
828907745382371328 
17375281 
427515851 
39279821 
17934812 
932800111 
42880866 
819365957982449664 
82455213 
17099112 
2186612281 
224817011 
830020370669436928 
2421067430 
1394399438 
17754880 
252521025 
106182754 
134018189 
27306129 
17051264 
150078976 
47455112 
21731159 
144902437 
85849661 
15731165 
1075927117 
791800443479298048 
19625120 
53909502 
36065775 
17684325 
15977633 
2411456959 
21447363 
62513246 
15990207 
759191574035238912 
334706995 
15846407 
825153022653128704 
157920406 
75984016 
5514192 
474314063 
613370596 
784306258278879232 
731161968409726976 
25203361 
30699754 
69103442 
438561525 
3274963387 
748532473697427457 
809682835007295488 
2739179087 
1962523118 
32730585 
78092898 
822914283243794433 
820116712250978305 
821125811436748800 
1337883535 
3314365487 
420954209 
1328206963 
15115280 
704967105402114048 
457618544 
760570085455065088 
2401939086 
2865671991 
4091551984 
396720850 
3696526823 
1628552390 
15006284 
259094749 
343283519 
825708572986204160 
45869342 
178610318 
282646745 
17045060 
818607015824162816 
3589613897 
4704949662 
702363958200631297 
16490790 
108338399 
824876295607554050 
69406730 
21718006 
797413508157767680 
208524001 
194355896 
180402608 
14996887 
1418982517 
825852047006322688 
4925188717 
744252001572233216 
797899198645538816 
4149690013 
734139849922465792 
4353841283 
4327242015 
778933753150251008 
797080559839309824 
130354416 
702517746957856768 
4064008933 
4064081299 
3954901513 
22278197 
19750159 
14216661 
119897487 
819315843087605766 
824028553067032576 
824040625104449536 
824010746090704900 
824302085265035264 
824040409521418240 
824116562768621568 
824270573203292160 
824139632354988033 
3240143771 
824332206952714240 
824123782520537088 
824320219866923018 
824264707641057281 
824127395494035456 
824315778866417664 
824433789699026944 
824473943931293697 
824137712286441472 
824437258941980672 
824494641890394114 
824422730162405376 
824450140131975168 
156763824 
16868756 
267762947 
28161405 
246329877 
1256204010 
126368935 
1033626252 
159633929 
103328682 
12151932 
2157387439 
16400248 
816433124137648128 
741650559338307584 
53090314 
997682274 
459872442 
47786101 
2715115656 
229219088 
3063032281 
255747911 
2439032786 
21728303 
3282700470 
2417778055 
2962868158 
13367172 
16442457 
85289376 
18213483 
17839398 
780819620596813824 
749640119766966272 
21344507 
810219551954702336 
275864378 
757502048434814976 
4742438422 
214337395 
1055907624 
18955413 
15763959 
14794913 
20110424 
4687340497 
14364337 
820705814906339328 
441664957 
4099171 
14301286 
430192464 
2840963430 
1426753615 
818348755988533248 
2588934676 
1191355490 
2950864264 
34388611 
32885845 
157836164 
78361556 
2454651108 
2774959393 
404523392 
12660472 
51330975 
80796687 
3221689438 
360654717 
3353659692 
438580289 
14167488 
18746084 
2817862311 
942697514 
2884553063 
70520744 
435459729 
721226018871087104 
127102311 
3081335362 
737913182442913792 
742705367101112321 
1964214510 
3070175215 
747559684190633985 
742413989183950848 
750578740112023552 
2975502085 
469107911 
738544394001879040 
756763293696585728 
755126002603454465 
376934427 
3746923814 
1500116394 
16561729 
35595347 
711855947975528448 
1360718155 
3241978036 
787732747439763457 
537630271 
798555284922834945 
1260970482 
3294749705 
811343285688139776 
3226853906 
819742107418198017 
22427134 
233905026 
617824048 
14098909 
1083110671 
24881388 
939922981 
452521774 
39462935 
800704496246484992 
27630031 
46213956 
14103834 
16370091 
800707492346925056 
22278303 
22313347 
2496335227 
78716886 
182545611 
37982492 
11744152 
803299353578393600 
18124790 
43522180 
820113517613154304 
1355983182 
22129280 
34036358 
398490298 
110045625 
781930547899543552 
251388912 
482274576 
15365623 
774238947950129152 
325385270 
3648061 
1038907742 
2770523789 
201743157 
41488991 
15088481 
121208305 
3058713120 
2281973456 
2283130856 
800942537083068416 
2293315159 
13737822 
2903728571 
821239102645399552 
732969285639933952 
82151660 
17487795 
409486555 
2166672055 
727141906145153024 
1043346151 
3025991650 
14685417 
785348126 
1135163618 
2370926760 
3255844748 
2610292524 
240812994 
36686040 
21059255 
116510462 
820318624929882119 
91243832 
2790694010 
1582124414 
162452290 
803964873491222528 
704318336562167808 
19570960 
254999436 
814353236748402688 
138168339 
47475039 
634734888 
15907183 
526078034 
112127262 
3281466523 
887153378 
4834037991 
800109657406590976 
1342541772 
797128629272608768 
817504901551058944 
167889401 
79003881 
478089888 
1092969374 
2894468528 
2596517640 
817722653842804736 
4705754575 
509185272 
23710635 
13802392 
802043369283141632 
25458378 
805415642803437568 
245912667 
19594777 
36986138 
796820484599857152 
733708672937955328 
3716943861 
736954748197339136 
797973946993885184 
750227929032855553 
799024228326658055 
714467586910453760 
4854545655 
812700645761417216 
174956308 
811711474557132800 
3377090235 
19952283 
811455619970506752 
30576467 
19083212 
3136133931 
323938092 
1886292829 
2950008195 
66738494 
798910899683610625 
18627768 
252604777 
809750800633364481 
807713399652155394 
4795453148 
718241743003652096 
800099556222373888 
786932209483677696 
809058328068268032 
30514293 
583117972 
2208958148 
804692542235082752 
3332954308 
281695815 
777021391874826241 
3249307244 
1585983950 
1924071992 
479724576 
706445850877272066 
805473037822869504 
3176992611 
2455883131 
55623038 
705522154285064194 
3301800911 
2889477873 
14290222 
19444865 
11062352 
4687850077 
517195389 
804368681664847872 
464363231 
791917732170039296 
716880253654708225 
3064981347 
702525944125386752 
136986438 
3424666635 
4642354461 
2415041785 
2413245824 
793464133383487488 
792093009328410625 
775848738090807303 
2362954573 
2485952784 
251439757 
19733486 
3003695781 
484092485 
1594123597 
77101050 
248735463 
16402034 
2910814914 
3010704545 
21805300 
798929769987346432 
560000309 
851316548 
779128641913577472 
15416816 
4822045101 
191936985 
1633566830 
4767184946 
1257499482 
747835664 
770735311257153536 
1345580348 
233288673 
394334112 
3396070751 
58629575 
89835264 
174110843 
103772491 
3406083712 
2511008458 
401625957 
856548355 
777170826114269185 
92896595 
19610482 
756572896504451073 
237840144 
15282736 
224940210 
96396634 
508006873 
1330157610 
2559925034 
796205154555035648 
3327848321 
4888605736 
2436241700 
2572956582 
251131699 
853271972 
386135734 
2285338411 
356445815 
422023446 
631550649 
482300500 
135692196 
313591169 
17850785 
3201107517 
5485192 
2929086910 
26940466 
24789175 
47448886 
2879693479 
5880462 
96467825 
190906140 
2832475948 
20830344 
75051887 
783694887988310016 
102717615 
147338745 
15166145 
3309525952 
55771874 
360787989 
785982065162334208 
1934255911 
474351727 
78704561 
779709218928652288 
16419153 
3565599022 
107113235 
4854912143 
613352347 
786155856706408448 
715116958341931008 
4125740953 
2577407773 
15730030 
355596440 
706586611975196672 
71796971 
776381117309984768 
350509998 
606486052 
1923483709 
3298374619 
788201246603694080 
488985697 
782947468942176256 
742441025646538756 
710899611817349121 
4277654121 
756750894860034048 
729781035744038912 
2380774891 
1020383864 
4490113692 
19089077 
22585623 
1312830798 
1415425008 
215151978 
51363001 
45015059 
37376499 
3003833927 
2767198281 
2614629440 
779014110285553665 
388454092 
3868625301 
778393071864147970 
3166653756 
2513271938 
606412878 
246420653 
2616390912 
2552674447 
432692047 
3018352425 
1150654428 
15081182 
19588653 
727154993900453889 
2732462617 
780116109785600000 
877945933 
778920365246517248 
791635 
2300332806 
782532719960006656 
19544891 
3497941 
32871086 
3244735781 
2887790891 
248226790 
729454980143316993 
610900423 
781523801230209024 
7786612 
240074675 
115751488 
24796029 
93684143 
73039079 
719559032974020608 
95713333 
102306548 
4908087150 
760610292703301633 
779859645892550662 
19607639 
3196979595 
4889620095 
711860146016616448 
2391772902 
707620805404979200 
355604578 
159235599 
334937812 
76543481 
2842849883 
739013040 
717097867106762753 
1068121346 
737927700 
796315736 
725147428073136128 
2305049443 
412452739 
775654988781584384 
4363429586 
131207327 
761166761316249600 
817926624 
3308129049 
770265208971460608 
2249501094 
2244340904 
81482674 
154157498 
20108560 
815994 
20169430 
595057126 
4809972453 
3284573533 
364856414 
29913475 
2774165418 
733287912780005376 
976371649 
1941345229 
25205891 
3003754917 
752638641478967296 
27298118 
939091 
2403685351 
752686172430794752 
2309000456 
776247106528948225 
380493592 
2154475518 
366163310 
49068640 
21701757 
128618331 
301987426 
281689622 
751707538387722240 
416370934 
4827973904 
374199331 
21787198 
18480909 
114050808 
10003742 
3474300860 
758904203058130944 
617987114 
25740552 
1640929196 
2573480784 
794650416 
373260286 
2575517041 
935594107 
309705905 
306909253 
216425548 
2153472091 
471672239 
3694679129 
2796118329 
2518793269 
9567972 
19046500 
15764283 
18164662 
26077026 
4798875217 
2917850519 
2561597334 
32168059 
868130508 
3907341980 
116048117 
2269570470 
3383443605 
3233938723 
3364794003 
3247941871 
2823178804 
215207998 
767097952179478528 
3298010181 
117093783 
305214357 
766128558985084928 
234818876 
413682965 
2257089752 
3312837494 
1360931700 
758419912171872262 
587875070 
3290738864 
16563576 
53990004 
22208192 
591920938 
18470455 
48269483 
3034892963 
18094552 
45618045 
1951829828 
513883865 
36711022 
722109949900292096 
346257872 
725330619320930304 
2828369140 
753623149929869312 
15163466 
328679423 
1066202484 
716877714 
129939890 
17789578 
15905103 
17006036 
57741304 
201280692 
104172443 
2238374323 
1878681650 
382837114 
558203520 
204534066 
41399999 
755057200901398528 
18464266 
4894095909 
273589659 
3394052127 
25828822 
44914646 
25562002 
2846982741 
2847028078 
71036272 
1897560128 
15826988 
750751206427860992 
3527098936 
3749575818 
706978902405738497 
313147071 
338291677 
18744815 
46240588 
436021565 
3154252605 
2363260730 
807689196 
1645711686 
115113945 
2361678404 
91673645 
602314892 
30626499 
463005746 
740955539354603520 
3072307880 
17356547 
1616669300 
24385554 
125512325 
125812388 
47216804 
149590738 
178088940 
586136477 
15492359 
20437286 
224253810 
2877314178 
3040282933 
256738764 
14247236 
2751629937 
752729789304373248 
2384007360 
2657351600 
14480378 
950606341 
1958649001 
478151814 
3427497833 
720287387805298688 
246589200 
18874834 
424392856 
3364781501 
2412580496 
86942017 
704387027542941696 
757689764887793665 
3019867316 
3978316814 
4351125074 
2301894481 
2900657562 
154546567 
750514167073746945 
710197852094537728 
27876079 
4164315334 
1142012539 
100129848 
39245720 
242299305 
3295632834 
604164129 
225265639 
61122731 
2369949012 
45912088 
2607993846 
186744632 
700503991331921920 
2561242388 
1546937882 
715620316228292611 
4416396322 
22846618 
27055034 
950531 
18125710 
1487846678 
3285680335 
52422878 
21870081 
852116413 
833100331 
3062364406 
355784391 
50701663 
54300251 
95642490 
474974313 
226963044 
725786987131588608 
18567018 
23578274 
90077282 
154985728 
23232204 
2935651264 
19024627 
239760107 
31532083 
16315743 
378206995 
14340977 
2314055840 
57163858 
18697888 
59145948 
15867069 
19082518 
319246523 
6529922 
1130149501 
4415178613 
1190498018 
736315411428413440 
36109414 
640893 
262339077 
753701086146469888 
25087685 
713839291210792960 
105290832 
272191896 
15613133 
16697350 
22652957 
19294897 
95996694 
15859912 
16506571 
1865557044 
15884616 
21276915 
17066022 
18164924 
2868384813 
2341020134 
153860327 
12134692 
21221064 
321774180 
15675013 
3944570420 
552983877 
24041572 
604584634 
4073452153 
16273831 
17478965 
32718500 
116341480 
28174264 
2800581040 
2127651 
2344921033 
400850467 
727503259959578624 
2658446774 
324545938 
2685344712 
2148693998 
3003750312 
3438460055 
3010492622 
172858784 
164242095 
15840139 
219011705 
14749045 
730446841008001024 
15432218 
63013144 
373689086 
17995040 
239857777 
731132367058968576 
49986034 
1022146562 
203628181 
196861970 
44197832 
595825990 
2300629838 
4485686895 
515442062 
80151062 
1009328030 
556197211 
369238299 
2713981915 
2436210614 
385156589 
520029915 
2573221951 
72003257 
18722830 
1173685621 
122396513 
2492593320 
14930580 
342770193 
54744689 
987773264 
264239655 
3095138621 
91989865 
2793061184 
3098570895 
278903615 
166856409 
398088661 
119491006 
341191272 
44196397 
15751676 
18175442 
265197860 
1403364408 
753562266 
552044121 
734938030193147904 
3488471 
193365375 
21418971 
720281941908463616 
545474475 
331120729 
17044977 
12926172 
60903033 
705706292 
218276360 
7036002 
360796732 
703166149182132224 
4809273860 
4193923874 
153486399 
2775846440 
540472551 
426578718 
210584125 
7900962 
386014209 
23005470 
2184024872 
717895137737572352 
117476097 
341190477 
110924703 
272710377 
19186003 
71048726 
25493009 
28938202 
93153190 
485018010 
22946048 
4830593062 
8430702 
7998482 
182508322 
23255247 
246682858 
428377485 
1468401 
456869324 
552321387 
228087891 
83123149 
299236836 
2944911652 
4134289937 
2978034847 
733437157591781377 
87480406 
74036960 
34023470 
3291177865 
113061485 
171588821 
3069381795 
1385941627 
19530289 
15935383 
309822757 
4719033081 
365889796 
415381836 
32189132 
731638607979614208 
319654586 
34595991 
16442379 
16893929 
31183389 
286295356 
103447346 
27882000 
55394190 
16187637 
153181367 
17881467 
712021906921283584 
23259606 
44988185 
17354416 
17279778 
15276654 
2858517703 
3103319747 
757893380 
110958094 
2743209253 
2579537210 
603025587 
7392352 
721899509987414017 
12340562 
16581604 
15808765 
109431937 
708477796796895232 
4855931619 
739168590646104064 
15816098 
1111940934 
424705392 
524024759 
2771091501 
2571303745 
3226849700 
3352281767 
2388001561 
17890304 
15442036 
714898364752650240 
3180697014 
752882758175686656 
14133964 
736221584742961153 
407396556 
172482310 
4917092018 
46775436 
17889970 
7587032 
469509327 
717123040832786438 
3152803267 
2641993872 
2296218770 
14578954 
373717003 
4425171023 
362035546 
299929232 
2466008792 
4294595833 
3819442460 
4715371273 
709226545 
19940085 
2326064550 
580312540 
2575941744 
611121924 
2957699066 
635011613 
4889520335 
4057313892 
1494755017 
286905950 
17944853 
159557552 
2984727962 
14297863 
3335324381 
16394817 
16308252 
1443080467 
297515268 
76337854 
121056902 
36071091 
29770501 
313602455 
24457210 
2893857904 
195019820 
66768858 
30354991 
2263282754 
2419527924 
1936850396 
301215203 
2504931987 
2564084802 
805208756 
1390466760 
307721313 
1402351524 
2447952590 
1532749405 
538238041 
2501715606 
3178756723 
1451885983 
1625017784 
2333492436 
1419977232 
2921076097 
1944774853 
579388438 
2155025630 
934662558 
1240421221 
592730371 
2270864082 
1289075473 
2273555109 
1330992690 
1356816330 
1377522096 
4301962823 
389841834 
2605668121 
127673986 
61734492 
372502604 
1964256464 
3040447419 
376077163 
274902893 
38550754 
359094425 
50042330 
454127322 
2583735188 
3406568194 
2827037867 
569458183 
2883864873 
2233154425 
278718683 
92798598 
16023409 
3000989895 
721845390513823745 
7157132 
18927441 
41660655 
4030783755 
1712960918 
14782164 
134372101 
1697174628 
558114860 
27834920 
18247062 
29029556 
455288410 
738302452039094272 
117945616 
2250650376 
3305904388 
24236494 
1708085340 
2358302612 
743585142 
729324200146677761 
728941935034048512 
728302840771416065 
729791736633925632 
728931152220725248 
4387608503 
727540945114267648 
727519803724959744 
721698511205625856 
4758157887 
3861052273 
742230163413307393 
743694260252246016 
734088053724155904 
729012496074477568 
745255896117190658 
743781064494157824 
743844819714314240 
729009311280705536 
743610028029009920 
728944314881953792 
2562030497 
736347862544453632 
736870974197501952 
736615015462096898 
730142563051536386 
735223550467035136 
716962426277593089 
2722051478 
3014261285 
1059648800 
755886386 
811377 
858896371 
11213562 
423658186 
1546194776 
1358999886 
331552107 
710782219 
321936571 
591385653 
2263579140 
259387703 
14089964 
126022911 
18185783 
1481293837 
16457926 
294220993 
331926451 
4846350853 
1137271452 
32913997 
2411914772 
1244787590 
2238059208 
355591226 
3379727141 
727984935643062272 
723477604263702528 
3402978616 
728300564157730816 
3407251246 
1329151410 
27744185 
29077536 
706798833825685504 
77000938 
3889878142 
22703645 
56843028 
3325178411 
2465148620 
378204367 
39308549 
16311797 
70962235 
2959497429 
19321988 
31516519 
18859669 
2282765581 
26288276 
634015776 
724638980776562689 
1568656350 
374665328 
2284853958 
1300867440 
342034927 
1083314617 
15075999 
604061534 
353457568 
4819838338 
47340859 
4747682423 
27985561 
533814678 
399628229 
765825422 
1240339074 
289012340 
146098029 
2417803441 
1485233142 
944144432 
723070815399354368 
719125573889449984 
3071374906 
115477344 
22997360 
19084896 
455115746 
14923012 
28403414 
121817564 
701862161258123264 
1032290077 
33256849 
1568471724 
1561705681 
879153462 
1024391197 
3073871212 
3404297319 
1524976560 
2316155956 
1533844754 
2562509436 
1227517303 
437520768 
40426996 
351640699 
351621695 
602813224 
557994355 
497139188 
537588875 
386915587 
86336234 
84717566 
87520051 
41441873 
62829259 
52768208 
109571377 
225411266 
82453323 
275710913 
274151347 
53175445 
91409081 
127958577 
186154646 
1299995892 
290876018 
541158674 
330921167 
390287262 
2325202999 
1115148079 
337886919 
552582271 
1451773004 
65647594 
65707359 
44177383 
1017637447 
21314814 
21669123 
21692297 
31464977 
40953465 
16887175 
34655603 
16973333 
17895820 
15438913 
14138785 
16343974 
788524 
714439818575482880 
19824430 
14815420 
48012011 
17258301 
20922700 
7905122 
14372486 
5971922 
183854047 
2768953101 
2293940731 
18465936 
23950172 
4180223135 
2645678670 
1330404805 
222953824 
19553409 
20094138 
312189104 
426802833 
456806128 
22799750 
20109439 
28049266 
46817943 
16261513 
48120914 
17243733 
139738464 
501750780 
15182798 
55941067 
1192924646 
139909832 
239962876 
16721452 
43910797 
16334969 
374643092 
41886110 
85366967 
21246341 
1393430989 
403996946 
607150882 
1369304125 
21297100 
732571672180625408 
3210433091 
741406920997625856 
700712925661515776 
2315680640 
116551076 
2842485405 
18596722 
4875322161 
709920419529281537 
223154403 
1875754034 
4688373872 
34385289 
1169762798 
727886544296620032 
2929135816 
351198392 
732032513967718403 
4746390998 
705519323863916545 
797974208 
83484465 
3289392453 
4847754566 
575829010 
26184107 
818418566 
2328002822 
6253282 
13171062 
13918842 
3153177914 
598973191 
3287916110 
2949261587 
2840491955 
2882622665 
865553582 
3292306583 
3382135659 
25493304 
146160591 
3381686297 
2155915008 
1023096199 
152224898 
48436234 
715566105444556800 
2848362293 
2169040444 
38215250 
30681076 
723558575117852672 
79771776 
720300229262610433 
4041241317 
4661087773 
723501282888146944 
18666183 
146880791 
3151834587 
718776755658629120 
3302944249 
1598055271 
95913152 
599110041 
3165887791 
14159444 
2964949647 
205360046 
4902260384 
714424285528502272 
702422143729061889 
16667912 
3407828625 
3110229777 
4418174969 
15008727 
65563900 
172539453 
722807389506777089 
51336072 
2835369024 
381589533 
3027830146 
166604379 
4920263299 
4584290834 
435512486 
3165845519 
335972576 
2829822842 
3164289136 
35949716 
720623375006085120 
3009511164 
18898038 
3093858065 
20536157 
816653 
50393960 
1344951 
1636590253 
3309375033 
3257608936 
85900796 
16600574 
2924280110 
265392196 
4163942146 
711544429178269696 
3200902917 
2557037323 
24742737 
22221551 
14376062 
90084099 
712011819024396288 
712275575709118464 
4561051889 
3187039442 
19737879 
719542637754232833 
2615998466 
2945507662 
1739551255 
24396878 
2463745813 
2934786987 
558251172 
76639427 
308881413 
2374127162 
232414166 
579010940 
430313116 
1578132092 
15012873 
121624263 
2676749703 
389878278 
14742479 
3961225036 
1864228866 
4897789419 
122608509 
4267769207 
43879159 
3221643096 
714544233693245440 
1311505004 
151931563 
2296891968 
4834273213 
544539878 
1354900495 
2649498284 
16715066 
1000132999 
712680963365404675 
50405064 
70734848 
2929692179 
17968150 
4894899732 
3131376676 
2891465542 
715789541970460672 
833713880 
370754131 
706871339362209793 
712681195851554816 
951915308 
585112997 
2260373173 
134208714 
1070317490 
18655567 
715334918671360000 
41703956 
234414998 
246994381 
16331259 
16721886 
8965932 
388456067 
419717898 
43191408 
16616220 
14500743 
711946241282863107 
704334968508588032 
4289751091 
145435110 
459689240 
91494334 
707620738463866881 
267449695 
45871580 
22302678 
2844257068 
3161047854 
19944110 
4849537027 
31058145 
868655994 
7356352 
248758771 
23964682 
3410636945 
329356421 
245026640 
76164792 
89837927 
257655292 
712704235389890560 
706702752395751425 
104459389 
4638225918 
3212492373 
17136847 
1616158050 
3024262850 
494583541 
920528174 
514849030 
2897106316 
800663185 
164724793 
7185502 
116969334 
59947923 
425268743 
481706144 
1566594774 
111216929 
755113 
16184358 
36714186 
3092194948 
17452882 
854337043 
2458567464 
2923898731 
15168833 
703291385861033984 
46157065 
4824200341 
1244807834 
45832312 
859031983 
15518537 
2695663285 
3043352032 
417579210 
708671115145576448 
10617212 
701431606922375169 
2786185395 
3332815618 
387120457 
38259524 
709571133490630656 
71584155 
3333256966 
358464377 
3369886024 
19764932 
2828824734 
108845320 
4870983498 
3335452277 
50327798 
3336741669 
2897870388 
175505385 
255357928 
30868784 
46786678 
3765479422 
4439085256 
818284082 
1279790160 
241977727 
707669091704823808 
26919151 
45607805 
2801953387 
14844867 
2292488509 
2285300648 
9624742 
565521611 
33435693 
3202761856 
24022663 
3318793748 
2420657738 
129315638 
12055342 
4778428108 
22058679 
1375289149 
371406979 
18301196 
32774989 
83487731 
366606110 
31583882 
2065391 
16469505 
713172077860282368 
301073375 
3195767491 
19050314 
539626435 
55934106 
316659505 
19925191 
25014017 
59615041 
2272092822 
238311228 
510473071 
4804089938 
1064206014 
3716761276 
629798466 
25439140 
23181999 
2346301802 
1372081291 
707938806377353216 
4860628272 
4208430010 
136102085 
3138338070 
709706437505646592 
131169281 
1289499836 
1146946760 
26637348 
3127658460 
18912121 
130522705 
87222643 
180418331 
64574086 
45629254 
1195029020 
3307022936 
711275766420471809 
470749977 
448371328 
711910490465652737 
2926732106 
18208227 
58510592 
3291753758 
705983328550313986 
4842356859 
4856844917 
2746453639 
281728419 
705038192991457280 
16232843 
37115912 
1466909905 
119707185 
2492497783 
44638576 
317592211 
102475469 
200980447 
1721163391 
33776074 
572324207 
137175146 
91849408 
207365153 
23379301 
3097269568 
4000445872 
3872922856 
265031841 
147576989 
202228046 
3291875212 
2699253108 
401643632 
103943552 
397241893 
6267962 
22429979 
12688562 
8973062 
3256317685 
637196658 
856037461 
621583 
622123 
20543416 
78602972 
622113 
15687507 
3072190684 
1642135962 
7400702 
2799960092 
36670025 
442782547 
14191254 
621573 
409941587 
1562935142 
51023770 
30835585 
2190056023 
1243086876 
3237937963 
113875934 
3322260435 
16016427 
2389588698 
3152442726 
712711837821743104 
397755507 
26810733 
4856151886 
386665069 
212560569 
1603796952 
28995328 
19701628 
569238628 
14697685 
612473 
18857913 
80684362 
18175057 
111475826 
67046335 
2810623552 
2922928743 
28913625 
4203781294 
14589511 
3018839497 
213092432 
80366372 
318692762 
3438012802 
2841157869 
3201706312 
79228319 
493636177 
15129348 
704674781090590721 
23908002 
23268215 
695062579073409024 
18305815 
235716665 
252890019 
1734736945 
3392176918 
4707007395 
7140482 
18408384 
705869825789317122 
1689338184 
269908866 
226231298 
896048634 
15853073 
245551982 
41666429 
705414651551461379 
4827665163 
45399148 
37590426 
1400202860 
1128075277 
2445459474 
1337576478 
14652182 
41761325 
80467432 
4569938537 
4884766865 
707546806863962113 
357279852 
3679151843 
9695312 
373471064 
74580436 
17230018 
3315508046 
295058439 
3039472829 
133453516 
107523645 
709002427278737408 
1408989498 
1367974088 
198960845 
25101996 
32004130 
213795411 
36452050 
33514869 
33750798 
110445334 
1347285918 
18906561 
23970102 
15416505 
17078632 
41634520 
1180379185 
5561412 
38495835 
113047940 
18891923 
20733972 
14134204 
17427692 
703848745499099138 
1569942847 
2308959054 
14379514 
2172373232 
1346533753 
1877831 
34713362 
4898091 
2559079741 
2753338899 
2824227881 
729136374 
707891155334135809 
476315898 
197223915 
3257411366 
4524980836 
295099107 
2836064466 
220257674 
2815206739 
3707154797 
522282462 
1074344485 
582700424 
18949452 
3108351 
1652541 
3280347391 
830947530 
407820715 
710244184876167168 
2185106226 
705710427297206272 
24436600 
18970657 
2248932158 
803798005 
21884158 
263473924 
20861943 
1587296611 
3205314383 
448043662 
15956067 
634676291 
4145341694 
75520813 
360082939 
21440926 
132918446 
1309263470 
270819807 
31127446 
24216394 
4832755638 
3366974853 
27249651 
2543944387 
20707070 
21438445 
29450962 
240531800 
86177206 
4822374371 
14855994 
48459553 
4173811888 
2314018987 
15741036 
24968461 
372793762 
2289770467 
39510422 
52311367 
16793307 
703230854684938240 
84653850 
707706265665843200 
703840085624512513 
92854933 
28224477 
32283017 
3060489838 
15300487 
457561329 
4826542933 
1854620118 
19026288 
3342909449 
15996661 
2352448734 
1526864863 
26379293 
3438933979 
709848249507684352 
14708602 
1258172900 
37032786 
12612432 
21883843 
286432534 
593289567 
113364160 
34747631 
221162525 
4422686477 
3312879640 
3862943956 
794305116 
1594675142 
18978610 
22869375 
51764930 
269952698 
131914274 
271725689 
40146181 
20618180 
704060092065423361 
15557891 
227635196 
612057704 
1422241538 
1877425500 
875459408 
32438705 
280367615 
115694587 
18841177 
33570713 
582259354 
1729837428 
18723501 
49053573 
4920999862 
14170232 
16848539 
51241418 
701081673681637376 
573842268 
2396849574 
24467757 
233842454 
469882918 
2820857447 
24951142 
869049313 
3904956605 
1283733338 
4853872077 
1737781596 
228227996 
552545426 
133958303 
182459153 
47643831 
19173787 
708101508873764864 
1018323564 
2431402754 
36529101 
32517594 
3420477195 
282545479 
27347950 
97273575 
15932715 
4839340449 
339925767 
242836537 
8548612 
24272129 
126629610 
47034524 
470770084 
18956073 
45565185 
958435057 
397507908 
382836767 
4835031245 
94928029 
70708097 
337779151 
936759596 
16641192 
70775995 
15111876 
48029066 
51426896 
23946892 
174473350 
34643610 
16545933 
524610484 
3536287577 
2323503012 
319666759 
40720689 
37144893 
718431380 
14764107 
288363743 
253389132 
23908154 
21626814 
114887629 
24882415 
25728193 
15212187 
24703549 
6724252 
67899097 
2811455407 
37501003 
75939860 
715044396 
47991586 
75797367 
17209415 
297690193 
14940354 
17041374 
705547844497727488 
15368940 
69393590 
268078146 
12491732 
14594514 
509564171 
16563015 
407013776 
22189918 
18028893 
327862439 
39000115 
18451200 
125752774 
371800458 
27311044 
20786801 
300497193 
187838951 
17372211 
4872790937 
577432615 
118245138 
156370763 
103087786 
16582131 
89887215 
42153941 
1759181 
294246919 
114870265 
49457533 
42362189 
3787172777 
147470258 
335331533 
128301312 
46877654 
3245269654 
4541374877 
6957642 
4782801868 
3229506722 
3313015169 
4777974285 
120153772 
709545797189308418 
77217011 
286339472 
15933953 
22021978 
27643014 
3463043232 
702739836243869696 
523875557 
325076723 
116763916 
18548221 
20035593 
20322986 
42977712 
1433427858 
4440203236 
3139131148 
218325695 
2851146208 
149249831 
3902394688 
3676507156 
4760694445 
16224319 
4725969852 
260854791 
1976966240 
2198891972 
20806622 
372918267 
33086720 
353030696 
20728561 
330314403 
600019901 
14936610 
180717062 
353541134 
40302738 
293802222 
68174078 
320140485 
367946968 
35369214 
131482972 
284745621 
269930499 
19950500 
304411861 
102154232 
543128024 
100322679 
1531522224 
106135104 
136550204 
126401831 
14659350 
569244581 
3355137141 
373604983 
3025985590 
315465682 
463765807 
2981429074 
454119389 
16370676 
57644175 
18499725 
9840002 
188793260 
30013010 
146958450 
16000856 
2770869919 
70511174 
69004966 
719085576 
161275768 
13388412 
54458572 
705783815403409408 
3192402548 
3255668526 
240008911 
17137628 
631948054 
2163076560 
3117061511 
20479813 
309282144 
2285311688 
311677386 
2257558088 
4225181713 
389141562 
228040559 
126722715 
230450027 
2240756971 
42995067 
3172410434 
21251668 
43412697 
583127113 
122226401 
21461944 
3903052998 
16455297 
183403584 
980611 
3650847312 
3547341136 
241201438 
2350808685 
3939286643 
15857447 
3318073848 
77205186 
3174030958 
4409509276 
15976705 
16630960 
16367986 
617825073 
19847765 
4889947340 
22056192 
2395211509 
4839426365 
42824699 
228105459 
262691862 
15862440 
384316868 
212187460 
97740430 
16101182 
377778216 
14162258 
1385194297 
1049171 
34371118 
179686162 
618647485 
4154476582 
299364430 
43638469 
4787299392 
489475164 
15418628 
3767063367 
18939358 
24889586 
16259364 
12244082 
15893354 
1159276686 
254287052 
277261996 
252868465 
28387347 
4851726839 
532779460 
19834403 
177291959 
46094290 
14155907 
62882514 
142459933 
367133632 
215694545 
35221731 
338779219 
124763921 
340613443 
27741349 
731167584 
14260960 
422936883 
1361347831 
21212087 
17094311 
3161509231 
16164636 
3291645948 
3195763956 
3226781938 
3193944696 
324198619 
3254830066 
3337804853 
263751035 
104914594 
2279585970 
550476469 
28876105 
264924050 
705113652471439361 
175378976 
15464697 
24550403 
2846001395 
4176159801 
35885825 
2392933562 
707213026999533568 
1665514478 
20748349 
3298091964 
175102610 
1368290868 
23720825 
4822748487 
583426155 
48128080 
8133992 
469732090 
2332250446 
406525423 
520565785 
4175155288 
723175496 
1730350956 
230891509 
591297698 
874712263 
2956374344 
281281365 
1093067594 
3434345169 
16825289 
4137204154 
47195545 
1970572819 
4752200597 
2920759605 
195005863 
108806652 
42407972 
1392288020 
166329578 
4378541173 
15450996 
25694156 
436829918 
3253125358 
23865382 
3075856310 
144527487 
2157919340 
102488708 
38679388 
18848018 
4924576073 
373913826 
178812809 
705456744789647360 
30211382 
22707692 
75472136 
57047491 
15207668 
14344823 
11134252 
5496932 
5693842 
14466538 
8223542 
3101668068 
2309326454 
244210130 
267915933 
21104257 
3408691198 
4444021036 
298602588 
886070617 
2280998552 
2874309459 
706243875510329344 
1046678078 
19695079 
1321235420 
106252970 
1424000143 
275423541 
4830629812 
309997629 
56038149 
248642170 
34741439 
1968548592 
2234739162 
3026625567 
3078723285 
344088336 
441689847 
116243463 
3300096652 
4195798809 
2302449370 
2897936898 
577383533 
246163975 
1721123071 
395167525 
9763482 
71715641 
4195320252 
3220025137 
1558510549 
3543212476 
93876666 
40094447 
999015600 
16656999 
416094992 
3282859598 
4513124667 
16716054 
16358213 
3063997351 
39561625 
4766257664 
593120842 
24732972 
61664932 
350633389 
50073507 
2293759616 
302275288 
16220605 
137468275 
4320799523 
2282706721 
160047813 
3427517943 
3395332414 
191049947 
35817700 
4196239813 
612931307 
4889469454 
542400979 
4823428919 
17021597 
52544275 
17565514 
3149303315 
2894080062 
54505308 
33345091 
1692654824 
277355403 
28484970 
1067130523 
3096642344 
130496027 
55117855 
19221664 
254206004 
128072631 
15066876 
1020058453 
122825865 
65212354 
111464203 
370776693 
4337798413 
16002085 
451743265 
574807922 
2844157412 
44209472 
7019512 
151106990 
853801490 
61564714 
2912754262 
35084346 
1625547600 
3137475414 
21841916 
588492837 
17525171 
629725842 
4204977133 
4394904562 
23389030 
2785663088 
421352981 
71876190 
2792607969 
602082172 
52447335 
128149741 
23389689 
747727320 
15961173 
220851657 
3158389823 
1074278209 
344747525 
159102501 
3709999582 
1699690292 
878284831 
2272400485 
384940104 
1969346438 
370258371 
349803020 
163598915 
76038731 
14649254 
1952698448 
24886025 
74478182 
14230524 
8236062 
17681513 
16041234 
796261392 
13259932 
19608297 
4342012654 
14199378 
17998609 
4735550317 
546135718 
40050872 
1405394214 
1390186333 
104313610 
167509917 
1486854493 
1665917761 
4541815403 
4448655793 
573173793 
26529233 
3310028162 
3141672447 
47285504 
4448637314 
2891117531 
18141408 
32671625 
2477516270 
459663438 
9589252 
2211835920 
4138211777 
3015604913 
4137801153 
2310509213 
21712807 
305189255 
2451433968 
349169400 
91163178 
2895262021 
4377184699 
4011378557 
614677884 
3236802742 
4663138573 
3272373295 
22758669 
488509119 
4382945836 
2163358988 
2735359104 
4521330855 
2203762693 
186222238 
30016344 
63737212 
110775353 
1922861 
15635604 
15033883 
17137891 
17220817 
89084561 
46177695 
20793816 
16573941 
44399968 
3828992592 
3260940092 
4453179972 
4329740895 
25702314 
1371860839 
4343190612 
3260919876 
963558768 
755384378 
2679863268 
872983796 
105340932 
287728935 
1351827794 
2190488341 
753572287 
2530113698 
2530142288 
613280139 
60121599 
1394798593 
3312332347 
275686563 
2724631898 
3086975121 
18481728 
57795767 
53120917 
65789164 
2421319388 
21124226 
326950806 
20677839 
23849204 
18893580 
2945820771 
182265955 
960761366 
28221296 
19777398 
161461853 
2210677825 
2911633203 
3293587358 
30621351 
528055712 
14792049 
2359537176 
2846163186 
3759052815 
308501672 
3730595055 
2428087608 
90722404 
44959505 
101798589 
2846143687 
2285925906 
1685694151 
3224455441 
704095868 
2855536429 
179058970 
89368633 
213282389 
607637156 
3005180361 
413590655 
1718610331 
3393071302 
3030970439 
16703058 
35584127 
913138123 
357674108 
21463851 
47458488 
124149414 
336788919 
2469854654 
1253877582 
2211981675 
70771229 
2160673224 
242930694 
344308796 
3068552478 
273647603 
2882369826 
489879335 
3318091445 
231871027 
2281097485 
107798522 
2478321282 
336116660 
44660449 
822215679726100480 
1536791610 
3092251858 
2501060941 
490722619 
19417197 
216776631 
2759995218 
2907697746 
11850342 
17951850 
1390318944 
2587843805 
376267732 
23827692 
2317351705 
2875485611 
506505623 
2254500356 
27991531 
26015031 
228554424 
1609073316 
533393603 
14253264 
1217499242 
1787025372 
226954021 
2715292604 
1538632826 
2562228169 
14434063 
16566439 
95220493 
14955908 
57279246 
1898509585 
15723995 
12889162 
1239273733 
14966677 
2950474293 
25692368 
619101692 
3016183119 
2256985338 
59804598 
1445123090 
20741481 
2651777845 
151465210 
514884959 
117523430 
488799600 
558006979 
199305082 
3133064804 
55305945 
2559964628 
1347805152 
2834597675 
154270388 
24569636 
1599507938 
158755220 
233933230 
248998205 
1666650583 
25537232 
2288284652 
21833815 
2835486989 
193617846 
103550181 
340804120 
312964185 
15784302 
2389791853 
2926436442 
2897970594 
41865730 
90334324 
32405269 
3029326756 
472132412 
1624046510 
3063996411 
22692199 
399774230 
1892315352 
18533386 
527526077 
18040475 
17640422 
17757005 
60841442 
190890578 
2916806370 
2284066573 
1410723450 
73829388 
1439415307 
17873693 
2585905297 
61058297 
115094250 
55624598 
24216951 
36651066 
1069865743 
73774016 
37209193 
89054117 
2513811746 
29471556 
2873829579 
2782513316 
316270727 
19030740 
2813211061 
387321930 
133283104 
2992530470 
17340781 
2959610415 
26648990 
68975839 
614646192 
18041057 
2790091413 
214112621 
68342564 
60630907 
19870967 
20378448 
559335813 
18171600 
1199596897 
743163666 
539865276 
924483025 
631816995 
57755615 
93419194 
385628927 
2453638579 
39294154 
288584040 
17833372 
2172504973 
1410992881 
2883419079 
2438899573 
168838692 
310917929 
72947117 
325832052 
2927222132 
141301490 
8708342 
252870678 
459287059 
513775722 
339436446 
329918977 
373457904 
291774022 
115131598 
221164924 
2541942240 
234523393 
21148783 
21431618 
40125351 
59849033 
60571975 
2458782775 
258174139 
17276219 
180463340 
2471632388 
789755286 
2337082928 
230760685 
519076313 
1235999401 
21144414 
2317513413 
15212700 
17449833 
408453909 
22517956 
594116718 
2367537494 
62643312 
2871899817 
22189904 
30091976 
33079769 
330472602 
25382552 
2685142076 
93963456 
49336122 
2216362710 
2367571697 
563281155 
240112167 
53829677 
1183929852 
528732754 
27971300 
172445467 
49388157 
106892286 
206872748 
1735969045 
2572226646 
2871587649 
333675022 
1700472204 
125565867 
755716560 
1532154240 
2865249138 
94492750 
1135669754 
320821564 
2196201139 
22077095 
17503642 
2366131412 
2712335673 
556236569 
83938774 
24692074 
860277462 
2544456127 
15545122 
2828861924 
564111558 
1389824197 
596844152 
453034441 
257790013 
2345145272 
2186755171 
21964694 
16459325 
15778310 
1004409242 
113667788 
2830790397 
2835276183 
423117326 
472639602 
613887988 
847923606 
344955115 
130922325 
30065770 
24566830 
376472551 
262856460 
29100243 
380677885 
16494036 
18082945 
554758945 
488124828 
108020041 
2775892105 
1515100843 
403353373 
1262776610 
2393063119 
2245478298 
147700865 
21406740 
28837388 
818688481 
23985200 
61824637 
2588113993 
18787733 
260555829 
2604665188 
136432427 
1120391510 
16955870 
100140767 
545336345 
173190525 
1726076226 
1549231957 
2627957597 
455632174 
2350582398 
81880447 
1123767266 
860792832 
1266829339 
403929334 
105721930 
134917795 
41437799 
376744269 
305376209 
2605916636 
1157902490 
93711566 
1381088924 
205336320 
730684254 
1278710990 
317378810 
21440866 
461898599 
1056718994 
936989605 
722139073 
701725963 
162473641 
22255006 
624805598 
921292178 
354330741 
586218117 
15195679 
19914257 
1645844790 
66256515 
251769890 
2351429964 
26388402 
594745693 
73179323 
16700601 
21981984 
23605114 
582868865 
436314047 
385716198 
2517854953 
34341362 
562981626 
1335267692 
754135908 
2525524314 
2329498706 
902808547 
2560189291 
378386923 
357331066 
331317907 
2715931541 
822576654 
742726076 
560286614 
1277460384 
19691332 
232701447 
770759270 
40173562 
1966921812 
176619668 
134924292 
115564212 
33919343 
18772897 
2428776326 
308929255 
50094643 
485853548 
1870223119 
1870115742 
145659451 
21717987 
2218087658 
31004315 
267603819 
24620662 
2311086683 
20338242 
95250102 
1423707932 
74175586 
20265203 
168524035 
53503202 
1613003676 
148561714 
14481453 
2340608630 
26564529 
334660170 
43445412 
1364833267 
459269265 
138473832 
394079456 
973922630 
2575303201 
1942453848 
48854106 
959227039 
225907142 
15533774 
22252139 
1382787348 
16568402 
403932208 
894292836 
24405200 
48038030 
19461153 
909196237 
959596692 
1114886305 
20484934 
61149653 
455662560 
319777415 
557334459 
2591662076 
547699457 
199875709 
2201635304 
1135869716 
113349253 
1630896181 
29541514 
22537096 
76639716 
785615245 
2463458419 
423049148 
473637671 
485423388 
31620282 
22830824 
2361394031 
2562390674 
2416418246 
1244408377 
580857186 
280613961 
113146003 
457209302 
350389927 
838464523 
525595860 
1442432402 
14924233 
2304524671 
69647189 
73190286 
399547004 
319907704 
1620921446 
835788253 
145431498 
23205346 
1072857830 
2350099799 
208083510 
73657657 
2436286399 
1634552636 
12844642 
13784592 
14062180 
20150502 
54275319 
18997933 
14985228 
34739408 
7563792 
930411199 
369238541 
2577476334 
281055314 
1620010466 
169183368 
2360429348 
231094495 
1278967760 
230925510 
1436658529 
304643144 
55246869 
55310956 
871058148 
31128730 
19360844 
18220818 
11395432 
607558430 
185680169 
228942497 
247642500 
43112319 
61657281 
104067032 
14540659 
2252452489 
82167518 
62880766 
815810420 
574202775 
364046593 
33596934 
55370049 
314849636 
25033858 
20852175 
2478705061 
568523233 
479562736 
2450024225 
1062225217 
2317982898 
61888126 
1284956808 
93111391 
845639102 
315495725 
1414627170 
21060230 
1604640828 
470352910 
43261344 
21258078 
21368060 
326892463 
383294284 
18480511 
26637474 
1868258054 
16074930 
1729022250 
1646455254 
225189494 
38214128 
1707545593 
66142762 
17027421 
599857189 
17859339 
128763579 
15765560 
27465007 
235475262 
2173646835 
21705181 
47855979 
19088288 
139972615 
2224644214 
205796999 
20474813 
19077091 
2167680739 
151325567 
2374382204 
2353974979 
626006840 
241010611 
2349529394 
108724560 
1131736003 
16125084 
912597391 
77329593 
1552494835 
1934787661 
1445282029 
138408158 
223810775 
790620114 
405134461 
147821689 
17497747 
168239508 
15992132 
769702230 
18536530 
134604426 
6284342 
27124758 
22804865 
1675845175 
15966925 
2470792357 
188014427 
275258548 
30261067 
1287526376 
22882864 
14427407 
15751559 
365711980 
1539564943 
53228612 
15691324 
702953 
295988417 
288489092 
80048637 
2493297124 
342821167 
1712895234 
218669938 
492833134 
863596621 
51490534 
20813338 
44135138 
20341454 
113795716 
16425672 
338162588 
1236505867 
100638300 
325265073 
16618332 
245572815 
15675351 
18735647 
93478603 
1140280051 
29309901 
257715213 
16111057 
575925999 
19858410 
198292677 
20364178 
20245775 
2202445327 
61090009 
272642804 
17495447 
50835878 
518744362 
1435699897 
10168082 
9862752 
799531411 
24556105 
220548561 
2349119701 
111225697 
1957947373 
1724106962 
1717323234 
403095802 
54661743 
214886970 
1544132863 
104943342 
7771842 
1467019406 
94139317 
149913262 
14989516 
347627434 
104299137 
586855139 
27474449 
1568922769 
16383523 
342894187 
1384829005 
28009377 
12995762 
16155483 
16146535 
22677427 
20259954 
23112236 
122768292 
972317964 
325322643 
723027420 
34093672 
354970356 
512416830 
1928595762 
115401198 
21708005 
88720427 
526119734 
40601473 
380693277 
903015312 
236205140 
17372783 
1018199904 
478801288 
14211958 
26840840 
15896464 
13361922 
98992586 
167518667 
42258864 
16807883 
15111011 
165307416 
291738224 
558058097 
2287255218 
87165980 
108375709 
57405911 
727963 
34871734 
5489932 
21630029 
69773058 
22677790 
142157505 
26053643 
87239242 
2291068116 
40684090 
1324747338 
77888423 
15941955 
63262233 
185684821 
333168411 
26822709 
111690672 
302751848 
451436822 
32520240 
342803375 
22860921 
73147282 
2205211224 
19926983 
15551300 
26350255 
491350825 
316471699 
444819440 
858921774 
80628196 
108619944 
138409823 
12144232 
109441206 
23685118 
898533348 
12133382 
18190205 
32327154 
291513513 
17436250 
47985159 
596912223 
860237030 
23954775 
40260612 
33276161 
24619328 
33537967 
14135426 
246088673 
56700964 
860687102 
999871038 
109854452 
87818409 
287413569 
58379000 
196168350 
15976697 
15745368 
23022687 
1074480192 
329443994 
216881337 
21674448 
135575282 
14669951 
14676022 
16170253 
18916432 
17686959 
552355237 
74820061 
339838574 
43409523 
15007149 
24773177 
5988062 
38271276 
2384036108 
16228479 
41859853 
352548417 
16815644 
13850422 
15703085 
140737329 
64916983 
15426668 
329997372 
879382141 
20414217 
1140451 
294991606 
454099919 
18295206 
172867574 
15988710 
1632897678 
18963809 
257549999 
87498687 
142490217 
23911915 
546099137 
96564638 
23837494 
72666064 
251496437 
262375385 
227117671 
61567655 
257801122 
587186308 
26572815 
22894742 
800721812 
720587954 
89496720 
45668374 
26165922 
56501671 
15295015 
15113571 
14858000 
80638910 
47694175 
18097821 
5336752 
17910554 
147649517 
14268812 
28113052 
16898332 
16072058 
98543618 
255347566 
14552725 
102789488 
272016697 
15078969 
2361473029 
1355218452 
45450902 
142445186 
851711263 
360285166 
61285110 
1117836660 
115710058 
22685638 
23818581 
19707215 
18174520 
21768766 
7848802 
85131054 
168295477 
235196204 
130267706 
21215620 
18840445 
813311743 
125375423 
138141495 
137512415 
2303751216 
226956469 
17070787 
65289126 
1715051 
238319766 
139162440 
196917975 
25911963 
539674365 
2342559334 
272676554 
827643151 
1337995921 
1223134141 
15431856 
50446226 
18686907 
766547376 
352145373 
462305473 
16639736 
19734832 
18982396 
310482542 
593137955 
861408991 
353225544 
423631401 
31037199 
217284148 
1707427058 
250492272 
218526734 
614614079 
30333898 
100531396 
20477029 
29585629 
23477691 
17044233 
16297707 
15689503 
20281013 
16006592 
21696279 
7768402 
142721190 
16157855 
18172905 
15727317 
11771512 
15837659 
46557945 
160561302 
20295222 
19107878 
112526560 
16125224 
236026761 
14870670 
222622640 
28652194 
2209415508 
250346555 
25380005 
2347049341 
559675462 
20065936 
95023423 
18554720 
14805775 
15862891 
309978842 
292432955 
8734312 
62290422 
519295916 
259035579 
595515713 
325830217 
818910970567344128 
73238146 
43963249 
22012091 
76456274 
20113797 
72198806 
109287731 
15939889 
476256944 
1617822024 
16397507 
7597712 
381728241 
203226736 
221969181 
1377719425 
16711026 
972651 
20455625 
121489431 
237606548 
37666708 
315577705 
249332177 
1549705375 
243662948 
2364356149 
156656964 
18522327 
18077801 
140863851 
370789794 
297532865 
1025521 
271476647 
30043495 
27901418 
108617810 
22771961 
91386979 
111060879 
209640562 
152125097 
303898942 
218542998 
231510077 
62137764 
24816848 
18071942 
1598574949 
774310591 
150127569 
23145103 
2259900258 
66730149 
15742462 
20455627 
159534011 
22217793 
232268199 
17494010 
24439201 
48144950 
16789970 
79743108 
164412502 
15923226 
2884771 
116028519 
15675138 
240107748 
459617681 
15466386 
539665155 
985927352 
928481 
594666501 
34940759 
17136419 
25146372 
368719674 
16329199 
25439493 
792172915 
43626022 
176315353 
2372371237 
1176994477 
117662694 
38477663 
85839993 
20174854 
41017380 
29442313 
14513611 
17376893 
61220477 
302881437 
52146755 
141189815 
42790254 
15693493 
140286364 
592912724 
22748549 
57411021 
68036460 
245520753 
71294756 
227837742 
34310801 
18805644 
205392468 
18776942 
18767699 
389624149 
849169945 
238862918 
868856461 
850633633 
24904623 
15335534 
118188665 
163995093 
1594679162 
19539314 
15098373 
188443744 
264281499 
557151599 
242374336 
36890646 
185759513 
145724592 
570290656 
17766477 
17243582 
38478303 
1029780900 
4107581 
18020081 
13784642 
11178902 
1434251 
19195626 
37999041 
27443262 
40116885 
276697454 
19605981 
21414576 
18851248 
25704351 
15750214 
10117892 
233484761 
22240612 
18613899 
26133429 
363997734 
139186916 
115218307 
2246136288 
121857220 
108710418 
292549803 
24742040 
1093365973 
15723290 
56788628 
35032400 
57917441 
71627462 
17546958 
46002396 
138479037 
80617430 
108985543 
116630713 
15210284 
1522181906 
14849562 
21394764 
16027638 
188036336 
31080039 
118747545 
22529427 
19417492 
46335511 
28245852 
234361966 
7402662 
9855382 
15922214 
14085854 
436913317 
48335027 
119784192 
7744592 
26585095 
2261371676 
2259765408 
404262588 
22179997 
25589776 
16312576 
17446621 
10080132 
16664681 
18812572 
11855772 
14515799 
35773039 
26651400 
47739450 
20776497 
1372975219 
578321883 
133947893 
14165170 
18580432 
17553400 
16668573 
84730130 
61108556 
54222383 
14677919 
17293897 
208361818 
179732982 
140060120 
14345062 
334079075 
59159771 
14377605 
13493302 
17171111 
606776750 
60783724 
15667291 
23621827 
17011177 
21324258 
18583722 
19362341 
65163785 
18817081 
24933645 
15159913 
16930125 
169586280 
59676104 
136300373 
997684836 
59331128 
14677751 
479939504 
935431454 
21634627 
475988505 
208736091 
247323151 
92727851 
14275562 
16244449 
42170658 
218289790 
46176168 
15914986 
356496747 
213350034 
820585 
6539592 
24008967 
146491026 
38971058 
18559380 
7684882 
21307076 
250784170 
30272162 
90420314 
237845487 
75641903 
367284950 
337201427 
55493018 
20702052 
283221826 
28053728 
79031518 
62373715 
246103 
234165857 
1219059858 
937805204 
29465136 
36823 
26251434 
37137327 
13215382 
42035272 
15721456 
28145061 
16314021 
8192222 
30000912 
14177942 
22811188 
543062548 
15766082 
16393860 
121795745 
1564351068 
21268897 
607289206 
15458694 
18948541 
11856892 
47438401 
25300308 
615443591 
224320485 
21316253 
93069110 
12354832 
18667696 
17366486 
435965051 
14870662 
11866582 
45564482 
5695632 
789339462 
137136848 
1391451 
71023061 
362286999 
44397881 
8839632 
372905321 
45671898 
121887978 
169279319 
80654397 
110213431 
22831423 
274559013 
565248659 
970207298 
355906128 
818876014390603776 
1093090866 
757303975 
1339835893 
326255267 
244655353 
15164565 
282168818 
1106501 
237670274 
9532402 
18171994 
552121630 
86129724 
18655891 
22479281 
90202078 
494583213 
24733117 
19071682 
14342564 
20998647 
1281405877 
262223982 
1530122682 
18382184 
330700310 
19659031 
334984455 
117484681 
218330520 
23559586 
82714804 
741770449 
56436152 
257199215 
14238142 
16625082 
33222598 
258885469 
19416225 
15754281 
86141342 
282735852 
18812301 
20182089 
58503762 
16250929 
184136149 
14251225 
808108063 
11731322 
16326882 
96505646 
9893842 
17627579 
14528874 
143104075 
17047208 
16629477 
19416598 
31540671 
1367531 
28785486 
15012486 
14173315 
759251 
428333 
5402612 
17471979 
19658826 
34960648 
20608701 
28543386 
15234407 
17248121 
19402238 
487833518 
32372834 
20015311 
19562228 
24447643 
44570946 
14749383 
378171907 
15661871 
37710752 
19722699 
65122792 
2161132099 
528065897 
139974630 
219350591 
21800063 
35154884 
1548489476 
17071048 
389759292 
153784150 
19697415 
112508240 
1418745782 
300878435 
20508720 
21842781 
130945778 
17889713 
21918310 
31448660 
1614054846 
191477653 
409456907 
254117355 
27245742 
1733274007 
125115830 
252296570 
22162854 
50310311 
15950086 
259395895 
11621822 
874916178 
19608273 
49698134 
602317143 
61306578 
34554134 
372467453 
308233424 
406081206 
14824849 
405056781 
13784322 
1707321486 
26759991 
63355157 
419829900 
82689705 
500704345 
453319164 
1137700339 
568825492 
15473574 
18646108 
123015364 
724837537 
786764 
97474887 
148529707 
15441965 
44134773 
39155029 
21612122 
12272322 
24926288 
1041346340 
9300262 
449588356 
69181624 
568617623 
130491582 
46479416 
610922415 
79809731 
69416504 
15279429 
217550862 
108686283 
21252618 
23588075 
171171584 
14845376 
14437914 
622024793 
395501029 
1330457336 
17573212 
20109973 
182503471 
115979444 
15931637 
21862217 
69329527 
475286355 
19196615 
30313925 
822215673812119553 
182107650 
1599050960 
16681542 
51241574 
1178700896 
43996908 
52419540 
20555376 
2467791 
16153562 
16955991 
16935292 
13393052 
16076032 
92079350 
24024778 
55355654 
14717197 
150716468 
61966978 
14353392 
316389142 
48802204 
14007532 
522626749 
113745340 
28406270 
586671909 
862483279 
889725703 
394216985 
19430456 
180560224 
16249259 
15274836 
164354823 
161169654 
43464948 
363929319 
76452765 
14606079 
38477209 
328123892 
27473193 
15463671 
14270650 
60919240 
19682187 
19515424 
19725644 
2425151 
76738760 
14066024 
590052098 
86129983 
40788433 
449761326 
346740364 
161752401 
429227921 
393588826 
158414847 
21220931 
16017475 
5392522 
89820928 
17006157 
59031230 
18510860 
69193833 
295899118 
47794752 
110462645 
26657119 
26762221 
21102452 
58612485 
117189136 
45536687 
26920457 
28852952 
21065158 
17572133 
15936257 
5314402 
17427578 
20609518 
15977916 
36498054 
185408277 
19619541 
18587457 
234535697 
268420138 
14245378 
15181114 
14780915 
15764644 
17169320 
36743910 
10228272 
91180720 
158426909 
17632297 
17514354 
16303106 
113420831 
818927131883356161 
813286 
30364057 
17291393 
15220768 
13524182 
1947301 
18622869 
21982720 
8953122 
15446531 
14962779 
15729357 
7235292 
18393773 
115485051 
14688489 
21844854 
19982434 
18343000 
18227519 
21228708 
52070270 
50325797 
2836421 
130617778 
98042220 
11425612 
19924866 
66263785 
4207961 
20818801 
7334402 
17469289 
8936082 
783214 
15227791 
24724698 
15439395 
21969693 
19754122 
50600062 
21526685 
281563 
14681605 
11348282 
28123862 
13265132 
15220806 
28337011 
21023681 
15724213 
19418459 
21206910 
20344756 
21436139 
21757321 
23170304 
22118647 
20404252 
19024886 
17278541 
15452686 
27156169 
15685057 
14937298 
24431892 
6577642 
14293310 
19637934 
17853760 
17833574 
17732153 
6480682 
9720292 
15666380 
22461427 
14725110 
17135182 
17004618 
12803352 
15224867 
16012783 
15731368 
18678924 
14246001 
23176276 
11347122 
14075928 
10810102 
22430928 
19029137 
21035409 
18396070 
15485441 
807095 
4119741 
21131816 
1183041 
17074440 
14647570 
17787079 
15918708 
16456599 
19826165 
14529929 
21619519 
19394188 
10615232 
14348594 
20608910 
20480549 
7259302 
1917731 
13784532 
16160352 
14511951 
18791763 
6221752 
17220934 
18170896 
2097571 
621533 
742143 
14412533 
16129920 
19213033 
11640472 
5741722 
16817883 
