3201911199 
21037323 
2557446343 
2574963547 
1944810504 
69072776 
2855392635 
22463542 
487833518 
18700629 
11348282 
14882900 
38256247 
5654712 
16897452 
2811458863 
2468189066 
21034324 
552151606 
69597865 
2575389548 
544620720 
321722636 
2890961 
8936082 
7144422 
378929570 
339280234 
64482503 
469744215 
239444578 
517974176 
162890663 
1377803492 
18510860 
16016427 
468741166 
16935292 
38531995 
14665860 
369553819 
13370462 
22061059 
40766150 
21817766 
28165335 
246857534 
281160603 
46007242 
18479513 
19923144 
19426551 
31122496 
7563792 
18676177 
19756722 
20020647 
16145224 
3108351 
51241574 
23575322 
19725644 
8963722 
37710752 
226453196 
40267618 
32412598 
63264801 
24102159 
12611642 
19621110 
14505838 
15492359 
19397785 
14098533 
17489192 
17486893 
17927935 
18034034 
17174309 
13749282 
14645957 
22774464 
20687263 
17248121 
6273552 
19740592 
19538986 
11640472 
17074440 
5402612 
428333 
18863815 
19149758 
1533431 
807095 
783214 
14647570 
16245822 
15505091 
7597362 
813286 
17279594 
16895274 
19614344 
1118451 
5392522 
5741722 
20558412 
1344951 
19278874 
16212819 
19023629 
