569527612 
2978383552 
37101018 
348797073 
462046275 
20470335 
21756898 
14677919 
460283005 
525264466 
500704345 
239869080 
52770751 
373416209 
126444107 
916925460 
17567533 
19767193 
19697415 
313091751 
1499518904 
125028278 
141341863 
164418122 
86333379 
14761795 
31009505 
36144714 
11348282 
34113439 
463069610 
49519258 
14323791 
15143478 
556016632 
898106142 
322616955 
532348518 
116994659 
556151596 
289998339 
36147262 
376943041 
904026336 
355726884 
227368686 
20061523 
284619037 
19711765 
3554721 
54726115 
42411129 
242843109 
186154646 
278165676 
278184174 
180887271 
15862891 
142779810 
133458374 
18056707 
211735333 
14260960 
260546256 
1269781622 
107311315 
24000965 
558657811 
3459051 
78208471 
110588832 
939949219 
33977598 
27804980 
21047855 
15173291 
17219555 
248465077 
19344825 
491747790 
29917698 
7401202 
19038934 
88756294 
260019206 
75794728 
350499770 
168798900 
23487738 
92572677 
15851626 
8963722 
17471979 
50393960 
11512342 
847827726 
252356257 
21717493 
355665348 
18742296 
120136701 
196599991 
112772363 
270405367 
582330904 
193843552 
21871729 
41726672 
24361704 
21594028 
244196762 
188007231 
479771607 
287072603 
246612992 
576162875 
14615871 
76830170 
69013088 
19088400 
272049303 
84389572 
28066607 
25904579 
16619709 
181994142 
14688665 
23075284 
39822897 
55573577 
34797291 
19990582 
22845566 
28109019 
28606045 
300201471 
20609518 
115081008 
271039547 
237730948 
28352201 
12914802 
55587025 
247071686 
94633699 
295695430 
128810993 
216383485 
70990529 
34030502 
345303873 
428550621 
164103960 
166670385 
104520623 
402951526 
16170115 
169790214 
20068053 
123322294 
404171894 
280273788 
131589912 
16598617 
271212128 
62878062 
277042857 
88824136 
307669140 
90802056 
60282439 
398251019 
24800258 
285892323 
86348953 
113184599 
26858764 
274591582 
16002426 
243795965 
123664603 
69140561 
153285489 
65160963 
241226528 
21933113 
15203138 
124441715 
84142850 
73096835 
178246193 
22022795 
15667744 
12304722 
77241735 
76257096 
11922692 
15931491 
15594318 
19038849 
31397603 
20685061 
17383783 
15994824 
22564155 
22005622 
19103912 
19006934 
14335429 
15408763 
29500609 
15393582 
14516920 
16495789 
21661279 
12672352 
14162153 
16336998 
18342947 
12804422 
9779032 
41553 
14112296 
24799500 
87818409 
24907913 
105177612 
124390862 
400493365 
65525881 
17218720 
16941582 
43712983 
23781465 
14085173 
53196616 
75272368 
95439630 
99769141 
348760404 
414718088 
400934387 
15836703 
399093350 
53526193 
11522502 
281041883 
44009091 
75641903 
67997338 
19325156 
19808176 
158414847 
20479813 
135597005 
219419374 
290041338 
20280065 
36777710 
36108504 
14923981 
93666150 
38271276 
15996661 
17393532 
43355844 
48473509 
21930516 
86989960 
18999763 
112223288 
19175209 
212760811 
221606658 
74725950 
116881498 
20248618 
11025832 
13683952 
292007490 
130130490 
26520720 
266217139 
1344951 
20706342 
19658826 
25065495 
69076672 
157469210 
151488762 
29791649 
143437854 
18678964 
12848262 
53061751 
123324969 
80811754 
50657158 
14634720 
16351521 
54730258 
24692082 
36722950 
1504011 
188588474 
84426357 
193693920 
139625070 
242906162 
16131148 
119609883 
179626778 
18943058 
167816132 
97226311 
133008561 
164351089 
185443307 
28196433 
16826617 
55882340 
30290965 
17918545 
17089636 
39522692 
18646280 
15912113 
21581503 
1046661 
69331791 
47947529 
36695652 
166463963 
174903609 
14357273 
5392522 
17289530 
18177126 
100842674 
18999969 
17389318 
14266598 
78110473 
58796915 
18999641 
14075928 
21786618 
21041197 
106525487 
99668114 
31612975 
19681873 
12610412 
15009572 
24469441 
41094900 
9207632 
13348 
38146999 
15736190 
66788446 
37332302 
16423797 
19345378 
14216661 
18870182 
18999683 
16336020 
14517930 
33066789 
50297926 
40471998 
17834196 
17345850 
14702533 
25798234 
36785295 
6742522 
15936694 
17073913 
23745072 
22190567 
17800181 
19000033 
34386754 
19971217 
20646864 
39752645 
19346462 
22708578 
25599869 
26541144 
10810102 
16713091 
20655607 
21908338 
19826782 
26898802 
25287892 
16661836 
17269281 
17599173 
14070572 
18177038 
18869445 
16904981 
16835794 
18097954 
20468533 
19739674 
18690444 
22543623 
10090902 
28522851 
22938511 
15738990 
16308920 
18689390 
14849858 
14868016 
18498684 
17488143 
17670732 
24530247 
22015842 
18252494 
18809365 
24089650 
24847347 
19448989 
21263584 
17247264 
15057943 
18327427 
16621995 
17450799 
17979453 
23841368 
21772415 
3199201 
15110431 
16741915 
15345389 
16245822 
15987295 
18700629 
20485512 
2196321 
7280572 
17688928 
18313204 
14617635 
16015434 
17072309 
22270330 
19408646 
7215512 
16895274 
11379362 
1997641 
807095 
6433472 
17194296 
19402238 
19636948 
16268131 
15411998 
22684796 
21440682 
22645705 
15346695 
18932935 
18691807 
14616022 
20636630 
16014160 
12599562 
22049517 
16187183 
19536666 
18533493 
10499332 
16455755 
18698394 
17455910 
15377836 
15471824 
18980055 
14647570 
1044591 
14111242 
13479052 
16153562 
5741722 
13201312 
10915142 
17596622 
3141841 
12509732 
18127995 
16744558 
14126996 
16534576 
16044997 
14900239 
14287094 
813286 
15949042 
14747551 
16185667 
8736882 
17632297 
14413221 
15492359 
15197428 
19894770 
15526563 
16220555 
16311530 
18965790 
17881732 
18999952 
14292860 
17851639 
19532649 
14435488 
621563 
17220934 
6149912 
1435461 
17679977 
17074822 
14079041 
2444931 
18177016 
9720292 
14816398 
18859244 
