323447454 
831584965 
272266551 
138703392 
78562367 
825934369 
103770785 
1078287655 
1446460165 
2232996836 
148760908 
508370809 
134507731 
1373202392 
63796828 
2655830472 
2625176466 
68399705 
1665731966 
342637804 
214841339 
40884854 
24621955 
501973262 
190692903 
1003794630 
2385749072 
1121163822 
520180883 
1519073424 
17571636 
395149823 
66092787 
136123870 
2632716033 
586671909 
1703499732 
2900426395 
1681431577 
296623811 
1251417968 
981057535 
79688612 
1027547971 
221197757 
482658470 
999639157 
66699013 
280157793 
93167589 
1244421032 
1154754404 
984413802 
227626917 
1014760268 
1146728694 
2196840571 
81001513 
2192030256 
141864252 
1635979987 
45153967 
1863807403 
2223592103 
1305995330 
874368012 
2177420990 
957100338 
506807830 
27022925 
506742906 
343547084 
1093124360 
227121370 
1264788474 
19965751 
783214 
1433628480 
41600281 
323634172 
303535030 
515786368 
85724849 
282795638 
35472060 
348058612 
1681324362 
2266343932 
325723514 
586189030 
958156806 
299638113 
615214819 
429178456 
105147032 
1279062571 
77293452 
131102007 
67602060 
1649633971 
1891280354 
105570240 
634714422 
749952350 
89304457 
17542901 
1438162062 
573459961 
274715985 
23588838 
39932652 
30259370 
264058981 
326843436 
1322319715 
30810014 
1963465206 
1546270652 
34860397 
91279573 
1007265750 
23696757 
4265721 
31353077 
20015311 
14700316 
1520006918 
472967330 
102325442 
525312787 
134513525 
631694395 
246247684 
331672974 
47571031 
33933259 
296723507 
228423237 
85970738 
412180849 
312230865 
525060895 
299676290 
843112550 
96013710 
551149727 
315622616 
29341990 
178346808 
17525171 
37836873 
21909389 
233924133 
1463880866 
476199422 
600282350 
74773211 
557455977 
224958320 
40296757 
269628033 
92907248 
325451111 
347899465 
629097517 
417565340 
43042353 
126990459 
145125358 
284441324 
213009133 
73593143 
206388720 
365953260 
552011578 
286742737 
525821517 
270369094 
786796010 
103375058 
487736815 
423125545 
555372395 
