30544508 
3304568028 
19699542 
5706532 
2444425802 
4779301027 
14515799 
68884684 
255617445 
3065429605 
4058321 
234898824 
25073877 
3028748745 
30055993 
47316108 
637259483 
258547837 
1480558548 
50462250 
2517988075 
240790984 
332617059 
2233154425 
20956686 
248532721 
22046792 
93714787 
112241070 
145625854 
584198802 
997629601 
460470940 
104871633 
357916553 
477898117 
35757252 
16626914 
451586190 
20030894 
14192885 
292599839 
44776990 
41624197 
774838 
18083797 
16222904 
71165241 
97022492 
14230524 
45516657 
237836050 
1113541 
88973663 
110687717 
15245376 
20542737 
15125585 
2384071 
8073492 
46576295 
5879952 
80464900 
35865630 
29454768 
1285451 
36156544 
22277505 
818340 
16076032 
42711666 
10760422 
17836273 
30502115 
1536811 
14984450 
24773177 
18030823 
15023533 
16743177 
17622336 
15865878 
2020351 
11767002 
10673922 
15211870 
19280169 
14870618 
20091380 
5752542 
18081597 
14312841 
13643002 
