40156330 
45112527 
2303751216 
14143921 
23544268 
18009781 
59949396 
2277701858 
1571270053 
17006157 
14952077 
568247551 
21783220 
1144270650 
18932935 
156371981 
14080429 
945042912 
1038646872 
554250367 
17663756 
425356242 
538697599 
538694177 
883256473 
570458176 
25787134 
363417269 
427087998 
859421232 
90484508 
20262083 
19915329 
232268199 
226631680 
55338739 
24778502 
18480909 
376715200 
278888369 
61306578 
248033374 
15428397 
14278608 
21175231 
18696996 
16834046 
25530877 
17471979 
13201312 
64429326 
111354912 
27922157 
146569971 
118828764 
15587500 
27830610 
17544803 
322045974 
49057486 
43629631 
39569526 
256440168 
11274 
358557190 
16145875 
14511197 
344961703 
15723290 
14293310 
15159630 
28160998 
17021619 
285884267 
29965800 
84394230 
70143420 
39557507 
22819917 
15309072 
30031547 
39511166 
59179684 
44783853 
33933259 
74051281 
12909552 
14755492 
16012783 
32166535 
276818065 
19927627 
16439083 
75391984 
26011572 
20156171 
22251475 
36588177 
30031281 
59017666 
53477295 
66589338 
29633956 
65243280 
17013072 
29493393 
18772572 
16312576 
14630443 
38048560 
20119226 
15134240 
17793878 
16906137 
50193 
10172782 
22940475 
18024546 
19713312 
15693493 
21480354 
16630098 
18498684 
26334024 
18478452 
36715825 
17885796 
16050032 
16066283 
36042554 
12174212 
19813908 
32538235 
31340035 
47355663 
18058609 
14499829 
19658936 
16500780 
27042513 
16539288 
14286806 
14764240 
15947602 
17233412 
16930378 
16348549 
20068053 
14705116 
24389878 
17486676 
12167322 
17862883 
14055301 
17596622 
17473443 
16826788 
15530198 
17135339 
3459051 
10716292 
14075836 
17223180 
17058930 
749113 
15279465 
11274452 
12014132 
19343746 
14511951 
19679945 
3554721 
16119115 
18713552 
20592379 
16688755 
22053725 
14755475 
4380921 
14109075 
17970723 
23841368 
6519522 
16089738 
3471 
5619942 
17221551 
6612402 
17991810 
15726728 
18569484 
8936082 
15724351 
15449242 
16217345 
22814426 
21313855 
17842366 
8283082 
7093352 
824157 
10229 
14075928 
20788910 
20214247 
21220245 
57203 
14767840 
22272053 
17967436 
17194296 
16910591 
14634720 
15639642 
2020351 
16052326 
18202733 
5988062 
839321 
11448652 
17094167 
14415367 
14953926 
15247967 
1477731 
14637386 
17621211 
13305132 
18418017 
19402238 
14325709 
16467883 
16895274 
15987295 
14977120 
10222862 
18393773 
17004618 
17461978 
18313204 
17089636 
17456370 
15438913 
18138526 
15285305 
16005270 
16859010 
12698902 
18599793 
15110431 
1652541 
14647570 
15791597 
15866947 
10367 
17371236 
14871264 
15794195 
15976584 
17545037 
6017542 
82243 
1344951 
18847160 
15335123 
17324570 
20769532 
759251 
9567972 
9252212 
16817883 
9720292 
4039761 
13 
12 
14977999 
13903552 
754556 
16574209 
10297 
8596022 
14692160 
15480686 
16463326 
14515799 
1100561 
14099666 
788524 
5402612 
15754281 
19046500 
14984754 
428333 
4119741 
8069572 
657863 
10156532 
20 
972651 
5741722 
7228682 
807095 
6149912 
