67246574 
308622248 
20860129 
26002790 
16435969 
19688927 
14241468 
93034920 
97698520 
19127774 
182815202 
18206311 
15667802 
8936082 
121201225 
37953440 
14043002 
30364057 
74580436 
46382954 
18248458 
8963722 
20 
15962096 
30313925 
822215673812119553 
59624844 
14412030 
46470446 
21882128 
260886714 
14661313 
42742018 
8192222 
15492359 
40480518 
35894498 
99175755 
131424586 
16589206 
13683952 
16312576 
35265323 
25106746 
109910988 
18105344 
14677919 
39342647 
511533 
31799873 
14988521 
16351521 
23859156 
15949042 
62581962 
14262216 
14075928 
36686415 
23772917 
387993224 
19632023 
284574820 
1440641 
19097803 
15905103 
15764644 
54616296 
63186712 
24784151 
376998210 
18725967 
17788547 
41479616 
22192694 
55357924 
16455755 
245476834 
17681513 
19554706 
14164655 
7280572 
94128587 
206332826 
14824849 
25065495 
212648771 
22303995 
56823373 
18138157 
256563354 
123029905 
20893119 
260886770 
277795042 
15441662 
225264988 
277187518 
16738488 
17692952 
139808356 
301704124 
81241156 
3670421 
263178891 
219711711 
19000056 
278778939 
85194558 
14522546 
22752092 
19112963 
28027705 
33831419 
22191016 
38604865 
29281509 
31044397 
19084537 
37092980 
18092231 
1264671 
19599568 
2757351 
1223101 
16299275 
18887476 
17993014 
18244358 
4042631 
14647570 
813286 
16136253 
11753 
20268133 
16363445 
