25184564 
9802132 
14079425 
15021099 
15959560 
14669398 
30341213 
20626182 
14368284 
25107962 
34901103 
22061951 
5554672 
19185587 
15846372 
898491 
21542359 
31516067 
31655473 
12185672 
31147624 
15846407 
14713235 
14311992 
12504732 
804455 
28084375 
23666482 
25916786 
5656402 
17685196 
15092487 
19037750 
19472585 
15944875 
10637242 
14634720 
4620451 
15670515 
18932935 
14600124 
11961532 
15588657 
56623 
611823 
19940190 
6796502 
3108351 
10419 
15947185 
5741722 
2186961 
17004616 
15066271 
16870853 
25665686 
23072629 
20963066 
24133242 
18313204 
23841368 
10908922 
14647570 
1046661 
19911886 
23417677 
14282672 
17901510 
19728724 
18676162 
9952802 
19200210 
18313315 
19729351 
18767649 
18767699 
10791192 
16905782 
8839632 
19772017 
15285557 
21006502 
8283082 
1440641 
17842366 
18502652 
19556287 
20311001 
19838603 
20466215 
15674143 
17464158 
14152937 
14592723 
621573 
7587032 
7917492 
11856032 
20592049 
10119172 
8963722 
1268821 
5177201 
19440239 
1965481 
2811851 
2884771 
16352599 
17135313 
17469289 
12369372 
18726677 
16381279 
16196250 
15155074 
14851652 
11856932 
6860232 
9623412 
5402612 
3474301 
6577642 
1877831 
5770442 
14173315 
2836421 
15224867 
14897840 
14400385 
2367911 
14780915 
15641893 
15138087 
9245812 
6519522 
16143986 
15504893 
759251 
16473220 
4970411 
11855772 
2768501 
11857072 
612473 
16374678 
15012486 
18158417 
18244358 
813286 
9567972 
9411482 
9252212 
2097571 
13990632 
428333 
807095 
783214 
