48269483 
26201787 
3260584502 
169362285 
500621617 
83979120 
1196016236 
1359136808 
2334484458 
2241686766 
504438979 
731701296 
293901249 
456177378 
215931320 
52545679 
479335558 
44586010 
221583854 
296796399 
215982294 
38558094 
38092820 
50607751 
3025086270 
2275968492 
205546805 
42533156 
34323617 
182314545 
26910853 
92888862 
81471168 
180505807 
1337785291 
48348735 
1281248227 
35441526 
1110553549 
174866331 
2362420806 
1595428698 
165879323 
746267142 
545569940 
296117221 
15806941 
50560529 
103725734 
1328324701 
239728148 
28660592 
14740392 
185527889 
275575393 
629289692 
24062457 
92932981 
152960102 
96696982 
106252357 
20605259 
176216710 
107281276 
1364930179 
19317766 
112445679 
95431448 
19185333 
252914998 
17793986 
29992813 
16345044 
20416916 
66699013 
148118955 
17462708 
121328016 
411223574 
75529198 
390372634 
234773440 
34471237 
506829542 
189026108 
255274152 
29420835 
373680137 
738351408 
765417560 
26090181 
127731633 
233897457 
610690847 
263397574 
64019328 
441365675 
484609041 
121389291 
43336368 
19095849 
196525733 
54809789 
25780178 
226746216 
36007613 
67780741 
108240217 
18519661 
40838623 
14379128 
48625388 
188520997 
171275005 
350594920 
112359810 
112324453 
257688585 
21630922 
409643801 
26133904 
117642984 
16818995 
15267012 
352318475 
28521141 
21857603 
132731802 
56839756 
21052430 
56919356 
81056508 
16753674 
66519608 
41562375 
274799774 
16216152 
27779166 
277818984 
292732318 
61984913 
49513871 
37171195 
16217478 
82239217 
166176248 
20948715 
195559743 
53639736 
74617502 
81907178 
34868390 
76515105 
262028568 
268606645 
25052589 
36820929 
24636118 
81291664 
51367745 
86309599 
143628056 
96742552 
164544336 
22114869 
54816841 
236343806 
310601702 
147059867 
111221492 
50279477 
72807797 
223282435 
23046015 
14310249 
19691971 
130090244 
104061886 
22711711 
22580979 
119740914 
94004565 
26465477 
154843423 
24347639 
38394035 
164159657 
154169973 
14123683 
87085993 
31685245 
22256645 
15846407 
86422542 
110827653 
141052723 
40151120 
201937019 
42177279 
55432787 
16638310 
187077506 
64975792 
184647530 
104018216 
77711120 
35677344 
8197942 
21434307 
21954194 
56310313 
24773541 
40578281 
98776311 
164498018 
185424316 
17376420 
84039431 
28199853 
15057943 
79656266 
16218084 
85436197 
26905657 
26607837 
148276285 
28785486 
65502105 
57181602 
16801904 
6782812 
25298261 
21075591 
30380016 
21730932 
7145832 
22120918 
23011721 
28252130 
7040932 
54805025 
41218028 
101879887 
14383245 
29321723 
61149028 
138356973 
16182310 
24271246 
97305237 
24992391 
104724496 
14526865 
86121240 
61804151 
13838562 
17329538 
14464766 
52551600 
14583400 
18625669 
19942037 
18271625 
19661294 
21681783 
19530101 
61049122 
31141686 
47359148 
40101400 
29652694 
17187234 
70847352 
18114168 
23571876 
52261883 
25963043 
53110793 
21147300 
18658280 
15241033 
84198189 
88839880 
26682924 
39359355 
23179623 
44286651 
20449691 
14353891 
19549779 
38116692 
14966163 
77134871 
77092232 
23411854 
39841754 
38073 
48541857 
14505619 
36610616 
16884295 
14220828 
25215137 
17784360 
16527638 
19022373 
24019308 
34780958 
32201814 
19347502 
16426266 
47569196 
15378041 
16857864 
54824663 
28380724 
16736293 
58925815 
44835347 
8343832 
17229850 
20333461 
20638362 
38612007 
18069477 
7089552 
25655472 
30670624 
17824586 
9237302 
17118496 
19944278 
38992823 
27539492 
32368033 
22850537 
47169417 
31347935 
31539114 
20231789 
35665544 
23740932 
44621033 
41102199 
1272651 
33405376 
28474424 
16998020 
17113410 
16093222 
18139329 
17602896 
6273552 
25589776 
19538986 
25087909 
18887526 
5388852 
14828367 
22123727 
35607556 
21610988 
28515118 
27453478 
18045811 
14740721 
28041020 
18395177 
16264006 
16409683 
14522546 
16190898 
20019468 
21447363 
23395456 
24296476 
19600934 
23859156 
24083587 
24086418 
19555067 
18220175 
25365536 
24502450 
24407244 
27778893 
17454571 
26885308 
27964284 
27930140 
26108657 
24285686 
20715854 
18091904 
19397785 
23089953 
33514869 
21774892 
22685200 
24523660 
28706024 
24929621 
18916728 
22196210 
22940219 
26565946 
31239408 
17020962 
15485441 
36412963 
14529929 
26642006 
22563769 
36528126 
35581733 
34992645 
36546961 
38137801 
19351990 
37800466 
20570461 
20 
16734909 
35702677 
35910368 
31609691 
14404001 
24293522 
20930058 
19502805 
99723 
22200074 
19680477 
27568848 
29177516 
29421214 
27774856 
19274342 
24672626 
26301313 
14467351 
27622627 
16457879 
23668385 
19562228 
16943339 
23409713 
15414356 
22333048 
29576445 
26417909 
34583809 
16941646 
32202851 
33906813 
33716964 
17976120 
17680406 
22739897 
5787782 
6350582 
33857485 
21386793 
22476991 
16157933 
34566892 
17498493 
25336037 
15637812 
20559653 
27890198 
17224809 
428333 
19329393 
18892137 
18908669 
27042513 
17261094 
14658023 
21065280 
22239016 
22161850 
29769989 
30590477 
27772371 
19568746 
18781417 
13380762 
15150168 
32039299 
16989772 
13826492 
31304901 
23568909 
19220217 
15122803 
16363849 
14886375 
17033125 
18539631 
21706001 
21475284 
23950110 
17446998 
21471603 
1183041 
18863815 
1962711 
5402612 
19644074 
16023917 
2768501 
14075928 
813286 
14212114 
2576461 
16463397 
20640996 
20556867 
807095 
14108987 
16901379 
22519146 
22421051 
23034132 
18324246 
19940915 
19894599 
25040288 
19744496 
16306407 
21730466 
20425537 
21469205 
16323 
20356090 
18980276 
15439395 
25629056 
16451439 
16096448 
16984407 
26573419 
19614372 
29158481 
19242232 
28285741 
29159254 
21454343 
20639600 
22379322 
13848622 
16150075 
24746877 
20324333 
14966728 
14390228 
25898203 
18560967 
28523323 
20806376 
17352423 
27565373 
16253598 
15060048 
23420174 
17791350 
16159568 
21742538 
22687538 
16438074 
11915432 
14713235 
17794461 
27004499 
23490144 
22599997 
27260042 
22458582 
14502632 
19630338 
26359109 
26794888 
20345991 
18248667 
21395560 
9977722 
27586599 
15495171 
16455911 
22282589 
17526442 
27808337 
20954829 
12504732 
17845926 
13519212 
27042379 
19374993 
20629272 
18021255 
20072808 
17238279 
24163124 
24145015 
21277815 
6018932 
17538159 
17884382 
17832811 
26660836 
26537236 
19058681 
19554706 
7861312 
18352596 
22574557 
6221092 
15631922 
15224300 
3016511 
31623 
13517522 
13331292 
14277886 
15971439 
14999687 
15906912 
14976784 
15613721 
15740643 
20933649 
22921922 
20486228 
14827054 
25663296 
20363320 
20460054 
21107327 
20069234 
22379650 
22831861 
22049197 
19062336 
19320776 
17406147 
16924749 
18981639 
6535532 
16322525 
22317368 
20558785 
19336006 
22296213 
15311657 
27096261 
14260173 
14803701 
26276309 
17354942 
19044604 
17846121 
15726306 
17685196 
21052666 
21837258 
9020432 
27189670 
25535006 
15438100 
17438505 
18513491 
9819072 
20512795 
25392290 
23029261 
26002338 
22741626 
25324107 
25685504 
14783985 
17601881 
23222896 
16459512 
14650978 
20225419 
20531912 
20796003 
19091440 
18509965 
18907050 
19375323 
755299 
21107281 
15936696 
972651 
18350514 
15962096 
15311606 
16380111 
22738746 
18103209 
20785093 
14936776 
14211632 
17468304 
18995431 
18955323 
18338227 
18960998 
18939424 
16832632 
22094740 
14727383 
16506060 
14680061 
15195906 
15716678 
10223402 
16481575 
16757228 
15922599 
18457222 
19471918 
21105538 
11348282 
16727535 
24584459 
20645825 
15435758 
20250611 
21041611 
16684965 
19627983 
16114332 
17600825 
15946607 
9043022 
9084822 
20023691 
24780105 
16526809 
20654050 
20341606 
17337926 
21508773 
21788637 
20242974 
18512969 
20388771 
20957659 
20725128 
20772335 
20620751 
14285517 
16971296 
20469295 
15673837 
18636081 
15622735 
18788999 
16552513 
19142592 
17581905 
21804061 
18223465 
20418819 
23495258 
7432862 
18986319 
23804615 
23953975 
23818122 
24638417 
18976303 
20197693 
25689520 
25627173 
23279044 
19690964 
19214364 
19753561 
20353216 
20292274 
14494009 
22207094 
14872494 
25117975 
16576627 
20080475 
19656685 
14430540 
16000658 
14586590 
15879453 
18189838 
19099048 
19194026 
17488921 
17367631 
17610475 
18309005 
6018882 
16144744 
20561895 
25206689 
25721142 
25830750 
19503823 
18607829 
17797824 
26835972 
22887449 
26620744 
14434472 
26594380 
26678292 
20528036 
15464038 
25619966 
18222808 
27152408 
16396239 
22869222 
22851664 
17639424 
8382692 
16042880 
23446983 
14544426 
19510878 
17038117 
19291574 
17381810 
15250661 
16359337 
23184598 
25801697 
8965932 
8148482 
2795791 
8613472 
7152562 
10450882 
10842552 
14678419 
7935802 
14915099 
16376711 
15623357 
17457227 
17194296 
147093 
17175720 
20843 
14171296 
14336082 
7768622 
12972652 
14602930 
14956173 
14631580 
15976728 
15106820 
15730050 
16145772 
15017853 
384023 
14807886 
17494801 
14961382 
2499341 
14086409 
15200348 
15445258 
14824668 
16377305 
17516661 
14972350 
15834660 
14664643 
15295451 
15211291 
15206085 
17478962 
16486336 
15635413 
14807261 
15412557 
15896827 
17473788 
15412587 
15338937 
14515275 
17123037 
7712392 
14845670 
17579451 
16981321 
14735827 
15013652 
16724729 
16256025 
15816553 
15304392 
15051652 
14717821 
14556362 
15254953 
17601691 
17985399 
17597010 
17737732 
17467273 
17682281 
15343392 
17552881 
16499728 
16955612 
14495977 
17334681 
17009251 
17542682 
17425114 
16843215 
16033844 
14387147 
14208633 
15343045 
15435205 
14641594 
15358294 
16316500 
16266754 
16068854 
12682072 
15248835 
766694 
16490125 
16739286 
12627822 
15478132 
14278817 
10257492 
16803665 
18137951 
16072240 
17234665 
14824922 
17802169 
17547909 
9499402 
5665212 
649673 
17538310 
15614256 
16147489 
17122903 
17945391 
14522708 
6003662 
13567782 
13005132 
15138437 
14619842 
15005030 
14217135 
1081 
991221 
14209881 
14285956 
989 
804204 
11389112 
8634682 
14300214 
17658368 
14522828 
13930652 
18391759 
14193557 
17785504 
15883845 
18109506 
15381535 
18267301 
17648331 
17630830 
14136213 
17029160 
18052433 
18592041 
17927279 
17725501 
16665347 
18929128 
17242874 
10228272 
14144406 
18250947 
18989457 
15352179 
15372092 
14468393 
16953157 
19526461 
7239562 
19250371 
15215645 
17745701 
18278008 
14729102 
17262582 
19404370 
18631817 
14438148 
17133211 
20536157 
5988062 
4898091 
14815260 
16463635 
20014824 
21879024 
15783111 
14381339 
22575838 
21528131 
15515919 
18929670 
717313 
18202603 
18118188 
19149836 
22382537 
17904776 
17092213 
17091637 
22493337 
22620523 
21677853 
21682772 
19145170 
18950663 
15452644 
18130860 
19027988 
18266276 
18564053 
18503252 
16188352 
17460409 
18891645 
18907662 
16146274 
18495612 
18768534 
15712367 
16422816 
14999272 
21877763 
15847323 
20864106 
14199862 
21323188 
20730407 
19160491 
17970339 
20346053 
15348535 
17367165 
20168221 
21809485 
19348087 
21932183 
19813773 
20293071 
19124313 
19620591 
14429688 
16917512 
19819834 
17608225 
20086826 
20320238 
21512886 
20611916 
19673678 
20240200 
20222888 
19260229 
19249347 
18743272 
18996426 
18835810 
18418662 
18465367 
18874041 
17635162 
18511294 
20729795 
18083838 
19748067 
18747589 
21102694 
19926795 
20844496 
20526989 
19586990 
15660520 
17840551 
18017931 
14428123 
19261752 
19287863 
16148006 
17475664 
19638805 
19041490 
19718548 
19007562 
15491838 
18837721 
19680070 
18993631 
19927129 
19942849 
18506366 
19592302 
17937744 
19834892 
19136591 
15280813 
20101978 
19032685 
19146103 
14901615 
18576239 
17548935 
19298578 
19082553 
15624969 
18522319 
19307004 
14216518 
18999989 
21159399 
22163353 
19611233 
22866150 
18776432 
19297039 
19135887 
19551759 
22989698 
20533728 
22220747 
21217155 
20115243 
19236770 
18248889 
20680900 
20164974 
20274404 
20716915 
23034309 
21091905 
20515556 
19936828 
18970572 
22808269 
20263081 
19136634 
19923713 
21236707 
19598524 
12626962 
3150311 
13527672 
8857212 
14293573 
14886616 
14157688 
9551802 
15034394 
15591344 
15206540 
15703518 
15042296 
16103918 
16709451 
14051090 
16721886 
14365385 
18170944 
16331259 
18919143 
19302112 
19186486 
14980437 
17312175 
15091835 
16792916 
18589717 
16000992 
19091277 
13411472 
17148800 
18343148 
17139668 
11403462 
18057459 
18376667 
17398021 
17490389 
19344805 
17636023 
11027852 
19765901 
15751656 
18082946 
16446860 
15860455 
16660604 
14703671 
19805042 
20277132 
17943892 
16030350 
17583795 
19407261 
15007400 
19822242 
14456675 
19161190 
19203995 
18498684 
734493 
14324255 
17621891 
23527955 
19304556 
15138220 
15652588 
19477202 
17190362 
14185806 
15969084 
3487091 
823759 
15205798 
15029693 
20562210 
16490947 
21355422 
22212576 
15738671 
23882432 
21596590 
23560655 
2172 
2543451 
14974630 
5225991 
17596014 
22164556 
21732299 
21733882 
1478471 
14967921 
19364820 
14647570 
16870896 
18030147 
19686352 
20415133 
17210707 
13320032 
16561842 
2196321 
14050550 
19881931 
7708032 
15160501 
15751197 
5515802 
11244662 
14701201 
15942221 
15828276 
11143872 
8340182 
18646907 
16467567 
20176873 
20208480 
19167215 
15701796 
18571025 
19286024 
14051499 
7279122 
9321242 
14924214 
14325988 
14230524 
19769135 
14633172 
14669296 
1468401 
17220934 
11573062 
6548932 
783214 
