2317351705 
26599573 
12151932 
3240143771 
409486555 
813286 
297174372 
3017833974 
15880163 
32898087 
403614288 
3301371166 
52066462 
705515147415199744 
35000596 
3889173983 
38705128 
2903870734 
3389996517 
723234222945767424 
613212190 
92356429 
1968638208 
14824849 
2805877213 
2885566502 
1093769448 
176774540 
27951956 
22380567 
1891625112 
552582271 
96943074 
25629019 
156557697 
43669041 
2893511188 
54221247 
466876723 
75974281 
574168493 
60173249 
215187970 
3165817215 
483192121 
16297193 
3687721995 
2282808306 
4622701606 
1654188770 
1147513903 
1470479262 
546197366 
75641903 
16409781 
612076511 
4049805013 
3863332393 
46691170 
15661871 
106894107 
107132882 
682463 
8732012 
378171907 
2916305152 
19103481 
35777926 
2851702071 
26153445 
3234352686 
2918154598 
586608350 
31565871 
12015232 
15893379 
37876253 
15515656 
133345893 
23711472 
7890392 
2674690663 
66609950 
1112465706 
2715286778 
248470013 
189988700 
270606277 
290991629 
100076612 
17391539 
27592890 
94681083 
16625734 
61864082 
14587578 
47691900 
3015811923 
93924462 
2196922086 
2556704962 
483650750 
799702068 
15687962 
338854090 
15359864 
313638456 
13298072 
44196397 
15670515 
74286565 
2359926157 
20793816 
2464010641 
534445845 
740895416 
20106852 
2171490026 
586671909 
75114209 
1241711366 
173332472 
17200400 
631084275 
310922188 
395477244 
913770996 
10228272 
186154646 
203654782 
63485337 
298791059 
4620451 
587045420 
948444535 
19334276 
6243142 
57841792 
34743251 
50393960 
37710752 
55309264 
30817647 
112087709 
522500233 
330519669 
24742040 
14503124 
14994418 
14500681 
28741433 
304679484 
14749606 
148497957 
18224555 
47489005 
15862280 
297751621 
18098313 
38259087 
14934739 
18303158 
17105214 
28521141 
34554134 
15234407 
19725644 
16786977 
1239671 
23979696 
11791912 
7861312 
90420314 
31353077 
23503181 
21808415 
13402072 
59414975 
26280712 
41317178 
14903310 
81257411 
17296792 
42604297 
18957524 
19625768 
68547213 
20536157 
16436231 
21008297 
15950559 
31200707 
12133382 
17471979 
50757794 
52925990 
16580226 
42869411 
618593 
25923707 
15032736 
19802879 
11348282 
428333 
22111485 
22114509 
22113358 
14647570 
18746786 
18316718 
18956020 
14864191 
14226308 
14440142 
18725854 
15133767 
18303131 
18746555 
