15396053 
137180310 
106209977 
20346051 
24579113 
63567637 
183675699 
311405242 
76771791 
114078503 
28838919 
61853389 
34964065 
75375556 
24795000 
17411747 
20582958 
27074856 
10101462 
183022206 
179261808 
70961195 
28594165 
123862119 
182022218 
208526592 
99712856 
101878159 
18533588 
161153697 
28471924 
145498489 
117153004 
20835075 
189376144 
75137937 
26080736 
103955861 
19396923 
32412540 
24223641 
45577446 
23023443 
74459098 
231400572 
190505448 
104793207 
230061282 
24626969 
3364 
146515651 
15665394 
33098495 
96935739 
24986150 
82012769 
133392603 
127359799 
17784600 
149072331 
150613534 
21581503 
9454082 
14159148 
148930837 
32933712 
90862901 
140956510 
18398953 
14111800 
47481061 
138457024 
19773766 
139119046 
104887178 
68960210 
15079924 
85599428 
123955880 
27934749 
19681873 
49125125 
19957287 
27894784 
64513974 
82041920 
112820947 
89155446 
86180513 
33906813 
60720204 
28657802 
17286101 
15565871 
19820623 
14965127 
15161840 
109954164 
98136266 
114409807 
18182865 
7018652 
25144161 
119320258 
20255553 
101383300 
86234731 
20235354 
33323849 
120683922 
61648860 
101824729 
13112692 
35764723 
14883338 
54365543 
45464088 
59151440 
15977079 
16521150 
59475578 
33638087 
28581534 
23246523 
105932412 
96602284 
58266002 
105685992 
109003909 
24167293 
69170361 
27740227 
27924268 
11233492 
46991571 
2486381 
21620069 
15152190 
18748292 
69312924 
24031223 
18662761 
31022437 
20655304 
14653586 
51182686 
86337373 
72450811 
14299426 
90489216 
8859962 
16229878 
75209240 
28609947 
23321855 
5775622 
14977798 
58095074 
23502791 
52871994 
10329052 
93312284 
50407365 
84592338 
103486646 
15689578 
15104452 
12806102 
19847980 
22730406 
15973816 
83301686 
95442668 
25542544 
92246440 
46150233 
73773482 
97513861 
2553151 
16202317 
29101085 
34382438 
24159532 
61856458 
57341938 
66401056 
32343249 
70114877 
24158257 
41250659 
47524452 
19649135 
35517144 
15369494 
21540725 
42380135 
14313489 
74989387 
14051096 
47924806 
35313034 
16109867 
18950712 
18131147 
23145904 
70308638 
57252177 
68767000 
45951826 
74466512 
51983451 
19541626 
42466456 
78178601 
81724833 
79215214 
39524012 
40942546 
86786565 
25523484 
90529094 
29995521 
95020051 
92030522 
11365442 
93669740 
21417334 
89510648 
51265428 
34067225 
5377742 
47361334 
64577036 
41160647 
15289395 
43666433 
33190304 
63738419 
15890153 
9322692 
15682552 
18520911 
43928023 
18490261 
92398015 
56442372 
72616166 
35863564 
52267567 
78751329 
33056044 
25013494 
17069983 
73334509 
25341283 
21138026 
16214262 
17331660 
47303226 
14990608 
18671642 
19684844 
86979804 
29519681 
73222858 
81098367 
29540080 
20549844 
42604671 
22930752 
20057297 
15230284 
20313276 
31238992 
40207424 
63804234 
19893922 
44840714 
22659307 
92542227 
69422340 
80107076 
14131413 
54709367 
16065133 
38409934 
88124314 
24224268 
55010291 
17932955 
19906645 
34581081 
16604475 
12626962 
18029498 
29604749 
19098702 
15911597 
55049476 
46386817 
15769327 
20729766 
25180871 
16727547 
54621177 
22464265 
16223336 
43692246 
18393753 
18705467 
47681255 
13821912 
73448434 
73512970 
68372171 
71167228 
70726823 
68553050 
28234492 
22463542 
15677064 
69968154 
33453054 
24225027 
14098924 
65368767 
65448329 
59689971 
39822897 
17681513 
59354153 
19160327 
17466322 
42464929 
24033837 
23500139 
21229838 
25058041 
40851965 
44908784 
27302753 
34419095 
23111119 
21754399 
22443383 
38291390 
38048560 
33635577 
18755849 
17548459 
17583818 
14496930 
24961671 
16399592 
26049108 
7830742 
21001434 
5766122 
22692421 
22675279 
22035674 
14069977 
22984215 
24082814 
16291805 
26720319 
25544922 
26280845 
19207045 
15512975 
16257853 
22095058 
18458483 
25844505 
22467511 
14101395 
15458181 
8120582 
20395561 
18434822 
20026638 
14817150 
14089370 
24212723 
17849565 
20911052 
15288851 
19363528 
22474981 
20669434 
24975104 
19468364 
20020647 
19409349 
899791 
15223265 
22562630 
22912795 
18176826 
22394615 
12302692 
20109130 
18820677 
19991914 
21844990 
14405871 
18124275 
14106829 
14753323 
16049299 
22755526 
14125223 
15120657 
19676647 
17093617 
14295657 
17265499 
19518491 
18228922 
19463040 
17463923 
16175802 
14776333 
21111483 
19249842 
16352632 
23618196 
19890362 
18596878 
15300520 
16953808 
19659476 
20526082 
21134531 
23122582 
22485252 
20729031 
6398492 
16038990 
22389622 
21731068 
21712807 
20068053 
15772745 
18252494 
20825286 
6149912 
21265045 
19317671 
15456329 
18909554 
16616965 
14967921 
14480959 
20801235 
14493552 
16407834 
20077466 
21882601 
20459750 
19167215 
20387595 
16958346 
18983901 
15923496 
15821742 
15461733 
21317951 
14271227 
18808214 
18151317 
988911 
17058930 
16651386 
20017714 
20339304 
15726306 
16866978 
18424527 
16048018 
21915666 
22412950 
16689512 
21329602 
7215512 
20657268 
8276532 
12466382 
21137906 
17654355 
19313116 
14964484 
16852367 
19273762 
17177897 
18919589 
3459051 
19364820 
15355482 
14856411 
21120408 
19329735 
16701777 
15130745 
1276041 
9805092 
16751870 
15549293 
16566903 
20737006 
21152209 
16191249 
16716513 
14056771 
17447625 
19917772 
17426600 
22255412 
16686945 
14848221 
14263666 
19462341 
15199818 
15467920 
18099795 
679173 
14648779 
16278483 
18807154 
16783016 
15309072 
17995392 
21767229 
22160567 
21890100 
19619093 
14600709 
19949029 
15498185 
21896040 
19983726 
20267919 
19842983 
22193646 
17130873 
21602755 
22208931 
7304742 
21936486 
7192292 
3609021 
16020022 
17722886 
21942888 
19356011 
17596622 
6877872 
18057537 
8644082 
14336134 
12493102 
18058555 
9890492 
7867072 
14112637 
8132582 
17382184 
10333202 
17070899 
14616784 
16560381 
8206162 
5879832 
13563742 
17444998 
5798782 
18091706 
17266108 
1119371 
18929690 
10421232 
13759952 
15770837 
17973986 
5360012 
14775787 
14603515 
15896189 
14778502 
14341742 
19668440 
14093718 
18889770 
14742328 
15961899 
10286782 
13190312 
7959662 
11521812 
7009202 
14559745 
1117341 
11244662 
12309692 
14266598 
15039488 
15725624 
14603261 
14862300 
15299130 
8415582 
6875072 
16934854 
1997641 
7422382 
6686402 
17074490 
19918353 
14506219 
18816140 
19222166 
13885272 
15355113 
18230846 
12886762 
20723765 
9614882 
17194296 
21218806 
16375625 
19982260 
12167752 
21786618 
14588121 
20293801 
21599720 
20165000 
17220934 
14547029 
18750467 
15829287 
15639642 
14701201 
21432763 
9973512 
18089913 
18932935 
14951620 
11178672 
16383947 
21114983 
15450660 
19956556 
21386236 
21190085 
17780605 
14882672 
14693596 
20981423 
18211700 
20500269 
18212839 
19073088 
14875084 
19576733 
14616022 
13924362 
16787814 
17506358 
16858782 
9058502 
14948574 
15140526 
20279370 
14536332 
14634720 
18297300 
15042574 
18926284 
16625962 
3701471 
17141983 
16440050 
20778387 
10340482 
17544850 
18793873 
19384729 
15088946 
16636703 
14297170 
15188981 
10296042 
17461349 
14139682 
8368862 
14756755 
19512383 
7858302 
18294752 
7708032 
20342229 
18260330 
15336899 
18586848 
10334952 
7338202 
18114285 
15212667 
15462831 
7278032 
14951748 
20353281 
15571000 
19557433 
14315720 
19408646 
16279105 
5952852 
8161232 
817838 
10235102 
15346180 
15280225 
18071017 
16425985 
19875916 
2196321 
5515802 
14572947 
16043699 
17884028 
16216455 
18827329 
20589570 
13479052 
17938352 
16530707 
19748782 
20214432 
17476525 
18666525 
17464884 
17826289 
15574947 
12883652 
15412070 
17536257 
6294692 
14223189 
12521862 
4233121 
11204222 
2982531 
12672312 
14215226 
4303221 
14323300 
7614692 
14261321 
15348198 
17850456 
15847523 
10802512 
17975938 
15537306 
14707101 
11520832 
15917819 
15931318 
1134681 
8958222 
3036 
16387140 
16887308 
17776295 
14248818 
18422799 
16743203 
17894146 
18441490 
17612359 
17796523 
16874494 
17922700 
11441092 
14239144 
15722281 
18153190 
16377046 
15878814 
35043 
18751526 
14763146 
13750892 
15799309 
18990833 
17571934 
18685867 
18363339 
17120297 
14191635 
16153267 
3953151 
19497311 
18453607 
17983338 
18938159 
19036324 
20535518 
18608439 
16380111 
18381457 
17471217 
15048198 
14408372 
8912072 
16591728 
18842657 
7369882 
17251787 
14343689 
17382568 
17214008 
14647570 
17862883 
16699005 
17991309 
9050202 
16908562 
18369338 
18848053 
19177720 
19088355 
19630756 
16804631 
19264990 
19432973 
14420000 
15336015 
14038732 
16396606 
16940006 
17632297 
19539716 
17619498 
15302323 
18713552 
19382577 
16033525 
17251657 
17482512 
17979340 
15298988 
19626201 
