3309216419 
4704538412 
53579052 
3032748725 
1083667879 
1275636690 
56705806 
1241258612 
16236529 
19834221 
334065168 
1963617619 
98877698 
21244092 
594846547 
826398247849754625 
773792737640546305 
216030256 
38292671 
7111412 
20518298 
17793580 
786764 
814760 
798277 
804555482 
7589572 
89168924 
19290942 
25333197 
86925202 
145734250 
1586183960 
871686942 
1272819680 
245028082 
3620436915 
61149130 
3620033117 
199599288 
594761777 
4103765812 
487711948 
3362288643 
4009498701 
3332223815 
3345572872 
1530296676 
336070500 
3062172475 
2325978107 
299647535 
606818145 
146617841 
249208469 
14323945 
1333691208 
202999753 
1966668684 
890966611 
4728451053 
2811037501 
2841884140 
226143466 
285213662 
250084396 
2303721409 
616171439 
273675539 
146406287 
1385759070 
2291246450 
2626430879 
2214317421 
369059316 
405773170 
52027724 
3386073040 
773490745265225730 
25486995 
95182452 
240242599 
14266714 
231183280 
166215202 
14697685 
742143 
612473 
4098007582 
3653654296 
388282485 
621573 
78588073 
3748308136 
414075999 
1364003815 
2427957870 
3075193300 
43223244 
2414603922 
18897867 
2207056747 
6412632 
527778729 
2294489196 
434140691 
528778208 
352981336 
1089026064 
285532755 
310973907 
388130466 
363537058 
4286561848 
54158396 
1392554124 
1946392694 
4876802872 
2600132275 
2370488604 
1245656534 
744126272389980160 
1535956224 
804174036 
59417664 
1254424548 
135291005 
410177939 
103651557 
798288198912868354 
798157935306305536 
3047554282 
2978397105 
751344417584316416 
964086434 
3302599145 
3040787921 
557966132 
1230479372 
249261570 
190667239 
418038379 
794652960 
2296689098 
4785764884 
50085455 
1884152480 
729381397794836482 
728131154386112515 
374172412 
14525315 
807095 
2568905901 
1074598668 
195491195 
33017788 
15636539 
191427526 
3708109037 
2195802638 
51022419 
184026680 
595866622 
100567326 
203978532 
3068336049 
325263545 
22516031 
3070221315 
422724621 
3112238337 
518772607 
3011961113 
19541810 
3012421043 
17938739 
26101062 
2809616346 
2939491666 
204279080 
224495471 
2856442481 
2656601671 
324307768 
210666943 
2556644185 
1115874631 
2507488126 
406371960 
536156905 
601765009 
1603796952 
90598116 
374620797 
322721251 
373028662 
475853759 
870626431 
921270498 
1211720234 
1369107872 
1480778605 
1485186547 
1628343104 
1691072982 
1704712429 
1707224263 
1872261380 
1872342337 
1872648792 
1882998360 
1884436146 
1908438642 
2163411300 
2166543715 
2192127206 
2330789088 
2374177328 
2425338824 
2435373793 
2484277069 
2513093510 
2681039088 
2683060935 
2710230487 
2732209075 
2744280741 
2745412968 
2775893763 
2802107228 
2805432787 
2808074526 
2811446940 
2826382993 
2815835412 
135260674 
454083170 
2313405030 
560968099 
1130500532 
130442031 
2618033833 
2813415474 
2773355769 
2440069028 
112538765 
62788700 
435265136 
23304986 
2405455535 
1560502986 
16616217 
21517586 
47893556 
2777122517 
189262407 
2561547552 
2828683897 
439164677 
218542081 
440767514 
544150366 
1173879032 
1202145547 
1453912122 
2491499107 
22265903 
2744344494 
2160575778 
889243981 
745248422 
2231569309 
2618274769 
2303300455 
1931009911 
250588368 
2523351774 
380961004 
17902047 
419093166 
1131650071 
18343472 
2407482048 
1334549684 
1943738238 
2398533456 
2375281639 
24850255 
2348618363 
181662198 
2341816213 
1371669720 
2325743173 
1978732777 
2301381914 
20032533 
407851689 
85910124 
2248909892 
208460296 
844011108 
1911929780 
2229668466 
2191947560 
757206074 
2166987860 
1068121346 
262575948 
49620271 
1349877836 
1485798781 
298158126 
1872279050 
322660160 
353094706 
443565773 
28146669 
275465837 
1159127755 
1901615833 
51177293 
77199208 
39724345 
185551795 
436987380 
1843217298 
835901318 
1636027634 
1867605618 
20477100 
123500911 
74124745 
1867208845 
45681054 
555554427 
1624202384 
211563672 
27908054 
1860369391 
491372658 
262652291 
222226117 
46969490 
98970140 
198860801 
1705296468 
1693759202 
1854450990 
182775425 
1457707867 
1255062066 
1688181319 
1734501938 
313167501 
1728942859 
368214047 
556837762 
397695591 
188725330 
127689604 
117870129 
299895306 
290524928 
19651440 
50029242 
332396729 
292534675 
124198247 
282005736 
1212890882 
1681632174 
446990665 
1534776054 
14616464 
357770962 
1320165649 
53340427 
275121110 
1676546400 
21397026 
1053637880 
368544013 
86056816 
26466250 
186842600 
410205295 
250238741 
22391005 
17467699 
410605574 
16465385 
24944298 
14382779 
118759153 
22685638 
26234675 
36123433 
60849165 
9782022 
16010685 
27443383 
24671555 
23579909 
44373112 
39802502 
31731533 
250337570 
18905481 
183585551 
1673931734 
57333284 
276009713 
988278104 
215623057 
1617918008 
30718675 
1657448604 
425336379 
131105593 
77499640 
1630351146 
492172640 
62640737 
1605740310 
1356734444 
172280127 
361515067 
252996149 
390076250 
402616157 
225788406 
80808879 
364896728 
545202645 
1552727058 
269284429 
532322471 
1550375594 
1550838414 
27615091 
561099687 
555946986 
1091677759 
1090129658 
1524446820 
94215498 
629476394 
155522617 
325512390 
27056290 
421070256 
225146120 
887673372 
1505514578 
293992169 
568539214 
1516430708 
26267413 
287133589 
1464414366 
47559603 
1269439904 
206616600 
239313282 
1229919534 
174698582 
1427306744 
1248371965 
1430122837 
255969221 
517503943 
24570410 
110624301 
78718222 
1131921944 
209521695 
333464599 
89211580 
389552175 
1326594158 
138027854 
354291706 
19529254 
407750407 
884201822 
508808714 
529581129 
408081104 
1162392942 
77370217 
258554831 
95009249 
103837910 
137645230 
1281281766 
303412121 
483901686 
1258380240 
198976131 
314551961 
1111343924 
970977258 
856901468 
19541922 
570328796 
580822933 
606482625 
946211160 
1143220867 
621533 
225136286 
84796095 
449970103 
365526495 
85582524 
161265879 
132491467 
1183576152 
815969275 
944348496 
62489200 
23450421 
90712779 
235224662 
208480735 
264424711 
118394536 
250243385 
307786787 
1105990146 
42498255 
255458210 
564823279 
281530461 
16832241 
229624515 
913163414 
782892746 
539176884 
232422622 
6580122 
81817497 
47211471 
20597490 
480491770 
381674982 
607232710 
22508309 
451699831 
19657855 
19533817 
391889665 
377933838 
246765654 
20088540 
609905351 
60057276 
20982609 
146513211 
374112886 
132523809 
305045638 
429428064 
38442000 
954194671 
19388112 
64683846 
20237030 
249747871 
49334287 
23922797 
279245743 
63690638 
10855372 
102130168 
339880162 
229782100 
105593723 
113283096 
65606868 
61763030 
48729323 
912610886 
66158002 
14131092 
40213007 
239544262 
19962737 
90957947 
76735483 
44090560 
376091876 
214206674 
367685460 
566315773 
19897450 
414728195 
20175921 
199464105 
487088849 
525722716 
553184757 
83204901 
964494470 
24877114 
76642208 
992974418 
20536102 
959013074 
20687622 
109301409 
374699155 
775893685 
1004702839 
309391273 
978618744 
1006152882 
987475736 
550314465 
134388659 
135995078 
291639258 
28592308 
254560694 
224817602 
284593896 
599153636 
222092629 
525221612 
245936456 
1009777158 
199622874 
905724194 
80379869 
1005045666 
26573208 
271979300 
163455976 
596269190 
528484685 
706378819 
986996538 
46222276 
458728573 
44891986 
21436960 
901949568 
622076823 
19396413 
544530608 
24881820 
33697736 
145637907 
248795646 
20646711 
27860681 
11348282 
71493944 
479589421 
18219462 
340242851 
346494282 
104511154 
36024625 
198554753 
22487924 
174581629 
65604254 
20141923 
121193566 
111013369 
33875003 
562026575 
29185689 
140867836 
248667858 
24897204 
229391776 
20582958 
86007840 
5988062 
84290320 
361302333 
215679747 
24150634 
17481977 
8683242 
15340496 
115637846 
115358214 
104849636 
467551928 
220528692 
54169961 
294751817 
833611170 
215654380 
35552312 
493571548 
50584115 
410088612 
107397943 
409218055 
361935207 
87611393 
26315719 
63288463 
171404842 
872396592 
272367625 
45799603 
33300246 
107822780 
296172894 
241182904 
22478663 
106213814 
889086978 
806536609 
479982742 
438452828 
613404497 
132788855 
145634249 
13733712 
33855278 
825471768 
142732767 
538058680 
70625081 
95451988 
509047681 
413012316 
22829826 
98682244 
320741770 
20543416 
245071940 
14284260 
298749063 
228031167 
16740774 
608310777 
22410595 
945417565 
19058678 
295928505 
1951821 
25396117 
834236844 
248781938 
468499236 
78897562 
210595887 
23602643 
5395662 
154164861 
37067605 
74697858 
547540285 
21592697 
49984747 
14973943 
22125489 
25523996 
57333022 
21442873 
34302911 
21121491 
34267043 
295267698 
31932788 
14087424 
15994087 
534162708 
19837149 
621935475 
304020275 
19867702 
18938646 
125706838 
21311578 
757057002 
886349478 
87047201 
275160185 
515621769 
612811548 
151103145 
204754166 
220000283 
94119283 
181967186 
98666897 
153818168 
631510798 
437512477 
108062719 
407762295 
729363248 
24724952 
33493226 
72053676 
171174786 
241181370 
24239414 
725679601 
805455271 
142429790 
19182653 
473191128 
144640493 
885472903 
65041890 
18339231 
319675272 
23187207 
19290985 
571975947 
83130849 
78013893 
50865046 
31035336 
228305170 
575671941 
64165637 
227264480 
308439269 
271276877 
321660616 
224797056 
143629076 
869570923 
431437050 
586746416 
38716961 
875422034 
19255050 
57043553 
40914713 
19702113 
563603449 
397303292 
863903623 
236389590 
233963420 
183622980 
85599428 
619896050 
17322627 
271522241 
167367424 
557071549 
152556119 
182773970 
125774638 
544205795 
233691886 
628765360 
103604084 
6347872 
323244239 
161691982 
384026671 
64386100 
395381971 
44932747 
777806318 
17806125 
38191352 
473863406 
289281777 
262710486 
841748809 
53674896 
557974030 
13245422 
609255258 
9190902 
65031577 
483033468 
143590755 
14327715 
382678050 
262287827 
25278424 
1344951 
189653715 
21208173 
49430777 
25690886 
702804012 
140537816 
36619832 
5910492 
61331231 
93610762 
191131422 
1151411 
814859 
22349538 
17990011 
111325678 
298112244 
811111074 
820165958 
821225964 
402611830 
41822696 
786689707 
125689708 
179698453 
828694512 
829067688 
829624130 
830796422 
830735700 
142998242 
88656570 
517566176 
58806083 
91299876 
181755188 
31368035 
38720436 
19178857 
819279444 
46408217 
76924626 
166519756 
63463974 
755429190 
308941201 
28579026 
76927341 
29718380 
15205722 
438263858 
97655747 
166152151 
397426463 
58504071 
22377470 
805346940 
171480883 
800126954 
473911008 
16434960 
14700993 
14785137 
245499504 
23587143 
16257755 
356972936 
222271513 
767759042 
483889903 
287669596 
16955991 
15164565 
381577083 
354965484 
348475071 
63263231 
78874095 
82960348 
78586254 
140508287 
318988824 
16343974 
155924984 
163793368 
38680493 
288356304 
802145654 
802110390 
59761280 
34934712 
24723695 
49733413 
15834810 
103898455 
74538733 
805207656 
215588549 
558551639 
23094856 
742691485 
96138550 
25531164 
34020760 
124443523 
205770556 
21793081 
577353845 
21485417 
262462205 
282245622 
99255354 
20401513 
41092242 
115633811 
53011136 
24516595 
255605765 
718187522 
23673642 
215444278 
753515365 
139913608 
454168373 
155916643 
33282125 
400036356 
15134782 
76644398 
22385254 
614590137 
552603381 
206375427 
246759210 
121472259 
343389737 
175881458 
219831461 
23443605 
115062060 
704795707 
28780487 
19500749 
565484565 
582068793 
174608383 
22802421 
244133149 
40248078 
160540830 
238132111 
550390041 
601240085 
57331016 
434996966 
26325500 
172016300 
326124420 
42730608 
430646223 
220762734 
37238862 
206752409 
256539448 
407075725 
281937892 
55190298 
479552658 
16983406 
20388330 
107746523 
106825048 
43315388 
498314529 
22298435 
236343392 
494912283 
63072063 
244166968 
623977198 
26475040 
353294417 
66138143 
372891324 
233317025 
282707474 
120463382 
124515616 
577072497 
23358880 
65165773 
149075155 
281189478 
49619462 
10883032 
563000437 
217402062 
322223765 
194332037 
244641490 
592933437 
532100923 
217059197 
544735644 
472275912 
427527501 
241056115 
155007533 
198453391 
596935389 
20677897 
128238247 
278408050 
197450751 
141337990 
17616537 
300237314 
64371402 
27654368 
110885132 
115020157 
282525604 
45982162 
481179961 
486098507 
593969828 
565778986 
82473286 
347149548 
434839326 
498745057 
579768092 
339685106 
8264922 
366868936 
118988056 
18955946 
264124770 
363892132 
55216586 
90617595 
23625030 
39991783 
54180834 
312665217 
239576675 
309087942 
22667478 
354880191 
148295113 
422954357 
43759983 
74156958 
196774724 
317830730 
60849989 
258590695 
358187602 
40025121 
322116286 
350944558 
18050075 
537475047 
564742670 
284554517 
560321259 
94118358 
70899502 
92127426 
260714138 
155501903 
574510241 
42200464 
33249457 
7731752 
32697764 
16189287 
23071262 
282752288 
434899861 
510134536 
223262701 
75684570 
103253437 
188253742 
552631570 
561178536 
19906615 
20290574 
22852707 
265933099 
6120542 
938851 
252067271 
257129397 
19393236 
228879966 
41147782 
338444630 
420410592 
14711491 
438481887 
19811190 
202573676 
54466388 
645503 
155162766 
21556428 
442056300 
36919834 
61768426 
557560079 
557619845 
25483560 
111906079 
41077970 
22341016 
21035100 
399352642 
317650251 
302152701 
344167705 
19754186 
25402779 
532199910 
20745767 
15180315 
27013292 
516887333 
32652386 
19528588 
16746621 
21203891 
338906109 
4408501 
27035246 
83833242 
420284308 
16605600 
51771772 
274159031 
254155350 
163844242 
388269580 
37737278 
15862891 
77971792 
93627123 
329845298 
85368081 
512450993 
112732990 
23454395 
515806549 
459224662 
467454643 
512163667 
93369038 
487597765 
517970674 
20389983 
20439102 
87818409 
201038145 
273935884 
63597010 
238181585 
21754354 
41822032 
22506791 
19976630 
84173018 
19773008 
12084572 
12413032 
290999229 
46114448 
66690482 
133797951 
34929523 
99810366 
350200541 
108587399 
256248787 
47580409 
154533838 
249565463 
22244903 
84364416 
455667179 
34570810 
102968874 
80273658 
20446853 
512292513 
350836656 
428958946 
470598386 
487444819 
507795358 
262615534 
19907491 
488336216 
391886393 
20192971 
72182988 
315285402 
179034301 
398286934 
59766436 
498241767 
87469417 
231377539 
91556718 
263176163 
19915842 
355430571 
401065935 
47331384 
489446203 
30188671 
20505346 
496926805 
466451342 
211210103 
254509880 
20060131 
78898737 
19609590 
473026095 
40831169 
494110589 
29941998 
226964182 
190228389 
22763833 
36327407 
38647512 
14123548 
235959872 
168478044 
77234984 
46072827 
25537903 
261791824 
258735803 
434089715 
80539723 
460599414 
485737348 
272918214 
103136098 
20760637 
277391629 
20682165 
106730860 
22626892 
63094620 
19401276 
59142515 
55078954 
81089247 
485702885 
430767443 
198834593 
158514194 
388215862 
406907734 
86107125 
199270135 
48329145 
330775194 
115461166 
155690477 
185571154 
479655620 
182803925 
272344158 
26353829 
96450920 
2525771 
20141225 
478739638 
344953277 
382129509 
398090835 
21588879 
456456286 
304367793 
15840401 
15762708 
402244273 
394067454 
475287348 
83330531 
187130544 
316697328 
17866959 
198584761 
26640292 
16133363 
101848693 
24950481 
22525238 
18331985 
431627744 
28079177 
14275129 
72515134 
26744267 
47651879 
133863081 
280445345 
472058485 
316344491 
298937467 
341447094 
462122331 
322815705 
331055380 
253231541 
217571524 
15474865 
27035508 
402124578 
249190827 
390020527 
59550481 
19608287 
71359772 
267153559 
238108380 
135954913 
171114552 
82923582 
50719956 
244882602 
226595285 
91106924 
40322986 
46110762 
155337543 
92730746 
18772184 
136002754 
48673942 
62132444 
74770687 
107752059 
184784212 
18687888 
119087670 
15023410 
18807671 
19066345 
84055372 
160872117 
123538249 
17591170 
66670429 
18448883 
18244354 
69009086 
19780648 
17632266 
14732889 
138100407 
45939402 
242943134 
437305051 
19345073 
26225328 
334966064 
428984483 
447256170 
40627145 
174378986 
165140934 
45531765 
408454349 
437357311 
192513904 
430168742 
108351866 
416191847 
191402649 
414728613 
22512820 
134078971 
33548524 
71266025 
372274966 
58543747 
374636494 
384538547 
421254531 
19467628 
397148068 
380879201 
207489328 
382851025 
419545537 
309967973 
80103692 
34026217 
222027335 
376189213 
414197479 
202379836 
120108379 
173756387 
394060363 
238072445 
154139265 
117495605 
138721389 
314831968 
158371757 
63151960 
356175529 
105493844 
89287997 
396213541 
388204817 
29074222 
182295325 
36392824 
320828667 
15005413 
157980052 
102104262 
224215772 
143023817 
68937023 
25340442 
208019751 
139073151 
150233148 
224557597 
27033505 
115117283 
44763075 
41585442 
93739171 
37963496 
19915362 
153318410 
255797635 
28877405 
65662010 
27834920 
24957547 
192250821 
380436043 
288220093 
219383811 
379031215 
51710781 
392610749 
27897718 
42196562 
28101965 
52012247 
58431280 
197444594 
22145200 
236211691 
47101296 
11975742 
18455252 
30646719 
20137728 
234490460 
386074908 
20343172 
65289209 
68656320 
388903503 
204486341 
225240585 
46672361 
264327446 
140064632 
136252308 
10302222 
20255925 
123979525 
14095052 
5093 
14657996 
16935292 
14612704 
226195230 
204285737 
20442427 
20442540 
146474510 
39982013 
57140290 
46625755 
76635157 
15876845 
102357659 
15762354 
19397439 
32443643 
389581237 
108631068 
111942458 
29264664 
377546623 
368939960 
61935116 
236781399 
380254946 
384837657 
335207105 
372485042 
172334147 
166703444 
41103102 
236957533 
22624921 
36955168 
156281767 
76685250 
15776886 
18339002 
49007561 
105892086 
196629866 
21758143 
46622827 
84471955 
85845424 
22365436 
371509542 
301448464 
380187798 
217174546 
318690825 
196294433 
303104081 
34712388 
299120003 
85600065 
59839523 
245348246 
358066605 
377968437 
130849382 
375857680 
44353971 
282170913 
365359004 
309687886 
192871609 
15949860 
372517024 
19964117 
269892748 
178793543 
35576240 
20359711 
363689859 
24542214 
42117389 
86323346 
37387604 
84223163 
198895285 
19862233 
42188343 
41783695 
162681607 
21853895 
25390584 
149605415 
244158530 
27622249 
14739954 
314561076 
168680631 
240249131 
365344620 
43301342 
20236170 
366552187 
270430757 
248630222 
225874946 
15749613 
29682601 
203056661 
32835130 
27761802 
56675701 
5406552 
361826729 
361162946 
306450231 
121508869 
309228943 
31282687 
198489320 
27126124 
21424611 
295882490 
57769487 
27260857 
256055721 
329835882 
92325726 
198090181 
20925070 
143039548 
88732064 
39844232 
288375886 
132138857 
21385783 
46676260 
20455395 
195018727 
75055170 
142621063 
340267726 
22059289 
21299557 
26046193 
244270316 
316704879 
20738782 
221478187 
166717655 
83084195 
336232889 
204047319 
32686980 
36018499 
288369957 
36918762 
261257946 
55217633 
343569673 
105733450 
22020877 
198814174 
6338632 
18178469 
341456533 
15097191 
221106890 
176947099 
186830898 
22624441 
64721979 
10664302 
260861680 
12590012 
36177194 
18629580 
274058489 
14452589 
130776490 
57606154 
17838053 
331921149 
116589491 
25507363 
130158517 
32181667 
11433762 
67175538 
167026932 
42521421 
19863642 
168416000 
74123155 
226574609 
62041828 
57056240 
268013047 
320782387 
310960217 
237777449 
92487954 
132197642 
791231 
30038587 
39059517 
45114987 
231214716 
173968705 
21336096 
304012190 
203659366 
18239233 
237751601 
14700258 
19550533 
35036118 
65722153 
190674658 
36614427 
276224538 
200076288 
311514022 
19648272 
22526453 
22132814 
56737608 
14856406 
273429111 
195763355 
213082083 
184115768 
35830011 
177186574 
45352792 
97733761 
15409607 
22149615 
69254780 
175436901 
252124716 
142616744 
195715182 
205303607 
98412085 
18283996 
301995950 
317836716 
179050451 
72948979 
43076199 
158696902 
62835284 
289327632 
193854369 
27492673 
155896332 
191096011 
13957862 
21184977 
40363629 
19192654 
30500090 
280433239 
186390783 
135497804 
245764628 
300814810 
300978500 
305086395 
49928031 
264035837 
134190925 
116925887 
293727950 
18975155 
132164173 
186973547 
38003579 
3204991 
29949438 
255005116 
23665072 
76539504 
299125571 
237724213 
245558340 
234116411 
8075672 
19975831 
21288790 
215784608 
242754358 
137167922 
247300697 
111339465 
281529477 
153809112 
267127124 
288307055 
28532511 
276660380 
17924872 
17269762 
14175522 
169195583 
15639096 
19016888 
54183504 
21769986 
27177833 
270814034 
57360223 
141258490 
56983597 
238350920 
21412871 
15711863 
257452615 
62240981 
89486620 
95499510 
117699034 
214500820 
54514061 
87695857 
61278960 
79470346 
32898632 
75085032 
22512236 
46727397 
34668858 
82417721 
188888892 
24376840 
259230446 
38559436 
24418993 
20998847 
13062102 
146462541 
19208594 
64259223 
36359142 
20450247 
160566213 
41861767 
163384834 
40734330 
10560832 
118689933 
201762718 
177126203 
14998075 
28639520 
222097547 
35180093 
35717592 
17968281 
19483156 
14183247 
7244672 
29161215 
14110365 
20438312 
184637517 
48903 
81560699 
6408902 
20588078 
877781 
168617697 
173400387 
228544663 
150586883 
26218396 
14900543 
28215063 
82067206 
54872564 
171897913 
86029777 
12988562 
80333713 
147730896 
102109992 
165058610 
112459077 
191023425 
31111365 
201278817 
188034732 
20602298 
107974606 
96823430 
73091770 
206192403 
51918255 
45541558 
233546048 
18074118 
57559758 
28093175 
9375282 
18579552 
105740643 
33569259 
20285292 
18818133 
81198900 
142228814 
136204931 
29818414 
244915054 
248411587 
246738975 
251682395 
159895276 
20414234 
176893212 
252528100 
231942252 
131198778 
223268357 
241959211 
67519128 
238945780 
15050877 
33388399 
20436545 
76668687 
20146800 
89484273 
221066657 
109567706 
29425129 
152317499 
10744742 
145716427 
246566385 
247333337 
221843308 
36472083 
21739614 
19390705 
214859239 
16184260 
140112178 
12098 
190653143 
66153305 
56957538 
23067226 
215735798 
46384015 
19909727 
14499120 
107135894 
244143568 
244523780 
95463372 
130230688 
20975420 
60699845 
180539761 
45583226 
5894902 
18531836 
22014801 
16028820 
15251613 
182295395 
51049993 
21591740 
17731690 
211253391 
37508033 
217868345 
197452300 
34595632 
236374730 
156714700 
87058819 
182069932 
119936621 
138163532 
6874342 
16372174 
35656572 
21388669 
171531732 
103124635 
243141005 
15439395 
18342191 
19905664 
193473 
85813199 
19227073 
14131557 
205657343 
33054866 
32351747 
45004500 
41093795 
237348750 
30479165 
14845609 
21408086 
193684475 
195676854 
20548561 
40003551 
31525135 
86680667 
52704420 
233995470 
147539286 
6813112 
34922889 
19614877 
18342130 
19858863 
69548442 
23961476 
90002122 
20132215 
93608098 
54817933 
165855671 
131534539 
225406738 
60668819 
62341313 
223974991 
43323512 
199674467 
22176098 
14311600 
24777241 
40890602 
56310176 
16935394 
23652292 
209312965 
204344289 
5789712 
92801303 
70643524 
123659494 
166928547 
213707502 
109066179 
17232567 
211341543 
184422051 
16965764 
29243853 
30904257 
25107520 
35577300 
52856795 
74447195 
19540618 
16534649 
14268547 
87517834 
20002904 
200565210 
3056541 
20999227 
42454315 
33193075 
57767654 
177693793 
19378795 
155040377 
171856541 
59098717 
35003790 
16270538 
128900673 
81052454 
19859050 
42942279 
54342443 
44743102 
71785626 
19463765 
14723111 
18651086 
39507216 
21191046 
27502846 
81193707 
30207242 
174825735 
28345619 
17558582 
23576548 
21307405 
199250155 
91589584 
20240674 
55367373 
29219374 
20617300 
14943464 
1632891 
25136635 
97187413 
103546036 
52024296 
44360690 
103812640 
25071124 
40901715 
20254949 
126990391 
15652413 
160588757 
20293973 
19762738 
186068406 
186089388 
165875443 
15337621 
163058923 
19926792 
26038725 
158411129 
195760841 
26307043 
186567133 
142621908 
14265542 
161352482 
93026516 
21328928 
187479333 
194623447 
17753033 
14980425 
16965984 
18344743 
185023917 
22381396 
16865465 
109291563 
18277958 
562233 
185968665 
81556770 
123874755 
39492579 
35730394 
74440122 
10841492 
25861408 
80941761 
20872432 
23855697 
127004064 
155240618 
18729868 
24493014 
19915235 
170793485 
190193547 
90609212 
53403657 
18973154 
20962510 
101297996 
28316023 
54331069 
29730638 
139442629 
27619390 
39534860 
20301321 
182096205 
15095589 
61775879 
18119905 
155223885 
13510932 
56681118 
18692182 
23573634 
82094260 
126104264 
114720513 
184744487 
72629669 
180396886 
185396489 
19242825 
185214409 
54368933 
63509154 
23180607 
184773381 
180346700 
37178581 
124148965 
57360285 
20237374 
23766140 
21702504 
4036211 
21391552 
21872805 
16112641 
101540221 
23072917 
36949213 
48351697 
19731626 
17761108 
20426969 
14302921 
17452711 
62346865 
179007088 
21451114 
31235875 
128397019 
114707474 
169876009 
116474349 
51731654 
74723240 
47154917 
121857799 
73858628 
81836528 
86985793 
110483171 
24553457 
33968492 
15416866 
19444927 
59787670 
19486045 
125277146 
119049459 
64421416 
19386876 
19760125 
173065787 
17803 
32023 
15389776 
17411747 
121726596 
10103 
55045393 
47923926 
46342393 
60173 
788524 
92939789 
18266616 
24866167 
28360402 
28816435 
19389123 
19797699 
8429982 
89200720 
126264022 
108581212 
17607480 
41589978 
7438952 
113990467 
14704931 
16932829 
19147701 
2527141 
20679352 
19926356 
10869702 
17470444 
20637651 
3196391 
119427674 
82839358 
53374143 
21744554 
142992271 
65960025 
27533 
17309853 
19904718 
14833994 
22152013 
49971897 
630973 
14351160 
14113620 
44882411 
17865542 
2204961 
59093008 
14981820 
118747590 
6705042 
19787278 
57014256 
19541512 
18829580 
20054581 
38835388 
16805805 
11804712 
71229198 
6502262 
45237428 
47911430 
45386484 
95653072 
27847455 
21299298 
20177741 
16028595 
71307720 
74139262 
172844781 
15650419 
15558949 
57361629 
121774868 
168458726 
147501501 
22615598 
20329672 
27987687 
84556576 
14501475 
128658282 
22795930 
12402402 
14758683 
168179007 
57071294 
31565323 
30000316 
37435753 
23813407 
18305538 
14104529 
18078294 
15892547 
37424513 
109302397 
20374624 
19642527 
21746089 
14270443 
15078998 
25907347 
20993743 
21850012 
18630671 
68953929 
22779473 
127977226 
78789634 
15019821 
25537620 
18822966 
19766685 
122171569 
17511706 
14146331 
104162478 
88682676 
116701768 
97584019 
41782029 
24900860 
166510693 
115517951 
14511951 
22970883 
110983893 
14868635 
29962879 
1435461 
23937508 
93315494 
95660255 
22272053 
21026544 
34590070 
98367934 
19837528 
57579512 
17680372 
23184591 
36320714 
59780450 
20693661 
34960648 
24911670 
26216257 
18801300 
46459337 
19343068 
10097062 
17169076 
14442755 
19715448 
19770861 
14798789 
17565132 
786505 
15050698 
14867242 
19383243 
14356319 
28818531 
85283632 
31135856 
68647868 
93877774 
60113 
37176295 
19906235 
15689431 
40733830 
65316843 
13058232 
12925072 
162036558 
23577311 
19762085 
17083913 
14822021 
73369526 
17406683 
102803478 
122033344 
16316886 
20635230 
82953204 
138360523 
44131881 
23975060 
21405387 
159042438 
21089715 
1422311 
55559643 
49936204 
160491137 
152915342 
90513751 
77447920 
46328741 
53125222 
61224819 
20104025 
23426889 
19715694 
16438655 
17851248 
19546529 
34619425 
17237540 
61546879 
18610715 
62550968 
37895986 
153747826 
53419544 
102411835 
88735787 
82621949 
85348823 
60123783 
26227450 
39343385 
137705839 
121406136 
75823902 
18909191 
25506548 
91569402 
81789636 
20086555 
14923444 
110980856 
21137584 
47073393 
158346504 
62836920 
53374726 
98493109 
137051486 
14689540 
116882213 
103007313 
111266995 
94402156 
36706627 
86731183 
61749131 
68939842 
44349228 
101248459 
19813188 
156911413 
22810376 
625753 
128627412 
19917673 
30444256 
62832726 
18799438 
156671711 
156597760 
20388533 
60642183 
61722518 
50597166 
9552162 
41602063 
22013470 
20033842 
37470073 
42394883 
112241479 
26332333 
29681729 
19996684 
21895369 
46083645 
71273694 
20426725 
29743290 
42174438 
16839437 
14460005 
9094942 
21448858 
153143440 
14398691 
128633736 
9328282 
57122768 
20234481 
7189552 
26250872 
38412874 
75230108 
15289509 
20924275 
20045717 
151169674 
115188619 
20939985 
3197501 
25387854 
20699709 
45205091 
110808146 
58585389 
28336148 
10392752 
26203004 
63108261 
17534851 
14121497 
37725080 
52883891 
15262675 
17535414 
103308095 
18136234 
138002660 
93753639 
58379982 
84274348 
136032631 
90211627 
121762762 
16809131 
23515230 
18321743 
26141590 
8688852 
62492526 
20554929 
142079658 
21576334 
21581503 
108572905 
14594385 
19961099 
19242404 
20523099 
32493647 
87222363 
14281853 
14291684 
5680622 
135842218 
16379461 
75039970 
19870471 
80802900 
45684396 
17939037 
40659065 
16257853 
9730802 
34935227 
85355748 
22363802 
88655085 
117560170 
26308916 
16949344 
30862829 
5225991 
5751602 
30196565 
100236170 
61490647 
65404499 
20586303 
62127323 
21184072 
81428480 
17724276 
17468189 
18065266 
14534931 
16628161 
104942955 
87011026 
20515365 
57484168 
16666748 
44631705 
23575322 
47636400 
28567809 
15722996 
20076066 
19762349 
3300111 
17661568 
78653727 
23461355 
17363740 
21941308 
113060273 
19972106 
34903705 
5695032 
48289662 
14049061 
5255121 
5694822 
15585350 
18036441 
39585367 
110380219 
14661956 
51409428 
64728545 
4192681 
40463138 
73366406 
14353202 
63109766 
2057421 
92504162 
713683 
17928644 
19367704 
32622685 
22490140 
44235199 
13579842 
29354944 
84938720 
17283503 
15161640 
82176564 
50657085 
14475849 
74407343 
19803026 
6638222 
3370001 
16147260 
59321694 
27711140 
24924400 
15062840 
14934718 
71327604 
6616662 
11751012 
15617140 
875941 
32189808 
35477478 
15695727 
5450402 
81879407 
51914696 
77036130 
52904233 
17122654 
16478048 
41228411 
30913636 
10796062 
63541787 
15382955 
29487501 
70377745 
18591705 
81510264 
21606818 
30379247 
16050772 
46157920 
56775795 
48124313 
75570080 
15703510 
19289985 
66010645 
59637776 
15022535 
46367142 
31229321 
9691342 
22759117 
6319982 
64396739 
54975053 
25979248 
2976731 
21390799 
19532386 
69704553 
17622704 
18778400 
44092605 
24097376 
30899958 
25298563 
86044402 
613223 
45961540 
64472151 
86380732 
30439375 
6158052 
86721147 
19351773 
15239538 
17542719 
23814837 
25565755 
67281674 
11832972 
34746400 
19441833 
19584758 
8414132 
19979004 
86524880 
80896500 
30122599 
20071599 
22000262 
76461716 
27375540 
38279342 
20765116 
23646174 
14651745 
653583 
19444685 
21559574 
21192419 
31847187 
20781527 
82503429 
50429262 
81812518 
44639432 
36275060 
61441695 
26334964 
22276904 
64365839 
20381485 
20135921 
19552939 
59325258 
20305904 
41618439 
20990340 
50241264 
70731470 
42379313 
26581680 
60145964 
19359256 
26012314 
24157601 
19231374 
31093728 
24061173 
81856436 
19486475 
19785640 
14268883 
35225146 
16332637 
24549971 
24542300 
27113627 
31428297 
34997297 
21079183 
14438627 
14726263 
19767071 
15405596 
8146042 
20720654 
16806540 
8957972 
36088998 
21394419 
41666973 
81202167 
18740591 
16997102 
14491199 
21903811 
58054674 
78260155 
78258277 
42432278 
57607103 
15564273 
13836712 
21643972 
59141767 
18716200 
16380795 
37666263 
14145774 
20583037 
14151704 
14279957 
32123697 
9485202 
34584207 
20345201 
506 
17251939 
23028264 
22836751 
21791940 
16643117 
43755219 
17752298 
17676745 
57338440 
18779438 
7905122 
19181246 
20362684 
42050354 
53025660 
23066372 
16672510 
15859039 
17376246 
52197510 
14253309 
17194296 
24211594 
5975542 
21077691 
21036776 
13206842 
12589972 
17802735 
12926542 
14986753 
6307572 
28552600 
38450867 
14030132 
39104665 
30741560 
19547668 
38673476 
13210 
20065487 
44934463 
44937745 
20501018 
18427975 
28342308 
19202330 
24907913 
7140572 
784609 
33474655 
26788521 
16308828 
641903 
19910826 
38447613 
19141085 
63033 
31700028 
22374660 
19658826 
14647570 
17728178 
14271102 
22699770 
21079277 
27698924 
21153464 
20513214 
621543 
14499829 
21867164 
19791184 
15918501 
7426082 
6317802 
22167056 
16309994 
19976384 
19588480 
6718962 
21925743 
17074484 
14569869 
28553407 
28101532 
24964981 
14441010 
16112864 
4112141 
16245822 
15110431 
16895274 
15987295 
1046661 
16817883 
5031151 
18720918 
19463040 
15023363 
16227309 
27000767 
13510892 
22928954 
19446296 
14584918 
17068001 
20427406 
16743256 
17826553 
19732332 
15302832 
27906999 
9663842 
23984593 
779302 
25521930 
16348549 
11695472 
23756368 
22552755 
17372386 
23605178 
28174699 
20 
15353955 
8170292 
621583 
5402612 
621563 
19582597 
15748899 
19614344 
7712452 
19341622 
19760151 
14294699 
14224706 
15389918 
15916215 
12134862 
18175018 
15168790 
19179395 
18458348 
16712361 
18917572 
27502088 
24901494 
26433867 
18496373 
19185980 
23345682 
26758197 
17248121 
25531505 
26775452 
18498684 
3943871 
18218367 
15013 
18218565 
11802942 
20506417 
21185802 
23577147 
23602600 
19629651 
14210302 
17386724 
20444968 
18240194 
14425700 
19347629 
17777231 
14396666 
