1647559105 
2241491610 
2707961760 
35773039 
47448886 
9945562 
24789175 
227710973 
722806727217778688 
2197365898 
415473302 
485102889 
789138957824954368 
22007731 
158300839 
844520976759111683 
42940182 
73366432 
17613261 
22428241 
833773920205549568 
841830118892949504 
2871728862 
1655155986 
840193517142081536 
19420212 
153814910 
337057085 
1074023125 
219365840 
1346934680 
253744777 
89337224 
45244085 
26254990 
20787216 
219886604 
63829648 
2492277109 
19355821 
50806549 
347641830 
107101086 
593919531 
192972293 
41572942 
821672950638268417 
186438780 
1874319986 
17694543 
827876098595766272 
39040088 
18000189 
2831477795 
1465766222 
35436391 
281048706 
750691965197508608 
375953150 
50251195 
2446773897 
2389296033 
14362873 
3189001238 
14857495 
18526468 
272305045 
1283359159 
114291091 
22111358 
799047255378391040 
393944544 
100838235 
216366465 
710688474 
21128662 
43568718 
27114278 
84087313 
143932405 
44562973 
879521 
7686092 
1242788624 
17720465 
835499132 
27407592 
791710844212117504 
169095973 
140067509 
60878373 
292392273 
74222189 
230492604 
36333109 
57043735 
18911432 
85544492 
20824283 
187898937 
2643944480 
194231516 
302102232 
71530488 
126600006 
542588012 
240743338 
2978561878 
26534163 
17259340 
3164087579 
2166499044 
780197478704570368 
155889035 
478908708 
40708033 
17576549 
23760311 
14801264 
349343 
56179493 
785884360146681856 
786565830771249152 
116360467 
963723824 
17093768 
19389800 
24167314 
1843791936 
192511759 
216094714 
636216638 
261802084 
765872447480557568 
274117606 
412390594 
856138280 
253813094 
2895740577 
90402870 
40935352 
14074028 
4834373375 
325561646 
119114283 
2363228893 
22850643 
1513311216 
20787247 
4697243604 
115292851 
26975872 
14369232 
87966593 
3235189263 
18930170 
616171439 
302769804 
31094727 
932779740 
368158573 
324599106 
365438535 
2336573456 
25983346 
22726133 
213831149 
35175372 
187294925 
378643551 
29963497 
91429636 
586485743 
4513025417 
2308715268 
193341297 
92557214 
29719911 
146513211 
613469003 
306401901 
22686454 
124291974 
7081402 
19543893 
225096034 
1247573930 
200255447 
465991675 
4275347789 
130849382 
166532883 
18505218 
34254511 
193230376 
738315324 
2620095853 
2856543772 
2283370375 
627568193 
224000732 
2344176362 
702027818033672192 
166739404 
62513246 
82985686 
4833293404 
21238335 
15120110 
211004186 
562585357 
21906582 
1614057440 
31443503 
20352663 
2320769474 
184074385 
2731703689 
398105585 
91826640 
862766520 
20548283 
735019950931357696 
19538776 
31080039 
2835276183 
332633256 
347959437 
43403208 
3496550774 
16945426 
1684640874 
197607341 
50035981 
54993188 
16681111 
597330065 
2567504003 
281586445 
29799171 
202105779 
288372446 
333951722 
466874543 
549868429 
712968647 
33773592 
186585181 
840002166 
21064165 
720228997 
16188864 
184066227 
606199480 
401642472 
253703214 
173992307 
15663350 
146382755 
2266434522 
14134204 
380004412 
3069803903 
4113026123 
321698644 
2416620920 
4926409928 
465753533 
207411537 
15902999 
1355807148 
956402287 
6974622 
2290162525 
4657839701 
384764475 
307855987 
3304651528 
103728776 
6549332 
4688117412 
65316869 
9207632 
18655567 
2438938190 
21815059 
2916305152 
604880882 
352650591 
42866071 
613052417 
101752590 
1569893648 
190006501 
1666099686 
279663381 
2277495931 
6330492 
31100329 
20380049 
394103606 
19381608 
135905236 
2327909557 
2205678421 
15901734 
211687612 
86779913 
113062227 
3295435868 
204808907 
17192308 
114717344 
137288990 
2479789014 
58812628 
29568723 
3302722989 
19329119 
3435192275 
21687414 
61731318 
2225054334 
119812341 
1562935142 
913393358 
63135089 
227070529 
9004552 
2340373591 
172719199 
208008927 
869685230 
15714547 
31384079 
41105978 
36203015 
23600122 
95327694 
772914277 
1342083973 
226346115 
20631422 
263115191 
20691177 
1303682676 
87215923 
329978211 
844527104 
3107430927 
28408162 
402664998 
61653518 
1322109206 
89264343 
1485600931 
2881236430 
960709321 
3098600136 
211154075 
226991753 
2734713482 
14771089 
120108945 
79817316 
375208735 
1564558489 
144893086 
19384258 
814589791 
718273 
290180065 
3241628945 
276466372 
610659001 
94072402 
105230604 
344740638 
1468050127 
27045668 
51065833 
413149953 
187518287 
293213626 
3190808913 
803875194 
2149815847 
2601835375 
14303216 
174645051 
1656174793 
222036892 
278083839 
14807898 
121671849 
24032557 
234527654 
60293846 
388392482 
252250951 
102008040 
148393611 
142140355 
2231571037 
48735498 
122480588 
924046771 
25219709 
85426232 
15191052 
846776534 
274754192 
13766492 
299318423 
119727032 
836388139 
18513800 
385982363 
228635857 
45341566 
193669083 
41822032 
132148992 
621070937 
1241258612 
17938345 
252786025 
58037161 
1543881498 
336218316 
15583328 
476980356 
1089103237 
485109912 
2316224708 
3031684955 
473977425 
2613246072 
377935773 
626110913 
78905469 
368274525 
71229689 
27212264 
226595853 
2497242884 
108645147 
2462943175 
48075643 
764204616 
27225542 
179915693 
383466257 
72103163 
15489945 
71832238 
2296543063 
222214940 
1392163634 
42903792 
301982599 
87311539 
47678555 
17782763 
2826426096 
44937090 
16076032 
2859156683 
2280754478 
1207654748 
16219536 
80391919 
410605574 
219074016 
2878486691 
246169712 
122448174 
56768257 
19915445 
202846448 
1020058453 
326702577 
14596837 
34484725 
339719308 
3044806811 
194611595 
1219104710 
370188600 
99462511 
63306264 
3034214643 
2423058966 
27649615 
22156947 
293469997 
14055636 
3014974689 
1210182949 
29456002 
22466184 
20788157 
57694088 
2178901645 
2462989080 
109011645 
17391053 
19204281 
462388654 
47942908 
16692859 
13868362 
18799997 
456864723 
604840570 
186384496 
58321335 
204844560 
343203395 
360157617 
295421748 
2944172608 
113079214 
1377672175 
18911435 
2413225478 
17484136 
17667626 
16502301 
245804339 
1382230009 
2894670233 
335177549 
366587205 
259224297 
2282243694 
45115534 
702374956 
169409323 
21634600 
47319664 
130637680 
2372984767 
132515279 
965842656 
415472140 
1109591706 
22270118 
334208589 
1891806212 
19644934 
219122750 
105267145 
205193523 
175018669 
40789325 
2348648646 
2857031384 
243241854 
141137711 
24778117 
298031144 
196870484 
2212010940 
35070798 
27844392 
69584730 
1530850933 
135238365 
19440863 
20184945 
83277772 
83210384 
223463292 
22944630 
948865302 
41963837 
44414362 
17867449 
113344276 
1301492420 
35448918 
1193503572 
30697038 
30185861 
3313911 
31792400 
756475 
17093617 
53111312 
131286391 
2645602164 
22949825 
95889167 
82370093 
19563103 
442316587 
23010173 
26915068 
2317693147 
14089370 
231832559 
269982217 
326665662 
1251391340 
18593675 
318586377 
34119643 
2746492014 
2792817535 
2413891865 
19711765 
540982176 
312089008 
153342600 
2303751216 
77710660 
93655345 
2517988075 
192709500 
2351898828 
2799897290 
150594431 
2542132494 
130134724 
2650999212 
382153540 
788311514 
1547722903 
1941858974 
238261568 
19329527 
960727483 
1019670308 
92854623 
2769994652 
14982315 
880790892 
2742354139 
459395400 
2258903513 
122380515 
63796828 
18212935 
29726578 
47983577 
15143478 
1493748942 
351401071 
1291199636 
2589070128 
151813918 
21866842 
317187060 
546810567 
169236725 
1349176500 
18621458 
115903389 
287296062 
145173210 
2191095179 
2382875857 
70496582 
313360276 
576070669 
555594725 
167431421 
29213911 
1407068502 
1604444052 
479816451 
38146999 
14254687 
256573185 
295640370 
14089195 
2415697645 
16027904 
294118241 
201522558 
18069710 
46220856 
20505346 
1498334178 
448141195 
2317168669 
2530856484 
326349979 
544328367 
19165004 
20987405 
47506106 
365366817 
244074282 
199157263 
353308055 
20943372 
153353126 
276643081 
154766930 
407186812 
32855999 
2574266755 
22266374 
917060502 
56529102 
349719041 
167877191 
2562724922 
382554393 
15466917 
1427306744 
2246304439 
23818357 
1581379867 
57797206 
580100015 
97610111 
256722290 
930781598 
1326798679 
378125292 
2348772541 
2494011762 
1510992662 
746838726 
120816872 
20750406 
227382347 
714240331 
2398443511 
938655504 
256581135 
25749993 
29100243 
1920163916 
2469754758 
1914139364 
130781810 
2338578973 
86292908 
1874792017 
17833557 
52998367 
2461801638 
67373886 
41131859 
371291945 
2168459394 
377259114 
211551800 
1696109952 
127503670 
153504637 
14080346 
1068486620 
22259030 
1617497810 
365073587 
18570258 
1713376332 
398090835 
806271169 
157288160 
53862968 
2413201746 
18194162 
83237493 
1080197306 
819440022 
43358159 
302412035 
16716425 
185716178 
159888958 
84582815 
20345379 
18243284 
238033596 
29320508 
17557040 
82825320 
351117391 
257456990 
50277194 
19965811 
57888537 
909938851 
2339508611 
2338230162 
1078595977 
59924621 
237920763 
41601127 
1657726344 
167711000 
583798592 
2302184618 
1962524780 
163133862 
2294218364 
43871098 
416256694 
2290086493 
497649301 
420211638 
1452461802 
54239985 
244276540 
284686670 
80388644 
223605847 
24493890 
38527566 
32584728 
156064015 
71268839 
268234394 
34946754 
2244306120 
54306976 
50665309 
22535674 
1622940206 
26224954 
12027222 
1932282721 
735741204 
1396884799 
52560766 
47583917 
18604355 
59780450 
138445419 
759068652 
1131563137 
1451878254 
845551386 
79948955 
1157111888 
1979667199 
43878033 
962970583 
563627017 
20155736 
219411901 
560448814 
1578390187 
263096289 
16544818 
393304554 
2187156782 
95315665 
1587670057 
354472005 
427397243 
115021967 
1849191517 
26521816 
14956672 
24591653 
863054959 
1157439445 
929413796 
27247475 
169066971 
143571157 
968988252 
25889033 
21156414 
108066915 
285502125 
540281606 
20135734 
1179455215 
1322086124 
19490172 
17841748 
862655899 
997834628 
595442090 
174847568 
14677919 
127727270 
125547081 
1947072912 
50621285 
1251230114 
95982652 
18513101 
391583285 
119059321 
347445740 
23964268 
47641722 
191516635 
946453632 
303798678 
1927804574 
298597381 
45420135 
526634228 
334752934 
40627145 
1732829419 
26593129 
841671175 
92241457 
113657938 
259288589 
71869296 
1876367312 
74989387 
1711025413 
54399803 
15180315 
37615618 
37615345 
56681826 
1377360972 
1336611008 
216348534 
5051271 
87403396 
1530953521 
33977598 
127612403 
162726152 
538342587 
22931893 
15161452 
150940204 
174083824 
61442401 
374297940 
15604078 
776940714 
287816744 
754060447 
274565893 
219614843 
369813627 
20770396 
1179785234 
296393786 
571202103 
181912222 
14326805 
1221078422 
19237007 
18926099 
440830136 
215759696 
312239157 
14079041 
16469647 
220779827 
34271443 
203253392 
16473793 
266635682 
220732741 
239776804 
257502207 
16151835 
982457886 
605250595 
43230633 
19443411 
24796319 
9340912 
206305064 
13007812 
54221727 
67650218 
297920799 
264924877 
253073578 
143344335 
75742264 
19348904 
98098550 
32588979 
24444965 
285049799 
17312255 
1196783197 
384986958 
295599142 
1485433387 
89715514 
385404482 
30917386 
35509978 
53422989 
53502436 
955698157 
59072662 
897354240 
481943972 
1280342412 
391214052 
3564041 
7480172 
354817018 
1475811578 
600029236 
49432817 
610232748 
52496912 
30915622 
92733167 
38762773 
454313925 
293736532 
303994581 
30858871 
826751238 
33098495 
361593313 
1399640347 
1388976540 
512905341 
1130583270 
21318087 
74122261 
620152014 
21313105 
206255645 
189072310 
770338039 
347642567 
534743322 
177458594 
24771318 
121160920 
66398413 
104728023 
65664531 
111381319 
164641631 
63689362 
196233238 
246289978 
256237842 
148673669 
190992095 
38630618 
17488526 
266624130 
34321294 
332812549 
100189549 
9855132 
17969699 
335939454 
837693559 
361944198 
246615051 
417856150 
194625337 
1114865460 
74110421 
238201160 
1373136391 
72843097 
39348006 
41652399 
120821245 
329628561 
842181553 
100255844 
343267635 
36959762 
318464446 
20050030 
131079801 
23190207 
46686058 
15662761 
14868608 
1134548318 
28098788 
25168865 
55188769 
111543251 
1322476957 
261583959 
1179642390 
43324729 
38259453 
1249676186 
15738974 
311052101 
281530541 
1105763720 
328287799 
50282786 
482133423 
254748096 
214212539 
1194352734 
813477602 
128544009 
469221103 
30038587 
20003350 
614249266 
234485580 
845676516 
145976975 
25776394 
18347200 
293143597 
308429376 
1156913352 
20986366 
707433649 
272491055 
42950596 
27830610 
34222024 
197377064 
1200671076 
14632294 
71094501 
456581778 
17271001 
34288833 
238308510 
211177035 
1172059417 
1037070402 
1047719798 
183548902 
453124512 
22362552 
70736359 
79836272 
413355878 
748722475 
323754242 
17783546 
234791213 
161972900 
18306841 
118861812 
917421961 
297784452 
163242135 
14849816 
611720792 
920778108 
91326092 
871611 
442776907 
1131680840 
552184947 
19409943 
801936866 
15931096 
18270831 
59124142 
615205006 
1111607984 
219667972 
633002065 
15527964 
398974890 
188736341 
552806312 
18148214 
610219779 
493339159 
79313210 
995133259 
843326695 
142007508 
627406713 
19377827 
431196151 
30942337 
71019945 
109379148 
523118244 
76616401 
247912838 
523379370 
43078165 
347809928 
26521047 
1061859804 
16581604 
92034115 
425167544 
1101405836 
24457744 
24886900 
108026371 
87657446 
25098482 
220935113 
278030604 
87961712 
92027622 
273122333 
142239808 
14606079 
19393236 
401928638 
138360455 
273984889 
229071355 
381749141 
20007477 
38407430 
997629601 
166022406 
157477738 
19649135 
143844341 
80810959 
31360644 
944845710 
23636580 
376848945 
293998964 
15821742 
569766118 
132229242 
101778101 
14323791 
1058378665 
56817260 
48473838 
192942213 
253998571 
10340482 
2467791 
18049298 
17899109 
18622869 
43092107 
103887642 
22695157 
450148390 
606549267 
14451009 
164736263 
88795399 
18477428 
14325188 
119906355 
371483818 
198101661 
29043345 
24873392 
87657092 
376856538 
16027546 
36328963 
26396117 
180668837 
521432960 
399014808 
17683482 
277127126 
152954171 
17221246 
15737554 
132425968 
250137376 
39719681 
184931891 
376790816 
15351903 
593933617 
704663792 
153470611 
334048260 
137987935 
13318492 
94229329 
14546351 
305546286 
22481472 
368309250 
621812792 
440413534 
43514101 
15349180 
30927826 
51109702 
97473546 
44918630 
76849994 
114543805 
152948635 
72763910 
217079744 
16683885 
16109926 
761029706 
42628521 
272285827 
97618796 
13215132 
56967595 
220044097 
324834917 
248682950 
810709142 
132615314 
989633635 
242336386 
385575019 
288723364 
534222221 
281656294 
928583659 
22538725 
141233991 
389387692 
77907173 
56212232 
183582343 
52501951 
867351037 
27613650 
17031634 
962105911 
250024481 
104070525 
64643056 
388721635 
50439390 
291757755 
974554009 
17042078 
965002922 
28412214 
371313804 
44438256 
271645211 
843240600 
122765125 
932635292 
239767060 
130999289 
17007351 
297915370 
80573817 
403485423 
947846995 
497267149 
19386622 
347698644 
86199547 
255687747 
259401680 
618176715 
25340442 
440370418 
14862639 
256513027 
198020721 
16017475 
73584595 
176872939 
245611788 
18585425 
14050550 
126037037 
930528846 
733681478 
19002473 
363450850 
204721301 
617299845 
299798272 
200076288 
218464830 
904200264 
888373045 
20106736 
525307378 
168457320 
182839127 
244906003 
222096961 
100841303 
16629477 
89164940 
16619904 
19761418 
355053826 
19904685 
20596281 
57076191 
600092202 
870870170 
63258372 
76956597 
873932720 
202548324 
109045846 
522699653 
56722075 
772759927 
600311012 
532284837 
26374751 
17006157 
10742132 
516892533 
17560522 
57944123 
23503235 
20382472 
15865878 
118975084 
237934708 
829772340 
16079276 
21917716 
87374085 
560238489 
63532749 
101013718 
17376218 
15700906 
14634720 
19202541 
125962569 
550933279 
403329040 
358566293 
18227814 
50778320 
19530624 
128216887 
21217790 
352026528 
190186196 
18079064 
260685403 
100215546 
171881218 
288955950 
20698435 
34800396 
349219385 
75289615 
46342393 
620548136 
42621505 
80655195 
434214221 
586841695 
160540420 
180723447 
119073765 
177005581 
534701258 
226602062 
121544946 
325052250 
430709194 
90169053 
87190650 
59514202 
338407260 
51241574 
194122373 
38671371 
355681958 
596313502 
42171991 
54546430 
110432741 
260928758 
14786217 
197835683 
338629441 
204813511 
137703483 
118747545 
308151547 
84679163 
368292391 
33998183 
154041734 
18696996 
26355490 
461007164 
357661916 
18335940 
310560096 
17290922 
16029780 
19939139 
14615871 
27642087 
1536811 
27468198 
47999622 
65909759 
29774968 
44753284 
67059584 
39721543 
508745401 
40438399 
163844242 
544791306 
5907272 
21826316 
15173291 
30960988 
53435986 
16649758 
612473 
97717208 
35304791 
25166438 
252608121 
64229183 
220075964 
23451598 
16550480 
14266598 
16878156 
352977985 
56564230 
112728024 
237387699 
105565448 
18716851 
410249297 
268357486 
27596259 
87441707 
384514404 
609464258 
217478823 
16146513 
105207999 
484805333 
22419487 
166593728 
166102191 
31508337 
15859033 
544302337 
19084034 
19864877 
15684633 
41561657 
219942869 
25115550 
603131729 
115599658 
473058057 
404092406 
27081406 
49090496 
625689924 
16564324 
377861983 
91056925 
5120691 
221041703 
198494684 
29961971 
16229491 
50442843 
20068053 
18713552 
614449931 
15838767 
41132380 
14729597 
363135186 
144202717 
16843817 
62397252 
137717878 
17905977 
608183038 
20268832 
589868185 
1489691 
26250872 
212643684 
17062849 
42886079 
19283328 
235213645 
20448698 
40988356 
111712308 
14448779 
1002211 
59761280 
128569463 
8220482 
260211154 
138737516 
70725281 
589535421 
19550533 
275424221 
16470495 
88641045 
257536555 
293115044 
473017004 
582777438 
55928951 
143472281 
471244492 
21793505 
23609696 
17382568 
25382012 
16132526 
7369882 
108418043 
211520261 
7093352 
22054220 
6017542 
37547775 
80273245 
45681700 
16552970 
224723108 
246806601 
20535602 
41358714 
44884621 
390278314 
38245723 
387013671 
15458277 
511983611 
510129400 
510123282 
43120198 
67361314 
19530289 
16880858 
143912910 
194732581 
382495183 
521673915 
19976630 
282154878 
30028674 
19241553 
536730171 
73118103 
413145383 
24973799 
460187847 
289393637 
15578518 
117775010 
482108339 
481537078 
19190028 
116298904 
15332989 
341409178 
219228897 
151111625 
48862131 
73741681 
490495458 
77977848 
15662133 
66558585 
236938459 
155522617 
252521025 
97260588 
316327930 
14238165 
28579026 
51154828 
51837775 
17051344 
48062303 
22926862 
13201312 
86065887 
16926572 
146123790 
66021490 
117932428 
22506791 
210825426 
167759954 
78609700 
22213141 
493678717 
325581008 
106204123 
486169804 
486433833 
29739553 
19307522 
407436616 
21512767 
75868325 
18628034 
223416400 
24876649 
20618874 
243236419 
131959513 
19843630 
11696382 
23575322 
172694825 
253280416 
329600057 
41167959 
26613480 
39800314 
191159103 
202313343 
243821406 
18736652 
50306005 
38504139 
38123287 
25081451 
34960648 
16630098 
21439977 
418610037 
12407 
36056115 
269395266 
215693617 
21021891 
25877105 
15473958 
17374092 
112342543 
209533916 
14385336 
348320821 
27860681 
125767077 
384923143 
256979481 
58431280 
120181944 
60862771 
84445191 
28962525 
95428712 
331895754 
368965844 
398260674 
83836041 
225069911 
112427461 
16589206 
236815813 
397285779 
308496544 
176690037 
5058231 
18177924 
66666549 
19940791 
49689858 
29221344 
326071221 
110075039 
20442476 
355625088 
46052970 
30008429 
140079968 
128132890 
21862223 
379481082 
234355604 
317768556 
21218554 
189449621 
21615692 
313275413 
16013208 
225065716 
18304521 
324896218 
313559826 
92030522 
31128730 
272701723 
213713278 
324916259 
119883441 
334624805 
298029693 
339756790 
356746109 
109310784 
373662227 
352995875 
322745580 
138850714 
14709302 
48564118 
52584039 
16131289 
23614284 
16027201 
374660408 
376188950 
66185268 
235264546 
17449143 
1769191 
168286576 
11317392 
28049003 
19651853 
20663500 
58489734 
117576644 
90034304 
232316997 
35601118 
6859412 
245757534 
241549853 
19808176 
15389776 
20849273 
8963722 
335342361 
303804147 
105634680 
22363802 
23066372 
175691292 
5988062 
39537567 
82848737 
20523099 
90146016 
13846882 
45579282 
21517586 
211073619 
322411475 
63121936 
133020600 
135636692 
15458181 
101081754 
19348113 
301358912 
285005498 
304911326 
53023494 
172674060 
295602344 
309585142 
274481142 
20517668 
28127201 
15154811 
313944326 
21581503 
621573 
20312513 
14559745 
19909065 
112475924 
19918353 
3459051 
204416862 
17463923 
268985891 
90918950 
131570276 
17918561 
132523809 
47331384 
283211954 
32920707 
238087260 
20688492 
295068000 
295131192 
24919888 
279614869 
95894506 
16434960 
16580788 
155183410 
61800365 
285818039 
17030680 
20240305 
18994661 
34317032 
45577446 
21866534 
14603515 
247336430 
29299946 
259771124 
106381684 
31035336 
4970411 
17222002 
23841368 
211632976 
220619913 
124258539 
15500649 
95267658 
116763916 
59362595 
16543454 
1652541 
22341016 
16958346 
189376144 
16438248 
241067860 
17666727 
18579319 
62631989 
248742334 
79199981 
23638544 
65946380 
19282280 
96930772 
17862883 
226284158 
78600745 
16866617 
57411021 
216633730 
16257853 
14505838 
14157134 
15020933 
17835445 
14342564 
88727938 
267417551 
31780992 
20329672 
213917132 
14942871 
44089805 
14701680 
152972996 
264124770 
33474655 
19078387 
146569971 
22493275 
87699418 
172419122 
97999837 
32361431 
19802879 
17423992 
18896867 
62770551 
48289662 
22075295 
26074603 
88392301 
237895166 
17997789 
127305588 
56929066 
98088881 
198584761 
159202932 
216697381 
19722699 
20978354 
29093157 
241105864 
48799978 
104849636 
115986491 
204441470 
211176916 
28567809 
213238038 
45314136 
10855372 
249410761 
27847455 
40914713 
89282925 
202705473 
80802900 
43002582 
23184591 
74697858 
23937508 
15866188 
191026259 
116994659 
30842899 
135246988 
124730151 
87807273 
19541556 
14043142 
20542737 
77187186 
19837528 
24862758 
22105603 
59460397 
50069007 
15687090 
14702533 
15428397 
1435461 
19402238 
15353955 
14199378 
13787402 
49164309 
98877698 
20122234 
63671461 
40081196 
21186298 
74474794 
37710752 
40234732 
21626287 
233336165 
19891675 
23586077 
19614344 
41077970 
104585489 
140118545 
172280127 
21583814 
23067226 
27681019 
21396124 
3943871 
188263258 
39803436 
189949522 
16268187 
87922339 
160523592 
188483920 
15484063 
135583203 
229045433 
59423440 
20769532 
86683586 
229082772 
199810377 
38675236 
191513931 
25502100 
34554134 
105203181 
128211280 
1417251 
16672510 
22465084 
21439405 
202491044 
20427778 
28543386 
195419597 
19677167 
21786618 
7215512 
115702663 
97559392 
206661388 
96640040 
206933265 
196635957 
196465635 
19489341 
16685003 
75041020 
77555604 
174740894 
29342640 
19657855 
17918545 
19242105 
788524 
180720782 
42423658 
67976245 
16348376 
113007201 
88704739 
207038728 
18788629 
18732270 
27013292 
125306809 
15577562 
53432435 
29328707 
20244875 
52488565 
152347877 
22151193 
185759091 
40846478 
200810508 
177658655 
189618679 
25982688 
34408828 
190684620 
37714344 
43565752 
117215667 
19722168 
5971922 
208076083 
91312237 
19182316 
203560532 
81859985 
17471979 
26268943 
34239380 
35749264 
15374247 
185280748 
34731203 
15862891 
199687914 
19256096 
19861872 
19725644 
86355051 
195874373 
14925624 
36199869 
26992475 
86814032 
34270899 
32372834 
20519642 
61781260 
83814679 
128292609 
107225267 
42256596 
15169635 
19766166 
14315063 
1344951 
162088304 
189065376 
16027100 
19512493 
11178672 
24550707 
106475349 
187371887 
45516390 
7861312 
65004532 
19345435 
20040253 
15122671 
49445813 
91996296 
91209642 
37666263 
19897769 
14686460 
82212340 
173477694 
23602643 
54680395 
22492276 
23962323 
74688765 
18933837 
91373517 
39530187 
37310830 
48027925 
146548246 
120216234 
91590163 
633 
7494482 
79997785 
21408610 
13479052 
25118264 
9855242 
72842277 
155871966 
84173018 
129843570 
137320881 
17385903 
17928169 
155748301 
46625755 
126662009 
13010422 
38828294 
19657120 
21188812 
145753059 
134429434 
150278988 
23609323 
21436960 
14973943 
114700172 
16356796 
18089292 
58166411 
42889156 
136760005 
113683399 
88081679 
5715682 
20134622 
75113883 
45413510 
134668186 
61183568 
16816155 
135067428 
74538733 
33249457 
21218907 
130273820 
133495769 
116916919 
13496342 
130600864 
76414926 
130824866 
54730258 
129016664 
118626543 
20508091 
19064312 
88722311 
124488943 
20729766 
20582958 
15441489 
814859 
14789619 
19145688 
95731075 
39822897 
88914175 
43313304 
21504735 
17142944 
15854178 
14118029 
108685765 
21576334 
114272231 
67905134 
14700258 
39522692 
19663059 
16664681 
4898091 
82953204 
15824978 
17567533 
104786280 
22557489 
19767193 
79024978 
107438572 
20056392 
77187402 
19457950 
18741462 
19062483 
43104516 
22916810 
15289170 
26858764 
84196520 
15176898 
25182347 
14145879 
19816004 
98357151 
14085070 
18985501 
21185021 
38205414 
18668407 
16663879 
71759409 
14176607 
19533817 
64808513 
46114448 
16911276 
19463040 
72564375 
38502777 
2729061 
87683767 
39234189 
21611239 
83883736 
41383831 
16113368 
21397054 
21395601 
22316301 
21410687 
18713254 
59524045 
17939037 
784609 
14147626 
20779255 
40523 
19534873 
14314515 
64756378 
25978675 
81317644 
19287755 
16465385 
17812091 
18705448 
78890225 
16407870 
19530437 
17175147 
19394186 
27151738 
18801105 
68662551 
44090154 
21910448 
44874400 
34051158 
71535853 
16895274 
18396070 
1183041 
8170292 
19178857 
24407244 
50219804 
62581962 
15661871 
21296979 
18720595 
26861998 
24202701 
19197186 
16031797 
15051219 
64789144 
46959037 
24930840 
14292446 
34747631 
15249156 
31353077 
14569869 
20150669 
18393773 
18980276 
18887526 
20280009 
21325066 
15439395 
34175976 
4157611 
20342875 
16176910 
37972780 
30429590 
18028816 
20655709 
21199462 
20155652 
26881852 
23605390 
16973333 
20157531 
8099262 
18135822 
22151513 
22272053 
19765693 
22734287 
14948380 
22488339 
16295498 
22131642 
16066580 
21995182 
17251787 
21769809 
20986289 
16127205 
618593 
2545551 
15458280 
19387570 
21085553 
17292623 
17248121 
12819112 
18700629 
14647570 
6705042 
15125585 
14075928 
15521075 
14172171 
1068831 
14372486 
14669951 
15234407 
14804898 
15902671 
657863 
14749383 
20 
428333 
816653 
17220934 
7400702 
807095 
14224719 
7905122 
14208982 
6612402 
8005492 
3554721 
4620451 
11348282 
15601423 
15110431 
3199201 
15987295 
17596622 
20507623 
20684501 
21082047 
16110819 
19658826 
5747502 
6173842 
