1394399438 
17338082 
14130366 
44196397 
79293791 
169686021 
856799425 
19933480 
29442313 
1330457336 
1536791610 
822215679726100480 
1339835893 
18227519 
21447363 
19554706 
26565946 
52544275 
16409683 
85603854 
33098495 
480731519 
282411044 
40908929 
29123186 
27091468 
106837463 
25365536 
21576338 
14824849 
18057450 
16145224 
4101221 
29840295 
24859104 
338151870 
27260086 
1377672391 
141216066 
137847334 
2508685542 
1925181355 
17919972 
22940219 
1641414500 
25691894 
80619457 
38998635 
348998306 
1260091734 
1657472540 
344459667 
1355000179 
85159009 
1326956593 
187646413 
180505807 
1287365293 
30616604 
185808487 
16242081 
42226885 
10078 
22255654 
19399070 
118187635 
2396290561 
102475469 
17503180 
136361303 
32469566 
25090088 
2316523603 
44654441 
2215796162 
189258194 
577232005 
17062849 
19362341 
21982720 
27042513 
19506790 
16569176 
18067159 
18676177 
954138829 
790538094 
38531995 
518056725 
92106357 
18812301 
16811741 
173988421 
74594552 
16149262 
51662203 
20778387 
14887999 
759251 
6017542 
33612911 
309454805 
358323345 
100220864 
17242874 
77888423 
124050565 
16908562 
14117843 
16190898 
20793194 
27814677 
44039298 
50393960 
17017636 
16929349 
93957809 
5746452 
3108351 
12480582 
154584937 
72529407 
34381878 
27628345 
96242024 
142201396 
67198239 
131556180 
14270890 
14514094 
28625263 
47093436 
75544967 
20052728 
32753609 
19910755 
22619287 
144318866 
15235948 
136948731 
23586955 
14051047 
44093781 
16404607 
50512201 
121720940 
23994259 
70617862 
20037656 
22104297 
9696002 
112617255 
147737590 
120897563 
83677922 
40942130 
15762258 
23665856 
153247349 
32517666 
38079829 
105883928 
108536689 
16652611 
28632814 
19957677 
66444635 
134723108 
143729158 
16333948 
130818020 
15491412 
19551901 
102881755 
133390288 
44936906 
110760945 
85190453 
22813738 
31176167 
137703666 
12080102 
9487242 
76344757 
48654431 
69113285 
102094544 
15387839 
9060342 
60967300 
43918841 
136159132 
16623168 
27430456 
119971198 
105170426 
16545241 
23442490 
17243582 
8453452 
35470547 
97473986 
26119141 
134857326 
29604236 
18128265 
38434916 
48540307 
22648730 
60684763 
17442566 
126848457 
39957533 
117550017 
6487292 
14355051 
21264473 
21492737 
16322562 
91171857 
45067578 
115095244 
58850730 
38659016 
123987213 
94525449 
77200204 
18738020 
26322691 
75187924 
34495781 
60997626 
15415480 
40951164 
27914347 
68761976 
36655115 
61349804 
44165613 
23470695 
34145908 
25913058 
130617778 
35626506 
15336885 
124405658 
107507745 
14664731 
121790377 
28635233 
9464552 
114879045 
32739100 
83814996 
15228358 
62588385 
78898444 
84180508 
37488409 
22406410 
112744236 
63056335 
129387259 
33608161 
16545867 
52045004 
4590 
121461019 
119611366 
20878069 
130296563 
5488492 
31926738 
33401525 
89061261 
7934202 
14511951 
61044554 
36440780 
32432308 
14052215 
131877500 
130579197 
36518594 
39004822 
17128429 
15851082 
44795462 
16040544 
80807191 
102009202 
16570056 
16106711 
40845698 
22263687 
91439839 
23543087 
129210945 
86507686 
129219819 
129249431 
87822126 
98718944 
42634311 
129229395 
17627857 
132068114 
20790012 
118978030 
739533 
15002239 
54146266 
42673983 
127367375 
55092175 
63427825 
89118481 
63312774 
47285758 
29470302 
16863471 
13977712 
14773354 
25338377 
21675913 
111502322 
5928472 
23799419 
24848432 
11485152 
111814906 
80914892 
40716043 
120042745 
22714482 
24035208 
15970511 
27519352 
29765956 
18310532 
63051538 
110896026 
129523293 
17937645 
28394335 
53511532 
30863142 
123903342 
71972631 
5724052 
130747250 
20403678 
68497310 
111474527 
108832073 
86632700 
126389550 
13402382 
42363794 
15599372 
37960435 
129996143 
39350470 
124082707 
24581156 
15655548 
22565117 
75389367 
104346170 
50859487 
15467048 
64569252 
53206517 
40115114 
66821161 
21357741 
98147063 
18598466 
40018194 
24628397 
18782232 
112236035 
47505212 
60246116 
37060435 
93372611 
7112872 
102599810 
22230440 
124334020 
34012819 
59404626 
1221471 
50391064 
55689605 
111786008 
65715818 
82475130 
16638634 
34306280 
17746190 
83712072 
121295300 
73877222 
106880958 
14192329 
15131819 
30765780 
58789243 
40525361 
114337818 
115734759 
129420512 
15565871 
93704345 
17143810 
29653300 
98666997 
17673258 
119458516 
14205671 
44736170 
30408338 
71744678 
87992623 
26688282 
20581747 
131874732 
111503751 
44765870 
15750435 
92743295 
17980532 
25672245 
19649206 
16201786 
16469444 
12354252 
19065107 
90342213 
17197162 
17900063 
40480284 
22458440 
71529360 
106185341 
35505286 
16984894 
23551026 
107505084 
4168801 
65917883 
103402926 
61419696 
14067894 
49271327 
8664742 
19976101 
21533467 
130072904 
46651963 
131462260 
27840712 
128104256 
117791510 
23283907 
6575732 
16708010 
92331898 
91745425 
26198908 
76679131 
22729790 
15742046 
59501312 
18618411 
15839146 
43260323 
10329052 
105143133 
86091486 
116043131 
79122264 
119274378 
130428650 
126368532 
20942241 
41850735 
95285701 
18985968 
126552185 
26450917 
68579872 
16198926 
129245337 
18370659 
95642967 
33145337 
13543442 
34598163 
26525456 
9406142 
112665264 
38819551 
13452822 
33437259 
107338579 
32799459 
130371268 
104942438 
25416325 
113758648 
21173787 
54298091 
74854532 
17717548 
29743062 
39746588 
14735697 
29758338 
30780320 
35537832 
14290475 
23708215 
87239242 
92444678 
18041492 
1765921 
50927830 
127707042 
15774385 
130739006 
26530440 
14678858 
33356015 
22210938 
85721515 
55737376 
34634311 
84465558 
43050722 
39107685 
84125184 
37343243 
20248824 
113450212 
121016587 
66920777 
78479240 
121581711 
30532062 
106368889 
22609614 
74840589 
720983 
14575155 
14567270 
27585480 
107109859 
44600674 
36481647 
108227408 
36201131 
23649829 
123307729 
62246266 
17839132 
18885289 
15727011 
19511275 
56735550 
14292954 
29387465 
35007900 
23246523 
20093425 
29238886 
16166246 
58628355 
76144687 
35174978 
95219645 
80265328 
14158306 
13118502 
25434059 
19769058 
26247081 
44206517 
90290163 
90143129 
76094101 
120963823 
39856866 
107347825 
49220912 
99820285 
87349707 
121856664 
21107025 
17603024 
71066469 
17853855 
39938850 
25180956 
124231018 
70067488 
16843404 
100531104 
97423362 
108996134 
19136893 
1258111 
15650696 
17635305 
22945160 
41955050 
47605347 
27210200 
19044114 
16311119 
80656864 
24794490 
45844080 
29774441 
117219781 
108122770 
128912861 
19751388 
19775569 
129067238 
44481763 
79096226 
15811608 
16388212 
113027833 
19784312 
46970901 
36260339 
24297632 
24905864 
20928261 
30589641 
5846562 
27304465 
87805916 
43962874 
18499696 
60091288 
17401289 
6340202 
32256154 
14276794 
19906557 
19954616 
39087251 
15373385 
18182337 
110235380 
31496888 
114955288 
71558678 
26499221 
21947025 
34053389 
122864435 
18009912 
64010422 
18318632 
20367629 
14864814 
17743808 
22792649 
22807376 
15104219 
113553566 
25044223 
34736672 
81717226 
24239014 
19463303 
26530494 
17649621 
8651092 
20178930 
15121861 
25763311 
18166958 
56337804 
21715160 
20462321 
26446022 
117631630 
14485251 
127008764 
109845760 
15207654 
19996560 
15669868 
19374805 
6966382 
42062138 
100540396 
103854784 
87381173 
4588771 
52627823 
16441689 
15475207 
91043535 
103573195 
91484637 
107406948 
112495430 
7566602 
90196083 
10867722 
112550446 
35594708 
32866900 
16013175 
28350707 
6450482 
32653164 
121850139 
16071315 
86249384 
18506453 
15039943 
111203624 
88778731 
11574732 
36540197 
94342678 
26165473 
81383024 
74867248 
12336762 
64987892 
44979951 
23880903 
112689746 
16352054 
14183319 
33276069 
26737184 
15951041 
16358032 
15854502 
125174381 
88944200 
15449765 
60435861 
97132464 
30786088 
120360034 
113585182 
30554663 
74315697 
104180611 
79930408 
39182090 
128220286 
41609494 
121803719 
26446858 
24922635 
94192514 
94604475 
19050869 
20405096 
22509215 
24596306 
36309795 
91158808 
120033145 
18992877 
18514472 
14265758 
65392634 
19568471 
66101007 
25657879 
48743620 
14240894 
93397434 
112071768 
128120542 
7851062 
65305189 
54456885 
113465402 
106535551 
80179442 
47965382 
15946935 
45113855 
23819014 
16737405 
91666529 
10961572 
25377746 
15619489 
40488763 
30771189 
28089049 
17367779 
77413821 
89034053 
15762297 
14262952 
109565189 
119837964 
70091297 
73750795 
57991896 
110199683 
55229031 
60243976 
80967833 
82814746 
18252543 
21202389 
81412968 
82341138 
96945434 
11972292 
61695251 
13239822 
43963305 
17868376 
28952295 
6790912 
32751575 
114898296 
118274319 
33041941 
15051276 
107813636 
125957924 
91499010 
30418269 
15496178 
20539302 
28629845 
30866107 
32870784 
89782878 
21631775 
87327441 
14355436 
55690072 
31248551 
21541625 
18929398 
33060052 
21329130 
23791953 
113785157 
71988417 
27812354 
29040648 
71566317 
69336322 
90493655 
18411291 
85193539 
36864848 
33427510 
71633002 
97292041 
86004253 
28456850 
121341681 
20482617 
38222600 
15504885 
27017072 
8714762 
65585979 
52815340 
35921207 
55854745 
21813006 
17786454 
71816705 
71640666 
62135193 
14499069 
105974239 
15567453 
22121839 
777733 
33738691 
95542229 
14308012 
114544129 
83978754 
42256358 
92448415 
70955087 
14885622 
8634762 
28390187 
88210080 
13740652 
49880074 
106253900 
19135993 
32148675 
107572393 
11801852 
18740226 
13944162 
14610054 
94253000 
14837756 
22862847 
16683608 
59019209 
102464030 
20075668 
34124855 
31417639 
18191665 
121284295 
19094439 
34412720 
125448967 
15650252 
118263411 
23636910 
20591513 
14358876 
26230547 
72817158 
94919897 
57509134 
63748553 
30182557 
16438739 
41858694 
1093411 
103450488 
40524675 
14081532 
20226429 
125170082 
52087200 
113801181 
17292490 
22092712 
68849573 
121898097 
41543713 
731743 
124602047 
15747590 
26400429 
24661521 
30184893 
14434881 
19134005 
15040613 
4101771 
27951119 
12025172 
39850828 
14506456 
14522038 
17938541 
117448638 
15363519 
17870077 
20086026 
25896121 
20705935 
17054112 
17920413 
99553675 
129258108 
15619113 
15779383 
73397671 
98138251 
107697132 
30420134 
17610097 
19098587 
24011928 
87533962 
39376067 
52532481 
46974748 
27471613 
22127216 
29768152 
26825313 
15815316 
25153256 
33068456 
99181703 
45835596 
92109354 
30344378 
25402994 
28433078 
21746821 
30938962 
61487513 
22278466 
94878887 
15316815 
14617868 
26303344 
76518784 
15470187 
14180038 
73480975 
118816455 
36207176 
16930181 
90778277 
20563532 
17541596 
26056810 
54446309 
17300243 
21624972 
44794124 
15020853 
7843342 
14483066 
46613954 
36781281 
117943211 
26158585 
10403052 
15043651 
101061325 
124276791 
16555812 
111669182 
19026898 
19741604 
23359457 
53046364 
71900885 
112134668 
19210640 
111360438 
119079133 
17502738 
14605307 
25109667 
76271623 
37502226 
67564673 
19552126 
61518587 
129003611 
59925509 
79537464 
20630003 
84643396 
113650434 
24598324 
124607187 
22344307 
21388423 
22770759 
112230010 
109645626 
35728983 
32127059 
48678366 
122239596 
54841907 
19016825 
19130839 
12149932 
110515888 
96973114 
66447531 
47813800 
129112631 
27611627 
21669565 
64885554 
69414181 
14819061 
59287290 
21686603 
48289529 
14486672 
54786833 
19089359 
122710287 
37044691 
21477645 
74116779 
26044234 
29174360 
21389999 
107530591 
121712824 
21478846 
23461960 
38208438 
128124781 
39988147 
14951937 
19475572 
128860287 
128212358 
25934368 
44166074 
109900102 
112474074 
104451397 
17803577 
6497852 
24454606 
128127099 
59295311 
19884952 
129038347 
25174125 
80078863 
15187072 
106275802 
15742480 
21016176 
23358917 
27041427 
20177471 
54097296 
18496477 
24608563 
20281383 
50335565 
31292007 
22894757 
14307227 
49199145 
21989664 
47992221 
76563363 
128950837 
27320591 
127146757 
20665965 
56926149 
23409909 
93559272 
69179824 
104291835 
649283 
89849668 
86878273 
73414434 
64686255 
108795718 
59269191 
17201409 
98311368 
23614596 
32517594 
64018901 
8802872 
16347650 
17150342 
17515457 
29711974 
101968164 
104043547 
44381759 
60157191 
54359308 
57209540 
90025384 
16809923 
16136577 
23407803 
28280480 
59111239 
39367851 
90702436 
67953731 
90554563 
17225071 
21454726 
35615167 
122768178 
39759441 
54219366 
19612995 
109891948 
112896273 
92127063 
14137509 
15015938 
128551753 
17400407 
128971744 
15959910 
21428688 
17120642 
75109417 
103684518 
16287570 
128170456 
96474955 
27798386 
94130352 
122131040 
26077026 
15891280 
38477703 
125971588 
50670142 
27204760 
128506957 
50198178 
87127806 
51223875 
125437853 
114333058 
18051225 
31524966 
17637321 
56491249 
21048840 
33629649 
68004485 
41179463 
15955329 
14613829 
26937092 
37162690 
16708911 
23621022 
38159197 
21428385 
125780989 
58600694 
31117383 
50798417 
17577529 
72062841 
20871328 
54955460 
15660656 
20783665 
18602666 
116988897 
18536451 
93868171 
30953498 
18127432 
24071318 
14271477 
92316333 
121461297 
21708145 
120138344 
16548444 
14538297 
118375482 
57663868 
28934447 
77624317 
48261820 
759406 
14583584 
124836835 
4485601 
126042808 
30825132 
82322066 
107384603 
59902440 
58210128 
37378109 
48203851 
1846741 
28832890 
84267733 
109748373 
28671054 
70679409 
103852109 
125113198 
27971734 
30635236 
19857361 
16338503 
38387382 
118598740 
86477257 
80710022 
102104851 
122482558 
71990456 
34276880 
101006101 
29687029 
27151494 
50977984 
101140357 
75417795 
35109398 
20829274 
99813303 
35109088 
82322879 
19600743 
18213310 
27530843 
26016102 
124391431 
17348055 
14758081 
58616688 
52176482 
83858880 
82783017 
45499647 
15384093 
55048455 
19622699 
29356560 
34927868 
14680015 
15240093 
14382185 
26163545 
17626585 
19987647 
81592573 
106279660 
22586827 
14344490 
14998739 
14440653 
45334629 
126483780 
34152766 
91418802 
25054714 
17096033 
15861987 
14554052 
41131323 
55177823 
68013561 
28047249 
19755505 
18690799 
121918617 
39398012 
127370829 
25521285 
31480482 
779135 
60347353 
94367579 
43236438 
53189333 
97097023 
128699265 
21781080 
117479267 
2026431 
118150599 
24596958 
20032587 
64775835 
90806847 
16212579 
17299225 
29766169 
57683587 
89456071 
46178893 
108493421 
21111242 
101423704 
35812744 
6655492 
14114389 
105269852 
100011155 
991381 
117100959 
34888230 
118781753 
66504422 
128497535 
41356771 
81129822 
82494528 
19644356 
80274380 
78918326 
62740909 
31214725 
112044160 
40835319 
62440725 
65593481 
25092976 
17456470 
58992298 
39220062 
21182130 
55096979 
20938701 
18059948 
16442847 
94188614 
90036495 
69793703 
24144266 
122299167 
19700315 
51574687 
74616361 
81972657 
124928468 
21541796 
21293666 
74599299 
20124224 
101902301 
49907959 
116684921 
66381648 
15732255 
125885803 
100703563 
44805711 
124592894 
25653589 
76422407 
112500270 
128056510 
88262457 
15139743 
58211806 
24548830 
19322674 
16648997 
33650939 
19719121 
16110703 
127633101 
113441654 
13283172 
38377039 
15699442 
52193210 
21420312 
6334572 
28374297 
17919194 
7072022 
20260975 
33706062 
33638087 
55532419 
68577562 
60706512 
117299549 
103951887 
23847628 
53718253 
61595468 
763904 
72716405 
17913907 
15122165 
22539636 
116369751 
97142263 
15945299 
25938772 
88768300 
18069748 
19604543 
16204812 
46802212 
21362562 
106887781 
53977034 
115188168 
78242588 
30606322 
107444855 
82954038 
55697682 
118283327 
28213730 
102894168 
22293463 
15453143 
5513352 
110284060 
35924569 
105605063 
37141922 
37961614 
85628522 
20467456 
38670472 
40941197 
44319857 
68358627 
18088746 
116992351 
37959946 
39885971 
35765588 
36109274 
22956745 
100155849 
14816470 
88214514 
31461260 
6012782 
109126884 
108662833 
15299829 
55146602 
87251536 
24623159 
15714896 
75289807 
15889455 
112778165 
18305153 
17593060 
95302440 
62969155 
102104116 
39885001 
81228586 
92615992 
100976600 
17458907 
21874065 
15342518 
28497548 
20528377 
90173340 
32955043 
42777877 
19974615 
27549851 
107694101 
120809081 
117211541 
100781799 
28388719 
27572373 
22179246 
15861405 
69042173 
63521984 
38521085 
31268555 
841461 
19976422 
15929033 
19251085 
29080502 
43724711 
17261644 
820585 
25508809 
16723838 
80451947 
24458968 
86205844 
15679418 
34825601 
3130401 
114489373 
33331887 
14247313 
18000670 
15098496 
19116865 
22406829 
15650816 
15927942 
63117558 
22697158 
7404012 
17449925 
28955675 
21153631 
32415055 
18746746 
28665445 
64209269 
28578358 
34498430 
44984751 
22107861 
32963601 
15826900 
18308067 
29795618 
17840575 
29077856 
18479897 
42347355 
18137816 
105723516 
79088044 
39507510 
19800641 
123079214 
21256581 
14463271 
36827117 
87730832 
107846387 
68722975 
21859041 
74023730 
100350888 
55958403 
17531748 
25124777 
16703461 
64562020 
20162446 
111202297 
7443022 
103890442 
19683829 
37764765 
16880597 
90895005 
125174735 
29245828 
22669603 
35498713 
113738404 
86185125 
18410223 
116979546 
13828552 
113452102 
74516508 
62911012 
127535046 
40164851 
59183145 
86853590 
17369034 
18164926 
109475554 
22003931 
14149540 
77364368 
19572786 
18259777 
70051310 
68417098 
70015969 
65733403 
27866635 
103983828 
124891668 
16657543 
55630913 
97186176 
127435241 
87700171 
27762474 
22413949 
43663442 
82330801 
25121002 
54793629 
6645552 
23778216 
17440728 
15025059 
47736008 
100541477 
82098779 
92302054 
117529205 
46627530 
127010103 
113857019 
15210328 
33855641 
19617993 
114449094 
100522578 
112820844 
115190237 
45564715 
20782917 
39966764 
102065692 
128135948 
106356581 
23300770 
50943 
18374131 
70296574 
128165624 
107437949 
117153920 
102625294 
28482555 
104011261 
46268298 
125564894 
117667194 
18355295 
31727805 
25208756 
94270484 
33891867 
19053377 
92143913 
109079760 
16386937 
25187559 
111601059 
12638452 
107841815 
120628642 
14731359 
29916875 
105040576 
87288741 
16639702 
26679641 
15374280 
16538514 
99680754 
62116141 
17674009 
60496504 
32309348 
15461391 
52638730 
45290955 
126694785 
123304456 
38048085 
42738935 
121594230 
96623653 
30256118 
5554502 
30799627 
51333029 
87703622 
51972735 
36001857 
1787821 
41890529 
21640467 
122480526 
18903438 
59535667 
101856025 
16661121 
89763736 
99428735 
35562801 
43452851 
57256460 
122965144 
15419925 
22902335 
14759049 
32653911 
35241769 
30944167 
27505823 
14479299 
47793535 
116105190 
7336232 
27072802 
27465398 
107554943 
116551890 
9085532 
110850507 
39608246 
48732082 
45710929 
55881936 
26836092 
13879762 
11880742 
7059012 
62697566 
82154110 
82127454 
20784474 
103760538 
15569500 
124025383 
59654720 
25549160 
87703890 
21859100 
27085288 
58125662 
18478342 
103750854 
41024022 
19849980 
15755923 
63008801 
27685955 
81691133 
43764476 
21995408 
43697543 
90536776 
74260874 
7113252 
56582251 
23989968 
26035999 
7609992 
70356979 
80496198 
17343124 
125135365 
56271159 
15724230 
101098969 
1975121 
16678826 
27793911 
128006155 
41916943 
7789812 
51908250 
23134416 
15883275 
125145314 
14536559 
116866706 
80630279 
121518834 
90249926 
16150255 
64230389 
25217954 
86394268 
39976503 
88684483 
11447852 
35496497 
106908749 
113343082 
67003480 
86157013 
20623518 
63687504 
46113904 
126648287 
15567081 
18235204 
114547906 
15569574 
19538986 
59008777 
119876809 
24771128 
19737362 
71602155 
101965898 
28644610 
22860830 
22511264 
40282183 
28460105 
13494562 
56500046 
61484534 
81852750 
17811915 
101531177 
90361426 
20542280 
63840958 
18936866 
54689747 
19273794 
120274934 
101029559 
110885537 
4391591 
126327405 
33407615 
109297331 
125170970 
112356589 
109642369 
15069313 
103890335 
47862642 
21554440 
127733698 
88139108 
19049666 
24546472 
33448773 
23169730 
18962141 
127346527 
35060197 
41726494 
125153671 
120139449 
19511386 
53237943 
13418782 
7512442 
93600785 
102807848 
81456903 
36149456 
83645183 
18687445 
46613744 
67681804 
25848737 
23117916 
55002097 
42151302 
127125324 
39680854 
93468873 
18435211 
26403610 
111842405 
28064660 
8266412 
92201464 
126561616 
29976816 
122521404 
77527867 
109309183 
63156310 
95148259 
42990526 
107547197 
36106238 
31489989 
23348442 
113804918 
14270208 
106641003 
100133346 
24072419 
15793567 
16190278 
127876343 
19771382 
74450603 
19366046 
9252172 
28256294 
10222202 
27319967 
21979372 
72915373 
21935703 
15884412 
50476834 
22378139 
21198477 
57512034 
24459649 
26960252 
17242342 
15150136 
83715655 
122965681 
124990255 
28820997 
76593733 
114877581 
56054445 
110109298 
20012711 
17593877 
32459005 
21250848 
16518496 
116458307 
126963683 
6758032 
125207851 
97416538 
45937428 
98573397 
51964136 
108080856 
109655548 
116017142 
63812619 
126225075 
121949767 
111061667 
127771335 
98295565 
41034472 
24939261 
23965804 
19822506 
49079990 
55723869 
66802769 
101349425 
39922136 
18853579 
64329922 
104707131 
46833115 
86322009 
71956580 
46493894 
15921753 
107397389 
32265218 
48917799 
42123372 
109585579 
15167116 
35668812 
14149000 
38719693 
27533391 
19311661 
18915179 
127372856 
25491863 
17728677 
34848740 
64101304 
75951808 
15231060 
61634659 
27509283 
25538371 
25415558 
127644849 
118947914 
39499795 
35345140 
21849638 
16109254 
82199759 
37103534 
33542730 
115749654 
9331962 
33057330 
105853944 
53440929 
108888234 
50193955 
26592047 
44154461 
107932953 
35107611 
118505834 
88563199 
121769660 
18124474 
16486102 
49390479 
15282830 
14540139 
71408183 
40469412 
20308419 
7944982 
15428538 
21359197 
113576518 
14729721 
28697544 
103229730 
96802831 
100444029 
17237312 
14475984 
35171133 
96277147 
101040284 
40485150 
51698176 
21329702 
109791065 
20982158 
97354038 
25215876 
98827489 
122134176 
41225285 
21401624 
113770623 
25183947 
46628185 
14398366 
34348321 
21531760 
124580507 
17899182 
20959545 
87301620 
39766110 
96385332 
114295721 
95402302 
41326847 
121263454 
22890559 
121654080 
96532015 
30755524 
115492293 
22032451 
7092102 
15343662 
46073320 
15413101 
21674450 
108309518 
20061458 
88882800 
66385397 
22802512 
117055283 
15119910 
116891009 
24444173 
14706239 
112459946 
45615915 
51147229 
68432214 
90788725 
21203023 
30342154 
23623083 
96549983 
35095278 
10221272 
21843417 
34420955 
22856002 
27388780 
14070091 
101881064 
79411686 
91910576 
66890032 
42819931 
28140151 
114985442 
16684637 
47866942 
62067034 
61265818 
54599815 
76162960 
29905606 
4442241 
127410234 
117822140 
34171942 
35499144 
25895459 
112531315 
17085666 
56281592 
52219763 
44433924 
31245293 
116877998 
120481167 
36898993 
39828069 
62484165 
47230559 
51613664 
30581247 
42616304 
22585003 
77821841 
36742818 
49051321 
52225847 
123144458 
25523679 
107136146 
28041532 
21692629 
53705692 
6488602 
97535231 
24983417 
29937131 
38287514 
20752560 
44466227 
14066552 
65493822 
81219776 
77317015 
24395017 
74224351 
22034524 
17392836 
57757662 
44117436 
16259997 
43350189 
16026750 
79024721 
103323290 
85339252 
117791262 
14077746 
119441363 
32461562 
28265231 
14923268 
1282471 
15063431 
108743417 
74913349 
112631141 
16159121 
125445712 
14705027 
34365328 
28639372 
83674428 
24127618 
72664430 
5458792 
56676810 
98615307 
21787131 
97334611 
14553624 
14428298 
51053625 
18059761 
8388692 
18039252 
121980741 
43144788 
109322115 
21784745 
34314872 
39353177 
122442775 
88988561 
17923003 
16834554 
22321329 
22953410 
19072259 
15598845 
15283264 
14735310 
80836276 
26380884 
117299603 
116296209 
77173175 
19514365 
91230235 
15017266 
26969024 
36923627 
28384762 
23641580 
43922300 
26988055 
127478326 
5556632 
82335480 
22090285 
30296299 
14432616 
120697689 
28797863 
97670136 
11581152 
18455130 
14307082 
93584879 
26513926 
44644552 
20971790 
49549336 
82341321 
53489326 
69505615 
14345142 
37977434 
24168658 
83249888 
24340405 
10454082 
95865944 
31086089 
97325231 
90564671 
126887450 
55090066 
24287686 
109542114 
15378325 
110693366 
36839196 
60873040 
15975143 
19696244 
38358662 
27837521 
23856503 
16267717 
84271052 
123523945 
53100906 
126679587 
9322692 
20354598 
56568227 
117262621 
19879672 
23430410 
126437055 
110907182 
22280791 
30424533 
29348052 
14364378 
34448174 
15916733 
44943360 
35371180 
5575202 
16100217 
86232296 
14181853 
91183549 
28468683 
24745909 
15587763 
16238065 
43989066 
107432389 
97502225 
119965802 
41906125 
127132156 
14326299 
121873977 
1292561 
26496175 
17722780 
31027887 
118279598 
15533067 
9528942 
24145722 
9233562 
7836512 
14120099 
15804212 
14609427 
18499162 
59699957 
56043391 
123763953 
75386439 
123061102 
38890721 
36822750 
21702454 
12363792 
20822755 
47631084 
71852328 
92068268 
109952577 
26641906 
69674849 
23900334 
16021608 
58275418 
32279563 
118818165 
103117592 
27829140 
81930884 
42049207 
69374090 
19517166 
22283188 
11589752 
105722029 
90126276 
18270872 
70280254 
91925689 
74823376 
14950935 
61895115 
8228652 
36750128 
16333224 
17725498 
115268246 
72984842 
38126112 
29977282 
16115768 
116096681 
33590429 
94465159 
17126519 
17935988 
77321455 
75903151 
122513092 
30888723 
101564150 
14298819 
7905802 
127327860 
44906656 
37446563 
20254569 
117211519 
16478268 
21392592 
82335661 
25583514 
33839098 
35983126 
90784205 
44016999 
17655003 
17583406 
15496763 
117218278 
82245077 
85799201 
71484121 
17522586 
94595319 
66488439 
84457950 
126703917 
41437506 
80710398 
124837297 
33768856 
88782964 
41465024 
126963433 
15130834 
122535656 
15485646 
68588242 
37230866 
53264053 
91710299 
17630711 
101918006 
20290428 
39925613 
36548587 
6314042 
107275098 
43141418 
14724566 
37347621 
18027791 
14929640 
40340919 
41529210 
22491454 
41854914 
17924574 
28048327 
78983537 
48028762 
87311386 
34813271 
38651490 
18248222 
19246302 
52818091 
33312116 
12182052 
22969221 
126721914 
66550325 
14355023 
18663322 
21666438 
24738044 
16143094 
77285641 
102243214 
14346659 
32632851 
57702921 
20036944 
98077958 
48322870 
18047493 
123856230 
13751932 
14150928 
15131083 
34261224 
21765847 
42245016 
16532851 
17947574 
103974867 
108767883 
95807915 
103413487 
1193951 
15384408 
30971114 
14902937 
26564529 
120348333 
16691228 
10504042 
40431069 
125951091 
49037901 
21796020 
11443372 
23869902 
14980685 
20835489 
43666433 
55200734 
110966424 
94984177 
22496675 
121135139 
70422709 
33480071 
53868547 
112186765 
27420040 
14156434 
91713464 
60774632 
22295007 
43285613 
42179531 
43069164 
109371352 
10334842 
100780745 
59306487 
68380264 
37459702 
16864084 
15331795 
97407906 
25267425 
73403147 
80101063 
40434781 
39948569 
15273206 
14994366 
36580044 
118994671 
10223152 
22945219 
64209761 
31480874 
124236507 
14066913 
70176189 
28877685 
43558123 
77059436 
127120270 
105699023 
40306850 
24255018 
16424565 
14367052 
21144818 
34203652 
93746566 
79620672 
22595862 
43539889 
38721795 
16664341 
15153542 
23256978 
71359226 
125430845 
90001074 
57152991 
16793440 
15099310 
57362683 
17793206 
94889613 
86384749 
19689267 
78301569 
68682097 
103778501 
16435645 
23130684 
40990020 
122669798 
18785182 
20176362 
126460351 
16434256 
14874218 
18909605 
113244798 
126113106 
46382977 
77669918 
24935283 
18183933 
73849239 
54928133 
21745666 
21478063 
58986589 
123890696 
15823481 
27496272 
119159538 
11918112 
14178395 
18089605 
82896032 
122869862 
60607333 
16906414 
42666633 
43144049 
24549603 
17826240 
36798898 
15427323 
86081148 
71704632 
15241599 
44363442 
123372957 
122307692 
21410992 
16159099 
114579295 
111498620 
118713404 
95262782 
21492004 
74684502 
14437159 
22719979 
6350582 
14629877 
125810575 
21414990 
37075222 
117865657 
100734704 
1986421 
16537175 
25890358 
11397542 
20689608 
37789629 
29016432 
10564052 
1393571 
65181946 
16024218 
98433729 
111136695 
73489316 
40614889 
29081574 
64692631 
69372487 
69608969 
34781592 
93632636 
43577664 
121678058 
19702073 
11993432 
14859705 
19946746 
47425454 
25229301 
71619153 
118136557 
108297430 
21528542 
15694419 
119232591 
36339095 
20176548 
15623837 
108366118 
41029476 
19636539 
6777352 
24322876 
121865079 
42985322 
19728071 
19700860 
16603948 
23830366 
115827900 
39480858 
88263492 
116803367 
34517121 
119546862 
24465975 
108330584 
111390703 
77862095 
19686858 
15184873 
63555593 
71000263 
18434822 
40980169 
126723492 
39167280 
104965504 
16245127 
30047218 
87487545 
15347117 
22165273 
18164755 
24474527 
18454938 
18260081 
51936591 
39919514 
14803988 
12068062 
44943417 
34835750 
15275865 
17773569 
25548387 
40773471 
20479577 
14613184 
35711901 
56800772 
90023857 
17807361 
16404962 
38383905 
101037232 
100785606 
25309798 
61027424 
15912577 
22450560 
21436587 
33034062 
51987390 
16063860 
117653942 
76958053 
74613715 
16581076 
18559343 
124724829 
123620847 
84856979 
28554856 
23885327 
70812366 
17069686 
100576720 
93237762 
22239541 
22420312 
65986236 
29507206 
15015133 
22883722 
27538109 
17665980 
114214064 
19152860 
16242419 
56815719 
82535173 
48945238 
37377888 
15443571 
68736766 
25580440 
111765759 
44721141 
70671258 
14476503 
69705683 
19477159 
120495816 
22690835 
20402209 
67616962 
84967331 
37104861 
108670833 
80700859 
54643878 
57884925 
36923184 
24809232 
66243456 
25165865 
17052822 
81536271 
14827943 
26238740 
92577951 
19100603 
44883662 
101264908 
91568439 
57575782 
73966294 
61690865 
17490666 
30035861 
28803396 
98900079 
41826833 
11491312 
19169414 
100628397 
51354554 
18205859 
84014897 
54955718 
115610763 
124319892 
126727659 
9228342 
78726321 
70702027 
121062884 
65712317 
16655604 
75883625 
28650065 
42080969 
36702060 
6338632 
42397580 
57386414 
108689751 
54760114 
80677811 
17390112 
42271640 
25322847 
80542480 
14792641 
119749220 
41096396 
95757831 
26684753 
52479472 
81469041 
61885080 
63665077 
21471982 
54558162 
118415762 
112773277 
76903173 
118353868 
18613899 
121945833 
61578984 
82341891 
112238291 
47199801 
102522877 
105972565 
22112102 
48800352 
42320719 
68216659 
29420295 
15399743 
100799324 
21379913 
16687755 
1860231 
122954389 
90759140 
6862452 
38031854 
121132043 
99166833 
21500213 
16345210 
115295476 
119992435 
36316807 
22113312 
13898012 
20428963 
74084428 
97617788 
16218320 
59890101 
82335336 
87306431 
64985620 
1004021 
40770614 
50776180 
12434452 
106618904 
17416463 
21690505 
23748058 
68668475 
100256096 
101903791 
20789709 
15931049 
7304482 
61972176 
91259110 
97889172 
102046221 
40468756 
48189930 
24769580 
16418022 
38485863 
27089302 
40763363 
89672932 
30720370 
82535037 
18880691 
125761319 
19849900 
14747824 
27447379 
23102115 
64392631 
90333129 
41831995 
56816274 
102145467 
77433453 
48391221 
6368162 
18865969 
1973461 
40821440 
59246879 
68604347 
10375022 
46592235 
112016998 
29237616 
24713310 
109050924 
10268302 
25784629 
41605030 
121873906 
103787753 
24062400 
18777528 
24563822 
119335399 
42475511 
27347158 
69051623 
15713334 
81252536 
104658376 
42956808 
28495802 
52132491 
14371835 
36208921 
37350332 
54296629 
61325384 
104387812 
101858828 
27606072 
80445925 
20547172 
122774026 
121616702 
82337005 
35976630 
109413124 
20932654 
19129990 
106519300 
15137920 
21085972 
25337963 
44457802 
118724215 
19015761 
35543439 
76788719 
21333279 
21777470 
60930156 
14354954 
106276507 
82581565 
125241195 
118514735 
79865460 
16297590 
74563472 
67702782 
10086402 
69696957 
80780486 
75090633 
110260880 
115513000 
15854716 
15176847 
121241495 
115396965 
14287590 
120200574 
15065900 
123549439 
30888496 
29396184 
117541829 
32415158 
80900937 
15891162 
19888859 
33576500 
16442512 
23728678 
60755598 
47866264 
60370145 
34389236 
80377750 
38900100 
43924482 
19111507 
108782582 
16302072 
30225687 
19491657 
16614348 
69411081 
80078355 
14415108 
7121092 
19569255 
15468111 
21926451 
72450811 
15578298 
95565201 
30699633 
30108862 
85207806 
73074608 
21717987 
19788905 
77473488 
29875240 
126195853 
17090306 
53140021 
82923187 
113033986 
115256779 
19139983 
15407352 
19404430 
24840822 
57336056 
25108476 
16898309 
15152724 
36871372 
17373162 
47657751 
14648406 
32130632 
17492293 
112020339 
16972773 
21303464 
35398412 
26780641 
35016321 
16802900 
84740162 
14231458 
67514688 
32138494 
16659226 
14216123 
61754377 
115697394 
84440417 
103273587 
55424026 
123998659 
88501164 
31081952 
73438919 
22878359 
67882640 
95355599 
20963470 
46069511 
30722527 
101760947 
15871416 
70052910 
14404402 
64734995 
79170449 
121435785 
105746473 
19095414 
23214110 
25175101 
10897212 
73946399 
124269924 
84774312 
51875816 
22814055 
121790897 
8044982 
31897870 
50784509 
113706326 
17858631 
19950184 
124409609 
18280975 
87608992 
85981817 
36118351 
14845309 
106926330 
75119875 
37947895 
23887156 
57786144 
25029153 
27260103 
117323956 
102266800 
41714845 
22227375 
108622990 
17854303 
36340899 
12465202 
1059191 
14648779 
117682690 
19756537 
29403856 
24553789 
122866162 
17118025 
114112302 
26440781 
17605766 
125768301 
24962387 
34767982 
88407177 
70863332 
114108078 
15146649 
84972818 
5848792 
18038399 
8410102 
21022888 
18346325 
45461248 
114359424 
94403636 
92781816 
65535433 
96249239 
60825470 
110844804 
18754789 
45524136 
36072408 
13929882 
51537202 
27735417 
15568613 
46377041 
123324592 
47293 
83715709 
9300652 
1228481 
16248228 
33713438 
22688731 
125743646 
79655100 
55941092 
16712387 
27184509 
126061523 
14310751 
28823145 
18258829 
110001173 
35104395 
123991455 
14055088 
44815095 
96198859 
2084291 
39949207 
51326204 
69076956 
125821248 
18272605 
66401056 
23820049 
15892635 
58936488 
106513645 
18775167 
123792371 
126114390 
10959642 
61853325 
18593706 
16046302 
107220356 
37685230 
16566842 
65733298 
20778350 
24281462 
19826873 
20225048 
49428160 
19405610 
14840869 
20250569 
36779581 
6940612 
22035691 
79246189 
16206263 
28652403 
58910469 
19225654 
57399063 
17865073 
23492865 
104935325 
69994019 
104042461 
37936484 
67728318 
122918060 
15909104 
17025003 
48463467 
105880712 
23122377 
90903401 
109067697 
85217315 
21994109 
47688518 
11784312 
88204177 
5942292 
14323863 
15844727 
68396877 
91668779 
20157526 
15078656 
12068532 
125265798 
80560300 
74746031 
40713225 
15817471 
8273062 
36374670 
85954132 
15646009 
14947085 
44411854 
8320162 
22056008 
30945746 
77026978 
62744277 
74283519 
43573487 
105058387 
29403451 
17064511 
88033349 
22635623 
26023281 
26979044 
7325542 
46511375 
19598596 
15942560 
85840429 
5683952 
65515261 
19637632 
32408124 
19296670 
65725135 
17925141 
62688644 
778086 
59689793 
91578585 
31375308 
54172568 
18922390 
75128093 
100009323 
114741972 
46470860 
47526181 
77934649 
27585991 
120655724 
22190119 
54741909 
38270225 
125902510 
19912311 
85364657 
90639066 
19928022 
97472870 
54502507 
15670452 
37010400 
116769215 
125897893 
121636145 
21465883 
18316486 
110041233 
4375981 
28313920 
45861656 
16621834 
36712147 
47202649 
43302130 
14205381 
14648659 
114023848 
85000253 
123339497 
65608864 
28401819 
24017289 
40801911 
20351695 
26453475 
15013001 
118654450 
16424136 
88780642 
15311623 
106734912 
34852918 
73136604 
25110671 
43220474 
15595167 
30835377 
37361070 
95332681 
112791928 
119587630 
125449021 
50381953 
14841032 
89450929 
40424320 
21067417 
26370925 
102346880 
12629342 
116082087 
63031777 
26817723 
36751886 
114750781 
116293226 
16012650 
125438604 
14415119 
77083720 
18081289 
16705464 
47871339 
37234902 
10990102 
14348086 
4831781 
88270801 
15539161 
23049845 
32379833 
20610281 
81407033 
14688690 
25678033 
19335659 
69279849 
24797350 
26287616 
103283886 
21011040 
125541917 
21138553 
52255711 
28983878 
17621381 
23827892 
65232567 
12719822 
43541792 
14326244 
56007755 
95084805 
83139036 
34199108 
38502704 
25081891 
40055460 
111200530 
23410548 
16212509 
18486446 
117188363 
118567790 
52153536 
26930355 
17853760 
26717837 
23333893 
16411361 
19594102 
113532250 
27922696 
15811400 
62675747 
31048233 
56107738 
115481872 
41313796 
24565853 
25213236 
17165909 
14894326 
98776548 
87239637 
49852323 
80276897 
21264264 
60226545 
23638360 
122521411 
32099323 
18581984 
82100109 
105721303 
14523404 
64694137 
15030439 
122593125 
94245335 
40950936 
92335536 
24490913 
50770494 
36961180 
16456875 
20446096 
32127449 
19478268 
67510677 
19416239 
74500606 
26389172 
15302903 
37896556 
20158258 
94143982 
14558381 
95956381 
21601934 
14500608 
14059122 
14174617 
14884465 
37882813 
24728359 
24380294 
41345200 
111345923 
97543731 
19663219 
35849604 
40884969 
87937279 
109197979 
78814142 
20464559 
21414830 
18425743 
34582589 
81873794 
41445198 
41123794 
15953602 
80853684 
17851367 
117876835 
29688258 
17217451 
51217342 
103298240 
44178535 
46079062 
120599899 
26008384 
106697101 
16349125 
16339845 
18886919 
24192675 
83454820 
117800177 
107849469 
117435061 
68740996 
33150357 
42140729 
15667763 
18115134 
82335120 
62001001 
60889106 
116951435 
20963875 
108988783 
104422374 
46542893 
80690700 
7476832 
67825972 
17421678 
28511101 
112201515 
98514543 
23114179 
22454245 
14121167 
41454597 
81377822 
84815030 
110448862 
74353718 
20903366 
46275095 
11644152 
90750279 
69008724 
45425038 
37079489 
27167114 
21432334 
85751672 
28470240 
30724425 
18203092 
41147379 
18655498 
18413036 
83904298 
23537917 
121302731 
615413 
16606178 
91217103 
14264410 
20259564 
64496398 
21876142 
79266612 
89592529 
44112249 
29253110 
30673456 
101641752 
36580296 
15976227 
14782011 
44622232 
122101274 
15487509 
22437671 
25849873 
29782950 
35658347 
14218152 
18089142 
57466954 
34724069 
39866612 
15352088 
17088407 
25453312 
14849984 
32948902 
125490505 
16197270 
21551883 
121292638 
74420805 
125303770 
16553076 
78706665 
93921886 
20408473 
21091381 
19940741 
46113751 
78134592 
14753312 
79233154 
34550971 
45457580 
54774704 
46446766 
120703080 
22961015 
20641918 
19790504 
74663967 
51409718 
63853665 
76952859 
19466644 
15631981 
18639259 
91748292 
84419299 
21561205 
81181888 
27914990 
40860563 
37648677 
65726673 
16121207 
73143907 
16248788 
21661499 
16119960 
82334937 
14343196 
52442836 
97893514 
42065471 
93806461 
17436334 
121893398 
46051524 
34890041 
101285509 
45772406 
84327378 
16419529 
17748015 
18345968 
112458779 
73102674 
24883675 
33668613 
119478837 
37023719 
52773413 
18022387 
24610129 
85026114 
124546583 
24425895 
36092605 
32877838 
124336717 
116830121 
121550080 
19973494 
23957336 
48867259 
20860056 
65895724 
22019009 
26301428 
65800700 
19322545 
36170884 
14624843 
25151456 
26008678 
124730465 
105699495 
35811761 
29530851 
41259424 
65996725 
53085435 
18109396 
38207608 
115091770 
49574189 
16502825 
40006463 
30638099 
66674797 
76041764 
44640793 
46427611 
74374431 
27509823 
124183529 
76709008 
17676624 
15827852 
113586831 
26768248 
112234965 
20193926 
57764158 
53177967 
15312508 
30444659 
780240 
26531112 
89060990 
101000835 
101824729 
25544128 
101754013 
14599943 
17307081 
121993344 
41599242 
68509274 
124499468 
100362062 
21316653 
27949750 
31264974 
24585756 
32351422 
52617939 
71891464 
95095389 
20185411 
107795884 
125289812 
29096620 
107869752 
43915864 
116717547 
30186368 
102458560 
108300581 
14658950 
66277167 
22342983 
64674027 
26115093 
30859031 
68587955 
52719260 
122512332 
57877372 
22731220 
6928072 
105704785 
18472153 
15714328 
44034947 
40423965 
37022973 
68330122 
18318375 
55428415 
48111967 
53846622 
16018466 
20742777 
40523766 
39204776 
30419163 
40767848 
23440682 
32815733 
48502930 
48120981 
58406606 
34622326 
23441624 
112977054 
23573950 
20345712 
16993511 
71148879 
79366890 
18660838 
91217320 
15351218 
14999845 
17668638 
76980539 
25953669 
106924329 
16172464 
60110714 
24668962 
21666844 
18351083 
29402318 
30030307 
30808492 
28303352 
29480976 
101967498 
35658394 
33525470 
21527463 
22513345 
75447444 
18081448 
99886188 
123122107 
27523593 
107359314 
10995822 
53777616 
17725078 
29264819 
17232441 
16587774 
44998933 
15602120 
24087984 
16583845 
25775448 
30569771 
84892532 
8415862 
117068207 
21822731 
95677300 
21087154 
15468622 
103588864 
116760149 
14347476 
17226556 
16244449 
66376233 
87274767 
15986532 
17146366 
54561550 
65938222 
53991876 
22444793 
70587540 
66084837 
14660496 
87967109 
62562413 
18506772 
65541178 
41833124 
1440641 
30890235 
5784822 
18944397 
55267573 
12027252 
26074656 
7284742 
53932318 
100701839 
14354910 
79465383 
52491974 
64954695 
28778101 
122019842 
58259471 
25437645 
1434251 
124285253 
29296992 
93722122 
97637686 
24073440 
113078274 
61097312 
15631004 
14425144 
39778406 
115797883 
26910457 
14056454 
35055697 
116966823 
21230989 
55928676 
29413912 
103167766 
70062665 
62109481 
69235234 
44128724 
16398380 
23135072 
74488525 
14583894 
19086620 
14324251 
15939540 
25519230 
122268970 
69521039 
116247523 
95823074 
120916596 
620233 
100943213 
124422401 
41289843 
23197169 
16566610 
24784813 
37725640 
22604439 
18895097 
109737437 
103179288 
53720970 
113364104 
5936272 
64680317 
112516805 
10528182 
113503430 
8736882 
15287663 
20710809 
17906757 
46514173 
56556297 
77772969 
18883360 
121541503 
110748698 
96931516 
41646465 
23813119 
25752891 
15607632 
42223566 
17094690 
37091744 
28842682 
96912336 
50349732 
18692552 
20065936 
61362439 
37004536 
16558413 
17324220 
51060049 
82795575 
84929806 
82237269 
61819986 
122536915 
1095871 
78713799 
69270107 
32359400 
117133190 
42638195 
50598451 
20018501 
40488486 
57995877 
35055992 
2535761 
23058803 
42520414 
65367158 
32033735 
17101081 
77609109 
75640316 
112905533 
17087437 
28924620 
111619678 
30717978 
72592056 
15312484 
121515010 
113417258 
37288556 
19316480 
26999412 
78112029 
20559017 
114442809 
122988784 
22849113 
104080619 
59478407 
67673793 
24882361 
17197299 
116632664 
26467791 
8687802 
47192505 
34832334 
32836769 
52912064 
24216744 
16076890 
108251550 
40812754 
32465028 
16672255 
49543667 
45691495 
25983367 
79978394 
11704152 
116496067 
4878521 
15228864 
20168476 
22135849 
20062024 
92538805 
21548000 
76450444 
26563562 
105745742 
55491227 
72847558 
117742745 
40554371 
46494352 
27657961 
114821079 
19973040 
118573185 
19141444 
38767581 
70983666 
38028184 
27146861 
24487663 
10693472 
118780654 
57801053 
72621564 
96072188 
16335746 
38766720 
19695784 
105656238 
26483377 
18449101 
14811951 
79642792 
124442843 
68492202 
87771753 
123411870 
38107360 
37385748 
69495044 
79806629 
101895393 
55304714 
28987977 
25361817 
21891950 
26650641 
124935348 
53969028 
15732091 
9301262 
36817412 
107325597 
69816880 
80772681 
13284792 
14271227 
41909424 
82242405 
23720826 
17390390 
19049119 
83897606 
46798874 
12701412 
74152225 
42965630 
58354902 
17563445 
40182941 
96150716 
68856307 
66571304 
123105016 
16422552 
36107985 
13549532 
113749538 
98020240 
18922887 
20651983 
15859714 
118500307 
14701320 
35438690 
14100617 
12563172 
16665841 
36512422 
28185459 
123931221 
20110798 
32588729 
15647028 
12508692 
24733724 
124805094 
67749919 
45406672 
102136772 
117645696 
14096369 
33917686 
8403632 
23671125 
38213760 
48222731 
124863675 
91625394 
18477068 
45756760 
124856091 
62160005 
41302415 
53172629 
29048430 
116214175 
109628176 
82312370 
93995548 
33734271 
29391814 
19351558 
23864985 
30013449 
52784850 
123241370 
90017911 
22524808 
22721475 
62266157 
31849962 
41609185 
80552872 
104830393 
14742520 
117961332 
76420745 
98125215 
18806200 
17201202 
24394398 
1053931 
73473455 
16413634 
10219 
34428301 
54729285 
92524601 
107943025 
115974212 
26956531 
29350133 
116474487 
28005035 
124783329 
41656399 
19180998 
124720916 
31597009 
121514503 
15337675 
45828731 
107351689 
44737392 
99266184 
36330200 
17887849 
85798470 
22969702 
48509098 
94185210 
66310682 
94655817 
71723997 
13152842 
14435441 
19910508 
17604603 
16388391 
116311604 
103141855 
16326887 
94776871 
40609841 
81943783 
103654465 
124153504 
30989326 
52332240 
60439369 
10160882 
86961782 
106634235 
33688990 
95049017 
70785183 
15676015 
46635486 
15203849 
46872600 
44320979 
23738778 
13434592 
15367944 
53109956 
63153228 
45807501 
30278107 
104868298 
43793891 
76949341 
104548064 
121445880 
73076339 
52401733 
32138261 
46983871 
653503 
34825630 
18781392 
68354573 
33508422 
21753392 
68058704 
14905780 
81227385 
18815605 
79661537 
123257345 
40194611 
103720999 
82449198 
15423258 
38766111 
50613535 
62254452 
17062618 
90740353 
107854708 
114001980 
28518703 
39541081 
85891665 
41338778 
27602205 
47639327 
65701659 
118514271 
71573102 
123840394 
102574900 
82535380 
39255855 
92669436 
26541862 
102470550 
90089627 
20207877 
23968568 
83592957 
21404454 
65831200 
105031093 
32133548 
17062558 
19028615 
769569 
17068579 
77825250 
22354053 
37921956 
116358327 
13518662 
114713332 
17645191 
72176718 
90569896 
43108000 
62592610 
17581955 
19409458 
77540638 
33549506 
77649470 
99545595 
94380580 
56056641 
32838340 
96215540 
15097088 
119039126 
16153984 
74296804 
110017859 
19502805 
19404979 
112745004 
11523942 
40201725 
120692827 
19919463 
18848497 
61818800 
15578490 
22964572 
26075079 
90789142 
124638934 
14455728 
124149018 
15622504 
36077954 
75890740 
34835038 
16280260 
36853893 
51365605 
82322244 
96613630 
77550094 
18890405 
69929386 
15815072 
105790868 
26760652 
110906578 
34432277 
96424003 
34505685 
44688684 
74601890 
44161970 
19624912 
70611795 
51044304 
38076460 
123227790 
14170236 
48056284 
21832133 
18940150 
92200913 
72595456 
39438261 
64924263 
28924472 
90459065 
34174928 
122786169 
20828852 
117853833 
116247868 
30869786 
89683343 
23008483 
14210115 
116039842 
27365942 
15708172 
41866297 
53798834 
24997638 
67698748 
20415405 
17429888 
7439792 
39888071 
25548064 
75103172 
21876890 
25278782 
34524875 
120021078 
85569799 
43993080 
25869873 
28957131 
100771566 
23423088 
61630048 
85581185 
25097977 
19831307 
40055379 
124458049 
62002835 
49313161 
124234226 
115427615 
26848886 
17238552 
16382525 
90274064 
21114834 
17485489 
14588423 
9551802 
111781261 
66033178 
80368562 
23099812 
54451722 
17560191 
19628461 
39903600 
9870952 
40234812 
11026952 
113119226 
106567510 
18058162 
37771375 
34467171 
73626238 
19479376 
28146900 
94393836 
16874320 
117649322 
20244564 
20546267 
7432882 
18740727 
17674137 
18603892 
79668554 
30519303 
55269821 
23985161 
92934212 
90769590 
29821848 
16735397 
53484936 
17199018 
20527164 
97292997 
112352768 
33767408 
70656548 
83925749 
78159881 
25418645 
38636088 
18256924 
98108104 
48588405 
39480404 
35468185 
25480809 
81840954 
69139057 
111628986 
100048251 
39578237 
69003454 
17469629 
38140259 
78069790 
104396917 
46612098 
16515109 
120588524 
103465459 
46924453 
17213234 
82839056 
21185462 
102914158 
30020047 
10276672 
93876482 
7955112 
19215347 
14426035 
121157958 
36369519 
26121423 
21129564 
106070962 
96753433 
107481734 
59438069 
25245055 
67725495 
74502549 
31690846 
27945559 
103516389 
124254363 
84547065 
20867181 
116834248 
102891343 
108691454 
84550974 
119727714 
87888099 
818400 
77197582 
31088372 
117171320 
77888786 
103146851 
50733462 
17314860 
83977034 
121706994 
16212186 
95648280 
15694779 
25265076 
46608813 
91777621 
55940203 
116861232 
55983493 
37366531 
21583405 
77983053 
28055816 
58541351 
81254176 
87169135 
5804462 
111497573 
112679817 
103125037 
39579866 
16490914 
80441508 
7902502 
63377524 
1775861 
23098597 
109175035 
88839714 
14433790 
25030014 
124357446 
21729271 
85007482 
20765001 
42191841 
41545258 
105364224 
41060366 
123933559 
27684553 
7595992 
123404416 
31531176 
23938942 
15907744 
18392767 
116271416 
23655155 
61548984 
42002556 
14876717 
5703712 
43487550 
16710907 
59619723 
37177040 
117546445 
23110306 
7759542 
36291504 
42524892 
22073341 
108624179 
83293905 
39669896 
19509013 
90461657 
34029497 
40926430 
81917866 
40386538 
117607305 
31437467 
34134911 
108661405 
21620937 
15165011 
19688205 
122803461 
35021424 
18232461 
25351491 
120078576 
18037362 
39344350 
122474873 
14745765 
23813578 
25119436 
23890420 
26146960 
20862124 
7491952 
16350971 
31175067 
21153701 
121654342 
4277031 
91240176 
26569124 
39044717 
18647811 
30661295 
20337947 
43632139 
40780414 
109171290 
42165424 
22376365 
21561375 
20857916 
17281385 
22042454 
34279876 
16576726 
22863755 
13918302 
14116980 
48900765 
121905382 
42120651 
28428758 
119912737 
39173989 
64098714 
98252208 
86001951 
24843699 
15089278 
17616445 
40572745 
18398964 
57895084 
72790686 
79225061 
57229507 
109263128 
48683196 
19053543 
7931412 
17499423 
10197082 
111012627 
19100269 
42704929 
18965566 
28829363 
119940658 
90648509 
21704902 
109558379 
91550044 
57187648 
32544662 
25560756 
15538146 
46288971 
24926317 
103973778 
92656157 
22286469 
76808122 
31089581 
60280788 
21006525 
100832137 
107868458 
98811157 
106185121 
100445559 
33486917 
16878560 
7233652 
24287050 
22966819 
64807883 
91243799 
19358570 
30496611 
39022829 
24110093 
82687262 
14392937 
123866934 
124292042 
101924780 
64063500 
10781482 
70016558 
103072166 
15218935 
111880854 
63572475 
26259755 
14431888 
15319466 
16317012 
17282361 
122076968 
39230151 
93220626 
55376252 
40054662 
44957385 
102195219 
15591225 
124281344 
107898844 
47916936 
8425092 
37702761 
15048904 
18815187 
73818444 
123240515 
114815275 
51624990 
73579483 
39677980 
62853844 
104425366 
15486964 
6107552 
123303220 
19248355 
100570259 
33306397 
30114179 
69308802 
94429915 
101307614 
18925021 
21906008 
34264313 
4380921 
52671212 
84228761 
21445716 
29310402 
25782200 
15666310 
14243167 
104317661 
111207757 
42546460 
99707039 
14921141 
21513363 
6686172 
70969811 
101829044 
83896893 
107517645 
105844884 
68243710 
19804081 
110071372 
95632225 
28275021 
34646275 
54446670 
45088732 
78528491 
47714338 
124215503 
124216408 
98634644 
123690346 
14573784 
87593116 
121863607 
54605415 
15737575 
124218734 
29709452 
50704016 
43378011 
110818985 
124220515 
82947440 
19341252 
124222111 
19973665 
89197242 
101538209 
48440025 
120539888 
124226177 
108836221 
25824462 
124226395 
113724534 
123941399 
124227475 
73446522 
17075866 
114466073 
88562106 
124228536 
124229624 
97310773 
18485634 
124230146 
116211515 
124229420 
28922638 
44697806 
116791501 
122447339 
25931611 
59025911 
40405067 
80851270 
24031431 
30872002 
79030698 
23961053 
20027349 
16088471 
78486562 
19397785 
60184025 
23229063 
67471224 
60727036 
26589987 
14791918 
63146394 
63011652 
54088671 
59014251 
23631263 
17074440 
428333 
807095 
20536157 
2384071 
816653 
7400702 
19784831 
25315484 
15846407 
17444573 
15048728 
16129920 
21865734 
14522546 
11522502 
16866978 
14353761 
14437962 
19058681 
18220175 
15485441 
3004231 
