19940791 
58203491 
6004052 
33440208 
4634524104 
517803427 
118811962 
27642087 
369835106 
65500961 
429488231 
103955222 
42793960 
4799565078 
111745713 
24014897 
153567287 
2527831526 
115099953 
20682514 
14159148 
148517828 
1177511551 
18141016 
2315701879 
22851407 
22155975 
1724629753 
78166869 
78168709 
42884936 
16191793 
15226847 
1227920058 
34307749 
730176549639446528 
154221292 
148945945 
201830233 
17600223 
2413701436 
2546833752 
480403547 
106895787 
26126881 
88112036 
2377561969 
2866719889 
143229813 
6479682 
199318423 
44639382 
2842547985 
65158932 
101290875 
310367758 
1358091847 
4445722278 
338084918 
40085493 
43897407 
190060584 
17993496 
972640958 
305293559 
44180622 
239883804 
3503006955 
27670481 
380848797 
4903801033 
163527638 
12101862 
28474813 
234596024 
22449367 
2846654561 
2486452056 
112555240 
4729993292 
16454856 
15631238 
394375565 
783214 
387085802 
2827076915 
21982720 
20109973 
1649995315 
2684999082 
2888895350 
1709661582 
3139919447 
51004060 
33998183 
822215679726100480 
1536791610 
15318717 
861906331 
144408677 
2881228001 
69710893 
20811623 
933271290 
69660988 
67251674 
16211434 
2343274074 
245988976 
2692311268 
602668410 
476162440 
13784642 
15762708 
38401714 
45135625 
123167358 
16978723 
61098255 
38801509 
85397586 
34720571 
436542468 
132279035 
948765374 
759832268 
595675209 
23638544 
252233089 
231500731 
119521385 
139881024 
33248363 
25383488 
304054410 
619247259 
20342387 
373373336 
299890254 
285125151 
41462876 
256052389 
241240502 
312902742 
239572602 
22029553 
332047377 
111936849 
313808858 
278632146 
95973332 
267498068 
279594711 
290089451 
47031233 
230104993 
20464660 
140647440 
128637382 
18169053 
140204830 
254177812 
250009869 
152958094 
16205298 
236252559 
236513089 
32357303 
17290922 
15223559 
248976249 
121839819 
231137257 
114835938 
245238456 
16828001 
182869502 
114843013 
73850142 
58532074 
194093484 
19296765 
19329735 
81333552 
138191879 
17530290 
159289482 
17905002 
186776697 
39332631 
70902048 
82561727 
19575278 
228085356 
155062498 
222386015 
199924401 
82706688 
86115842 
80110904 
169908160 
19685142 
60695143 
193610102 
9956522 
18591674 
211589988 
159462573 
19139675 
119292317 
19165771 
16199143 
188973186 
22426607 
48307930 
65268966 
50192299 
190060058 
15284572 
65415372 
48644136 
172485474 
50188069 
160691621 
60699354 
26552944 
145050490 
39857914 
15037544 
213827923 
17984627 
15689264 
158234797 
85732762 
86478558 
71454154 
154823884 
102764806 
63862076 
103788662 
207704437 
20479321 
11624182 
133178651 
195146783 
187493305 
148305110 
146273487 
74567808 
189407074 
10955202 
64619482 
130053262 
23691587 
15865514 
170673391 
84709404 
20326525 
21425393 
50257971 
14318464 
17323290 
22589983 
127614220 
101947788 
7352532 
24290254 
21503 
20399761 
79167420 
46010237 
32176014 
15264469 
14372671 
58288384 
15550616 
20172740 
29867189 
192362498 
194342430 
150570112 
30563642 
27175414 
193125451 
83214967 
108845426 
193932552 
65246790 
19854233 
14805942 
89538045 
40055460 
82490140 
14875637 
65465459 
196340348 
60494606 
20638273 
131231056 
141535646 
139215706 
150410706 
159844986 
48152163 
82720126 
38893738 
172708260 
29249391 
143621870 
193075865 
34441882 
7363232 
82144330 
21445694 
190557335 
137181955 
182573244 
25564674 
200268295 
179877827 
170489434 
194824945 
182687742 
156287219 
17851248 
41175573 
116208552 
178174733 
26439803 
192209643 
191958788 
15076124 
194810368 
196841608 
25187188 
19575366 
51841317 
191458981 
149279426 
183985627 
69483961 
5548952 
101597447 
188473521 
167151465 
29811521 
93666150 
57542138 
64985364 
28479007 
57873290 
171701745 
43419270 
186981954 
185743935 
184940872 
78450167 
101110329 
180156830 
156475270 
162014406 
182885828 
24860196 
42204560 
60033176 
60437756 
55036570 
126424795 
157619805 
24553889 
29691749 
145324542 
180192279 
33645873 
111701952 
179561996 
115710058 
104389564 
164599258 
118032251 
52339403 
48072580 
112131512 
16461824 
42481877 
141019459 
18035891 
68903077 
21348581 
174480233 
17329659 
172672289 
125894735 
40209842 
18818177 
150203227 
49589039 
24629732 
73410580 
24309321 
19571800 
17224754 
134898339 
145692031 
170939596 
164552289 
166290138 
15399951 
44864392 
170406009 
154623510 
64297376 
166230151 
20646277 
41287381 
159607385 
83508532 
137180310 
103691430 
153334708 
129647216 
164477626 
66284191 
65780257 
32774989 
159405333 
130733556 
82692930 
26431843 
14357369 
161794725 
162068925 
40671852 
76458008 
17963019 
49159334 
30491528 
149343295 
160628265 
49670104 
162215904 
143157972 
34606195 
25704220 
78226534 
28304436 
120563954 
3640341 
37160240 
148863228 
132655244 
130284389 
47506350 
14468043 
54618495 
59771400 
26813247 
18125011 
26696880 
157766738 
66202390 
73680982 
125778522 
125678445 
93723543 
112138980 
144002151 
17774860 
41117232 
153968728 
71344196 
43192096 
140770827 
154117256 
115511038 
145610688 
97323488 
151240739 
151590225 
148953247 
152077759 
69650562 
115163597 
19687330 
131986532 
153209508 
152086156 
77042233 
21787254 
23866990 
14838850 
11564502 
21189443 
149402417 
146928635 
19141393 
78995028 
145961985 
135303891 
143321483 
33995790 
69048089 
110244981 
135633314 
96665503 
137515519 
145144829 
129487539 
129388577 
138888418 
14740408 
16903227 
24564517 
72316093 
127963546 
20414363 
133573765 
143124521 
136872257 
140348005 
96946312 
144983611 
24016611 
39458884 
143479890 
89162433 
88616109 
44092291 
34011705 
18526946 
20809194 
15941908 
38795549 
129725043 
138916080 
131959154 
64884481 
134430399 
15202683 
23319354 
133450721 
39691065 
126189319 
135727829 
112027279 
134369444 
81074676 
39210311 
112968301 
25853067 
88278372 
61712848 
35969010 
133025521 
121884089 
80438942 
92502642 
64767069 
15401963 
132417614 
94654073 
81983714 
26279777 
77361691 
83969190 
14826124 
59384020 
130340275 
77202182 
87787010 
95503263 
115745950 
17638706 
15959560 
72597396 
114342922 
130077019 
23519852 
21793963 
102781961 
27156669 
125537932 
25613809 
23824224 
9898962 
86435901 
101866195 
52239742 
64667237 
113302176 
91273583 
95731126 
113531445 
15027362 
53221950 
117904711 
124725471 
27314602 
66385692 
98702615 
123396954 
79866726 
120726661 
119552563 
109889835 
94868917 
21519921 
15875649 
23483663 
101973245 
15787906 
122197419 
22741229 
109158221 
24971177 
14390935 
87583151 
100654601 
105328615 
64793648 
52473882 
77158175 
107127832 
50239583 
38535159 
813039 
98178656 
16943773 
30119441 
118752243 
46969537 
14352235 
44941985 
96447532 
20981729 
71310291 
15923390 
78001958 
73811954 
109132517 
36708536 
43450504 
118255250 
17609953 
64456502 
65527924 
20609518 
46660904 
48549329 
46754444 
37786203 
51942546 
94958065 
114047903 
73287189 
63830033 
113321620 
39211122 
79034865 
19851346 
97320119 
23777198 
113531249 
45981391 
112821853 
103101225 
27101676 
21071595 
54911986 
105033814 
111410174 
76918266 
48679437 
80743598 
88540659 
29901438 
21640726 
38508305 
43380835 
14217022 
75289043 
104319665 
15770226 
51814257 
61814792 
14558125 
106275135 
109233543 
65246396 
62692862 
78240131 
17946353 
18066842 
91953289 
35549780 
35149882 
103957456 
56953563 
109135112 
109134464 
102003801 
22167056 
14301756 
25560255 
36335025 
25177711 
51571349 
27686882 
23911444 
53700938 
47049412 
28041478 
95646067 
106098006 
80073873 
22143491 
86630397 
47858885 
102560418 
71489644 
102262557 
33932801 
7383122 
19397785 
28123862 
29414478 
8161232 
69181624 
17899109 
14293310 
807095 
20032100 
20214495 
33933259 
27830610 
37926315 
43849753 
20602394 
16348549 
18225966 
19683378 
50393960 
23738104 
41087930 
28342968 
26029610 
104092071 
27473035 
15044502 
75322929 
104309468 
17344489 
40246433 
99804893 
19922960 
17830202 
95871473 
62620260 
85495184 
76508287 
25195196 
90450292 
18168511 
96957407 
11324252 
87824271 
18808214 
14963760 
28828170 
70463465 
92184758 
94411863 
98544744 
95903474 
98744203 
99024932 
35491693 
67219650 
17494860 
98591653 
94162620 
32329854 
52818430 
95735067 
97639743 
97591619 
16425119 
14985438 
76466459 
85144346 
54147541 
89550800 
35534950 
17547939 
17929122 
86983357 
26358171 
86140716 
37799344 
87073928 
85422317 
67737952 
27503114 
18463079 
15268048 
19681873 
31170235 
94035164 
32735876 
27740227 
79306923 
46342291 
62450407 
41528763 
32330585 
33679091 
65412123 
30084258 
91533701 
61604579 
15313980 
21550831 
17718433 
32699482 
19954253 
15224608 
37062264 
29592744 
25441802 
16556599 
16706022 
36195241 
37336016 
16339216 
20009737 
40198488 
16352141 
31076173 
11900642 
81240882 
39785838 
9988832 
742143 
7913622 
7259302 
31953 
5763262 
5402612 
14761795 
17378252 
19059919 
10283642 
9534522 
21714997 
19658826 
38222521 
30313925 
822215673812119553 
19038395 
15865878 
11861362 
18255610 
15784302 
15781769 
33601657 
37091421 
36521333 
23626248 
13493302 
63283906 
29088380 
42113452 
26788938 
43367864 
52495092 
21139333 
75069067 
46998371 
42937988 
20551303 
54573060 
14361155 
36412963 
73181712 
21469694 
9516982 
15641893 
21831118 
41389093 
17004618 
70761415 
15565115 
66628517 
13371202 
749963 
14616784 
15639642 
15952509 
9653432 
16826788 
91826923 
22518576 
22121157 
16477138 
73574608 
14718163 
15947602 
37660058 
64319809 
20943355 
49686443 
20136728 
17596622 
14634720 
16007190 
18513160 
87720615 
69388514 
87783949 
17071048 
35968964 
90485763 
89828999 
14388275 
63868224 
45436858 
19460869 
86841132 
16119593 
73526582 
23003644 
88473363 
14120576 
17989408 
20009110 
87911475 
65475932 
86401449 
39810284 
17640548 
51051807 
36184220 
25664721 
53165263 
15192048 
42760572 
24141829 
80897174 
72220217 
48892929 
44977444 
16953808 
82970930 
38292757 
25232217 
69145289 
68774171 
17831464 
78403110 
83660846 
56543320 
84245010 
84061224 
82506073 
32693840 
16272556 
15192038 
53553675 
16154328 
24188239 
54745989 
79006491 
45545433 
65987618 
80946288 
39481632 
23757253 
35702052 
31666352 
60113706 
46434148 
32698259 
77588499 
80207268 
19673590 
69073695 
18414611 
23047382 
69271278 
75440121 
21579611 
17008220 
77371008 
76173382 
62341654 
57532801 
36867272 
76436810 
15936951 
25373043 
45748293 
53964751 
28365318 
22556538 
75472102 
50559645 
75766506 
75962890 
17294171 
57530732 
23860769 
43464393 
74975260 
39710957 
60914670 
26191147 
23863450 
51983451 
36990638 
47174445 
37362621 
71133513 
73540694 
18536826 
71052952 
14433795 
35565363 
55866087 
15071040 
5506992 
72538435 
16252208 
52456324 
35492842 
23166140 
62714691 
60721503 
71156366 
48137126 
61131387 
45076480 
70090255 
32734005 
70913331 
24353586 
58379838 
45044345 
67483194 
35499404 
57370442 
15174980 
26625439 
24352029 
24025488 
26094977 
64614474 
65669590 
17955239 
23736500 
64101940 
69159812 
17977127 
65619689 
66988584 
64014308 
9990012 
67098352 
34093872 
12246512 
17731288 
67239272 
55748658 
16205297 
64087346 
55554317 
53172706 
65238119 
65799167 
56774085 
48470995 
66004785 
62848286 
17724752 
58146907 
45111689 
64838450 
42785790 
37588569 
56570125 
34691067 
42459448 
63985817 
17984531 
15372994 
57506829 
25631217 
22984215 
23789549 
25634849 
26133471 
20981423 
14391119 
61719935 
61526658 
61808090 
61288066 
28543744 
47526967 
38812975 
60815554 
15649399 
29285140 
36990012 
59248569 
52480942 
38763919 
19337422 
22714909 
25359130 
58872397 
29503275 
41122994 
14520937 
18530945 
5031151 
33440039 
32618144 
25621389 
49377630 
55645096 
31395035 
55774880 
15785723 
57469294 
38005736 
57762098 
33714619 
43374731 
9202882 
35610654 
54157004 
54926363 
44365018 
15691013 
34147618 
54857439 
49999507 
15907278 
34473156 
52696372 
24334767 
49968375 
39171815 
51387405 
50221681 
27369373 
54432347 
18412042 
37194335 
26802918 
27990288 
52394503 
40345280 
22282539 
51306621 
50136729 
48842009 
31202965 
16888712 
14655297 
26268829 
18578776 
7887562 
47453425 
30327570 
36143173 
50498969 
27254538 
27481497 
21942112 
50981102 
50001404 
24883717 
50193695 
17372619 
41522778 
37833056 
36252173 
15683885 
42412168 
16855979 
19200854 
39936081 
31546666 
18666525 
17376797 
17200496 
14416988 
16420224 
46337240 
11965332 
17802893 
10828722 
19796639 
15608835 
36351510 
15330930 
47179721 
16465359 
28923735 
43224625 
47747074 
40153831 
44569343 
34556477 
8453452 
25466166 
47006675 
20844816 
14990482 
46707566 
17476100 
45884448 
46837135 
18541658 
19356110 
46726764 
30178572 
1117 
25841132 
20209620 
19965250 
37424500 
45263095 
33770658 
45174704 
20723858 
16352458 
9096972 
19474963 
814293 
19697419 
46269891 
14435000 
20755223 
21627047 
42950171 
15751780 
6206342 
38490937 
44467442 
36726271 
14685120 
45661157 
40372972 
17536486 
18150955 
36958596 
44000041 
45607634 
18817735 
43997002 
12800412 
18735404 
22096652 
16531850 
35843617 
12609342 
38713852 
20254889 
15523525 
15405091 
28987092 
44508449 
39987099 
13754172 
45486353 
32353044 
18803901 
39026241 
43670685 
37765514 
41899172 
37163055 
26211378 
38866051 
32506755 
44780759 
17077648 
20865816 
27209583 
41877722 
14669553 
33567692 
44238198 
44355855 
20792184 
20565992 
25850971 
21374267 
36481850 
16555428 
43960929 
28688647 
14932391 
30910366 
23828311 
15337266 
41625686 
25441765 
18251903 
18601573 
37401438 
35562926 
43078685 
19361806 
20533547 
36118081 
34956233 
14923412 
43410745 
42976099 
22928195 
34758586 
39802169 
34692602 
40175541 
37609932 
36346783 
35318338 
26875967 
35753127 
39537563 
21716257 
43665398 
32763871 
27127418 
20559914 
14354767 
29069214 
16826877 
34091185 
35153526 
38597536 
13824412 
14136275 
25058159 
14321670 
20868103 
20961778 
41104944 
19088588 
22523362 
16049877 
40211151 
15265885 
38129354 
34728664 
25659535 
27309213 
16078768 
37929777 
30190723 
18791865 
27534205 
42045844 
41744584 
41789654 
34976800 
42196938 
26257024 
42183032 
40280437 
40227746 
16333183 
20603062 
28564176 
29371892 
20482710 
20663724 
40780846 
20513362 
40936848 
21419006 
35968135 
16150787 
16630098 
19130934 
14800709 
17758502 
16031679 
7040932 
40983834 
9996522 
35089054 
18601029 
23974001 
33480495 
37108674 
38093238 
14431400 
40838415 
30323648 
37478092 
25248197 
30607704 
19864491 
39806468 
21687572 
39052206 
21104789 
20192308 
19052923 
37654571 
38392554 
38740588 
38741372 
15703005 
19592600 
38630198 
39430051 
36170228 
18731751 
25221682 
20307037 
14347533 
24658193 
38572247 
14724647 
21240298 
40035322 
22166450 
20644963 
14999399 
37875749 
36238712 
36732058 
16018770 
17138844 
39645942 
39837163 
15295051 
39186395 
36767235 
38631348 
15906381 
16619210 
34879526 
39097323 
22419717 
34395742 
34490750 
16899568 
36860359 
39395988 
18773467 
39434638 
38185298 
38502777 
38898721 
37037821 
34188388 
18091420 
23502302 
11212152 
22677482 
20511841 
20835568 
35819124 
39224987 
21512585 
37988454 
23227659 
33020019 
39210971 
16048825 
19416858 
21809292 
18041870 
8119972 
26452634 
29473518 
14076588 
33187663 
15757739 
36902590 
27590386 
33732344 
35262084 
23344301 
26159255 
15622577 
34774182 
28286083 
34960325 
37840406 
20751185 
14422573 
20019567 
38030852 
37699334 
14893686 
27434373 
25599869 
15734887 
16631718 
26821981 
36563606 
29317397 
21530169 
21371439 
36907464 
23578922 
28498402 
20730682 
27612088 
16225679 
24005639 
35558069 
36982010 
15932734 
20709604 
37388133 
18029388 
32812647 
29394718 
30115642 
35990284 
29385634 
36974663 
18312906 
14998161 
20289929 
35096704 
31179349 
14711172 
14795369 
27282549 
14325188 
20525016 
32226657 
17457824 
19450698 
17907832 
27354009 
36483498 
28075185 
23293858 
31514627 
20360943 
18238282 
29126035 
25725048 
14213491 
32841991 
15691291 
30079841 
6120472 
19971217 
24722470 
13759822 
27831941 
18531618 
27884629 
23610647 
31699798 
19061044 
15081182 
18737979 
35350155 
11294522 
21337173 
21701296 
16625605 
31507106 
18058348 
22024511 
16361862 
16671767 
10029732 
23675571 
16816987 
26165265 
32832959 
33846243 
34574739 
19637220 
19204892 
35166038 
33435126 
15782805 
34582232 
18124531 
34863802 
15967099 
20526082 
34658343 
17723804 
33754303 
9676642 
20646864 
26011351 
34518638 
28107042 
22463875 
34498765 
30822526 
32538208 
22705599 
23695295 
30093495 
19172773 
22323088 
30761167 
32458782 
32531708 
33022833 
18113753 
19263203 
14849559 
34529464 
24036637 
28352533 
22221474 
33687956 
31213726 
14697548 
31644505 
33744726 
31280292 
23651950 
8990852 
28748390 
20698045 
22842982 
16825468 
31665025 
19674500 
32556343 
25584007 
14189384 
21980131 
16453084 
14730969 
17829435 
31156462 
20825179 
30499588 
14660636 
16537381 
25170112 
33190527 
19460725 
31629188 
32346836 
23975743 
16216095 
29983949 
28499025 
14994724 
20600431 
30801250 
20460063 
23997507 
18270620 
15381868 
22704903 
20261363 
21707636 
29412695 
29841378 
30979626 
28424371 
19897188 
23640229 
25244162 
17561010 
28475511 
24547368 
15378358 
20451319 
16921600 
30557766 
29314332 
30665335 
29505886 
15707842 
30671429 
22152321 
20407242 
19499693 
28139625 
24048232 
28906543 
26211342 
22239016 
26960252 
26662342 
28585596 
16349366 
20699426 
23564573 
27981828 
23795063 
18696064 
24229203 
7199762 
18457744 
19650634 
12184042 
27879961 
16828066 
18353495 
18271033 
22273373 
14977242 
29381207 
18559737 
29399203 
15929542 
25445518 
21218542 
23145710 
16837019 
27352669 
26842636 
18426725 
13286822 
17502947 
28894752 
17773185 
22669175 
20512795 
27186409 
25297021 
29012719 
25335453 
18263453 
28955565 
21530154 
20211064 
16025429 
28066973 
19622513 
16340184 
23899468 
28635440 
24505368 
17686419 
28485249 
25107835 
28432205 
25235358 
28515083 
27651723 
16796582 
26323042 
27363831 
28355775 
13195302 
27395182 
16037706 
14079909 
27395691 
21674975 
24718040 
25166724 
26578956 
15557657 
27080137 
22341401 
26619359 
27966741 
16942907 
26422213 
15953766 
28042639 
27713996 
24029301 
19280047 
8203662 
22687538 
21583621 
3746171 
7649762 
22650721 
27808496 
27518021 
16671972 
12863662 
12144232 
14179084 
27290200 
14334898 
23015831 
16065803 
27415254 
14713235 
25528988 
18462022 
19107253 
16429977 
16089654 
18467164 
21114240 
27312606 
20382842 
14818700 
16108468 
26802160 
898491 
16181186 
11596292 
16215003 
17352423 
26436360 
15770446 
16335611 
12926542 
16916369 
12504732 
22994301 
10667662 
16438083 
17685196 
25628687 
19001589 
770759 
16830307 
12589972 
17850012 
26976905 
15323753 
17336846 
21698975 
17983675 
14808429 
22399770 
16017811 
14389132 
26709395 
14504805 
18377093 
14669398 
15084495 
26592793 
26850117 
21715116 
26125684 
20236483 
26828648 
10867 
19896048 
26419722 
18880612 
11408762 
14160664 
26527955 
17787705 
18869308 
20953578 
22942492 
150433 
15360702 
17095965 
18011504 
25054086 
23130581 
26238769 
18877864 
10849602 
14295486 
25388227 
14370358 
16061921 
24993826 
18618212 
17954828 
22674250 
16016290 
17845991 
16638585 
19163075 
15573537 
25776001 
23557274 
17578429 
20345526 
23644618 
15403064 
1684351 
24089650 
19849419 
19521016 
17589085 
23915100 
20359785 
24156110 
24779739 
15607854 
18252177 
25552809 
13457722 
11754072 
21902838 
21460439 
23646885 
16555998 
15781156 
24273655 
25357561 
16072787 
15533655 
13900252 
23305250 
18949188 
19367717 
14168213 
21461219 
22082073 
16592840 
15438100 
17884382 
17871850 
16264088 
23306941 
17979453 
20920398 
19896854 
14240365 
25119303 
25033083 
25033472 
23226568 
14264410 
20171186 
19158656 
16066982 
14536664 
18567018 
17219108 
16798949 
20571531 
23234881 
14434472 
21574303 
15638615 
13270 
14847101 
13494102 
21736388 
17632266 
20881899 
17810254 
8406952 
15869368 
21622043 
16144373 
14402059 
17074749 
20 
21583405 
14665687 
23539911 
15624861 
16727535 
16381279 
18176826 
17220934 
17880018 
20534955 
20606714 
21879024 
15846407 
18932935 
12626962 
22952873 
21073021 
17370170 
18706957 
21445767 
14969118 
24506881 
18662578 
18588717 
14308443 
21990826 
20557204 
22205813 
22087062 
23810120 
23645423 
17118708 
16789203 
18544313 
18796945 
16445809 
22430436 
22329091 
22275992 
15754308 
14429912 
14380807 
11970082 
14348594 
14749383 
19083161 
14412934 
14345062 
19541375 
14873684 
21930447 
21611239 
16160352 
16157855 
22700817 
15661871 
5693942 
17853760 
14529929 
17006157 
5988062 
18079650 
20245775 
15428715 
17667656 
14207863 
14199378 
14126033 
22487985 
17845539 
18777269 
10915142 
3471 
22638810 
16230239 
15535332 
16527164 
19617370 
19294991 
10716292 
23618196 
17467699 
17400407 
23029889 
17913368 
22379151 
24269526 
19134392 
15705637 
1968421 
20626961 
19543606 
14668419 
15186052 
22550491 
24411372 
17440232 
23775363 
17354797 
15477062 
21227306 
24140685 
18202084 
6877722 
16830881 
14546496 
21833039 
24216425 
15528235 
24101679 
14344573 
20757930 
21745575 
787102 
18233449 
20252354 
521433 
21474053 
16151184 
15307507 
14780201 
23869324 
23920183 
23922440 
14037922 
15846113 
18277078 
23821721 
21147120 
15919628 
15446084 
19273762 
15290539 
7283382 
19221302 
23709591 
16413163 
9765972 
23729755 
23732949 
21597090 
13593 
16656433 
17929160 
14164383 
16243110 
17570874 
23800286 
23571438 
14624284 
14371873 
11934182 
19210200 
23513230 
22064691 
23525654 
23124408 
23489997 
23409619 
20118294 
12095972 
776925 
14308310 
11497702 
18030440 
23332661 
20815179 
18355250 
14573324 
18186049 
16718387 
22832597 
16199337 
21436213 
18110989 
23412208 
8513102 
20639234 
23437808 
6748472 
19943136 
6708952 
23014670 
10121642 
23115800 
23081905 
17120297 
23137570 
23135669 
14889901 
14329907 
14736220 
14857774 
14671915 
19371632 
15164290 
21344248 
17942035 
17446998 
19373307 
19219683 
22337914 
21368136 
6220762 
15116437 
16960490 
22212911 
15726306 
1930311 
14145032 
14461871 
17957659 
15617142 
16161708 
21363124 
23003150 
14166531 
21799203 
16525812 
22753829 
22821654 
19260702 
22536970 
20118845 
14951408 
15737386 
8546662 
12306502 
22318103 
22604956 
16560122 
22655143 
22548996 
21959863 
20021878 
14053359 
19174016 
15737419 
2302631 
15267036 
1771151 
18286123 
22324458 
15729039 
19890268 
18273209 
18396266 
16138568 
16131494 
14360985 
15175304 
22184013 
15361095 
19511716 
16162130 
18826280 
22008816 
21383301 
17514913 
22195594 
22199016 
18191676 
16409302 
22209165 
22168550 
15953279 
20469854 
15276928 
6661322 
17656421 
21910114 
17120163 
20214827 
14731256 
21383736 
18590482 
18568663 
20684537 
16003805 
18885511 
14122904 
17827871 
17549707 
15465318 
15261479 
20785051 
14314406 
17918555 
17905004 
16553731 
19159785 
9505012 
3881391 
13451802 
21241995 
19668394 
17823423 
21369946 
18301693 
21341649 
14723385 
14161759 
17010123 
21324374 
17044888 
11491042 
18313204 
18963663 
14605630 
20798407 
21173543 
15217097 
18043407 
16358678 
18930502 
15667763 
7705112 
17481852 
13135122 
13455 
13364 
15926855 
14671170 
15923797 
14097287 
15080268 
14248898 
16148357 
18202664 
14323 
17826553 
15907684 
8781122 
621573 
14647570 
14701201 
3499911 
813286 
13502 
16629777 
15686779 
19008269 
19007092 
19008672 
18772700 
5741722 
16993151 
13113982 
15869968 
8495182 
15298971 
10326832 
12389302 
14363353 
7744592 
18951641 
827211 
15188981 
6273502 
17196941 
16826617 
15100219 
1177621 
17447849 
19159489 
18224414 
10880202 
15096075 
17539739 
16373878 
2467791 
16895274 
16817883 
13784532 
13783982 
15829144 
15905103 
19426562 
16317406 
9855382 
939091 
18095639 
19426332 
15406924 
18089913 
19575430 
19201056 
19949815 
18058295 
18823322 
15012486 
9567972 
5392522 
15522521 
15537599 
13565992 
14437914 
14425965 
2444931 
7181572 
14985228 
20096340 
16249259 
17875699 
20550156 
19759953 
14074150 
20714495 
17981204 
20565524 
16804567 
20626247 
17038894 
3554721 
9290632 
16216455 
10286782 
19476396 
2134821 
9783622 
12445062 
15524929 
19394188 
20608910 
5120691 
6149912 
