3418972445 
2999294063 
109080285 
47758416 
627943871 
821650328 
180097920 
32844743 
246206606 
602750945 
246002506 
394038761 
159104853 
62877804 
109655627 
17593700 
912617426 
86626845 
2915533696 
37062669 
732349552104243200 
17494010 
7334402 
824473943931293697 
30354991 
25370313 
14159148 
369602017 
14700316 
44988185 
13393052 
182884481 
409486555 
312314261 
29263488 
120153772 
430995737 
30000912 
113439399 
824320219866923018 
3240143771 
823565852922576897 
65672980 
66453289 
76348185 
65670632 
33773592 
127739478 
14615871 
48033899 
45943457 
32887168 
44991932 
24549680 
44992488 
117874971 
18726942 
45854669 
23799310 
247048493 
41675868 
369615224 
212304085 
44984439 
57339949 
298047906 
271060845 
304392714 
821725767621103616 
17310934 
25690886 
15970050 
16112309 
340433111 
1918546543 
110721961 
517609427 
135441822 
710884899453009920 
827148392 
15904669 
730763449505095680 
17243554 
17793878 
292696687 
1032290077 
10915142 
509430131 
79923701 
2159757061 
23544771 
241043978 
131497030 
367873443 
794286845316255745 
2838203704 
86239754 
183660041 
284146898 
16935292 
845743333 
15293080 
17093768 
135905236 
5990172 
158426909 
205864193 
48802204 
8953122 
27901418 
30249306 
100266394 
22278197 
61734492 
3773430378 
82503827 
12096202 
14880200 
437555745 
15727317 
15463671 
19107878 
2917733190 
589369751 
23601242 
21295757 
23352131 
57047586 
200785223 
237241149 
510617026 
26225549 
577403888 
777973367131471872 
7152572 
774337933893636096 
949828200 
1692843650 
26548315 
74585326 
1255336092 
2361860238 
15987295 
1775731 
2394680197 
20861943 
19086859 
2903979971 
16188864 
351084172 
627013028 
331518851 
6287082 
102768569 
928481 
4099171 
14215322 
562391051 
1747220598 
4292624962 
44235372 
494414941 
69671186 
16002085 
467507215 
406408758 
281947557 
1707321486 
595890990 
2244260844 
17175139 
72198806 
15808765 
15764644 
16581604 
3327720838 
400203982 
373079416 
18955776 
353428377 
142841548 
23602600 
252124716 
266184705 
24032557 
126722650 
2372377130 
1538966294 
136417827 
20624855 
21347530 
2154127088 
191232896 
35206553 
19416152 
16548412 
250884927 
35749264 
48370227 
587001586 
3496550774 
29093157 
357816281 
3196161958 
293303534 
704935034 
321698644 
17997789 
18228075 
39482703 
3290575436 
20067215 
323929655 
3097232459 
266600459 
612582994 
38218114 
190669152 
14123751 
4725418035 
88953251 
19656220 
14750983 
335331533 
93926107 
86328927 
427475002 
111086481 
435926182 
574593512 
191923114 
213354512 
2709152000 
804611582 
112476787 
28543386 
185716178 
21393 
1652541 
2097571 
612473 
788524 
6107422 
59159771 
44903491 
186582923 
214055102 
3353991784 
34609305 
21832405 
21046402 
51331783 
36684689 
41140879 
89083987 
82386223 
82642295 
23640369 
8695352 
33515899 
294146466 
346605991 
368158573 
3290364847 
39669463 
56847039 
369155821 
1105012994 
53082555 
17006399 
15033653 
19459649 
13365232 
41622942 
15744859 
54208544 
2918426355 
21270437 
15416816 
61731318 
39568967 
20150502 
115710058 
5741722 
20245775 
18146577 
742143 
237548529 
22190567 
17679977 
303937344 
2511436880 
112221418 
2923250502 
3433141 
590068644 
2826698520 
455204484 
531637509 
2351819389 
3883416257 
2739347136 
17296792 
104786280 
180000404 
558148770 
14746356 
19733088 
3874977225 
3434611336 
3226606114 
16002170 
3194497299 
166603605 
1148190128 
22315090 
3266848870 
256199675 
16998999 
3947729409 
16113693 
357606935 
216776631 
29442313 
970207298 
531350669 
22835972 
243607414 
2745488034 
2365873982 
564099543 
15020933 
1167777805 
2475340538 
419854605 
33931483 
229509740 
122973878 
456930921 
16785742 
123035831 
41204528 
86095044 
1536791610 
822215679726100480 
3403782238 
1688380896 
47641724 
1340984659 
15237501 
16957321 
215676092 
84708115 
18676162 
428333 
745795532 
716489377 
27692165 
900154572 
621047794 
14155907 
12413032 
23975060 
1645490090 
118255684 
1566623210 
3151954612 
146795197 
245587242 
59514202 
44416854 
263852695 
1932282721 
3066401056 
7562182 
26034189 
241382835 
47285504 
47786101 
20550803 
520766752 
2182392464 
204496162 
115562286 
991824264 
1198481 
20772763 
61243585 
14414706 
164433793 
21225174 
74558185 
40953367 
614646192 
50826280 
110803526 
24881388 
298786490 
347804908 
23054095 
469617682 
66324941 
2312400798 
17918545 
3039361162 
443038196 
1170214261 
16868756 
14793251 
17904392 
15113607 
137539127 
245482280 
400148977 
250291669 
42631355 
16258157 
2517988075 
2306579816 
24750136 
41079443 
1323214644 
55060406 
1247375072 
2968036684 
18319313 
96795310 
757303975 
97030466 
951808694 
398092540 
57425397 
168720972 
3031061884 
41539378 
120203375 
25523996 
107546283 
188413838 
68784803 
126139041 
2664681991 
4376451 
23091851 
19366046 
19082054 
19301765 
22190395 
23467152 
17073988 
46696817 
17196807 
39341439 
20691449 
26554371 
17628446 
26533046 
15636291 
112796663 
7586362 
1915336519 
225605326 
342345319 
53501320 
1448438066 
24164338 
1183030663 
236473935 
22789766 
632343 
15864144 
5120691 
1952513162 
72804450 
2463358249 
306116656 
414998937 
2248481442 
198020721 
57982342 
294258287 
124087958 
153455849 
31427662 
19711765 
87459327 
3000466331 
17215726 
202727514 
810424 
66379182 
263813563 
14921468 
1331823709 
2713933538 
22034409 
136643096 
14779408 
92313394 
33228031 
265705352 
20019276 
575549176 
221402411 
2585035735 
26208862 
573959656 
480120122 
207762600 
78421432 
16874279 
282545479 
2350222669 
31578007 
88082364 
146569971 
379218962 
78400475 
17957012 
16465385 
511065332 
17057271 
5225991 
12804422 
1104681487 
143170980 
860158302 
210684204 
299273962 
1262308633 
194218160 
111673002 
147949912 
62882207 
1698876667 
465960256 
211728861 
1525702584 
69041107 
2354154326 
76093 
14120215 
427354643 
201806506 
12133382 
6974622 
334403432 
540028541 
29774570 
86823929 
404246410 
46028338 
14645160 
104964919 
720489211 
1160633084 
1455630961 
19432726 
359224661 
15537962 
19196214 
18839953 
1449835974 
253006900 
101841773 
39736582 
13693032 
16042396 
14662354 
15754281 
7313362 
15469000 
90580528 
2550713610 
34781412 
63598257 
2494473072 
217530555 
67728650 
3137231 
2333594869 
16135795 
1916506454 
8936082 
8192222 
22811188 
10729632 
54795290 
39064314 
47702212 
132914156 
389797969 
426044697 
2244290719 
20487384 
22097192 
478208405 
36171004 
282282694 
357647590 
16715456 
24858717 
2233154425 
2244000488 
603367602 
25549398 
47359057 
1087183776 
49658746 
11827832 
49185855 
111046896 
1069295869 
2303751216 
85426837 
314091789 
20562637 
1689419970 
5110861 
16819713 
119491006 
33573444 
124176132 
2165039232 
27864987 
1965277975 
17879538 
59541594 
21092112 
181647126 
41648645 
351221537 
199686715 
2155649270 
133553421 
74688765 
365009440 
21799699 
47645083 
5843012 
15985960 
254181332 
43882473 
21441341 
105565218 
14289835 
17393196 
17750231 
65184675 
132235973 
17060020 
28861486 
476193064 
14172719 
17220934 
19834403 
33954094 
37675003 
70464585 
1201661238 
38588010 
2203632656 
100572403 
230337726 
534701258 
365707083 
112029154 
146123790 
22471395 
57354227 
1613648400 
1897480711 
774738193 
15163466 
21634600 
326979952 
44873497 
1905884089 
1452461802 
86640232 
36001123 
152862026 
15569433 
275031945 
544304020 
34957938 
1628598948 
260593804 
115485051 
199327139 
59156862 
142818316 
24601692 
17372928 
25489250 
400792849 
28251153 
16661296 
32372834 
23794763 
21927612 
18198832 
231993941 
1177287474 
22972227 
22270118 
29763632 
939622147 
646893 
36203015 
75890868 
720228997 
14073364 
255425131 
260022048 
10922752 
400086007 
514646075 
125535563 
15858751 
14913454 
130273820 
91331008 
1385335202 
483156627 
415601652 
1149124692 
31080039 
9590262 
385187734 
17212434 
16076032 
194783022 
944467345 
975893461 
205094271 
16655930 
17808045 
1178700896 
23818689 
16222904 
8393312 
16929520 
16929600 
14435332 
16686144 
691353 
34739408 
34554134 
15446126 
1877831 
358566293 
19515424 
556151596 
594666501 
1146469752 
37285789 
15728569 
1449022357 
593783587 
340505471 
7174282 
19458818 
90420314 
1183041 
17002395 
555198400 
1118451 
49164309 
868623228 
1426416014 
28872567 
17845620 
21438902 
19550533 
193473814 
59524045 
355906128 
98222986 
193417588 
15995895 
35304791 
7348612 
18274904 
37409669 
6580122 
14550221 
14792079 
15346219 
16812515 
20774514 
1264553594 
1093090866 
818876014390603776 
1330457336 
1339835893 
14437914 
13784532 
73341746 
525791381 
2542511 
72073289 
17640607 
16186995 
220296634 
26504670 
389841484 
102093036 
322902677 
16158101 
523488054 
228497837 
138041439 
156396195 
51241574 
1154575315 
18737944 
14848513 
506487385 
387660349 
1325269932 
34307505 
1026475700 
128960879 
19863141 
128637042 
80940254 
249896334 
38725622 
6612402 
234367247 
8236062 
824079175 
1247425225 
240684589 
18224170 
355681958 
112037009 
34305774 
67967382 
15633626 
43236077 
5695632 
32166535 
15210689 
16264965 
485109912 
226011566 
21902103 
571202103 
19692478 
481943972 
20268045 
144995271 
568247551 
90169053 
13860742 
121869155 
57396107 
22855767 
17425484 
50342777 
15504284 
18031870 
311542894 
14172171 
60709500 
24908105 
519084084 
487833518 
44196397 
318571154 
315465682 
107163055 
18052661 
21034324 
382945026 
394235275 
573918122 
87818409 
48880794 
15233658 
50142167 
34468727 
246811996 
2172 
14766317 
47399691 
48463418 
592912724 
188761522 
14217286 
14050550 
10454572 
228729122 
50622198 
34743251 
297556877 
225948153 
22003610 
22642056 
14683275 
22527425 
283273730 
31013411 
119625403 
133026272 
22213141 
1059320544 
427926964 
322830973 
18191182 
18226927 
636683784 
17677126 
92614042 
16931273 
10716292 
14714760 
756475 
71180562 
24261232 
105918870 
17257283 
46743752 
17672994 
220675687 
110772878 
112475924 
819440022 
169135464 
38691250 
24803367 
17836273 
76735483 
56672514 
15983489 
6576492 
23459740 
434217465 
20536103 
19808176 
485102889 
603734466 
257893956 
13982132 
541101047 
267788953 
92083980 
57137519 
33972693 
68624644 
60694237 
14293310 
393449345 
13062172 
357542561 
281138722 
17092444 
197446089 
384597895 
37547775 
30835585 
40846478 
36660638 
214321846 
83047883 
15239321 
14511951 
321029318 
137848152 
166687093 
4207961 
94129050 
139717541 
16145875 
110725202 
362067650 
55338739 
16028241 
18486586 
16669075 
232268199 
44969806 
15110431 
19402238 
16459275 
18131748 
103041418 
20065936 
324651381 
15191052 
116360467 
16132526 
19266899 
46269137 
391214052 
168790444 
343045067 
170027224 
194958628 
10950372 
46442771 
29514159 
132948409 
14552720 
851499338 
870429146 
198485601 
16469809 
16017475 
408118327 
20779255 
81961201 
51204600 
14506075 
38092279 
733362596 
41644095 
147808148 
73190286 
18313522 
276064511 
31005917 
34935691 
122480588 
182839127 
17385903 
48462491 
315368134 
17387997 
185910976 
573863329 
555239997 
237456044 
520388723 
20043369 
15302398 
19129523 
600087188 
20517668 
579299426 
606720278 
273753448 
104882667 
32361431 
539890662 
751187245 
20718622 
26762692 
7436592 
112796409 
31925790 
41206681 
17623957 
227682918 
209262555 
74594552 
29912873 
17543387 
620142261 
16683634 
313091751 
23986097 
18985501 
53928590 
25201275 
14857948 
436084994 
26581946 
58489734 
109306212 
18567018 
633004600 
143558957 
300735398 
272239853 
79783264 
45337987 
621573 
24948287 
25322292 
2467791 
95431448 
450756201 
16721252 
46236831 
600803781 
603190324 
19563103 
39648499 
33998183 
16017753 
532182361 
16434221 
22465084 
13919072 
23484629 
12011422 
429159542 
587828586 
586841695 
390830760 
8170292 
55848747 
126002546 
249150179 
282154878 
371840675 
15335662 
27726303 
129541634 
20174643 
19508909 
16664681 
17161138 
94613563 
44353 
378643551 
43529972 
14410756 
15057943 
14201924 
186585181 
40252336 
31448660 
34327442 
538569566 
83665853 
523339137 
135989360 
156920978 
17448907 
25687502 
15447034 
19304788 
14924430 
24886025 
45564482 
15808647 
17939037 
36758754 
5988062 
27871697 
32423136 
17471979 
26010360 
400269494 
103925618 
44438256 
5392522 
849101 
18791654 
309937733 
15008449 
2384071 
820585 
316484267 
24814398 
164021756 
202328756 
231505409 
15147042 
5854882 
17374092 
430925270 
51523337 
28655308 
14478614 
43738563 
18944111 
514564994 
259127503 
117450379 
208203321 
14401726 
19621110 
111364887 
20681253 
3108351 
202303752 
122406881 
472643885 
76194264 
55242560 
177605752 
105810697 
276818065 
15798586 
21346619 
7215512 
26099938 
17842366 
80331801 
4278201 
21667057 
484299228 
17030680 
20005684 
1976841 
292899689 
16049481 
15297709 
14474509 
14124542 
14572408 
157016238 
119923823 
17653553 
19420947 
135789579 
402398415 
16469647 
203063180 
36105937 
152714766 
26374751 
16486814 
113409803 
118902602 
41606204 
19512493 
14360757 
14171070 
352026528 
39522692 
18804364 
150784080 
25512395 
1769191 
25157561 
784304 
37705193 
15976759 
58963156 
44427667 
91375691 
15154811 
24033302 
462389375 
25966541 
28066607 
16227629 
18739693 
39761880 
28565898 
8653962 
23682830 
20597436 
28579125 
17998609 
17088878 
44235446 
43632356 
211177035 
426389014 
717313 
44985617 
50325701 
37008489 
66021490 
17293337 
89545649 
28694307 
143106740 
18932935 
261324356 
198547538 
15169290 
18843227 
70757632 
58838415 
59557446 
17047208 
83277772 
146502086 
11178672 
1385211 
19325156 
14172201 
26257927 
160877807 
66182591 
15719490 
24223641 
21217790 
18227814 
59010637 
75633116 
194347664 
14109167 
269552103 
15473958 
193335522 
13215132 
163283608 
17596622 
208197274 
16174972 
16955991 
242827797 
36728645 
15250756 
30332748 
16027546 
14207863 
30031547 
14606079 
16892481 
30055918 
23058779 
206037819 
22060843 
243756359 
72831048 
327268006 
53429839 
107145088 
340034849 
355321621 
378102107 
392973198 
175551174 
134853206 
390217773 
190999966 
18955413 
15019821 
25940364 
219682445 
16343974 
40385166 
144626914 
8210552 
66392518 
11613712 
18638800 
15575625 
187171682 
101778101 
358165816 
67373886 
339128448 
251247813 
43425975 
15363133 
5062341 
816653 
100974966 
19965811 
27247475 
166233427 
15738725 
158865339 
381113812 
149180925 
370424723 
15740502 
257437336 
278190555 
341431366 
15949242 
133562429 
15429550 
27022790 
14311496 
201870414 
19423516 
19230701 
284071322 
15907141 
25691305 
20266397 
286175518 
130956351 
14439168 
239060809 
15484063 
19001065 
20928893 
126299466 
20635230 
22411875 
22872643 
15756802 
45681700 
42504574 
14505838 
25179560 
355665348 
19598182 
197406133 
20280065 
42226885 
50393960 
17468481 
16151835 
36541636 
39511166 
19637934 
107563743 
38828294 
43104516 
277071665 
14091091 
117148490 
185338971 
28047280 
14384712 
21422839 
17918704 
36941793 
175478768 
68641036 
11447852 
287053931 
39530187 
237836050 
125547081 
48116148 
61214589 
11954992 
107037417 
51837775 
33396367 
334969657 
28378010 
155748301 
21719637 
87967154 
123147423 
89264343 
88973663 
19178857 
16843817 
18653685 
807095 
229900664 
1344951 
19269120 
14834340 
17013577 
19951439 
21408610 
19404944 
44228076 
1434251 
13691782 
14287094 
16649758 
25118264 
22887113 
225096034 
50778320 
92733167 
19062483 
11388132 
171221404 
108418043 
14238165 
259401680 
208209869 
12844732 
279085700 
19335626 
15898172 
322021230 
16584730 
57039643 
230492604 
82993508 
48712006 
19489919 
318321640 
190708265 
300158861 
59189179 
23075284 
14801264 
22549567 
221389264 
156692136 
24189067 
14448779 
15164565 
5355722 
2729061 
18414364 
308151547 
1717291 
150770880 
277519996 
8034682 
254517146 
31697976 
37710752 
1489691 
15779877 
2195241 
35773039 
14112296 
16129920 
813286 
44776990 
201654004 
19728966 
19714682 
63157272 
14199378 
19727937 
28373693 
22272053 
16869849 
18336512 
38245723 
18083797 
27081406 
14800270 
14729597 
137471526 
69017875 
11317392 
20715956 
19078387 
221475732 
17348224 
21626287 
24683525 
30256037 
15912113 
16895274 
17781165 
15032736 
15459343 
275048698 
218617766 
303804147 
104382773 
91147948 
286703 
16225615 
24616866 
170000769 
15944436 
208039917 
119405380 
20246015 
15210389 
104937383 
279011610 
227021376 
17846546 
11522502 
15493368 
15245453 
150716468 
44632824 
17636894 
972651 
16012783 
48722921 
247336430 
15866188 
15117554 
52786408 
19722699 
14548848 
54619276 
1504011 
15757880 
20342875 
136406719 
19242750 
109315475 
17159804 
20122754 
20627081 
20994043 
234030846 
232557143 
56164952 
16494374 
145709658 
20437704 
29224261 
14630696 
54730258 
140136223 
62814741 
166022406 
18216985 
24773177 
15854730 
15645093 
39861419 
135591189 
208687668 
15714547 
14692160 
14761795 
34599285 
15111030 
9340912 
30109507 
60628575 
19927627 
2182641 
17967925 
36194365 
8447862 
22001973 
21126842 
9207632 
52852957 
23799349 
17369005 
18089292 
15586341 
7434272 
16352993 
254152776 
19826509 
20567040 
39822897 
14348594 
18393773 
36968061 
14824849 
20155760 
163848561 
54214517 
185345185 
29472803 
11178902 
25422829 
17871298 
13783772 
79797834 
2890961 
5972702 
7416812 
20511171 
135316691 
14075928 
15104164 
1947301 
26697854 
24931569 
273531261 
36416962 
17544803 
111677356 
14677919 
46160165 
19078972 
194769082 
16547325 
16459787 
74478182 
26560483 
227660675 
40189220 
24008967 
5971922 
55630632 
23760311 
71028123 
171700262 
123861783 
21778653 
14499809 
263768986 
35000660 
24181299 
128793716 
29735775 
247672062 
21099301 
11575262 
261520355 
246493500 
40927665 
15285875 
114063519 
15377516 
74192536 
15865878 
90146016 
18026267 
1833561 
261839394 
16404772 
2735591 
185660823 
22054220 
47694445 
174847568 
105203181 
26858764 
82186838 
16716425 
19658826 
77907514 
20570290 
244295384 
24939473 
17851886 
22162854 
45905382 
174357141 
22028564 
17292623 
21678279 
108708478 
31035336 
22067328 
20759152 
17472317 
74538733 
22419487 
118975084 
116877838 
19725644 
20806880 
174202599 
211520261 
21576334 
14327715 
4620451 
178363987 
18481646 
12190892 
18569484 
19340151 
17663756 
87215923 
19918353 
15565076 
107225267 
14267595 
18223968 
17042078 
56179493 
22931893 
104070525 
122716308 
15084855 
15776891 
52584039 
88440274 
15859033 
15120110 
18655567 
31443503 
70091658 
109298652 
14589511 
22799361 
109281748 
79321561 
74474794 
13787402 
23498831 
21917716 
128292609 
71256932 
79997785 
8005492 
17981537 
94170306 
52796949 
113457640 
15169635 
14478260 
7494482 
19084034 
14926210 
40959308 
23112236 
233336165 
233364902 
48753815 
16079276 
10333972 
167384955 
15930616 
33187261 
18994661 
20542737 
54680395 
53435986 
17371549 
6705042 
15492359 
11107172 
11348282 
16245822 
16630098 
143912910 
11885742 
19596074 
14328093 
7115872 
76961003 
223935062 
175691292 
15862891 
23962323 
72842277 
163642915 
113831189 
10191 
18690285 
11919732 
16197167 
21265577 
39485994 
127958577 
16623719 
26074603 
52488565 
25983346 
20081176 
67003972 
48564118 
38762773 
15684633 
14891411 
15266002 
21611239 
14343392 
19767193 
1051171 
21906582 
12672352 
21581503 
16220088 
13784642 
19816859 
22553032 
15309288 
22287194 
15125585 
23111209 
12819112 
45516390 
17905977 
14323791 
16817883 
12798822 
8963722 
14043142 
34868965 
120252183 
15661871 
67976245 
21918310 
28583197 
15825547 
184931891 
19658162 
183707859 
19402584 
15604078 
79570653 
29328707 
13746792 
143209906 
29342640 
16866617 
14702533 
1435461 
214212539 
143571157 
17567533 
200219772 
149891841 
14085070 
174740894 
14647570 
