16378093 
13232322 
2575249075 
1732829419 
21724904 
7434272 
786145105753219072 
241991724 
165798058 
289342771 
131315938 
256722290 
16031984 
1437752292 
60754612 
358566293 
22270118 
301776019 
19733088 
15694863 
24881388 
563325998 
871766546 
378800745 
2272675633 
2316100129 
17396170 
22396478 
2707961760 
18587457 
1561232988 
1268307788 
2461784317 
3898094114 
3084739245 
721811204583387138 
1323654877 
44562973 
767 
824333822682558464 
132173493 
855605624 
835699572366180352 
2903979971 
27047369 
2793377556 
832343234818891776 
14478260 
970207298 
439399092 
813286 
823565852922576897 
71435985 
4666231375 
30354991 
5405152 
2386399081 
2401346587 
2895845137 
19568591 
301863076 
14155907 
454065821 
20902252 
22148802 
55896862 
137386838 
2697985250 
35355555 
1673669016 
16203515 
121875256 
266178979 
19135516 
807729030 
529126022 
1446376116 
22074836 
1631690197 
482792568 
130712378 
40223052 
3186334207 
204721301 
29501253 
464659504 
24261232 
198020721 
5988062 
16017475 
307826617 
20729766 
196458749 
2517988075 
717589636445417472 
105496887 
533208644 
33651536 
781251776 
90258002 
2466278912 
708096751161311232 
578641879 
4493387053 
59667733 
15359205 
100325421 
232294292 
33977598 
194377912 
3100262737 
24539444 
367297219 
1536637417 
1733777587 
2530947115 
2163374389 
3646341500 
16899404 
2326375081 
277071665 
3883416257 
15533823 
23975060 
379368747 
20184945 
3296250955 
913696369 
111463463 
15127834 
76757597 
18691746 
2370991351 
832183933 
115875691 
747850183 
3008138493 
3300811066 
1184354442 
50140857 
2958976657 
50393960 
197511176 
185280748 
6044272 
10666172 
1769191 
2297775049 
22067328 
24724698 
143264018 
1973136500 
26788424 
814304 
31533792 
1089958278 
256513537 
1003173584 
147637306 
72796877 
16987719 
566564295 
14647570 
11348282 
386126477 
532207934 
15495464 
252791434 
1648903272 
238675940 
1168811833 
8187872 
939949219 
153324320 
2717694091 
558148770 
607788559 
16239771 
182576653 
14299449 
13494642 
316327930 
406408758 
11109062 
54743845 
17042078 
100266394 
2361860238 
595746987 
264542169 
2364445033 
175383671 
2330721445 
2329316496 
2294678598 
2307799867 
15684633 
143134601 
17212474 
259472373 
200646949 
41182444 
314171681 
31189628 
126104034 
220238525 
2180447090 
277401500 
1736900161 
22402106 
18948541 
23818689 
1556664198 
17372928 
1271916638 
930059096 
21410353 
19802879 
490991372 
1058583043 
487412249 
1249676186 
18980276 
7647032 
382961853 
1673602298 
1676175931 
104786280 
252397899 
1391170987 
860158302 
182839127 
440283225 
1002014071 
122480588 
355681958 
1564188426 
145784826 
1467752365 
294300657 
52740676 
55961431 
820077362 
292611663 
22931893 
1284565916 
963401670 
1025323381 
61623544 
72347833 
19725644 
17939037 
59524045 
19512493 
4620451 
16906137 
1247375072 
423255809 
15143478 
26858764 
52584039 
14327715 
19767193 
72842277 
18655567 
16843817 
40054423 
300735398 
997629601 
157014702 
1128725844 
119625403 
19624836 
22419487 
281877818 
735125678 
20745130 
39005137 
122795357 
33014548 
579299426 
257834309 
115210837 
35511525 
14043142 
107225267 
749680201 
591223222 
207256884 
177585715 
16258157 
594666501 
262224607 
22999698 
221808649 
44874400 
106204123 
290682530 
91391619 
15949242 
458733840 
16356796 
756475 
105918870 
44196397 
20920303 
182227772 
9207632 
394680613 
321029318 
50506181 
196401315 
355665348 
326195345 
7362212 
169961978 
174740894 
304025698 
118983660 
16227629 
16130330 
11178902 
192589318 
59268383 
21626287 
48785884 
15000857 
34743251 
16536844 
233336165 
11885742 
230492604 
5845242 
16113368 
21439405 
195129672 
143571157 
163661995 
30034124 
16623719 
43793782 
12306892 
128351017 
128292609 
14985228 
102915100 
47578715 
93579404 
25749993 
70441837 
23641580 
15626406 
29912873 
23760311 
15234407 
17089344 
18622869 
14085070 
782325 
15125585 
