706800925394997249 
36181313 
163066476 
205195655 
1136070324 
90386807 
1187911532 
223723354 
828309049108217856 
1978682768 
22074836 
739159309892919296 
739133515170729984 
62675793 
3965321176 
829336537871577088 
77195099 
3170519853 
316686040 
2304765488 
824646438441283586 
2836850251 
819021128 
316327930 
14631606 
18920423 
261027154 
458769174 
337675295 
1167463664 
399530535 
258037394 
3842354907 
61013757 
405417128 
783331688 
448447239 
49637376 
18400345 
71041619 
213858000 
284547647 
29935785 
2695996489 
236511388 
198243432 
3396202949 
794135593152290816 
785046746401497088 
339295955 
2729773184 
3417523767 
4229425731 
2575692887 
601786883 
1430147665 
3083829195 
770307175810031616 
608992322 
2996287665 
4339047568 
4830495611 
699575823955845121 
706963675790315520 
70211030 
31173099 
758241070186631168 
782750427485986816 
721040599214755840 
952848853 
19682772 
60588749 
43736988 
49450083 
78663638 
1655891311 
48563897 
1941138948 
1445257722 
384011128 
4860447133 
3107424029 
384707516 
840426452 
43792885 
2520043286 
140952128 
284656069 
3404108302 
26227757 
70331315 
3392564831 
153429515 
3294352751 
3180968786 
862901647 
3072623795 
141518494 
125853378 
21736926 
245890999 
187283701 
2553531014 
2645982204 
204745602 
19505960 
370916619 
84408365 
1952352354 
1377831396 
2316848282 
2385703668 
21024792 
1680067740 
3035338437 
197446089 
193169785 
15501489 
1666526137 
938992261 
1425620142 
359223769 
762211171 
32128260 
785162509187702784 
1362683066 
178179332 
254486866 
488193877 
3092498849 
158659687 
83743702 
805853827647893504 
63776976 
774085424998391808 
450813070 
2319966785 
41803436 
2304639691 
2987521420 
1488087096 
155041712 
720835732961492992 
627903251 
77276249 
233204912 
814114932 
59837750 
332890360 
80467869 
230025585 
94331772 
204928854 
3805610367 
18176879 
1392877512 
15641066 
53299543 
26274890 
84153113 
6914722 
271698680 
23919193 
271567110 
41565803 
37796726 
367054783 
742947588 
211221822 
152715270 
92708546 
830605074 
340411086 
442305089 
1294436887 
1868265924 
323373362 
310268975 
965762310 
240474082 
823443661 
1259750492 
331505013 
288751367 
297541310 
84003732 
1496548578 
576526777 
2200345007 
2435919056 
976577047 
1106409594 
15594788 
1322860040 
2278373029 
2605172502 
1882062710 
261384238 
1966894998 
34085070 
26990904 
253214148 
1225936837 
2332369003 
236346513 
1259224082 
108544859 
1140030259 
2321511816 
2163672686 
111564404 
14362758 
66954718 
36486311 
162252203 
37189051 
29503208 
196663187 
1548417998 
1451878254 
76056489 
453871293 
1241117233 
14052476 
245512910 
16045144 
396502877 
310297935 
568041085 
593551581 
988176264 
1576117903 
291507317 
362047840 
1493287428 
2181305474 
127613049 
1053813216 
309668154 
1213014060 
849732751 
1707968082 
775052977 
371665686 
971835356 
2361745117 
2528686640 
1978904616 
140089792 
1131778063 
965779621 
1173274819 
965773094 
430344908 
512793600 
729101677 
965778331 
596495268 
965762910 
349143448 
1170326779 
15232253 
1673274768 
474571934 
189151324 
581372365 
11161622 
965780071 
581374657 
965764482 
336519367 
21242215 
305022469 
19626693 
201402940 
251951780 
1237664911 
411052030 
14396811 
339769758 
58705699 
286956866 
22051112 
1065375943 
214390695 
776598648 
360617060 
604416116 
291504348 
103135865 
428607318 
1957336044 
884297496 
275083956 
1171010611 
1089435475 
1496314590 
17746424 
1580635410 
766222484 
1906206901 
16436519 
620560884 
260021840 
499254507 
1095484008 
1927815332 
19684452 
1342003122 
553866862 
2304278354 
612388747 
396046366 
942743550 
87962698 
101523964 
205029264 
390050866 
187573580 
1348943119 
837304579 
1155834775 
454065821 
237715891 
965780173 
965771882 
88627247 
26666019 
2233177052 
42922896 
471032489 
840246510 
1719600770 
1264520742 
779400144 
605338718 
10261902 
31292357 
505810421 
405802357 
114418623 
248348134 
116827188 
53226739 
727712000 
728446376 
729467005 
729236382 
23322620 
729346962 
263981870 
412607939 
745730377 
744109710 
352744236 
426947478 
388539976 
548777944 
65326399 
30985741 
45797099 
591944060 
217942278 
627030972 
18399584 
28051868 
215906323 
6352162 
82051624 
2258911 
597528861 
589450802 
629554515 
622655922 
572022180 
624222669 
367423177 
607524184 
49039743 
50301596 
17177403 
10838032 
86745451 
63339917 
564402608 
45791955 
68625773 
144663206 
502256846 
616217159 
91545406 
280642421 
134497814 
465340236 
529089593 
562833687 
58545800 
505310389 
592249973 
598935330 
388444559 
205285707 
570645386 
612768991 
14462453 
195346709 
95661007 
18272523 
50744630 
341632277 
96591869 
272822776 
16519648 
345392664 
345331878 
235216457 
289385193 
164538560 
93702875 
348462910 
241875467 
294479629 
262874335 
322601275 
325084727 
20170226 
21757726 
324099269 
146974766 
104195253 
15212770 
305805330 
316337212 
197679139 
62297217 
29853757 
278335329 
21222730 
78892659 
25400401 
275125492 
282447845 
16499558 
22744421 
101822146 
278304897 
288344741 
299020746 
153503627 
51105034 
194763673 
308692621 
48202497 
106010904 
33997906 
289112946 
128324662 
161028702 
124616741 
135194860 
84067165 
276517268 
272612288 
172083689 
194420033 
18111250 
302251517 
23870440 
207655825 
278236002 
273887078 
286091751 
14901320 
131802057 
75468503 
60288498 
287201311 
287587397 
288014179 
59242836 
88007636 
86110597 
220261881 
10633762 
197802648 
23316552 
7182612 
10602772 
275892669 
98705828 
275750833 
247713004 
274329185 
93273483 
127062475 
66680811 
240613356 
262226350 
24934300 
55162744 
271085650 
176420613 
109895940 
269411855 
79158855 
36155899 
263312246 
269295078 
49156893 
44333732 
223513314 
264280822 
119066663 
124323182 
18176886 
42199087 
26558851 
57312774 
24876874 
248990384 
103771311 
251034593 
45611014 
225876873 
253335593 
253460491 
254140193 
251849422 
391838355 
26314336 
262784921 
132744145 
49718893 
21533462 
14906001 
16922486 
13569972 
238840065 
159394245 
190945016 
179740261 
236471305 
113342348 
138494259 
17205208 
120373878 
140973306 
126460548 
37192703 
132258192 
152631378 
127032569 
115489113 
19188661 
154910928 
63117023 
133715568 
19968025 
156902337 
14349321 
156597576 
60232929 
8664122 
17224705 
23269965 
965779075 
2336366264 
321980130 
41396964 
56782360 
127204283 
603599873 
463036079 
230589138 
442398974 
15946688 
173527708 
454588094 
454970049 
199972242 
457821614 
408095687 
400878526 
460498275 
363066396 
288144494 
438280461 
14353839 
344128331 
425176161 
351123365 
26180137 
433687608 
415478331 
436270890 
16373610 
419842321 
420432722 
17137371 
32356703 
75812599 
90417638 
401147215 
33960746 
398888756 
414594343 
48059707 
323219113 
42395938 
336001615 
222535578 
155726980 
406989472 
367039493 
21775881 
357610510 
399181448 
131115208 
191429904 
396832258 
358165174 
22059130 
40742421 
157789052 
42706057 
30914707 
95394631 
789809 
6716542 
259794864 
45678340 
281451708 
245203929 
77308803 
201974521 
397351278 
396025811 
282646828 
80050494 
354107065 
394418153 
33740012 
375738943 
8125922 
17081398 
72326217 
378345859 
56282506 
256536095 
376252742 
376977380 
58498352 
379479543 
380493485 
233103445 
379019529 
380493074 
380603585 
192519011 
380597643 
105528781 
361386636 
18868009 
57659003 
385785297 
300722528 
374057789 
42704560 
365659925 
23010384 
342961019 
354784135 
351900403 
352024255 
297197381 
53002716 
181298851 
203614153 
103907895 
337910733 
252039125 
24936253 
87586514 
342792843 
62614339 
35246614 
58530248 
247451661 
335486961 
332290048 
331172559 
169654298 
248464844 
35997152 
46394544 
16752757 
288166470 
284566985 
141655901 
25477262 
20650080 
263924591 
325342969 
19585126 
81108258 
244838628 
100831532 
256050947 
35135216 
31365641 
26466787 
15003535 
80878367 
74670440 
197993918 
239546992 
15795255 
312753019 
310159774 
303692254 
305111483 
107685408 
257036966 
154495737 
305415014 
308941201 
210436793 
135876200 
305651622 
63415272 
20689777 
19911263 
294839687 
38652138 
187967725 
16198216 
293860533 
73338978 
241484027 
296429518 
266530277 
31222180 
21444260 
295615253 
55961431 
69932023 
79022688 
198190244 
282631446 
126318102 
211408205 
248079402 
263245608 
146558985 
270181975 
19342892 
113427421 
205406650 
278359988 
279255951 
278897147 
43987484 
277546078 
275376606 
74474703 
258972906 
14611822 
148902534 
29374886 
66640222 
40428148 
45528591 
16141604 
262921277 
257501183 
213719649 
258306552 
260154586 
30795380 
258583639 
257278894 
16664169 
254575210 
103235687 
37704405 
249787809 
156351436 
251705855 
246661697 
39935761 
233784168 
19522352 
246363771 
15350750 
201675419 
119325623 
234079874 
241919692 
183418726 
239437303 
238050471 
149757880 
42728367 
8088242 
101837908 
67567662 
84037052 
198443431 
6592322 
68296264 
46738775 
50561391 
177625923 
22470684 
145890445 
118747590 
82933074 
32244680 
63292104 
15528524 
16965648 
801496071595839489 
113180383 
216451354 
27480008 
121306396 
215229110 
32268501 
16143226 
35124688 
204020867 
202235037 
212319502 
211837218 
211951672 
57313119 
180219971 
73651554 
201782371 
208076794 
19912776 
15861296 
193439671 
91534645 
23227277 
108269001 
191654681 
204365202 
47769459 
36580931 
22009399 
79606469 
145007561 
18508067 
27884955 
155365577 
23773338 
33975738 
5537502 
130475414 
197637042 
197966239 
7409472 
49264548 
14312982 
17991810 
50998548 
128321254 
194261201 
194141462 
176841064 
87085272 
84390613 
19501369 
110794236 
44638999 
110329483 
182656711 
172106367 
111146700 
112536878 
143829782 
145116255 
98426696 
28217852 
71254675 
138838768 
18608674 
82466519 
157619792 
15334009 
21481425 
28471697 
27011521 
16157980 
42620889 
13179512 
36961630 
17606048 
122062564 
39467599 
62833154 
54822272 
25004176 
61743837 
142775495 
37205620 
140124203 
186581656 
182002587 
134358767 
140605482 
40166394 
23346215 
186912635 
82310553 
23528176 
54653792 
41971288 
51856857 
35134369 
173291381 
82844375 
179195205 
185601937 
47446728 
169254604 
21006382 
97913286 
24764827 
74133119 
69431837 
39492728 
116851277 
28084440 
176836533 
65032291 
17098092 
66807902 
58569476 
179342918 
38447549 
138217665 
55532024 
17880222 
20983223 
22477485 
22795306 
37955030 
24074837 
31419026 
17298951 
11835452 
16611949 
185575503 
168614118 
14056076 
23426676 
183171056 
159603138 
139860659 
19529039 
22542672 
145924002 
48626097 
17799542 
49345324 
44167047 
18095139 
45033747 
33094620 
33864585 
28356836 
54915404 
87033699 
42185722 
84171354 
114625667 
43299059 
86328261 
9971772 
55903878 
17548982 
14160796 
12828802 
10946762 
16235438 
10755602 
21099975 
23449844 
23774486 
34746457 
49846981 
21158512 
69318471 
19734056 
21577726 
125826909 
12967812 
9281182 
8715542 
147871477 
27957268 
35891963 
16812515 
17544803 
25690886 
135811214 
14123751 
377999348 
55505613 
373495809 
993536006 
1938589795 
2274027460 
2348230723 
3646916546 
129591712 
91303462 
804906024893378560 
19197862 
2882764048 
51871125 
293747368 
4212918029 
1401257011 
320116409 
2849629408 
2751482632 
115092591 
2573242088 
332914193 
90186271 
623923749 
295326066 
2796299220 
1047549426 
230786241 
3873981215 
2714037584 
589880793 
478387478 
1158180734 
733732639597694976 
115577948 
2565569096 
2585680440 
1114960742 
4283263392 
2202124837 
16058462 
277384469 
49976458 
2413334653 
2992577491 
3664441887 
350424151 
19910826 
1052369611 
362227925 
1250204076 
3311723328 
7459282 
2798050786 
214170798 
621047794 
77180532 
876400777 
16857753 
19272796 
326755425 
53195953 
1735686132 
184525951 
1045880340 
89465917 
134811779 
28694307 
239297332 
3208874513 
15705681 
303246551 
232495960 
814716962 
101443152 
12236332 
37615279 
34574349 
277716318 
804948578 
87983928 
82962411 
995832246 
266010664 
876321248 
875471701 
925772930 
18599751 
21749800 
317336512 
109172330 
384972906 
417622585 
143942446 
248795646 
5695032 
12216472 
6695742 
367619623 
52444917 
17664210 
154085958 
1382108304 
769099 
26779387 
439243467 
35370970 
17099853 
186936963 
746087347 
238848330 
16182427 
60462719 
25742332 
42124943 
372954697 
245039644 
23123041 
70436807 
19021096 
245737269 
447532101 
15864599 
2153260779 
17155094 
414155291 
33609198 
71792199 
2329316496 
17175139 
118493585 
25169536 
308151547 
323868098 
18049239 
43660789 
512221904 
436058303 
334921581 
110736955 
49337694 
2759589991 
18374723 
287890933 
453186692 
763403629 
395624025 
296494340 
419221379 
1713436424 
9727382 
167127859 
20732866 
27834920 
631367808 
566778223 
127485619 
605198927 
2717694091 
76013938 
36955168 
1911589801 
1634065471 
18138288 
2915068345 
3003439757 
379368747 
69672712 
61004770 
19816859 
987352382 
939949219 
1173291912 
365502012 
469526276 
296975477 
15722277 
21744554 
219786159 
1210127755 
433667482 
3230321 
33040301 
15213054 
2979285677 
966562123 
14511951 
14461492 
128040306 
44849238 
259744703 
116790211 
226288409 
25314580 
165084422 
2520660378 
101492374 
19966557 
328672580 
17141924 
280588830 
739215278 
232283545 
945844490 
311129822 
2522964294 
11881532 
965763420 
556723989 
2797662339 
1157470634 
221808649 
883093866 
66687817 
1694503728 
71038013 
1833108541 
1233320588 
20609518 
96014898 
107225267 
1691281626 
23602600 
1884004087 
299835456 
307519303 
1854778304 
1963208593 
619526569 
409887342 
1701902683 
1708133454 
916607382 
196418938 
533832747 
2620439700 
594266469 
774153518 
1283579802 
125631284 
3089331 
260919324 
15070980 
52536219 
468763543 
158156332 
20106351 
367907386 
177487905 
248252551 
16746064 
87818409 
406205795 
161279587 
1061224728 
2253444823 
211669197 
63716380 
286810747 
18147681 
1490439596 
206027308 
6580122 
2753253552 
285094236 
2602147586 
36690583 
204334260 
209632736 
36123433 
2865493959 
531297921 
783617181506539520 
2575013988 
1113456200 
251861709 
236472943 
2200952505 
76649909 
148053378 
67397263 
711890940877783040 
87019958 
1908425370 
454310560 
144153933 
49425501 
98507571 
260444501 
5991522 
2802202724 
1344951 
3306479357 
53351361 
1631815068 
18786099 
783109222254817281 
85662593 
110346977 
70499835 
315962731 
30927658 
244746802 
82732728 
278190555 
203822396 
18619048 
20417173 
34334945 
1095228607 
216809385 
151937661 
22752460 
215401313 
1048294170 
130320277 
257203642 
3235447624 
569461681 
2719965296 
179525949 
8738922 
1112026975 
351808995 
1601780563 
793523917 
15439395 
90694228 
24075017 
69001458 
1247549077 
1168811833 
311657687 
104198535 
781251776 
287625142 
80937864 
402037925 
10776522 
1566675516 
452447266 
104520086 
2992459379 
868623228 
185551795 
63557728 
399170212 
184806098 
17310934 
1355672426 
59193862 
1976566830 
64487026 
3186299889 
599357202 
126321222 
249885391 
221423977 
2195288496 
545035192 
43439455 
2368523641 
236414313 
1056759164 
3225943279 
946905968 
597152415 
1254989348 
35709246 
132259682 
2496349687 
20046756 
2868001134 
44982337 
2838403378 
27792518 
32257623 
203234329 
192737798 
283359358 
719113164 
1965364465 
19184686 
65638864 
913679977 
703060944 
2162758328 
52506535 
1630651098 
2803399904 
47074090 
2463504776 
253635743 
363005534 
313242999 
118190435 
14079113 
57455785 
47767468 
2571573108 
2655422754 
1046811889 
23983296 
2385544284 
93727625 
276581844 
2420588390 
250561416 
482463552 
454101499 
28566908 
3739414276 
2287482810 
3297632162 
2976833277 
555463583 
2312634474 
3366208287 
292829075 
1175774977 
1268307788 
131644899 
952607882 
237388308 
467118040 
199572130 
3306654832 
19612753 
3361748488 
196481854 
3440576061 
84315528 
31721449 
238281903 
2294640504 
715325721388957696 
104781254 
2180441437 
3073241915 
1721201738 
419147634 
118414389 
295987623 
22092333 
2646092582 
2457762888 
32873285 
1218074426 
245102702 
371603240 
591943949 
982451556 
3529173742 
617702862 
15301157 
74012445 
1364958319 
584089961 
2687635986 
231408473 
2164508275 
17146926 
101720224 
274504674 
467890060 
92386305 
318973252 
297588887 
2463633734 
412931991 
296392522 
301469692 
600203332 
461329977 
123859342 
103872110 
155981313 
1932238772 
743007676574138368 
18107306 
277981725 
200280586 
2860830669 
1442329266 
2511411955 
99083653 
568437023 
4318592901 
2575249075 
101565201 
340213949 
766756219327426560 
275069631 
25662258 
799468328 
19658826 
19402238 
1180706054 
1423538898 
141642937 
2286496932 
15143478 
1390883268 
297327661 
50617017 
282580522 
37710752 
19725644 
21611239 
155987003 
4620451 
27978241 
700456484174372864 
33773592 
262724909 
2889061970 
1294824776 
15385833 
1013508546 
499258127 
2292965473 
756549441931317248 
781154105402257408 
2855854300 
1548230959 
4158241337 
2904865133 
144579217 
1460062934 
449017317 
632360987 
2319034987 
1244375004 
1446438254 
1860074503 
2176275002 
3378779621 
760572275687059456 
785205908418732033 
2982610883 
552665822 
2741913354 
31380207 
4291410633 
3343757549 
1480895490 
3243079689 
703256006684516352 
3945467608 
455971541 
784822682751729668 
3632624848 
539863948 
3369348701 
3101440582 
7806642 
15460048 
24723695 
14884486 
2253271608 
393047619 
17369110 
793840862136406016 
775984922611871744 
18036441 
39585367 
5694822 
570042254 
38394403 
491430202 
490991372 
33474655 
563592225 
1451597521 
1690770775 
137839294 
2471305208 
775812353493307394 
1726682706 
21888235 
362502895 
1728318188 
787881974677536768 
394634760 
447018109 
2813469078 
2256639396 
747708501280034816 
2175141278 
4063246420 
721190906246725633 
1429455914 
41410461 
3086360584 
82591098 
396800928 
1074378732 
41779488 
707948812350967808 
3657683537 
19084455 
98470340 
86238874 
75927392 
3069527497 
788259484120473600 
74661005 
5520702 
181907107 
1858294406 
794188570089111553 
19526130 
2842549611 
636551599 
84597767 
436351349 
1316300851 
2477492712 
402300146 
2782218235 
791267463807832064 
162294771 
754065487848407040 
59657244 
91583793 
2475937514 
1686341280 
37197647 
583808623 
790877832876404736 
817790029 
2149738476 
790866734668472320 
766196530521014272 
3139343199 
890723216 
793363014007263232 
1870150748 
2990170125 
754924741 
21995533 
75745715 
4833260547 
3154144786 
2516555753 
2681206494 
361182963 
3044858350 
52083256 
2408475620 
263685531 
241276142 
11672672 
2394682334 
216247640 
2367417193 
354990313 
3309510923 
2707772894 
17476873 
2493002988 
67081332 
163854167 
869471286 
14059614 
18650437 
49613638 
18993702 
292390786 
785782618545459200 
14394317 
447755723 
2226518725 
1075190040 
1331604841 
18080969 
1351523600 
26234974 
3404818547 
17424692 
19333719 
488620840 
197411425 
29799331 
792341451526901760 
740789837217824769 
713451851459510273 
714174737782452224 
23426889 
80084697 
176878617 
607354376 
154223624 
734632397111754753 
733985292521181184 
278594290 
2342177622 
221803613 
2883316792 
524632527 
1923880602 
892986115 
190791988 
190683381 
277143687 
25997546 
34388092 
217211892 
1652817602 
15815757 
765104719438155776 
1655125118 
932367882 
738774945392644096 
708239834268229632 
187940782 
41884711 
932243887 
121912051 
551243006 
411763569 
81674842 
404042233 
3956703892 
620142261 
986608789 
227026265 
440519278 
2250113088 
121454524 
71256932 
3346508445 
70921042 
23174569 
788702840029982720 
390951353 
1339835893 
813286 
822215679726100480 
1536791610 
723884141163454465 
125512325 
3356531254 
705492971832131584 
310136659 
131929155 
66706593 
347855513 
239641070 
416998156 
116466644 
3585862522 
757935023714668544 
3657702195 
2161716073 
442886822 
385542199 
298785229 
222249294 
306838930 
302667955 
845261036 
3421356072 
167786776 
131991214 
2364011929 
1608894372 
4075312214 
4386597555 
475678671 
14973943 
20523099 
15700906 
215133466 
21741420 
108723526 
3311733891 
1031441605 
407180635 
55216586 
343362718 
139856430 
986642204 
262829921 
4099171 
23814999 
14615094 
16314021 
481943972 
34951885 
16378267 
42841990 
27397922 
759211134 
3387200038 
75256411 
14619442 
64800700 
14651591 
908667458 
3101066097 
2939658159 
2556656411 
2511464900 
12344732 
1284811776 
182147275 
2318534275 
56368191 
47389434 
276999128 
2295017102 
169177867 
259301275 
743657061880209408 
909358957 
19009817 
615454195 
525717671 
1270431042 
3073795223 
380394354 
3814561781 
2922999802 
2839572736 
3080048205 
1685392363 
279529851 
45159853 
759405034438324225 
242313848 
1037527831 
157799157 
18346745 
126497231 
719428289924841472 
3063244443 
2239542362 
1902217009 
2197375387 
2713952612 
3093520294 
3082231119 
30034405 
3005304533 
135998621 
3189001238 
220472212 
480104212 
381289719 
2191056313 
164090102 
4174351036 
22929672 
392745611 
20147562 
754384108193583104 
141861732 
128922084 
436912842 
588019308 
232025871 
965647932 
361867018 
1918114646 
598854567 
1591659120 
142294756 
66290686 
79074331 
21898129 
94263033 
132546993 
266132073 
1741578980 
2482080210 
152703442 
2279468905 
2885148424 
740839296 
2252277913 
27891804 
103927054 
56753973 
1735701128 
483137032 
93673660 
26773028 
122751054 
16157829 
347296449 
14074498 
2964584867 
99587821 
1653770886 
18211700 
783707478253039616 
112417944 
312311012 
189764502 
2849954843 
45406670 
4075689560 
780418658992590848 
1240778856 
290969071 
1520178126 
611999964 
48073817 
2848782003 
3063455305 
3259901405 
2540050860 
44901675 
346029342 
17605855 
8865742 
14828172 
780371284484059137 
492427292 
3534067462 
253266354 
18904840 
2712111883 
776008072460439552 
56510427 
435970422 
372494838 
18219517 
69507253 
15765945 
484634911 
3543196522 
1870033734 
126712958 
12450802 
3891887193 
437699515 
493918676 
3294405521 
4592110589 
19450071 
2834415867 
884741 
1515728941 
2891858896 
2697985250 
714458727320010753 
1452690025 
959322902 
2768346873 
768679872 
1533909385 
43965658 
98364742 
1191452600 
713463289280380929 
75653088 
2620097228 
3070251550 
257048400 
1540961989 
298221754 
122795357 
222830823 
447923896 
252527698 
15862891 
38632472 
272803076 
328159411 
20304663 
826003231 
4343720183 
2782211491 
17867748 
226574609 
2794568703 
188886535 
3000032279 
331780320 
773511255856381952 
2190480175 
18244350 
1018962877 
49254045 
15734898 
17288542 
1379344580 
58894724 
458764095 
228316949 
29206264 
2240338791 
2929483234 
351428285 
475745716 
240550564 
4787270733 
3996254777 
898668336 
88690819 
3413300254 
1425538542 
814355503 
288376022 
57260350 
1664351389 
1247652517 
4178822218 
3193959613 
1454576262 
730671235378647040 
1568067380 
212681975 
84208614 
364880716 
317437860 
160264166 
33729787 
341180845 
768325123006791680 
106382065 
751317165576491008 
263704309 
4219327827 
15099325 
2246380644 
1551255859 
2902000887 
1910984238 
199834858 
32456965 
42651614 
14198277 
3491002337 
531703765 
73180473 
2341662913 
1962856776 
19299077 
1606152337 
2437311908 
740259573165101056 
36651871 
715142176955637760 
373691225 
2734569872 
4708865541 
766566021796769792 
3014949262 
3307010254 
773812486776684544 
2654306088 
3248116287 
2785425710 
229005889 
3840211864 
20902252 
247678469 
2973497434 
2415196886 
190010936 
763728846822711296 
4637985972 
329964794 
4568484861 
830505859 
761035356821069834 
2802184638 
1495464252 
16296908 
416608486 
63304316 
3246996364 
134109842 
66411637 
3084739245 
140574898 
149414982 
24181299 
2825715356 
211761750 
4016524577 
253704139 
3898094114 
16684998 
3400555246 
1322867516 
1848160765 
15754064 
1535017550 
21410353 
6567682 
50128405 
83105742 
757776180 
2549031829 
176105004 
262665364 
67060449 
335697315 
1203782107 
44553548 
274000611 
79275123 
38804101 
118818314 
173982159 
48788453 
72946284 
36083751 
256199675 
331004040 
15497622 
27502088 
406131568 
123888583 
30028218 
141152082 
94352635 
277826494 
209130067 
142821259 
583903782 
115478596 
253543621 
519591373 
330743859 
132253489 
47806092 
304366925 
42378721 
2893608070 
391317778 
4834714216 
707463510 
1355259482 
232344053 
2163374389 
15836922 
721811204583387138 
22465973 
2603932549 
1323654877 
21592033 
266270190 
22878226 
27440337 
116813943 
369837085 
48380102 
64970606 
2507641405 
293638102 
1243989678 
3198177418 
975031022 
454691653 
50668170 
281951476 
53533435 
1036128740 
137668699 
401536153 
2566768790 
216907320 
1737855798 
2829011882 
95402150 
41664785 
17176889 
75851127 
704650175613165568 
52522040 
40165585 
262628100 
9026112 
11855112 
15950113 
54743845 
15471002 
93908207 
2178411342 
254512557 
72796877 
2461005554 
53653804 
47933550 
2831669863 
2812814696 
2461784317 
2192497999 
2360025188 
2273812640 
1376342780 
175025138 
914404489 
14442119 
735998316614279168 
1691473742 
395219754 
746962992881770496 
2233784005 
2527194871 
3306077835 
748160970 
2788949218 
621980734 
4105976776 
3342493186 
49413866 
1349846941 
18102924 
23544459 
711664070231986176 
3316210228 
180456267 
386476099 
64643056 
732846984881680385 
87430913 
4877943443 
451055939 
835942058 
700427059328393220 
16199886 
81887117 
59728556 
3300811066 
274721097 
2370991351 
17995712 
21927987 
79694807 
69583586 
22474349 
744524670595141632 
52316976 
72947528 
175423518 
3131905215 
588271226 
768884790292541440 
2185167844 
732104324172615680 
591776330 
577271187 
2931721467 
53800367 
42652196 
740835726829465604 
318074926 
197962366 
747778031511547904 
522483778 
55557293 
1413216074 
385390890 
2660613438 
215611357 
273600783 
17093617 
1904583252 
49009853 
4109168195 
738364395978424320 
2782008775 
733004332761763840 
3989783578 
142716265 
305128950 
2175101088 
1881805273 
75838766 
12648002 
79434033 
8423152 
4881121 
11487652 
2533310647 
76108364 
1460035021 
17782951 
182101428 
2589890770 
20729766 
997629601 
37238862 
577227130 
1237386824 
267154006 
121325622 
993892422 
1006974710 
14388426 
1181421463 
160393906 
534241636 
302894349 
134146904 
275058967 
2205474534 
2303661726 
382598790 
156333716 
14374997 
61098807 
50194769 
226380171 
64362109 
25215723 
16996407 
2269619268 
533501768 
560296988 
2808748703 
42826291 
3209434923 
932969294 
430844178 
212486373 
353720586 
166064480 
594280670 
21920381 
1738524913 
19425695 
44248521 
3019174782 
228718722 
2297775049 
567648350 
815795371 
27421797 
147637306 
2878511765 
1431402236 
217394986 
729561561266831360 
2837942843 
2386399081 
2207969095 
2294509452 
2318644753 
3599385615 
117192318 
462407254 
76051271 
628227686 
20687263 
107391777 
583233410 
297947269 
200646949 
2969611414 
163844242 
3144159117 
2276824812 
122413878 
235652202 
3068008811 
487833518 
34653414 
2460268453 
27596259 
12819112 
33495442 
41561657 
47955017 
59103212 
65467957 
72223432 
84144613 
86323813 
87709459 
93870127 
96163050 
112142275 
123891126 
126705042 
127910801 
158315063 
158378782 
159049238 
162088304 
166700701 
180304310 
183223458 
186394769 
223430081 
248616314 
252074645 
253588542 
284932030 
284156096 
300917070 
300922257 
329762114 
335293716 
337605795 
343615386 
344030764 
356186504 
352355136 
360821037 
381573739 
383114544 
390637742 
393972233 
394023839 
394758193 
419544231 
425146617 
425178190 
434999886 
462330023 
463005972 
472929211 
482191796 
522150871 
533158285 
538926991 
546363462 
740610750 
763937342 
858613057 
912248030 
1004075184 
1120799718 
1372424924 
1415130156 
1516795838 
1601917802 
2315415500 
2325767570 
2507111502 
2677219700 
2737104369 
3297393438 
2881001499 
2853401031 
4785652301 
2876669813 
240222393 
2545546440 
233577279 
318689828 
824646152 
481291597 
904251031 
158860009 
2215533339 
226129518 
2561528779 
1688181319 
3031595675 
605956105 
2620470357 
3405793695 
2351174142 
2777217152 
594069867 
206177789 
392962247 
115598515 
1584757184 
138509803 
500171541 
283717978 
4424759895 
2965324384 
15916215 
48289662 
82898546 
21185158 
90433641 
118666101 
80309315 
22032403 
81992242 
18804364 
19692478 
144853604 
16404772 
22035112 
21852798 
121077908 
20774514 
20715956 
7348612 
14792079 
2814095813 
82898567 
168416000 
4787911695 
14647570 
28567809 
760027237 
2679870954 
2189138839 
51734793 
3697013177 
299221170 
2645602164 
15521075 
2784176576 
1891806212 
576284613 
64985947 
81699137 
1140123648 
15904669 
532207934 
183255217 
82348646 
524394076 
347188522 
