827573308363137024 
498721028 
621193 
588730194 
50723464 
132536822 
209492404 
562949699 
175651928 
1535583726 
102949508 
3768406814 
204157044 
4351481058 
1607282556 
1177654482 
25865424 
2171865739 
2368045350 
2200750548 
4163063299 
34245214 
196882920 
65868959 
1731707652 
14213597 
313525327 
83107901 
99551867 
214694384 
19905698 
3813388100 
559663627 
80198250 
217929228 
21749784 
187956495 
18976126 
164195712 
828576439 
61159473 
3278604505 
303493301 
155907477 
160367881 
3457448534 
64944973 
126849014 
366406586 
31368093 
3336199699 
46914255 
9490522 
194632356 
15689909 
30429373 
565606456 
1032129864 
130902648 
281497713 
10026072 
341995045 
137314171 
14237577 
67793931 
44685875 
251603418 
630296272 
62781731 
632110916 
152971120 
2193811512 
73409457 
232117400 
3345748301 
151402855 
21071383 
2443766580 
868280508 
2734713482 
3368183980 
62465787 
42593431 
142185308 
393088142 
1070003822 
3263251057 
17251152 
23739668 
3189076069 
59419156 
43861844 
3187558453 
3220030849 
129692438 
2736728444 
200081824 
415448762 
3235781310 
544894484 
101369667 
61710236 
22156042 
1582341876 
101986124 
1919311364 
28384294 
72791766 
2339709854 
761052900 
16717693 
2959140650 
48909801 
291755690 
87883018 
37874853 
981167869 
48255881 
140339342 
3099406220 
61375069 
215857594 
82010321 
31348032 
16298686 
712250954 
2942988678 
726205098 
68264589 
14137565 
56314682 
3030304501 
2934318943 
65923638 
380276982 
56281786 
43655862 
152686010 
51381606 
36254805 
2897351317 
37611821 
815066809 
20660725 
2453394818 
2988083510 
740631480 
3012460063 
3009066134 
64199049 
28012619 
2739752286 
85335033 
41331007 
20295445 
275479426 
390181362 
1901273544 
710455274 
1039340131 
38481525 
23379681 
512348200 
190960353 
83117065 
2310034903 
74738894 
10371892 
2932104378 
22592899 
2787599820 
1060202118 
2772858829 
45565901 
133984975 
16257370 
49910799 
775433964 
34570530 
1446011358 
2928360056 
67884182 
51525001 
143734933 
355994528 
35778825 
1617771439 
46331105 
775545002 
1307532498 
368237649 
53848009 
279151853 
2771851363 
339034198 
2767466961 
365080260 
90977682 
27369748 
25810892 
129533787 
71861298 
128803550 
96908785 
22233886 
2857574108 
111012958 
234433190 
415248099 
42597389 
348984800 
51937589 
709892460 
2876157229 
846740822 
26229882 
41376580 
58246738 
167235901 
2437701109 
50182028 
2778323845 
71220852 
78913820 
32794496 
340147978 
472571910 
114278801 
253340062 
2819366653 
2361936043 
2763470958 
326670520 
43295464 
54158202 
372717136 
367705942 
2788307072 
130079738 
961970240 
2730521521 
17456719 
164240402 
45580282 
208367098 
66203368 
30462585 
345784186 
62012793 
116052027 
2427392101 
207900100 
14383708 
1378771950 
16748024 
72844850 
46312324 
209475720 
137322278 
1164045972 
261102721 
578588824 
17617653 
16414654 
70079982 
36406828 
14742294 
619155395 
2560806692 
8676192 
66632134 
13747062 
14433397 
38140836 
217796445 
169002478 
15143478 
22475917 
1974619213 
494158870 
547115737 
559484501 
102578891 
1403043571 
457580088 
52738085 
39776024 
14918896 
98729075 
17591828 
15191926 
180701651 
612650536 
547681627 
69251332 
113305803 
409885319 
136776382 
178752734 
50616373 
625222591 
600057222 
58153257 
340963274 
48948054 
14542143 
413238768 
53112801 
123582455 
1251828655 
606437303 
325986289 
112904421 
1009475347 
52722401 
204799452 
288089312 
139374376 
54534529 
152179711 
150981693 
23304219 
19963411 
2278496684 
1157496662 
1666788324 
437178694 
22717923 
201321940 
904107361 
2597284680 
2528294713 
543429897 
40923580 
79374460 
288595930 
396440881 
57937544 
62083395 
16678443 
2331546434 
228792737 
287485097 
344496766 
382018972 
1542993360 
125607891 
34658787 
34217444 
194700037 
37164677 
138661671 
5499902 
287988184 
45756727 
118977237 
416755765 
52387390 
231723498 
23172664 
30409801 
22768248 
89135839 
68638000 
23694283 
608043 
94033485 
1574787762 
14073146 
17418113 
261749083 
580432215 
734462947 
30237807 
370154361 
56883209 
33801370 
2541563412 
25963101 
429678464 
335889981 
44381697 
49960262 
228080392 
33180741 
358028879 
74096976 
2270102455 
454914676 
61156361 
288041858 
83746135 
383101819 
237339771 
20574258 
1163341357 
23544596 
2476616293 
103011539 
2471846629 
131814103 
42545044 
907346546 
220911294 
1128681613 
27721593 
2366508566 
594436415 
576385396 
221598296 
865893757 
298045334 
205570998 
18507505 
292319626 
2437752991 
332162917 
212257958 
755142 
25312815 
28759446 
2433228781 
409261825 
100493893 
23896409 
60338342 
244930737 
509964816 
25363668 
1612625718 
310816643 
397149813 
34149761 
20632796 
29605009 
93558058 
89196767 
14810331 
319700212 
135878281 
8908462 
82807134 
21385297 
22241060 
20372118 
2411304522 
78264349 
40287144 
47129728 
346638576 
237988530 
14749340 
53271417 
191701740 
59747766 
1527152922 
2401023865 
22664210 
233098956 
94242247 
264231189 
96496262 
278082863 
49106801 
19725644 
723561788 
65360047 
226630010 
176424892 
354846840 
211778299 
1069593516 
335960114 
92938217 
14819485 
34568673 
20357405 
732194604 
219272288 
28937513 
161073837 
80497050 
27174184 
529223769 
71571806 
21157794 
16863516 
93574096 
156637663 
25426756 
1111478468 
305020444 
2391415017 
2376469166 
269193299 
14258506 
1520178805 
29366221 
30817979 
252143204 
157316122 
412662388 
5459572 
68321763 
41085467 
1424507798 
50216184 
295088795 
19176710 
79576460 
19288692 
115508152 
33849378 
319529432 
49994925 
16884623 
2308308446 
125664576 
36746176 
564403413 
217461705 
168385511 
346481471 
38189285 
834921991 
82097756 
28363806 
19750203 
1490816522 
1274861 
50613854 
58140831 
1528882861 
77897365 
556103044 
71748831 
64158832 
128183152 
69666219 
96759975 
31327345 
21629031 
2223021582 
353524631 
497030807 
430825754 
49591395 
29682474 
607156756 
1353784034 
18431468 
746417028 
444707555 
1658002124 
1859904685 
1695844224 
21343476 
14877923 
1690855892 
76396564 
1724614974 
34827945 
1664091325 
48330511 
25852178 
261114383 
50617658 
1703361656 
731921118 
154955359 
27403463 
21878554 
307853933 
1543204662 
1687460156 
1684945844 
1684947246 
51960238 
811756 
21279032 
373245413 
124352458 
103891952 
419963771 
43922976 
25270800 
585986111 
223399674 
299504799 
241902253 
94445891 
33926128 
125271050 
80038655 
131454393 
25675138 
115648095 
11217302 
89914369 
133066846 
998538158 
77695683 
386458930 
121893675 
20968166 
56980064 
62272813 
80886408 
21629850 
25043107 
14381494 
74655332 
199959370 
24308482 
10356152 
6714692 
93401134 
187486236 
23632537 
230502627 
15366279 
45108548 
810280514 
91305767 
9832642 
304241021 
18351331 
464277708 
609223 
48343235 
26425084 
198364923 
39169783 
39473140 
593445290 
25944905 
24661855 
8395672 
446345292 
44433879 
28356397 
116968471 
16590863 
47396530 
181473224 
23092970 
285524444 
801802250 
119292317 
177851348 
573520866 
63964677 
355574612 
65649337 
102242174 
220293423 
353654632 
788841 
460086082 
548261227 
380858337 
16801547 
58220516 
94918165 
503847261 
12269772 
367729107 
440568633 
88979779 
8812832 
710963455 
14088528 
307781209 
765668622 
108316006 
591545494 
602722746 
72853078 
78546089 
12679762 
78198047 
13728132 
1077571 
252731936 
444413055 
612383 
171805920 
264746119 
42450808 
24639800 
66452637 
360759538 
590959674 
22561382 
242839902 
283869724 
13982902 
12642422 
71751261 
156648935 
410776193 
39970448 
301939368 
424703289 
145166355 
14458998 
111255136 
29438836 
392141242 
212443575 
14393803 
14971759 
46671682 
125314508 
5379022 
105055857 
49015906 
46582325 
34262453 
39916609 
114356023 
21915657 
237617441 
15476962 
151310067 
123810446 
14405898 
281670654 
17832814 
52325674 
585973 
7797592 
20300790 
250744907 
4395491 
9876702 
38403384 
21845980 
57881882 
45756681 
79106146 
37893467 
671693 
238919435 
220817090 
236657225 
15379472 
79130684 
10781802 
87275671 
114064813 
180505807 
64544431 
230041845 
82006616 
35951218 
66128803 
8618342 
14367333 
25365536 
162992697 
169881660 
22468705 
138902244 
207548464 
41786135 
36846589 
11212642 
49911886 
68229768 
213989723 
209695802 
44565960 
123637089 
81841938 
143753632 
138408873 
177008939 
69551588 
9845932 
34342922 
21967774 
29691005 
42399515 
28273093 
59017374 
18925018 
112663252 
70888817 
42798582 
15451993 
39932595 
21501453 
14968097 
72598780 
25173006 
90014982 
40198260 
96781957 
30457312 
61554039 
35482645 
11191402 
39426092 
21677409 
47260399 
43080895 
159486835 
120767986 
99665733 
158128894 
20218018 
17267391 
72727256 
19750980 
14586647 
161581657 
201122907 
200701650 
152579314 
59072662 
172412017 
25790973 
192814573 
145559129 
16575459 
132726363 
184647530 
77922719 
196962982 
24037964 
74763589 
89396246 
158458791 
21405778 
26685264 
123274506 
198438534 
21575880 
12830 
50892871 
153706307 
24855881 
41522318 
107950677 
32800433 
164029450 
17129687 
19726936 
52709466 
56985149 
15070876 
107335403 
389233 
46076036 
34629941 
25850903 
59426426 
187914058 
52976734 
97580698 
59105610 
46615059 
86422542 
185954506 
136139008 
185997882 
168575031 
149380043 
174918499 
55424509 
24509984 
24058779 
46837026 
166601606 
16008057 
156854966 
18932223 
183609304 
31704352 
15512107 
62822504 
31619861 
28465863 
106377064 
18282300 
64434657 
14967382 
38388003 
27473877 
89113549 
160391541 
104710108 
90400177 
168632056 
44290654 
18931372 
42435533 
15819550 
28994998 
176733482 
43355186 
22506492 
11966082 
26417836 
54521013 
26561103 
46076577 
77468177 
16644588 
28776864 
17137960 
25043549 
1968511 
70995929 
15179859 
1810821 
19434800 
7127572 
166548699 
123246846 
88619891 
37176095 
18704073 
56424366 
53153263 
29472839 
123285098 
83570815 
777885 
93561159 
25971720 
15498654 
18189878 
33574965 
22603872 
42800926 
69964196 
64960560 
20901947 
21191567 
28304629 
1259171 
13238282 
166104677 
138046630 
15157920 
3642321 
14222325 
66298537 
15035538 
43710360 
87619463 
45263607 
174901818 
12280 
37177290 
612773 
77538532 
34182519 
83015573 
12215152 
625243 
127473464 
86322679 
6917252 
24953243 
42847615 
63031777 
6282902 
134670549 
14223444 
26510644 
148655917 
115962958 
44437211 
57519789 
97942816 
45512031 
46179080 
86652149 
23743569 
20428851 
60333618 
34306320 
46789018 
79974606 
80570713 
52676704 
24335814 
18812968 
42921639 
155628599 
14962017 
144954549 
37775728 
108958061 
136320743 
81422548 
76333886 
52283100 
14761710 
48352814 
52429795 
107078659 
28470296 
14636641 
91483468 
21973969 
80370737 
161419220 
40991645 
59433937 
46607760 
44117381 
15244283 
23698060 
45937528 
90603838 
85217206 
15433693 
74702908 
136539914 
41569780 
147796934 
51784225 
43897774 
75536543 
50639256 
73174552 
77715542 
49525277 
14394706 
161132676 
92760446 
156580297 
38441150 
62475342 
32488706 
7274432 
160792900 
14604195 
20528176 
152951271 
133356525 
86729029 
75227005 
33857243 
48769149 
42538735 
155246818 
161254688 
98091517 
51434528 
72483709 
131854362 
135515869 
43721246 
42185227 
134781727 
61470461 
60548601 
157623310 
119034070 
38693953 
44076595 
16150344 
50250057 
137381099 
16495095 
77433611 
16069706 
68381008 
14926398 
131278359 
19144718 
49683075 
25460618 
87383096 
138816605 
47134670 
150116737 
37398382 
122410713 
114984475 
41301456 
51010197 
23549887 
57050612 
74473714 
58734425 
139569810 
65992743 
118627266 
104435864 
36594029 
49253669 
112416205 
14684146 
14742273 
12170092 
44659911 
150912858 
43869013 
1140861 
23296837 
13850992 
59121207 
96431532 
21877700 
105587842 
148751060 
73332141 
27260415 
21998733 
139390985 
21373733 
103699712 
111466382 
28899018 
14242159 
96710576 
29653912 
17736352 
42368279 
78513377 
14307351 
15279755 
43071628 
64747883 
20245310 
18685002 
14450369 
42837842 
28737156 
38424546 
133214201 
6915542 
109312016 
63384102 
18681139 
94797364 
18211606 
10083002 
47269772 
42287955 
117501936 
145285034 
25832867 
1414971 
20045833 
16967121 
23610452 
18075442 
46317064 
34900333 
48189673 
23326708 
98807630 
4969501 
128613081 
44551055 
14273672 
60243322 
66440374 
23582784 
52660833 
54889692 
60090301 
87869189 
76858885 
96662462 
28959767 
23929253 
105386390 
85765128 
43315757 
64201526 
15792797 
68617783 
39028615 
83985223 
44800642 
112360515 
25082055 
20361228 
32677731 
130060604 
130756555 
25442497 
60891098 
125999001 
138456742 
18725969 
69194196 
109976925 
14233974 
24033407 
44559688 
116740389 
42581195 
115992927 
39694869 
51630658 
66578988 
93896938 
14391430 
45307981 
25712245 
19012782 
80567154 
33245871 
16790332 
14425441 
124263210 
15774342 
47091451 
110592551 
35483736 
19976271 
41020144 
37892868 
20022054 
18526941 
11503282 
40663056 
118386687 
8152752 
7082702 
63765510 
71013091 
19691766 
130192813 
22018780 
5647412 
33866204 
7033852 
29426483 
66639967 
102241541 
75946247 
36621065 
16429912 
9561032 
5395082 
106731717 
44278933 
64924286 
14807950 
84460494 
17752615 
28942578 
81416823 
63704340 
16008993 
50973108 
55500799 
8151482 
38360132 
37884313 
15264495 
21549682 
44634008 
16891831 
30472849 
17127328 
81131219 
24158621 
11284802 
28042083 
75975671 
18119312 
48272600 
20751315 
31434004 
14167566 
18932104 
15991955 
24886127 
23563641 
40641017 
18426509 
30239048 
19151506 
64738971 
43602319 
40636969 
38134654 
21678661 
29467131 
89086796 
85805445 
772307 
30399281 
14234059 
59221946 
16025380 
19725070 
47062686 
23431565 
41320842 
27168009 
101740500 
121646371 
48368644 
52442952 
48033531 
16591905 
15886930 
16688718 
101716473 
17673701 
39040522 
30241925 
56082860 
81611833 
111029048 
5681162 
29169428 
37444948 
37358967 
119329409 
44534831 
120048802 
81014871 
93143696 
112424053 
111807087 
106395235 
66077923 
46032052 
99992593 
41590590 
39226990 
20314458 
120326548 
15403992 
69816840 
76298178 
18505920 
41793167 
85542176 
118395415 
47348617 
62773825 
91227352 
53654152 
21183342 
106343375 
18503145 
25602566 
19223340 
46098816 
54522365 
91855973 
44135362 
93563020 
50189631 
20418951 
15788307 
21738658 
16852922 
15007905 
32263558 
16157867 
20125339 
81987564 
2858341 
95841835 
108694597 
27473891 
47767878 
114122518 
86674445 
71446092 
15532487 
104849447 
26695436 
14190717 
87379962 
54172650 
42799300 
42574948 
42217681 
29000927 
36611856 
3433391 
43065412 
15202440 
110725659 
8552342 
22013722 
45334594 
18912121 
17267357 
25212096 
53910400 
25964676 
38844801 
49346951 
106561960 
32332774 
72902092 
103015829 
20027811 
39441078 
46082562 
46830796 
43893427 
64372163 
21368191 
14068387 
51391696 
86440467 
44384271 
90839936 
41604304 
26402393 
99765649 
104225901 
1330251 
17941390 
23013852 
14200759 
70099840 
74406192 
32395888 
42177437 
23950960 
14656776 
31701245 
14369450 
8381532 
659193 
6463512 
46928809 
68904683 
8268062 
20161396 
19856930 
45876438 
44393733 
6356242 
4573721 
2943391 
19902407 
43299104 
21607684 
17443714 
22745706 
20168940 
40826501 
63374155 
14509495 
35928613 
24157051 
630563 
40492440 
46878851 
58700891 
31930473 
35216536 
80856014 
15796986 
90601038 
20970180 
43660016 
4641021 
85758660 
36498294 
15582832 
8203632 
95189710 
47507472 
26086846 
97169473 
19698834 
37178083 
64729593 
67129024 
90361793 
46576295 
38011294 
60859250 
14648368 
60017437 
77991323 
52056923 
46647885 
93210076 
83105861 
27829619 
21182834 
37200039 
46306865 
16652212 
20554203 
14387920 
27677443 
16181991 
10168602 
20836026 
27065519 
83816651 
32246122 
37141417 
11978102 
36029529 
9037872 
15805791 
14640282 
19317513 
59734627 
90822567 
82630315 
11148342 
14338360 
17455979 
10859042 
21381265 
78822404 
89315382 
77496967 
59080658 
56056237 
21088025 
44548901 
17214800 
16159251 
56599386 
16881601 
67550204 
19770241 
5820012 
80498117 
44046373 
13377032 
18751038 
16387434 
15014765 
10135902 
18471831 
5479 
14290180 
14346479 
77198808 
24850587 
51323665 
629593 
17037001 
15305983 
19015461 
33189249 
83407600 
26974666 
31641734 
2193071 
15744329 
28325248 
11680132 
25255822 
4003881 
59051953 
3287051 
79402903 
15807623 
39700579 
33517699 
19738459 
70053884 
35175760 
10492902 
30439467 
18014200 
18632338 
20364181 
74436849 
79144398 
18309277 
44518848 
15454221 
80291146 
36301188 
23448940 
16052591 
15040301 
33543002 
30262218 
63975804 
64613911 
67606163 
56079361 
74489640 
35448105 
25004805 
24167750 
30210902 
41606180 
80206815 
20219466 
16197458 
76644945 
47338914 
42581021 
42585713 
9732422 
72853 
17668748 
7606882 
23547457 
80817912 
67375228 
80830582 
66976456 
73836070 
43506743 
766843 
25533141 
30815087 
52043641 
77188968 
10272562 
760148 
26137573 
43562427 
42366512 
2684661 
10461172 
46856683 
4048781 
18584055 
78180521 
2117511 
18286137 
68555892 
36803492 
47287127 
18500863 
41707730 
40358922 
34169518 
21762122 
75771556 
7932202 
19188704 
51949473 
17985537 
54134829 
24012996 
18281032 
47546936 
44512813 
14941858 
16945233 
5533382 
17691728 
18979100 
21054109 
43825017 
21056249 
24068280 
12641 
23726974 
21169391 
50252962 
47567643 
14102268 
17464582 
14843506 
3062151 
10673252 
46657499 
19673697 
20788139 
6741282 
242663 
3621631 
10696342 
13609612 
15274752 
9351372 
1275491 
41038819 
2236731 
15466517 
45807358 
26467037 
20518641 
20514010 
5404712 
45321034 
17357808 
41863850 
43057219 
46817934 
28088672 
25273370 
43669960 
15525423 
20846266 
19288888 
14818346 
37391981 
19960520 
39195443 
31343100 
52605422 
46052017 
14261725 
55309372 
70281862 
41354604 
60880309 
70347692 
70350078 
45513825 
44592294 
70564504 
48592533 
70609782 
38886808 
52414070 
36983741 
21643875 
29422003 
70641762 
43477079 
69839475 
2310401 
14073651 
49288479 
47238548 
33523292 
31074682 
63295886 
38809783 
40843802 
3634051 
50961477 
69031720 
23920118 
44834612 
55445924 
68687360 
40914569 
46057220 
18164613 
54547961 
27890937 
31309771 
16512013 
21101356 
25444381 
11522502 
64384386 
44608568 
9045162 
45305989 
49930731 
62238078 
66071004 
61750589 
66079149 
16170116 
56075852 
53863111 
44546104 
65643934 
6894462 
60916386 
50592866 
48319554 
62836984 
63717363 
41394446 
58754134 
61993240 
66372469 
66096966 
52421824 
64855841 
56048780 
29407930 
33195514 
50260865 
52314464 
6496772 
42915833 
18583009 
61178065 
66302371 
65862451 
59986658 
60455244 
24994202 
49266342 
41332014 
55930962 
16879775 
55763234 
6544412 
55162121 
14571299 
19479887 
21959654 
62670779 
20664167 
616923 
21069104 
58179747 
11083492 
8105362 
7837962 
41096519 
16463201 
16240963 
10235202 
1239671 
9368062 
34577301 
35489110 
18013063 
12598202 
34178061 
24844342 
34644957 
22466116 
55872199 
16927599 
57364231 
15852874 
33840275 
40193783 
14316218 
15967689 
30835372 
19102281 
41527573 
14272847 
16027685 
58625382 
22116528 
21819083 
16432354 
46607990 
59070192 
60877863 
22823 
46827428 
17594370 
24411204 
50707154 
60316549 
60317172 
59972064 
60349884 
59139943 
22241612 
5411902 
14388667 
41911962 
31414458 
2057421 
17674486 
41129173 
21842641 
26677275 
6380722 
725753 
15389031 
39111382 
2092151 
24867123 
30187665 
51758391 
22342127 
22759633 
53838957 
14703421 
15547981 
99773 
47107405 
14213094 
52496602 
40815967 
44078873 
33758965 
23318166 
29157613 
42365838 
17378597 
43280585 
56742176 
14652452 
1413071 
9218592 
31360662 
16308564 
52938888 
36638704 
41770825 
9953882 
8182732 
15406406 
628593 
24834445 
16497210 
29195429 
21447363 
18159213 
7151432 
34119017 
7895442 
16103650 
25479759 
781860 
730473 
20976863 
16645574 
30188852 
14353227 
23939782 
37183452 
16778949 
48482829 
22848361 
4057941 
39075308 
47946499 
48220952 
47276354 
10226672 
23744516 
42233379 
24696063 
25270674 
13353542 
27216298 
40192633 
22337873 
29696048 
29148858 
44566232 
17307306 
41825530 
37881269 
16668190 
35570922 
764180 
7087762 
17086232 
14785276 
22582796 
25437682 
43449629 
45727675 
5487452 
15736190 
14965625 
27608212 
7040932 
16086194 
23278378 
30447745 
14635336 
22435369 
21078990 
20421939 
38208210 
40131253 
20228339 
39793658 
44646635 
31590149 
12018852 
43483587 
34394952 
17215642 
18483714 
8880932 
27574413 
25549034 
23142308 
1168691 
15746084 
15775280 
43884797 
42885480 
32839226 
35925679 
30973 
15676492 
10029732 
19449068 
20956476 
11114422 
15195240 
16093847 
20108638 
15903305 
18684030 
35953757 
42113866 
16319835 
14168973 
16928870 
33746566 
10385042 
25871709 
19768418 
7342442 
7916362 
14821347 
7760472 
18178942 
17087151 
16201007 
14049498 
42195172 
20707384 
18477198 
13773522 
18935606 
609573 
7000522 
20988829 
31347422 
37887939 
14255226 
12018812 
18948219 
19678342 
25094547 
18495936 
14242935 
18577989 
20036944 
25574419 
5380672 
27829143 
15056136 
27193076 
15902301 
22397966 
41116411 
38337024 
18474670 
18385485 
15271924 
36573011 
5894202 
38755519 
33112375 
12305282 
14145403 
39215708 
15575089 
14507750 
23349836 
14310664 
5242801 
36328189 
14847992 
13090812 
972651 
22733918 
24118988 
10494942 
7579322 
18490166 
38606559 
22247435 
39681894 
24962202 
21555768 
27337567 
39656094 
30873192 
17111803 
9726252 
13882062 
22138383 
14270494 
7161172 
30995601 
13603232 
17298701 
17338117 
18035076 
35473289 
18312150 
20598202 
21087563 
39545235 
23155139 
16325402 
21507883 
34787201 
19456870 
12149932 
31319850 
15198974 
9093 
17130647 
17367030 
37174253 
14463746 
19342177 
20299396 
34252421 
16803311 
8639612 
23569519 
8119812 
24065844 
14357454 
36600473 
26228574 
15491536 
28123862 
17832170 
14710900 
14451394 
1057441 
29498906 
6076442 
31000447 
17595563 
6988732 
24853732 
34351335 
6871592 
16943003 
17826568 
19993600 
14757110 
28427501 
17929086 
25609990 
802074 
36040691 
18904818 
33403919 
21908338 
18569603 
13745622 
10076702 
9087262 
17920747 
14235147 
18427000 
8785632 
18831291 
15181500 
8820652 
18363508 
14389031 
6299172 
11484622 
12854512 
18370528 
7449512 
790038 
8932142 
15350764 
18110989 
18262352 
21219920 
21292722 
15166489 
32358627 
19769732 
37971341 
14340178 
19016745 
21823427 
10046572 
20334391 
18551463 
35213543 
28968591 
32881285 
14213825 
18640341 
15402083 
37811101 
14617726 
33963495 
29661603 
24116203 
14509984 
11788 
15027075 
15411674 
5676482 
19701751 
7328532 
37967651 
24275509 
16370165 
22475441 
23301679 
20021653 
15991627 
17647857 
37867014 
35357405 
16240832 
22013577 
14314467 
17976302 
7729652 
13427382 
37402809 
20132337 
37151791 
17731663 
9952 
10103872 
33753241 
20069306 
24360066 
24827584 
9779032 
25586283 
27749416 
33592449 
22615919 
18758393 
13364742 
5383112 
16599616 
24667622 
36619085 
25255582 
31306933 
19379686 
31407966 
31308222 
4451511 
35791140 
26237484 
16078869 
22632819 
7392462 
19806507 
27182288 
30412110 
14266846 
37181957 
1220651 
15269585 
32826218 
10677302 
17751484 
21417105 
37372854 
37405555 
34831134 
14768170 
17466068 
22598803 
19478290 
875971 
29395546 
21898721 
35026109 
20720626 
16416252 
18991464 
7530382 
11242912 
4449401 
15761097 
33598121 
35959497 
12486322 
19630391 
15932726 
14391119 
26173440 
15294309 
19966297 
20421592 
18233831 
33780663 
21094795 
21470351 
6783392 
13969222 
17403830 
9381632 
36384189 
21461720 
28285562 
32632395 
29958190 
33596662 
16151184 
16392925 
17612043 
14475583 
35955296 
21611410 
35949018 
35715000 
11924822 
29188486 
15285305 
19359330 
19971154 
21359501 
13167012 
23131179 
23841960 
10546442 
35161514 
16837019 
27664264 
22994392 
22989414 
17249907 
25491038 
17586128 
18620272 
18535475 
35958055 
20114783 
3137941 
15438206 
20492291 
33292674 
31173252 
29010430 
14452165 
15435035 
35434997 
35376196 
16121332 
23423779 
5455232 
13854692 
21678096 
18902641 
29351863 
34218398 
13134472 
25123092 
35164905 
28989261 
22159174 
35289996 
19115658 
30001998 
35434270 
35488186 
34184809 
17328030 
5402962 
5493212 
13614712 
16208514 
25103839 
24107300 
728373 
27663268 
25455332 
7292782 
17024240 
16556262 
28062327 
32813155 
16006707 
24650758 
26972115 
34310830 
34501247 
18666890 
15916126 
33163028 
19176392 
15094238 
5415202 
16550069 
27180515 
32766383 
33420262 
25874141 
19282824 
1143031 
12525082 
18425366 
14583422 
25471072 
32475772 
29703348 
32416856 
31437846 
31715812 
33150690 
14459555 
32935876 
18099511 
14161683 
24144543 
14520703 
27492797 
23406990 
7454042 
27308177 
15976584 
23568987 
19058681 
14831419 
24873455 
14459489 
17825585 
18932935 
17016615 
16094075 
22852619 
15767794 
29130099 
22125874 
25658640 
18267273 
20031686 
976781 
29171278 
20214318 
23965492 
14835781 
19572981 
23929710 
7158022 
28532976 
14107081 
7245732 
20355331 
24157365 
28799332 
3403931 
15461382 
14771630 
6403282 
19180553 
15437430 
23775990 
14926475 
18044040 
18934825 
27360389 
27409112 
17699060 
6406742 
660183 
24383199 
16415619 
27538470 
27563579 
25780702 
24301919 
14367879 
27610714 
25677002 
17110632 
18453792 
16378142 
16443216 
8925112 
15219453 
15716875 
17770316 
18267018 
20569938 
17097996 
23714981 
17966244 
20684619 
3166571 
18576619 
955221 
13084132 
24701056 
24655387 
18355295 
19080473 
23516386 
14406799 
25481195 
24707636 
25260309 
20919869 
17532545 
17985708 
12688482 
24411507 
25277798 
22462902 
22881411 
7759612 
24123039 
20836903 
23418570 
14440647 
12980882 
16945563 
23782541 
11212352 
18972222 
13302932 
14915764 
22332008 
7651872 
15824522 
24664043 
6586922 
10406492 
17300881 
15882399 
24210482 
11403 
13761252 
18241459 
24358106 
18874702 
14393990 
16802754 
1147491 
23703559 
3229301 
15133785 
5498272 
9292582 
17437166 
23541719 
15675893 
14196441 
18130265 
15554127 
18424661 
15463523 
14289812 
23415147 
20497334 
15354285 
18157192 
15831817 
14417190 
23011555 
20236082 
23172900 
20124150 
14382340 
14781479 
785215 
778418 
8229992 
12748342 
1715091 
754727 
5396512 
12357332 
14960401 
7520192 
8599212 
14551192 
5574492 
6274872 
14433320 
18181774 
23063325 
16508349 
20806376 
5380152 
17552466 
17673998 
21281890 
14979612 
18474741 
8117362 
406073 
19807031 
13297112 
14120920 
14395149 
19642147 
14934357 
15316087 
17672362 
16695022 
6540242 
4798991 
5799272 
19762240 
14580374 
17998295 
20356155 
6174802 
12148412 
16524888 
16546447 
21637626 
9418802 
14610353 
764919 
14856519 
17411610 
9646982 
19416858 
17062329 
22443212 
21963024 
800887 
14969909 
21714114 
12018412 
22877527 
22479796 
5788362 
7495362 
4664081 
7295182 
15676528 
14152680 
14725110 
16387676 
12214252 
8809942 
6244662 
16931666 
11408842 
17842245 
15263445 
17407494 
12721522 
18016072 
16236077 
18596553 
18762978 
14555698 
14487340 
15467204 
19057721 
6193162 
14455498 
14820268 
14047659 
17664016 
16716201 
1730901 
7261462 
4045991 
17440232 
19486581 
8600212 
14969395 
14325599 
11300152 
18205048 
14174233 
768285 
19962668 
20041588 
17632827 
16868975 
18186728 
19912357 
24393 
14535787 
20123578 
12991 
14281860 
20211031 
15296520 
20292356 
18866405 
659233 
5754882 
18499647 
5385262 
9321222 
20355295 
20500196 
20712985 
20051726 
11187082 
19735787 
20761678 
20038260 
800268 
21088806 
21188789 
16466220 
7088072 
14669219 
18310793 
11905502 
14599564 
1476631 
20903759 
2574451 
20356381 
18098253 
15508709 
14065472 
17587371 
18531616 
5396652 
15267574 
6806042 
16626404 
20372562 
22094040 
10239212 
22166596 
17866394 
3110191 
7655412 
5432922 
11824592 
22569497 
18972162 
2813041 
16269996 
14982126 
5444 
1569331 
613893 
769000 
3046241 
1059391 
5031801 
860351 
7222652 
9247292 
12484002 
8934712 
9650622 
5895552 
706853 
766395 
5635062 
5739852 
2238591 
14248895 
4322111 
11358172 
616363 
13097222 
14594030 
16331655 
13653332 
15880494 
14689402 
16582027 
14358976 
1543661 
14323151 
16079086 
574253 
10922372 
6218942 
7144762 
9107932 
1705281 
1869421 
12085 
770005 
785814 
20603031 
12603912 
15332793 
20221897 
16720021 
14669398 
15117375 
1335641 
19083755 
15191548 
22393427 
21823190 
21883088 
15105800 
7517182 
3447811 
13757422 
159353 
12632492 
7570912 
4108441 
17335431 
15820348 
18448833 
20124713 
10712132 
15047453 
17537809 
19811944 
16805861 
8977842 
16109542 
18901848 
15305831 
768968 
754819 
16412688 
14314503 
19697683 
19242232 
17539500 
21068082 
18567018 
14483067 
16718387 
7811962 
15770959 
15872735 
14338527 
14048011 
18791406 
7864582 
14250007 
17812682 
16953808 
18238282 
22364008 
15490549 
14951992 
625293 
7278032 
17536313 
14594862 
5376372 
12589972 
22336890 
15719490 
7698602 
17903691 
5417662 
7746642 
12263222 
16818234 
15818498 
6085262 
16409683 
