315225066 
126735220 
527852034 
33315233 
30782495 
180949358 
16794568 
2853433138 
834182083 
414251657 
39275966 
36728196 
3282782630 
1933042237 
19538986 
584095825 
3268330170 
175442040 
503697688 
44681628 
19014101 
187428663 
82639146 
141439496 
985401 
82455213 
26703100 
20019468 
86876958 
114035804 
2373055980 
17497282 
23359853 
17741022 
489900886 
31257471 
463010338 
19324719 
2484487250 
33923443 
112349672 
27702908 
616434493 
804277063 
604104740 
84873747 
29480516 
1703091768 
37734074 
270738604 
25957923 
84353503 
357120234 
2400752801 
997523240 
348959164 
16135536 
30194761 
611922523 
16331010 
14833304 
6487292 
18147813 
310545285 
21783867 
159442367 
226112177 
525023013 
16727022 
24291573 
1096496996 
31254696 
636983479 
330061229 
89496772 
224627911 
70321303 
22519623 
1606510164 
83901500 
1233870739 
926198478 
17453672 
491011009 
45502600 
23066185 
52596937 
540222441 
40831216 
720501992 
166276313 
218423826 
286623480 
34253783 
88848908 
33069174 
132379447 
27501186 
374184800 
24197313 
625978760 
35990616 
546978149 
72266761 
188684410 
105623556 
633206848 
14579415 
1465718814 
188051257 
35408619 
39907178 
30711698 
767080224 
36605932 
232412669 
177837558 
393864772 
357976015 
17492781 
246243454 
91916917 
150509608 
39520497 
48320685 
631985009 
438315822 
53466911 
580308888 
21365075 
32559327 
834059808 
153922568 
23729800 
22986573 
280746185 
525919921 
49344223 
834406322 
241302227 
427062219 
569864222 
37290954 
36536171 
20550918 
221749428 
53330988 
545812541 
385625684 
26436019 
21701993 
24115705 
27046296 
9353992 
95073890 
22597854 
17791133 
63294019 
98720552 
58346702 
7937852 
19465038 
39586214 
9640132 
23967578 
158117654 
24552886 
42668060 
16146465 
44958980 
69689779 
12676742 
32774989 
17504672 
113497466 
27627797 
19954919 
129017224 
73193950 
138641634 
261612230 
213332349 
276142727 
26123304 
226330428 
343454977 
15744434 
14354357 
584049526 
37121369 
314392420 
29508857 
455082993 
131415958 
559307493 
324076653 
32189942 
65805552 
634111200 
16395066 
542926965 
558909546 
266859825 
22817468 
45614792 
371065606 
109333700 
27626638 
564112356 
53769796 
136012717 
335737714 
16600574 
887423761 
198440208 
26444537 
33606944 
22962086 
19468364 
18822966 
229977379 
104249727 
12098982 
68628513 
82507743 
29838500 
24011104 
23617610 
86373400 
22179997 
29214682 
15336344 
14674690 
16277300 
16688083 
15676816 
18057051 
15617781 
19351037 
5511332 
17800215 
7429102 
21032998 
5392522 
15867916 
9508922 
21058793 
21111069 
21706648 
11294522 
16264088 
15508743 
13769582 
19337315 
18238282 
20258334 
989231 
14647570 
15274836 
17596622 
20657335 
18799065 
16817883 
18234841 
21001434 
8283082 
18474336 
16191846 
15419707 
21639695 
21532913 
21182076 
21450243 
14400041 
7879972 
16829523 
19819271 
17243913 
15000234 
20535518 
19616153 
20641690 
17248165 
19238689 
19852545 
19666000 
12397052 
14944241 
21067493 
21718602 
20971755 
21698065 
21720719 
21658094 
14513049 
2737751 
20826148 
21875888 
16812518 
17521231 
12295092 
14550649 
17344451 
16539573 
6382062 
16814727 
17282430 
14389132 
14669398 
17281027 
804455 
13494812 
16150075 
12144232 
13547812 
15600217 
7799412 
8071902 
17424999 
15445240 
9274492 
5693842 
9720292 
14998356 
19079767 
17790615 
19898016 
20067935 
20973778 
17777216 
18577886 
8612442 
18257130 
14774895 
18237698 
5210841 
15258794 
21316049 
21370564 
21359644 
14314062 
18568663 
21043474 
21783147 
17220365 
15350731 
21733345 
21812454 
16657502 
19401088 
18055138 
21238985 
15629983 
17558146 
14420714 
17118811 
18365013 
21650531 
18488262 
18731490 
16335807 
16598188 
20776153 
19365140 
14295486 
17610907 
19905414 
18278088 
19460725 
16935108 
19790783 
15657024 
14139948 
17498138 
15071074 
18351315 
16977272 
18381457 
20104794 
15518620 
15443575 
17822955 
18754557 
16469076 
1702731 
15571195 
18770475 
15616653 
14304368 
18172159 
18821044 
19141094 
18995612 
19301701 
15228169 
16678866 
19129477 
15316113 
16520708 
17760587 
14525217 
18030599 
18057820 
14840162 
14154518 
11855222 
13218102 
18791763 
15534771 
15463958 
15549433 
20251654 
14091360 
14838323 
15131310 
13082862 
17850012 
20480549 
15195171 
