2760125603 
2808994064 
2830051135 
237604436 
1328750544 
2232996836 
520180883 
255335896 
2855260380 
2210640043 
2272839091 
418707217 
36142573 
2654808962 
965939628 
2951598618 
834988327 
2655830472 
1066142084 
1665731966 
2498960456 
2716721012 
2602973341 
2234457918 
1242205638 
947346722 
521685752 
2541999782 
2778537414 
3013690866 
2411488800 
2192030256 
991401038 
1154754404 
1675176944 
851383142 
2788308444 
457692129 
1282187923 
825558378 
2632716033 
103375058 
925389540 
2385749072 
78492982 
1599171037 
131102007 
1546270652 
268287205 
343547084 
142966873 
1519073424 
790876645 
2333082048 
2337871266 
199110089 
286742737 
2645713380 
984413802 
573459961 
482658470 
111946118 
66339576 
727427724 
113564280 
2266209018 
1078287655 
81001513 
1322319715 
1121163822 
981057535 
518651600 
1446460165 
1649633971 
999639157 
455092378 
2177420990 
825934369 
925360826 
2379293312 
518591762 
958156806 
586189030 
2223592103 
588730194 
1264788474 
348058612 
1057903333 
273028600 
