382008044 
822894547 
36430873 
571202103 
1707187698 
172754353 
2253039786 
2813992766 
3610574780 
163929664 
335428488 
1431651757 
991098272 
14585161 
65383780 
379963365 
2228600383 
175967076 
15769250 
272203887 
1873017404 
1142208854 
23397346 
979649810 
1623933330 
315316508 
65170886 
18491946 
538968824 
747856291 
26031597 
220867884 
15333550 
28612619 
23369246 
267769503 
12831332 
190666994 
390176029 
37842416 
758141052 
8471852 
7212562 
78626483 
10237 
84121002 
311192330 
19918353 
568518967 
19248960 
135982582 
40203833 
746323 
21916557 
16683301 
21121015 
16950214 
6325632 
166668120 
97455620 
293482861 
205312896 
76579122 
134150322 
590198989 
216633156 
187604037 
107116098 
273197054 
336153838 
314018533 
382313933 
169536895 
243272361 
311624851 
321424546 
35415477 
152182188 
398102419 
303373297 
21803333 
125644689 
14189468 
18990065 
327608640 
106827639 
390226612 
8138222 
249568578 
23431673 
84445191 
32947032 
15776381 
243292079 
31957731 
331803536 
17219044 
16357318 
90064776 
55010620 
331119032 
378645411 
15013805 
41146726 
369111003 
34572910 
68999404 
29552148 
177998768 
62529072 
55592378 
15356613 
331184171 
22741152 
48781106 
29753405 
23555251 
153416312 
22028916 
331042230 
172739535 
67476055 
26012202 
32545745 
31743127 
35478531 
47969454 
66472036 
40891749 
250393343 
314773781 
32562740 
154243471 
137454693 
15458181 
14185228 
67369777 
131497030 
132655046 
18104730 
213156588 
60323026 
14616022 
21786618 
41166162 
24007000 
14603515 
288938768 
34936773 
52866444 
14615871 
282044170 
50726532 
64515574 
19619167 
15022212 
278098630 
111964972 
154377508 
19241065 
41137354 
14676835 
266035107 
14800270 
106936447 
64796545 
125920105 
15136814 
19213332 
43175123 
41152287 
158865339 
16625091 
77267107 
24705027 
151508689 
132206112 
44929510 
82249211 
128679064 
52818466 
25088527 
87577315 
205412366 
104046889 
14559745 
20270890 
56789085 
41360113 
23120154 
54393375 
76543153 
101875469 
55612830 
39299230 
106315438 
51040617 
109659449 
61583656 
38679288 
14761795 
27015055 
70758813 
67695483 
66701560 
19272669 
169584722 
209213183 
36941793 
16661915 
66202843 
231183421 
97727756 
94013909 
43881014 
233909268 
60025762 
19619047 
14469186 
45988255 
54767001 
142354801 
117813928 
166355068 
78061764 
248986828 
224460752 
246062856 
212323407 
153147570 
59184840 
201116484 
189467338 
75851459 
236452910 
248816183 
218218694 
38507143 
48537678 
19201061 
72379858 
228128484 
227317334 
120547650 
201863891 
19732455 
219160684 
16079004 
37740845 
180407513 
43143202 
11771002 
82453308 
133118542 
39531078 
123904302 
138453498 
18050035 
69583833 
41422113 
121812725 
57076192 
10408692 
164051558 
96202362 
128738910 
54178380 
34573148 
19557483 
19681873 
5673232 
52802338 
84086848 
72083975 
45022625 
4380921 
14109075 
48587679 
29992948 
46587425 
48704922 
50708062 
27759551 
25862846 
41390449 
44438427 
28374839 
37376049 
68783494 
17372231 
26162453 
72933652 
22835920 
18235676 
21015067 
71440263 
32240853 
23596342 
36543496 
23482310 
16825198 
20261874 
21450333 
68155103 
67400457 
38155224 
12855572 
56725776 
16995340 
50339952 
27289609 
14079041 
19244181 
30031177 
27198742 
22513919 
41509378 
18646907 
21256018 
21265045 
34667159 
20088287 
14496930 
20536755 
15280225 
39993846 
69093338 
36038323 
14363344 
33302397 
31443680 
59380752 
56094349 
15595161 
21990873 
54267121 
43287454 
64383482 
40307916 
60739465 
50121279 
50089132 
29146516 
20178376 
51911792 
16243074 
20945721 
25711614 
16366617 
38002196 
27647399 
15694806 
23087903 
39747313 
54057960 
33324096 
50360292 
23185210 
14857460 
15123466 
22214087 
18101713 
17885807 
24626969 
24223641 
47621712 
17838596 
16673501 
20032100 
17627061 
23462787 
22160488 
13079892 
20582958 
45577446 
19621110 
46317246 
20266218 
23636625 
41657673 
54356573 
12804422 
14199378 
17623957 
17029487 
14886176 
20963510 
37346577 
20214495 
31545074 
61229792 
23459061 
17045829 
15525275 
56795848 
30075174 
40759346 
60474805 
26179158 
9839102 
68556589 
20699144 
23300815 
16046457 
67598899 
67457292 
66554615 
39529166 
51190641 
68773115 
39932295 
43512514 
10040232 
54693481 
25406094 
33283355 
35538270 
14520370 
28908282 
34694269 
56271862 
56645508 
23566053 
56477845 
53683994 
36157477 
65768834 
27256405 
55700241 
44308580 
47608778 
41099591 
21143735 
47715479 
34646354 
38712692 
53214119 
26243120 
59613080 
39566908 
62915420 
41154742 
20172664 
48880794 
48771036 
68750776 
50306877 
17492184 
47581141 
45589568 
62816265 
14435332 
22187879 
57138517 
37728789 
62495253 
21948806 
19636050 
41655807 
47447248 
17582416 
42453337 
39769301 
63786412 
67403277 
21719677 
25230858 
26632867 
37929055 
16079679 
59682476 
47146969 
55866087 
14920914 
23393226 
61383862 
43827482 
35132138 
44865060 
29733432 
63509644 
38678755 
42131697 
30177928 
38543346 
36057539 
22985544 
48757070 
54311364 
20182642 
64252353 
59206512 
65074246 
12384352 
64611636 
60469725 
60693203 
42901319 
42064506 
15285103 
57433695 
47972824 
56528336 
36773006 
44439089 
42711445 
17075243 
22802398 
24124252 
14990608 
17309366 
14680167 
29006064 
25029134 
17563711 
21944759 
7712452 
16023620 
11620892 
17762263 
15639642 
23164785 
17245752 
797835 
14958630 
18093791 
18949742 
27937612 
21218806 
22024951 
13233742 
26686524 
14970326 
16405560 
17260194 
15522311 
27689265 
15652404 
28394317 
14600709 
16458146 
26795480 
34545197 
21313394 
27105213 
35880072 
6877642 
28788603 
33532257 
18566031 
17955324 
14743048 
16934854 
22277278 
16618460 
18968937 
24627550 
19505749 
39103285 
18273590 
18579454 
22167056 
18976973 
7936832 
22077248 
35021876 
7856822 
16191793 
36687962 
15934978 
24929581 
17076843 
15896189 
10101462 
20264700 
14246310 
15703186 
27424230 
27045867 
29438473 
6066692 
27911608 
15662622 
16935092 
14309006 
6877872 
23397854 
15198966 
19171302 
18290719 
18100753 
28605030 
24116629 
18929090 
19093362 
42582633 
16830199 
10733 
16361863 
20272189 
31547176 
41160287 
44404968 
44062231 
16230180 
26012511 
16074835 
40259090 
40354513 
16082441 
15153324 
15522884 
17918827 
17856948 
17068185 
15738671 
24466048 
23625395 
23391780 
18173954 
17022814 
28369679 
24751248 
19952473 
25032840 
14198348 
10235102 
15768833 
17551097 
16215339 
36672355 
21531592 
17766326 
18056265 
34067978 
29540944 
30864524 
24978517 
26527955 
3233121 
19772171 
35369907 
20489574 
29623849 
17995392 
20815685 
2913241 
17855388 
10078 
13058772 
28837012 
19340309 
30510824 
14167833 
30970581 
20580475 
20603062 
858071 
38795780 
20277719 
7210762 
37739721 
41648873 
43008762 
1740501 
13339272 
24680853 
22871106 
15089419 
16188758 
20768465 
31665301 
22268496 
16198476 
33579601 
3975961 
16056975 
29137635 
19509618 
16447494 
8132582 
36844221 
41863474 
23605171 
17041594 
21665270 
37300616 
29377613 
19356836 
40979467 
27080141 
21662328 
33162726 
17955888 
29354944 
16686722 
22184031 
17897327 
20558259 
16684773 
31462412 
14994724 
33955377 
32316965 
21467983 
18693554 
21919812 
36965591 
34636081 
33908194 
32444578 
34197177 
18484918 
18633256 
23003472 
26276954 
24490822 
5515802 
18446865 
32575457 
23945760 
19052470 
34705662 
24043149 
23805326 
38613310 
22428365 
20346102 
41270890 
27098871 
18767506 
23954327 
17453131 
30267409 
20059059 
38483313 
15021644 
38218953 
40081155 
29861555 
32186334 
19651361 
14844076 
22894243 
24989143 
23766628 
16475584 
21507362 
16288374 
14326731 
15068091 
14985228 
15651634 
23608047 
14861004 
17135497 
22731181 
773841 
21232607 
19026938 
17278559 
17161515 
16198845 
12715 
20183733 
22194540 
16966985 
20065842 
17077889 
26562280 
14677728 
19281157 
20652237 
31170216 
32012825 
20745924 
37403472 
38786450 
19920382 
37308086 
32772914 
28420406 
19840925 
23598230 
19717941 
15367468 
23511581 
21602119 
22035112 
14955620 
12413032 
22921969 
17022314 
19398085 
18083519 
12029252 
21327849 
22185985 
16385709 
19976630 
15767621 
16010685 
22506408 
26730347 
18251414 
15675162 
37420344 
16661296 
12726172 
18651559 
21201942 
32355761 
6295822 
19345718 
30648418 
32532791 
32893828 
29485905 
14980638 
16319706 
22970417 
28696999 
32718421 
17237917 
39603177 
40954938 
40936387 
19751276 
35644844 
8863512 
21352380 
40282648 
16221835 
16614469 
36256613 
17574151 
25352433 
34349356 
30873197 
38210897 
20658407 
26267942 
29840313 
19463040 
16325030 
22718873 
15335670 
19209569 
16001324 
20241874 
16150136 
16272350 
15367337 
9468372 
23545095 
26774751 
26653478 
26528359 
14364006 
20606095 
23514394 
17075602 
7074742 
22415585 
22384880 
20558899 
8836512 
30384520 
18873741 
21115857 
609293 
18251257 
21093635 
22949852 
25332870 
26671748 
20744708 
14480451 
17594206 
19452989 
21765964 
24805198 
19085121 
25902926 
14921083 
18817309 
26064936 
14664597 
15796814 
17498372 
24775648 
13812712 
17395556 
24130235 
8166312 
24043872 
19354800 
20724080 
22820776 
18192595 
16434484 
17365871 
21534039 
23159576 
17696655 
15439395 
17114781 
18723072 
22523158 
17260083 
19238269 
14700327 
16079812 
23082850 
16456345 
21757874 
28320485 
19345783 
27477315 
20045552 
14385541 
7997612 
46673 
16083138 
25225460 
37786072 
25109809 
32166256 
25787030 
22868494 
33714619 
17430372 
34880365 
18252494 
35627934 
33906813 
15976377 
20618879 
14474136 
17884028 
19939139 
28657802 
15914533 
18205356 
23137801 
27778248 
19933527 
22146686 
30211177 
23818058 
29526505 
27599874 
30698335 
15646547 
32194549 
36724431 
19599856 
19310644 
15594318 
14289945 
21594052 
22419717 
29144917 
23070306 
19539617 
16161860 
15967317 
18189872 
16095879 
17085866 
15677242 
17290220 
22824372 
26690386 
30036888 
21351522 
34884326 
29934919 
18200504 
20706124 
22400433 
23767541 
31642813 
17963989 
15311039 
24211745 
16243929 
19785987 
39733904 
24215600 
16593287 
39805087 
17630156 
36739052 
31530976 
15378358 
17087208 
32443844 
18932935 
21096912 
17014320 
22230741 
16950889 
21308549 
16535917 
19211048 
27070492 
19002248 
23984889 
25298326 
27273702 
34202158 
28229359 
16278710 
23601422 
37679488 
36415111 
36137474 
27503114 
28921460 
26875700 
37401149 
19255367 
37436002 
24994991 
28358600 
20166212 
18987536 
27091430 
8428332 
28268371 
19913904 
35467719 
23861522 
35782332 
32750295 
36014489 
19799171 
17456634 
26453528 
33989912 
18810446 
23278294 
36547124 
36062035 
36526942 
20005022 
23078684 
35872130 
28435553 
23756008 
22987040 
26064601 
36876142 
30681034 
30085904 
24723642 
18295269 
23375027 
29823588 
34965735 
32004853 
32707581 
23690365 
20625888 
3777961 
19301323 
26752756 
17924878 
32066629 
31435503 
23932684 
27259042 
33135689 
17519058 
33918760 
17399027 
28522354 
19694538 
21903269 
25690433 
21712473 
23087579 
14253968 
19098370 
24247184 
29797221 
16077786 
30232464 
14948762 
19652453 
22452646 
24706309 
26037375 
27992297 
30934331 
24099041 
19675984 
30057645 
30930175 
27875320 
27580478 
27694750 
20085509 
28566544 
16244738 
14573592 
15982490 
26453106 
27434373 
22938369 
24906998 
24513444 
7078412 
28423115 
15032300 
17963088 
9425112 
28158136 
19260560 
13779472 
14520959 
17668347 
17768235 
11993412 
3003501 
9653432 
21512660 
20569906 
10679112 
19051846 
13900042 
19739674 
14997400 
15942016 
23631724 
11620642 
22196902 
3321901 
15326572 
16038571 
16010099 
14621598 
14451294 
14704715 
14313531 
9129082 
11734522 
16082844 
17490317 
9508922 
15387117 
16564631 
12611642 
15591360 
15840471 
13457722 
15808502 
17770303 
15285305 
9836582 
10202 
15081182 
8417802 
1315431 
1035491 
15821161 
16398216 
14228300 
18791776 
13494812 
16333183 
1201491 
13455472 
14231321 
15866947 
5449422 
14334898 
15508743 
631583 
17446887 
18467164 
14998161 
14687806 
14422993 
8596022 
18087450 
12666842 
14874772 
14887344 
15743570 
15976584 
14711172 
10419 
14523801 
7799412 
16692771 
16429977 
15770446 
5210841 
14311992 
16916369 
5417132 
15021099 
16899075 
17170252 
18718845 
7311242 
15346718 
16452975 
16369898 
17614360 
15701796 
17932142 
20172641 
19979631 
16826617 
23447881 
17599182 
24860017 
22521361 
21451883 
13837292 
15050865 
14742328 
15613797 
29152412 
27916776 
26217392 
29257117 
4833 
7152562 
13 
20 
12 
14507252 
3475 
18168557 
17790274 
21754623 
23470366 
15613664 
14512867 
14924090 
14436613 
24566398 
29228186 
19781508 
29246704 
17604891 
16000490 
18536035 
22452980 
14747430 
18957266 
657863 
19783271 
18498684 
14185296 
21404093 
24202329 
23404779 
15316113 
15901190 
20396890 
20705963 
21638428 
16136044 
16958346 
18002860 
14173084 
22938654 
20866143 
12875062 
18408045 
26629539 
7422382 
18822677 
16060173 
20659742 
22865820 
23587159 
18459367 
18069673 
28005863 
22687538 
21890613 
18068561 
25295367 
17272522 
14528375 
16426039 
19794253 
14690585 
22390432 
20144759 
25995164 
26955821 
18303304 
17514243 
19562779 
19802300 
21167746 
20890598 
20926913 
22649558 
20986700 
22905163 
25745605 
2481811 
25449716 
26706444 
22653135 
24674497 
16931459 
28339552 
28658959 
18457947 
15862960 
25505788 
19353839 
19684235 
19688329 
24169451 
16291712 
28436023 
27473813 
25933127 
20108823 
14981159 
14617635 
14753323 
12886922 
16036587 
15184327 
15654793 
6894852 
7827612 
17890722 
14934251 
26445145 
21242739 
27460003 
26802678 
15895991 
23857477 
28036019 
21622619 
20891241 
24721042 
21551393 
25482145 
15278752 
20709664 
14432482 
23974456 
17136023 
20200288 
27017206 
20511954 
24182453 
18021255 
25178715 
309073 
783214 
22990300 
19316531 
1677101 
16028241 
17223180 
15530198 
25405673 
24304545 
22221755 
21537667 
14841833 
17087304 
21076982 
19225495 
17577792 
14096520 
22667950 
23982071 
23406304 
24506881 
18765554 
17345070 
15825020 
19954039 
19566987 
19827680 
20134672 
21215839 
21477830 
18052630 
18432993 
18030147 
15339196 
17193631 
15388179 
7708032 
17345673 
16626975 
14616784 
17400629 
14191291 
15087345 
17883909 
17968498 
13759952 
14714627 
16133625 
19351132 
18710901 
20649081 
19606615 
20109762 
20836348 
10421232 
16894504 
15929376 
18722180 
19351946 
15049979 
17224163 
18250476 
17259828 
19970530 
17463660 
15048728 
19188053 
15585039 
18199555 
19812410 
17386103 
17499221 
19529545 
15973287 
20970926 
20004168 
18324416 
22699656 
20773678 
17843954 
19340165 
14798905 
21443030 
17774805 
14093718 
14267267 
14737239 
9153042 
14494677 
14707233 
15451822 
15456329 
14632660 
15665920 
15301330 
15015405 
15830605 
10394212 
17014577 
17165218 
16670338 
16744602 
17303447 
18837987 
16743193 
20225222 
1300161 
6177872 
14341742 
2196321 
817838 
15221282 
15709779 
16188653 
17298270 
16348549 
17301768 
16490538 
16278483 
21477791 
14833044 
17050193 
19748782 
21552610 
18800927 
17059140 
17789291 
14429854 
15355221 
18202733 
14524487 
22568348 
16429144 
18218356 
22808685 
12023582 
19006707 
14630696 
18267537 
18313204 
17781323 
17991250 
18928144 
18596021 
19926055 
16230464 
17031634 
14355312 
20388857 
19014325 
19724603 
20738622 
20530417 
19190623 
20463418 
20819904 
21014087 
18070758 
21083574 
19408646 
19907313 
15425597 
21047855 
18773884 
21344867 
19687931 
14755483 
18361395 
18452349 
15923496 
18783336 
21914212 
21882601 
14856411 
21304584 
14967921 
17687460 
15571000 
22088947 
22055740 
18880356 
22447157 
22787668 
21821125 
22984215 
22804476 
18104541 
15473639 
18116807 
20758948 
7666212 
19568977 
18437679 
12474552 
20824283 
22477296 
21080411 
14362241 
8101752 
15168355 
16242432 
15801698 
14536664 
15762074 
18427207 
18930954 
5893522 
15794195 
17288873 
20820714 
16451542 
17987954 
17658082 
17537499 
14580605 
17938514 
18827329 
19070803 
17156283 
19196344 
18128397 
20125195 
17596622 
21024257 
16451669 
18435707 
14775787 
18201485 
17476525 
14883338 
18762493 
18014212 
8975832 
15057409 
20630866 
19317671 
16001232 
16246447 
20462893 
14776882 
16132813 
15779440 
16302090 
21954948 
14831716 
22692421 
16043699 
16830215 
18042933 
20558207 
18277078 
19658300 
18195670 
18780227 
20799200 
21579559 
21961484 
19550049 
20820979 
19019298 
13681672 
2735591 
17822460 
20646803 
14480727 
8223872 
18201801 
17810289 
22153115 
17450848 
19925602 
19639085 
20089995 
22660726 
16353994 
14957616 
18810655 
19585501 
16175802 
16049299 
21599720 
17780605 
19364820 
18848132 
18735217 
19668440 
19220307 
17030748 
20356212 
19380580 
20475571 
20974143 
21659248 
18489845 
15434884 
18230846 
20259068 
19891530 
19512383 
20353281 
17299725 
16826788 
16737019 
22544544 
22562483 
15840665 
22537755 
22186564 
19592119 
17528562 
20529618 
17092597 
20136728 
19057205 
15726306 
14629262 
17793878 
16673147 
15868524 
15462831 
6875072 
17335722 
17938352 
17464889 
15828276 
21153464 
21001434 
22163508 
19364366 
20017714 
19083053 
19881931 
19200727 
17544640 
20258897 
21525484 
19161052 
14787587 
9973512 
15380919 
14269760 
14506740 
15060616 
15650726 
14650248 
19638115 
21238039 
17599655 
17607324 
18456738 
15184997 
18566572 
22089975 
16038443 
8405892 
22045438 
17957097 
17596162 
17544324 
21307750 
16183983 
14380934 
15752255 
16920189 
649673 
18555487 
20696655 
15255015 
16338168 
14936859 
16160352 
18014805 
19073088 
15111395 
20798180 
19724117 
16003520 
20719539 
20078750 
15896817 
14655499 
19818872 
6149912 
20966494 
20176873 
14282132 
20829221 
22267846 
21665238 
21915043 
18941566 
14955722 
17196941 
15355482 
15302323 
14269768 
16407834 
16227675 
813286 
19294991 
14289603 
19409588 
6273502 
17220934 
19597970 
