427212246 
1395932286 
23486234 
44425340 
886896218 
83529162 
128290355 
406668596 
197703138 
569229676 
46835005 
383371041 
3667030701 
21547814 
903017047 
4309408709 
2527661 
25915690 
21282867 
29989460 
3356087441 
148945945 
220833354 
361461475 
81622836 
27077487 
48462491 
715664340 
552257090 
62402722 
1315191236 
30412891 
1325601968 
17483462 
2712328656 
191325456 
1228120070 
3233778713 
190371305 
2468119830 
28211552 
229043333 
152871942 
455315694 
39021586 
35764757 
56223278 
15650816 
25525507 
25521487 
21010214 
32886375 
204935368 
1958469686 
3108351 
21452249 
196298895 
22257330 
983218034 
14955353 
600406031 
518045798 
324613162 
175623290 
64195476 
34672792 
335793412 
254074448 
31974883 
325136057 
339960463 
256704678 
31663569 
22736475 
34331376 
574296900 
432937350 
234144914 
111176833 
28590181 
457127059 
115745863 
378298959 
379754341 
2936590963 
1452436076 
19517904 
713041854 
91870216 
378964857 
22848564 
344870435 
1542533869 
1587500492 
415201756 
74535797 
332279496 
371928056 
2750775609 
246500693 
16894675 
217973952 
861817422 
452511448 
49495067 
1497211892 
53127883 
22624628 
69044941 
2206131756 
86382407 
2364736590 
25844225 
57451576 
14529929 
26378747 
28109359 
1375289149 
20522862 
12816062 
71294756 
842385386 
454099919 
15572044 
18538268 
182161200 
35391464 
245928671 
35596325 
562504778 
227837742 
172373818 
21709780 
208150377 
28072238 
750051650 
17792622 
224449457 
434009337 
237641898 
2234087234 
2194874828 
123131481 
26780968 
170128697 
28196619 
515114535 
33692766 
110224863 
568422337 
1653141685 
215085129 
26679748 
14665593 
175091719 
845917128 
268318618 
19716284 
17616232 
63775360 
398931800 
24965153 
56622146 
1729826317 
11210802 
1080504738 
63290331 
1561131186 
375488294 
132405511 
184595925 
595011298 
1043324682 
58485723 
463216531 
336345493 
190592520 
26197030 
39860666 
262077429 
437325216 
31520405 
32774989 
25341996 
17119245 
141665553 
96107514 
374166231 
43192807 
242975433 
37806307 
257583573 
389523507 
514705789 
130359553 
58611174 
278093318 
47673559 
18883401 
16657699 
240106263 
56779420 
59474452 
1022724804 
193500676 
122721792 
22558898 
20568127 
24764593 
205423730 
28523887 
398492475 
20299764 
304725377 
312320542 
17827249 
17002395 
71062291 
26077026 
44755931 
20962674 
324779308 
61628574 
18123254 
163620173 
19739579 
61590775 
46505391 
176531492 
18194371 
225761274 
10716292 
68867011 
10076782 
36511031 
21442982 
9677372 
34700777 
16536215 
38705388 
10791192 
195896360 
28160998 
16843180 
28370738 
48145292 
11856422 
46520395 
36290649 
19047201 
30068744 
40020840 
98256640 
6045752 
21875717 
18132494 
44229739 
31714853 
17134268 
58550415 
807095 
574848051 
15043429 
17647701 
142339174 
18622869 
22685200 
38343628 
203556904 
31304835 
19775814 
25843383 
24255082 
81012802 
27707003 
184241421 
110891925 
31339831 
48462373 
106714254 
48463575 
17004618 
14677919 
37766483 
26883104 
182452074 
948659382 
338048283 
23016003 
15130854 
37291805 
15588657 
135181125 
115764455 
223547610 
109328493 
526589541 
37861681 
21701757 
8223872 
20071031 
32538020 
73206956 
23786152 
7768622 
21671961 
35738491 
19789726 
260507490 
226344798 
193186523 
1084456202 
30855079 
103130238 
194702078 
18228075 
20416574 
26696841 
20436059 
64927061 
9236022 
22406410 
14119916 
17008726 
18806753 
22156181 
136450598 
48442572 
22843068 
199299110 
28164096 
46222735 
14789144 
31143083 
20154969 
161476795 
15934926 
15754281 
35392340 
324475941 
16565797 
630564346 
155773828 
29247574 
48200360 
15353894 
380484733 
120559774 
277832353 
29246547 
27687672 
607289206 
20423199 
231870928 
28216668 
35554723 
61485111 
16727547 
51632084 
106837463 
117138850 
26576457 
32469566 
56736161 
14921141 
59895022 
1016160404 
45082301 
148496087 
59320747 
17796018 
16459243 
26259480 
31181674 
29479564 
24994219 
19273794 
29792675 
45828719 
240425002 
35132474 
14199378 
535616744 
19201304 
506403795 
19756722 
57064806 
50227506 
355741893 
442309849 
1090296510 
28428838 
11740902 
195717987 
277165873 
42733737 
77762149 
69347129 
437838366 
313916789 
43403778 
43024351 
460690400 
28214579 
31685653 
17298881 
38883394 
23518723 
14363353 
36065771 
102534147 
32962826 
38531995 
16211434 
19703041 
25756519 
20016569 
13790282 
349532275 
219095969 
20254354 
823931348 
30331087 
20097362 
825532760 
47035609 
16562949 
14480521 
14208767 
14358365 
17219499 
26650588 
130684475 
192971881 
52422878 
30504660 
14056454 
21 
9075622 
1258111 
23657386 
34178462 
48422185 
58065700 
21936886 
80943051 
17298532 
21870081 
67132107 
20209459 
62870442 
20188834 
35798828 
408794054 
273497260 
242392791 
261522876 
392217701 
436982260 
93759830 
50853987 
52473062 
185448076 
293138728 
15519430 
18082946 
30524229 
46312156 
22725287 
30524255 
6765892 
22990469 
66393 
2735591 
23502733 
14093707 
25170188 
24223641 
129504800 
119853553 
16380111 
16510537 
26329195 
28383306 
82920902 
47427230 
60323425 
27658799 
8343832 
33515703 
44988271 
75612668 
7862912 
21689673 
41866944 
15380717 
16145224 
15661871 
25612932 
59991967 
94593091 
14353392 
60916747 
19195914 
25093616 
14075928 
15224867 
14125697 
14293310 
27927939 
16190278 
21651332 
17242874 
20661539 
30278532 
27091468 
18128265 
7744592 
20710809 
15846372 
39358749 
78436113 
44418255 
52417225 
