1314604885 
1105957176 
59541948 
303434336 
2097571 
179548519 
338568973 
47466554 
818910970567344128 
325830217 
818876014390603776 
1093090866 
16406110 
22402031 
2902766271 
810328701544071170 
718145958869999616 
713472364336558080 
61283362 
2575205850 
919599510 
16842531 
332580115 
39811068 
2944860940 
3327185119 
383485594 
758701572 
211037072 
106507775 
377513530 
126775451 
415985101 
61754034 
740670040970661888 
43269420 
24963961 
3151130671 
2951787033 
314316222 
109353573 
27792033 
17732153 
28813937 
277595625 
26020351 
800995518 
34547678 
458035383 
2779243826 
39378322 
18708466 
233765402 
525812443 
33452466 
2302592539 
31808368 
233066753 
436296747 
15082463 
124942046 
301722446 
248221329 
4113626704 
2725127249 
3679151843 
115346464 
251686253 
257242329 
301119650 
328044153 
362419965 
418619898 
2196499008 
2468124720 
344765023 
2377523018 
22450041 
359577723 
3038890018 
2731989603 
3497123658 
24234850 
332308918 
101314122 
68518626 
318608981 
34969708 
385692583 
632225439 
37964451 
221935098 
117778179 
1536791610 
1330457336 
216776631 
4004861506 
39804874 
19273919 
12044602 
10810102 
23632835 
112508240 
509485926 
711972248 
121521981 
24774508 
27042513 
50374439 
133093395 
2777356364 
246870530 
3256983422 
2926045879 
233366381 
17166176 
169212615 
2776666330 
581538606 
449455499 
240279011 
1002191539 
15679641 
126824944 
350976669 
173480756 
17052054 
64434137 
38423170 
48717214 
25417360 
41136435 
77152367 
759388616 
335507052 
23690344 
43617255 
2329616924 
83266010 
22029071 
2803591909 
257567128 
24190981 
15279429 
44157924 
477295249 
63768433 
15705997 
19050461 
14931015 
18906097 
271513241 
2818004385 
3125232381 
488746925 
383759610 
292272990 
97126542 
21436663 
2883841 
16827333 
57912874 
33923443 
124266832 
29395463 
2579126671 
2908584114 
30913702 
215258387 
358536431 
2715115656 
2292994652 
249379766 
244648749 
137925518 
17206403 
13565942 
3060283235 
465286381 
109669414 
46038655 
54387487 
46786706 
1613274716 
197720919 
17354303 
15333636 
263802857 
466763689 
2927758254 
15926855 
233842454 
849989623 
178349128 
393768240 
2916037705 
2382181130 
30987732 
930682112 
68719886 
626583250 
16830370 
24567751 
18927441 
219957778 
1260596252 
1950037290 
20418811 
114539727 
121626258 
47786101 
31312972 
329746058 
562381032 
6480682 
57097104 
502135911 
24807616 
133880286 
67635390 
275653174 
75974281 
241382835 
47285504 
580097412 
2175196699 
433170928 
823798670 
91038197 
78408666 
37344334 
21358493 
19268413 
2920014210 
310066839 
21785996 
28657210 
2980604351 
2988638843 
182475038 
2618931683 
880568209 
187821064 
23480348 
50441501 
25174223 
29852317 
320576622 
440959097 
156295354 
16101182 
14996251 
87239242 
102262320 
305275926 
1297913125 
66340814 
14353891 
66265467 
143158297 
2778016685 
565214599 
620360873 
258884773 
38705353 
1148876544 
588621072 
27921130 
2788852304 
27151892 
318907186 
22811837 
261284289 
112610571 
22703277 
263398766 
166452157 
84166968 
314025287 
802939002 
200268415 
1506060504 
234605203 
24841131 
17293418 
83913588 
443365915 
334972979 
183095108 
187932435 
277137410 
940078832 
457222591 
305330588 
75810873 
756295016 
393752733 
16546757 
14923682 
116094917 
775730449 
416654615 
69116089 
131948686 
112790584 
2192776110 
210904795 
2241207284 
582345254 
46318078 
777413714 
211598002 
44452312 
345654722 
80094297 
21120926 
2474913439 
14641671 
331309041 
621489736 
205833999 
2281015002 
199776422 
138209702 
48462373 
69347129 
124932397 
73434350 
2542014434 
637338906 
29802237 
1922110314 
2668332594 
180463340 
15635604 
2300572812 
154197174 
2485505982 
29718487 
1874774310 
260864109 
1365282074 
21195173 
176662540 
39268521 
68813595 
15866188 
59351288 
342029299 
18120772 
986907835 
55755826 
63895526 
95431448 
37599351 
17441447 
87818409 
1852833895 
1003343754 
256820201 
272512939 
34436190 
953026800 
17837463 
540236347 
1543826905 
13322812 
175711277 
14955908 
56557940 
76079630 
53196604 
102811287 
213896257 
221147416 
5980142 
131490551 
8936082 
67719573 
5695632 
21955058 
13873032 
408938984 
288464330 
593751137 
18383195 
570290656 
363044331 
44688778 
1108807484 
16211566 
376986779 
278145569 
523588327 
164542425 
18742360 
20571353 
291510900 
291712805 
47578715 
19046500 
17766973 
537980101 
360211980 
339380147 
403533781 
183005550 
16439471 
29336037 
51861799 
26094119 
21217034 
15639784 
24960002 
18646108 
294337722 
87990786 
1352761788 
64353827 
86990401 
2211089300 
236897890 
16190305 
19790261 
501389799 
331132813 
28005933 
33893221 
66237835 
244197854 
440582720 
313107787 
151331203 
67023325 
18260974 
852293940 
17773816 
2285639766 
29611918 
266133081 
230939054 
6777802 
552117307 
1242749054 
80185344 
1644874213 
179978889 
717791148 
87403396 
93492440 
598881731 
1158654067 
137728664 
88475833 
16068047 
22278890 
20291704 
408977016 
531530827 
818546774 
468017987 
1244732708 
760778582 
14914631 
976988131 
30260685 
1872434366 
1538996292 
2233600228 
1027049887 
1676443464 
361606142 
2155540464 
380377370 
1688516618 
2253767011 
80329412 
1902082016 
2223618793 
2253947628 
1628443110 
2253940898 
195147475 
2252945598 
390974145 
35173299 
577894921 
342600837 
2246473873 
269225854 
2233624109 
378302854 
2233677805 
2253969145 
46662532 
586032653 
19738095 
1290919580 
118935793 
7512602 
34343928 
17497090 
19430456 
116599888 
98955572 
41326719 
256402636 
18068152 
619441636 
14497313 
96040215 
142966873 
20012204 
18216395 
300565032 
74369622 
3013511 
20978103 
16454936 
19747232 
19747086 
19746894 
19746786 
355307031 
19174806 
54633402 
48565709 
26575705 
183395079 
947969479 
161109208 
134029197 
17794387 
327610464 
218206581 
64724411 
43368258 
73790408 
31042381 
16818325 
271560552 
18356346 
36935104 
71709737 
164395893 
16302320 
800889805 
19567658 
39189100 
16680180 
22188774 
297117726 
26453483 
43289545 
43275829 
136361303 
40100421 
586198217 
466777455 
34843478 
794683652 
34192959 
119176016 
117132055 
33481084 
333160805 
266464616 
54695508 
246655500 
30695247 
100220864 
20641995 
76997832 
65493023 
101879887 
59247894 
139930250 
27915028 
20545055 
24606439 
21414413 
15809249 
16331010 
19679611 
577774746 
129964269 
24741517 
268439864 
25589776 
40908929 
397669579 
23320448 
1104698089 
260472369 
2147627815 
1912879208 
483136410 
16256191 
357384707 
374901128 
378011350 
1902016837 
1914974857 
709100431 
107795399 
1707645649 
238250804 
1531490532 
31634255 
301164232 
350381080 
296907644 
1561489256 
604032620 
926682654 
220240313 
553553808 
84963611 
1561502660 
1558820444 
371971687 
1561172113 
509752164 
105950002 
31525403 
853602308 
480985376 
78443762 
421151808 
1347682759 
1467210726 
1086852410 
500482050 
188145242 
965021173 
459633341 
1444132034 
910254926 
85401970 
634336854 
1279374084 
164535836 
51155488 
24611775 
32866250 
306928061 
510988984 
338275531 
367377821 
1225438693 
297623892 
87330281 
78715519 
471590163 
503787276 
45868731 
77317204 
508315148 
355710970 
408631207 
234511709 
415195079 
273398373 
398394872 
250686473 
15607538 
438515054 
23258013 
101705686 
39473159 
88677721 
815969748 
17550110 
620483877 
114482130 
1202279316 
307047569 
41845003 
514656191 
60917183 
24425616 
626089395 
20956598 
953043679 
139415862 
1252297771 
1328019318 
1328008838 
544653636 
19488528 
581281281 
37342310 
224376697 
240398458 
46036671 
19102128 
73016890 
301882478 
197951211 
16510733 
241634353 
19731264 
538722488 
23473785 
43484975 
384151613 
171025011 
27999233 
54241625 
154284956 
847192783 
46104839 
426961925 
312387539 
60151601 
451625141 
62336636 
134622419 
706131002 
70676845 
63752424 
97323921 
131656070 
397698427 
245001176 
201176306 
604898834 
22290488 
59317906 
340428574 
102285956 
16998074 
51038603 
27987947 
1019813647 
25579942 
368439786 
110480397 
298907413 
345592337 
373077837 
334173545 
39909279 
416533732 
1080552397 
75926859 
317439621 
206870515 
293753498 
256529421 
141275600 
10688 
105593540 
17003131 
579648347 
341261951 
63290672 
35757699 
265590901 
492348852 
416933499 
72298250 
38549259 
19589235 
602246484 
56533880 
481620613 
27137745 
1087492446 
25506150 
23701377 
22041467 
22809322 
62275950 
198589677 
325278907 
32959253 
59003 
96483973 
294184615 
16272370 
243844683 
36511908 
85425729 
18631010 
18243986 
77626418 
28655223 
818385596 
815337697 
429151758 
407977463 
90420314 
15888142 
31353077 
7861312 
900466506 
78955766 
455063074 
297098066 
785516028 
266420236 
45880127 
1068298548 
22624870 
462104542 
18280196 
337237980 
326409278 
30375180 
32628646 
164115072 
40954809 
202268188 
80697353 
26132895 
18779385 
16515078 
69280216 
967292029 
149346219 
21944412 
15583840 
137206854 
226514466 
15478772 
414145712 
15951256 
36589704 
164523971 
96770565 
26572089 
537735271 
22870549 
315587549 
14019602 
215339510 
416638684 
24872724 
262312113 
463996988 
14898452 
506233642 
230924121 
2226061 
451166375 
19681479 
38724725 
264582867 
74014041 
157885380 
16500843 
7702542 
32141500 
989826086 
37566877 
184896267 
53490345 
15446520 
15385802 
48551002 
120478832 
228269028 
817994863 
1240394484 
145032084 
64538597 
999723776 
315987797 
170551541 
401180741 
18098546 
152446826 
127638998 
324621457 
34490464 
165811977 
54199277 
30893152 
33571209 
193395018 
570307870 
46273256 
16671481 
79691504 
14914938 
21351432 
26551204 
235657559 
31044441 
1096846242 
232699069 
7439692 
17734151 
74669397 
36117822 
128680961 
113040913 
327780361 
90642517 
33266011 
106756764 
73490800 
122271267 
493778761 
286858393 
18128814 
460812963 
768547771 
360272495 
235758913 
246302252 
514928987 
209706754 
314729597 
65477401 
20180572 
429840377 
788580626 
183659755 
325926839 
347404391 
280254902 
375713527 
18297852 
24120631 
16501420 
18486238 
36065356 
531699236 
103637045 
51387557 
217850828 
77326835 
27368831 
983936852 
1053531438 
262976797 
16608248 
368057132 
216844572 
280112670 
92182754 
93880117 
547563193 
274300689 
293631176 
200187009 
18180233 
548908540 
393043846 
416814993 
862351549 
88054097 
160654861 
464321259 
286528414 
214494480 
609356579 
1080721584 
480063865 
417464059 
293720871 
28474738 
433159849 
600601405 
29832498 
58801607 
90027025 
166270127 
40948558 
136073149 
19039983 
180152984 
328810039 
14679134 
18723388 
17454769 
257725470 
1116009625 
169125770 
15927914 
381166442 
28105468 
322238260 
69163790 
218500352 
276664857 
14920785 
956636558 
369592558 
178131524 
117189136 
34481297 
14774764 
434648640 
235330346 
28703759 
43410698 
251329317 
5781452 
499874757 
906717319 
30067816 
342318863 
19174660 
2608911 
34188766 
316865635 
220922265 
16481781 
221857713 
268318618 
5577902 
16145763 
22776462 
11673662 
61278747 
322633370 
1164564368 
103444808 
914688218 
140588791 
281117125 
23083672 
56383724 
626186595 
25852526 
596997754 
322293052 
242142444 
195940414 
40117230 
14844492 
3675691 
375665686 
216550294 
219156682 
545258348 
1138192850 
144569635 
756690258 
19330043 
613598711 
21610832 
1138862552 
17220917 
468845886 
173362024 
118696265 
1105221030 
22893355 
1061598878 
1122641598 
318836769 
551506921 
362790773 
159686573 
46192545 
536503903 
26746462 
706043898 
266952833 
531349271 
25114413 
115545594 
181812420 
1106777353 
353072876 
623928627 
130358196 
1129864814 
809455932 
1116942133 
1125310590 
164061644 
313543533 
1027113470 
848270030 
972863672 
938218398 
725320226 
106383686 
637321875 
219710066 
282724764 
354600578 
351968222 
1129937875 
1040598594 
1040219120 
902978335 
57853269 
147671229 
703340450 
561351531 
1117797530 
196320951 
1129954248 
1129706581 
965996611 
1056137708 
1129998157 
243425632 
1129979946 
873899288 
1025232943 
240513559 
466177131 
15395087 
720948607 
263311767 
188962593 
915643998 
246352275 
28612743 
36850898 
224302874 
271637611 
224760248 
336388218 
19750571 
376425399 
465233425 
387247766 
31329272 
24320957 
51030356 
53269408 
989141707 
879103807 
875771341 
916798021 
41518228 
12333902 
21689936 
760588058 
21347908 
233612084 
60708604 
14353392 
324566854 
409649038 
97046257 
364477412 
38531995 
73761305 
167172149 
275282418 
338086035 
292457000 
348222155 
40777494 
309575426 
62725849 
199137644 
235364399 
448563006 
93040825 
257348342 
926383826 
23821062 
141774315 
926264790 
72154902 
75621491 
117374219 
264946583 
313434210 
309876109 
425502715 
33260141 
16869138 
599666421 
885181844 
138443190 
69195474 
104973002 
196734895 
606796030 
8473242 
15992341 
44380440 
21593550 
370845388 
16228398 
31182772 
102311696 
396743741 
332409000 
19309926 
172081247 
61288332 
43206050 
614010842 
256327868 
393160266 
138564791 
112879381 
868234344 
378150838 
406744988 
805403456 
36660763 
375996699 
622188404 
784810592 
858160394 
42505327 
860201238 
163347557 
860333731 
16495080 
847975255 
835733450 
768601908 
86859994 
69219855 
832576812 
177742399 
848981288 
773871859 
28223463 
849010686 
487524613 
829086908 
397162872 
848849107 
153098232 
820849290 
329288178 
306230789 
250261962 
849054420 
313219835 
845340768 
811366735 
821398130 
74615583 
458994094 
125913767 
848846618 
849051109 
237711317 
581883175 
596428925 
849107335 
85847101 
129960981 
220713802 
304869041 
843828499 
849138864 
500930127 
569598743 
849133238 
18488599 
250780699 
808913341 
333394419 
842043968 
824568452 
555182638 
847082796 
534860916 
430159979 
563563054 
326136744 
847944600 
149960959 
280139660 
543464847 
565743973 
101993883 
552821237 
849246708 
849240906 
112051256 
849259520 
849059328 
510301938 
849286237 
51752456 
849279990 
32951187 
809869070 
308766884 
833878957 
473280878 
360148517 
597026531 
573864788 
242215317 
849317990 
756361176 
846522068 
448158844 
74063920 
282372236 
761965170 
203348375 
81969161 
558770044 
14996706 
21675766 
833935580 
480097719 
278746722 
832628587 
220854510 
798934662 
12705932 
29980759 
276104200 
37791405 
236708453 
25305815 
731924576 
18429645 
831440124 
25852369 
797039893 
88711951 
68858935 
241180720 
258360166 
96697559 
597787277 
51376271 
486040341 
431393779 
78019386 
39131356 
262871651 
262705492 
501975268 
338621246 
537454502 
526992024 
630033108 
344633710 
358772811 
59157799 
505056940 
182535273 
442402293 
133133671 
127545499 
178065971 
316562687 
7831602 
26138724 
26603732 
75206672 
222680839 
506834510 
23481680 
19354057 
216803450 
39388319 
63829966 
99531197 
408782162 
382382269 
766929638 
612975867 
569560456 
277005072 
174909692 
393081327 
610523491 
234007927 
30373188 
117206059 
345613789 
23718865 
134152936 
17290206 
14995354 
405874500 
94636667 
42956112 
68029645 
86189819 
187524415 
425399105 
183499177 
294336675 
708008348 
33250323 
24635364 
154140064 
382861194 
322352905 
99402649 
70861085 
417432742 
25503734 
416453521 
60763951 
18519335 
531827912 
61360140 
402507255 
34873833 
13850372 
736683571 
530027058 
386826915 
56820454 
76856660 
197045520 
324457442 
263364990 
54422281 
64499577 
169573062 
105351018 
252328287 
16854048 
169380074 
27556859 
378228304 
276524802 
81157144 
104045038 
94259094 
234471129 
25209183 
215807214 
23720999 
222327290 
233823912 
140817111 
388699548 
39074953 
167480099 
337310250 
298748967 
317178466 
22645908 
619648125 
48826247 
633439881 
34743387 
338801392 
30123279 
573686377 
19715003 
564701116 
714798661 
714793164 
714803558 
714742364 
714797480 
75545199 
714811357 
582938681 
714794574 
185407678 
713091636 
714788658 
714812876 
328528385 
55424209 
714813325 
40123298 
344853752 
713440862 
714823082 
714823496 
630940732 
714823218 
714772531 
714833870 
714809868 
19114873 
248775802 
703767049 
594069753 
714818934 
714758192 
240285023 
30908305 
714833706 
714836401 
325584904 
714833526 
714693206 
714821065 
609405652 
86953329 
19465777 
714840655 
714846241 
714815090 
714767616 
714856326 
714271746 
47045887 
30932039 
51817708 
461365044 
514415950 
315586382 
251918266 
15234818 
18068841 
276075378 
433964679 
54579057 
283662710 
35929099 
403739497 
139771319 
25206112 
515207715 
582200294 
629774809 
575027157 
73797667 
343682066 
14767950 
204566614 
19276630 
344210456 
209370345 
359142588 
37021396 
450330480 
218385054 
598081088 
59781690 
442881429 
23906692 
21647178 
51355752 
293794247 
270578072 
25522778 
439110037 
602879089 
606469121 
608392056 
260053951 
44574365 
36851737 
34559099 
137868059 
65431632 
508218687 
369255724 
116570979 
93975508 
42633898 
135002148 
348042154 
67990298 
452065954 
334642427 
1457121 
278223666 
33605775 
70119996 
15668820 
395132292 
76558608 
357732768 
448405129 
113789032 
15785068 
35555994 
177857876 
453676511 
506849088 
425429998 
369640709 
257627395 
14306831 
28565368 
17719752 
30717328 
6441332 
26516161 
42738249 
575822714 
44248524 
312801914 
228896079 
40806063 
7521832 
17056433 
328755367 
29595244 
83862703 
15046662 
306930864 
22179571 
389844283 
170873552 
102536301 
311201241 
19266637 
47450899 
381543862 
235286803 
189766557 
306021971 
57660875 
365154821 
14246827 
139235403 
386116371 
289666829 
59123233 
480746628 
44404153 
110782280 
20171685 
93558671 
69923111 
68419537 
225539878 
18639028 
74757188 
89574200 
211519065 
567059936 
17495428 
422798883 
17448321 
15936531 
544517731 
20956294 
368130242 
22960394 
534746982 
336321271 
562150505 
532782597 
25875234 
60017938 
15706051 
27617459 
14718728 
516079457 
60187474 
374859104 
15794097 
197821039 
290760666 
442439715 
131540778 
403599684 
325379172 
21220112 
35877130 
377844521 
377530595 
555637005 
539481284 
485311932 
121517345 
555369734 
213137160 
317515540 
14538033 
537579187 
153063292 
207681711 
410306590 
243343290 
557949725 
46811541 
543363678 
254402593 
63354409 
258553088 
268050160 
205018852 
554596084 
299844414 
557463773 
523310338 
557976254 
557972860 
118337308 
557984327 
26452366 
393435225 
557998933 
193278808 
555231235 
557999693 
77360929 
493470200 
35538398 
338375785 
172488919 
545372585 
548262568 
558091395 
26276950 
558024494 
59956408 
558099003 
551946686 
202529349 
112664889 
301183143 
96881010 
558119721 
212404642 
558046406 
320568274 
557992843 
22671160 
459521172 
499074848 
524498676 
558145542 
558147720 
74987717 
382876662 
558129951 
500880946 
484247621 
553727596 
21458198 
210525339 
558077984 
277174067 
128715203 
557835090 
558168597 
558118416 
388613953 
558081575 
347469216 
25164140 
558162369 
531899265 
74056598 
100111241 
349352224 
557254343 
558100763 
558124315 
119112917 
404525212 
558210579 
378369994 
163991029 
445522937 
306395085 
21215248 
78180475 
424701331 
491670083 
201394528 
552062746 
248358100 
218150364 
159392546 
187760033 
163941899 
52564222 
164821467 
294586073 
52016160 
37630159 
54304734 
115611681 
253223988 
58444720 
88066563 
146132866 
265695641 
139269558 
453499347 
543184775 
89621202 
173012456 
349387541 
389643452 
532536063 
550668269 
16983958 
329468972 
130152029 
57815929 
16376395 
247930968 
301811483 
453491201 
504863374 
500065554 
125690368 
66869740 
268086878 
17105684 
123492854 
110024164 
306564951 
333444626 
544537649 
520040280 
89841050 
92875075 
24703417 
36686945 
16671803 
500040844 
74594675 
322684651 
180037515 
281741723 
399750380 
502035491 
33762466 
27796522 
490447010 
305068613 
51110775 
192585735 
145806444 
527835335 
533929252 
429069113 
187267430 
409014830 
98259006 
392528285 
22806023 
22394806 
300486973 
493753411 
50705032 
33545923 
17221890 
64328071 
225990065 
32210470 
172974569 
23119429 
418162735 
185343481 
180691992 
213879045 
246537795 
381378054 
27930074 
528830836 
385558277 
225614535 
135973615 
234485414 
226755317 
68450415 
23365906 
301200144 
132638543 
401362812 
351959220 
77129125 
314352177 
2572861 
26726552 
78738306 
121875156 
204906961 
266307332 
234467675 
264216403 
109770552 
48897016 
190164784 
247054241 
359341335 
71606870 
34125005 
19963347 
255604338 
38329363 
331933110 
33684766 
488290685 
155455435 
346977626 
212762057 
334281277 
32799792 
35150454 
312226421 
114031912 
506264515 
80861830 
46346395 
82943691 
149685907 
25680494 
29302847 
166970080 
41981895 
529244291 
517064285 
63797855 
39941531 
272053375 
112710790 
59984564 
42101049 
99960771 
249028866 
170369807 
228989699 
114084299 
262237676 
307116940 
43785854 
28124759 
111156329 
450693807 
293287414 
46037112 
101281140 
337763574 
376321608 
281204298 
277808838 
11409842 
89174266 
16985475 
6855202 
37294706 
89211088 
403780331 
61634536 
312039632 
366608925 
213075232 
387789964 
112004895 
134503858 
21629239 
56838304 
222150884 
131220306 
355065317 
550112488 
495505999 
503510563 
399629577 
459388028 
16942530 
129293845 
44520200 
249925345 
91664288 
263758454 
87736250 
187703800 
543853470 
15604712 
255584662 
210291727 
33230471 
475077652 
15407990 
18213186 
218331804 
85680408 
340949442 
29018223 
172013811 
146402062 
274777567 
259383982 
48765734 
346988648 
392293313 
248317780 
55647103 
369681021 
488820123 
426922585 
517885292 
345518645 
546533961 
9740572 
274793767 
28130995 
18587457 
749863 
13457722 
17077691 
334103110 
175210468 
488143506 
488947764 
286426628 
265694454 
137141278 
44071093 
269942955 
29192342 
30035921 
100336888 
309813496 
30410259 
92458782 
35506322 
187318630 
305882973 
28663385 
7860562 
33975604 
457729707 
63597365 
455383550 
5100 
297692554 
206882968 
382281536 
22535534 
183577353 
432218088 
107594703 
306845887 
25425366 
207363653 
249362920 
87438292 
188579936 
235262428 
273759409 
279274386 
505112864 
414383567 
440353540 
123475287 
233032633 
170004806 
117859202 
118494968 
112517119 
165302871 
70736570 
200960445 
377626121 
68477356 
112551374 
98751654 
296543482 
148744735 
77375351 
220379488 
363767963 
346628482 
498549841 
125226497 
83758650 
103043738 
542882639 
169085496 
155442314 
218313449 
242495207 
328192735 
90565062 
28267478 
18590142 
465201894 
193490454 
323572926 
478255563 
177492580 
142173374 
132760630 
340379246 
260341931 
110503946 
138468658 
72481548 
227529226 
253836099 
104912133 
362046177 
31304759 
265158814 
180667944 
271079965 
492631068 
321272426 
362426908 
317506109 
316644379 
454159636 
379373431 
367460610 
332010047 
323474566 
463499177 
328836533 
488972237 
358249021 
455496090 
383426254 
414286605 
464051107 
526957234 
423182504 
404389429 
387496076 
373018200 
338767283 
349345749 
477718410 
381702755 
346688937 
295525055 
432622795 
314355030 
313736754 
469913850 
392424300 
304627671 
299904207 
296068605 
218852112 
346041943 
295462172 
547854338 
428871743 
442500346 
308275180 
518976129 
294443050 
335422651 
313252952 
35030878 
22603040 
389032456 
417578959 
295562868 
412015738 
369849713 
505087538 
425576057 
302936162 
136511396 
364000342 
325701248 
294212019 
382476899 
400516947 
359599455 
356630031 
304749311 
423124299 
357211617 
551584969 
334175291 
461001205 
311728759 
353089969 
475141910 
81445482 
25274270 
386096540 
217046870 
387941177 
32699372 
22283865 
392439281 
129020995 
18086925 
28686007 
41464356 
526793789 
82543419 
77695587 
23470695 
26887321 
106523877 
344902244 
372471986 
131649703 
130892621 
43484982 
167095436 
20640450 
548043907 
24093068 
216436498 
272421056 
28270653 
19137650 
37376369 
20124430 
68510205 
53776357 
163572587 
256032600 
315996851 
273793529 
21946661 
17471407 
455823066 
19751385 
23524255 
120191271 
14739706 
81945895 
107462812 
22458418 
242732916 
253886103 
181744191 
108498603 
243910691 
18947728 
371514009 
97356078 
7165282 
21140378 
301856128 
37955397 
258531509 
45026974 
39000541 
18707447 
25630903 
88287944 
160941897 
21351722 
20865662 
196270916 
245232481 
29299378 
19798431 
105641163 
486990159 
51681380 
303834236 
37672781 
33942796 
16039840 
389394260 
29871296 
140401177 
40618820 
17556268 
464395712 
32743571 
249716754 
23560091 
34642118 
21276850 
49510627 
28269684 
23416858 
160778298 
229196885 
380353372 
53795802 
15343666 
26672206 
18637135 
29775074 
15807057 
19741076 
157028341 
45497906 
19300041 
145629868 
63649462 
143624642 
22579267 
36926977 
32032824 
119144925 
105557115 
19874960 
94949967 
132273561 
95763339 
351928831 
156656759 
21724468 
402385844 
21107358 
15137039 
101353100 
77665087 
440227497 
37039152 
119065100 
191275625 
467709718 
354084102 
114935526 
147828709 
234909855 
103699880 
528791330 
49546122 
246349961 
455124768 
324360461 
164055450 
193828632 
46261582 
243354637 
6120542 
529510045 
270757238 
38853364 
167908629 
542894336 
234281878 
390857142 
451186941 
271063060 
259449617 
31578550 
26661409 
543795907 
168766077 
34234868 
146128974 
49381709 
231525378 
72845996 
547115091 
98956561 
271183798 
547045951 
547033750 
365089015 
23628396 
35281957 
136535828 
45948914 
544597734 
435663715 
3343281 
93082922 
534628833 
93968227 
534766027 
255731211 
547076216 
20117060 
207704878 
369758508 
547084889 
338316940 
46503530 
332507069 
518950583 
282891203 
125806839 
223639655 
449586089 
196386514 
255585320 
93095524 
234540203 
58998395 
345103476 
359518415 
426310056 
217805715 
27559425 
34936961 
540374916 
415159560 
431228525 
49807287 
28387810 
25244826 
37546466 
408923179 
82009881 
28375215 
40511475 
81923181 
159203535 
302306209 
34398208 
494600716 
284751667 
372401221 
292517870 
178008458 
6126082 
480175316 
240494045 
375815836 
377777361 
469924639 
394025571 
16174505 
255871344 
256367005 
506540386 
262645096 
368735338 
111916707 
292735617 
218774434 
260840751 
370288133 
281343915 
394395461 
172559242 
372949493 
353431934 
405930465 
251425553 
402844862 
299706019 
493709822 
78713338 
428372823 
249838585 
26001625 
50899370 
438914622 
210821426 
384124275 
29584602 
128425970 
18311100 
386718774 
123132670 
374558760 
60287428 
16923221 
30434339 
403770793 
166332560 
414518776 
483079500 
388545707 
133535704 
18765167 
106204078 
314855542 
369268818 
52344859 
461320054 
452595284 
496536592 
483569723 
180141933 
22036652 
472527308 
337950991 
243340099 
222837096 
117223129 
18769191 
72605780 
342447267 
181431836 
168174134 
360025706 
31545455 
438063326 
148442384 
29331328 
434623303 
271639378 
109136667 
304609974 
61483836 
48681778 
250186585 
400296978 
405278989 
222335783 
496596002 
235764931 
426105649 
468610703 
466653452 
382389379 
30525960 
18916633 
455217459 
419916888 
361828980 
219577783 
495207383 
436267178 
312322423 
64910396 
26480717 
94693821 
54334495 
63545946 
194436185 
182586883 
128396086 
126724267 
490988171 
35236579 
172426275 
48050755 
259045163 
328836122 
77844899 
304765692 
469739735 
155452703 
479120963 
383450672 
285804590 
222180153 
494255918 
34769848 
423944086 
31198301 
365066360 
30872221 
423344173 
292966789 
493881702 
450324347 
402414872 
22159859 
213732810 
386335714 
50709383 
308767342 
271600616 
192685450 
148416345 
14004182 
391204311 
59869427 
15134782 
339103238 
243800161 
464324839 
488454593 
121455089 
312965624 
473795599 
356563834 
164480362 
406054378 
378798074 
122997000 
495628331 
495141381 
486727992 
122903533 
404318645 
190403194 
70642519 
491710342 
156356967 
368203032 
57560252 
88330631 
494483897 
28724730 
454563495 
40871370 
480658794 
195548350 
458972855 
53326172 
109139910 
239166699 
255568362 
70057078 
273162756 
14709309 
42666106 
176311613 
283366726 
423945417 
404202631 
457102019 
140673161 
49214244 
38255457 
433419654 
452712848 
355240538 
336767403 
430424894 
320307827 
373171075 
44522688 
18873497 
48017452 
101839412 
374018121 
163463315 
22584677 
32530476 
282623029 
496521867 
244519997 
250279472 
357127858 
123929438 
73379269 
248917209 
41064609 
26750375 
320537207 
223985361 
66026058 
241205958 
428488904 
93549814 
480068814 
378399870 
81699743 
31058663 
375249164 
180605816 
172144313 
333056931 
460660996 
185755022 
457189752 
14642795 
271657234 
325003842 
473182339 
134550187 
302083362 
72584212 
19306279 
241708435 
401069938 
50354622 
490957071 
45439889 
71634362 
105515893 
28486393 
35054853 
18279002 
38536488 
272103852 
33505979 
55747760 
176145629 
40964707 
19685108 
381551148 
323739563 
234854612 
41972162 
344850899 
265713972 
93990031 
403083820 
85376492 
270000757 
41258713 
399498629 
34835952 
86780736 
259543897 
304190320 
258429851 
42226283 
487171918 
163957741 
22021056 
27316564 
88810677 
356364804 
265504036 
183471816 
416699266 
167910094 
132065999 
260356500 
113714621 
417188283 
263776189 
66063688 
21695889 
88805276 
101685503 
16654060 
482358041 
410358352 
65062981 
349470026 
81724109 
275686772 
152275207 
139861364 
323577556 
18538878 
19532134 
108722807 
24482727 
184031057 
452310770 
117755479 
316865923 
62789393 
16738838 
21561375 
195030769 
442533785 
250945327 
409607382 
258953724 
38632960 
47028964 
321151803 
289598966 
290381332 
67322946 
465075106 
454516866 
127622851 
313746116 
57068107 
190132321 
240297670 
256843472 
26618558 
324052768 
423947993 
27182819 
448062160 
134787264 
391287968 
336695654 
470435209 
331778027 
25172451 
62956604 
182889286 
24072255 
322743355 
66997809 
169212178 
25779374 
16269180 
378314352 
194398822 
467634132 
215490286 
345534152 
102738922 
329239074 
467981346 
345415462 
471620880 
336970399 
31642907 
252763555 
458895444 
40312198 
422970090 
257539948 
453558493 
279530922 
466941928 
35135119 
19922833 
264589142 
337473596 
374750377 
327610738 
471588979 
471609193 
116258660 
381090639 
351770865 
426386346 
132721116 
238729135 
349496602 
357643726 
396859690 
23454139 
284238991 
361947043 
152867240 
26796391 
68072386 
346764239 
154671793 
332946680 
434166649 
423172604 
176209773 
465094355 
10945352 
190912711 
8779042 
74898073 
328324371 
384443963 
93208004 
28721910 
258465187 
342440694 
425481775 
41844751 
294338796 
39878561 
460686082 
90076690 
329956067 
328665983 
278145100 
177806223 
465156050 
67429076 
30871032 
26777642 
75688047 
36278827 
23097227 
14239349 
50522125 
463355128 
339354031 
17902689 
399847665 
20708865 
438062337 
250959492 
45715053 
50340935 
38928159 
314428832 
20757925 
152704929 
348575360 
22296359 
339435419 
29443324 
461617689 
51464549 
319496742 
206680539 
360475727 
58674855 
386891100 
337436935 
458653014 
231179985 
271007978 
285811112 
254634673 
243824370 
352839487 
119796728 
404893103 
325788999 
346988145 
337223769 
34008997 
259418306 
29966620 
310624135 
67043719 
238784752 
282835642 
339222245 
175491363 
258543518 
102568331 
321529987 
97344629 
351116650 
146274747 
45616700 
363409291 
305932564 
172120363 
217148419 
318196452 
242514055 
28685067 
248429161 
351646778 
340690974 
12999192 
259859595 
410145841 
259631479 
364568835 
38363181 
37649131 
345166375 
15114293 
14704012 
32710643 
243035880 
32858428 
42544095 
313660765 
78510590 
218761072 
373383849 
411968587 
233506582 
351070369 
456290576 
36517578 
408915909 
312751211 
304104590 
410272328 
325744716 
408910101 
460692956 
319203190 
28469609 
254380521 
32534038 
380414581 
336245731 
49267465 
422302599 
425519801 
170500546 
57484582 
31043937 
360947505 
390532497 
211680580 
263934743 
27732953 
110475670 
377620148 
159357931 
298847303 
458880713 
434675524 
28511804 
262810070 
263135622 
263798143 
14355568 
418063775 
94122106 
256731116 
259213706 
190294217 
249790711 
226724328 
15692987 
30508416 
255159490 
17793654 
18324046 
452486637 
115694789 
112297965 
316588853 
38095811 
426196128 
21027859 
126054713 
63722217 
308318432 
324713844 
140816641 
382835496 
75593936 
147803219 
442617185 
290092942 
331945025 
382425168 
262862637 
451939136 
392482572 
420103332 
76846392 
35920459 
391060966 
432882032 
396337286 
414320676 
414435719 
164929004 
193123655 
313516385 
298286248 
378397466 
48110139 
365748443 
45526861 
131878784 
44513199 
351242326 
224286836 
219136928 
39598134 
307988780 
321511776 
188013723 
350014051 
270190060 
81751227 
210220130 
120198035 
12020302 
320952383 
54564895 
32291711 
210998189 
223282665 
56530113 
305064860 
16435261 
287101229 
70526179 
90555701 
456887485 
242104181 
307617140 
59145410 
285229637 
374797177 
165430223 
29513399 
267291648 
43597480 
335256942 
253369229 
7761522 
19418881 
122722200 
297458175 
232881614 
17477481 
27496410 
359527283 
69014694 
45480298 
303365409 
20024340 
320695300 
34043552 
133862367 
428738230 
27030117 
122124146 
281656081 
431910388 
150929432 
49055213 
18262227 
386935682 
17769537 
211595978 
20880635 
349938954 
25446636 
77882912 
246418575 
146657599 
369875814 
303330009 
391804359 
300225568 
126512099 
400500014 
53710450 
89345000 
31242448 
191202110 
92788821 
437330048 
165005084 
398438533 
436097227 
24127279 
346160910 
200804054 
45842153 
437343109 
437262909 
437238948 
437350118 
433522802 
437352822 
437362701 
372675375 
433991707 
109773088 
388573029 
433793193 
356219289 
435351487 
104178429 
415434624 
437406865 
25395297 
68886130 
210956882 
433132377 
56385934 
36170443 
437425892 
364955445 
78875325 
84125213 
435769430 
89626912 
7120002 
100815781 
245356738 
437125007 
332865734 
435041061 
359011684 
437483082 
434945981 
207258222 
437483696 
437485475 
93873105 
437491833 
329169906 
215412341 
49561452 
437084621 
278954904 
298114495 
437482291 
15836495 
194109179 
108328861 
379620033 
354300504 
238177814 
241601875 
17028521 
437551320 
115088290 
292936040 
14913788 
228690156 
437571294 
353680099 
437557203 
339539436 
436869948 
434159165 
351617807 
351616830 
221104189 
274221798 
233322321 
174320920 
256951600 
78381071 
14176750 
40957993 
66395780 
20029472 
21999375 
232369970 
15081182 
20477352 
14064688 
63897941 
126700177 
21261661 
55097903 
12686822 
74597227 
58954762 
236715242 
321728959 
44384048 
200692255 
30911129 
122587063 
304514320 
39048435 
239482232 
38021086 
16602201 
20257823 
307582537 
53974121 
302870504 
225620164 
14593208 
232821208 
63340334 
385209249 
374849816 
77175202 
77523001 
91508374 
119992543 
20260583 
217895404 
285942608 
273203674 
35659836 
25010742 
318819810 
33489582 
160030623 
355133594 
36583567 
376567470 
28030886 
378015672 
31314032 
16149113 
14151542 
326475672 
213465197 
256039201 
286454942 
67132068 
48360333 
42804794 
22484910 
278733935 
19159082 
179499489 
35957409 
18410476 
46986296 
320444922 
23955012 
23823684 
300838561 
22828666 
40067800 
166840290 
34071492 
7391432 
19184715 
19423476 
253321807 
43850847 
28934335 
20793483 
344933155 
349444153 
53396819 
375875996 
380703930 
61196321 
32671319 
18516714 
239091818 
286216084 
288067697 
338189365 
372436024 
146230730 
191650029 
57066036 
85880415 
82723773 
133799474 
84425618 
339366311 
310059085 
39534698 
76552469 
24515917 
9862782 
190314848 
8311022 
305367220 
38783666 
373136132 
4886671 
203799831 
338794807 
186365006 
19887132 
25421698 
70063454 
267937068 
45210531 
83917718 
243378627 
50810905 
365807865 
143047463 
260459049 
274688123 
10923762 
326743289 
116216200 
34270886 
124835830 
22558115 
54897817 
15738060 
363370109 
277894476 
30116146 
142019458 
57825324 
48463082 
222085845 
210676636 
17268228 
184154861 
133326894 
369063704 
330578219 
284231149 
28787581 
59696318 
20536157 
22956220 
18037527 
14217386 
314151079 
129510359 
246546768 
148512715 
22949008 
132746340 
22795450 
369732991 
369643105 
44038385 
269887696 
27579781 
76172350 
135261232 
16839690 
100480088 
353564484 
34383520 
330110990 
64459525 
67574227 
36472410 
93261469 
367679933 
260626199 
21298526 
12623942 
221197309 
227291814 
75689475 
127301930 
27192305 
30520247 
21195797 
128257536 
20960764 
24545198 
189516502 
210873755 
99874453 
45791620 
261287165 
126158988 
211377545 
18020390 
28584071 
34771093 
38364927 
236095063 
25318238 
14452050 
16613815 
43797368 
126996322 
71073885 
45496475 
269903555 
23908168 
18395761 
36662949 
9167352 
35335238 
32675975 
180979030 
10003372 
3647641 
34283666 
216911925 
50342424 
372011662 
56304605 
81779204 
21198045 
269234820 
49476828 
128778071 
44182987 
251695286 
338844588 
280689758 
181747619 
32553501 
218622192 
9448322 
302087233 
19409373 
24558916 
63239232 
38957839 
130877713 
88014334 
97057092 
148855696 
34726631 
57730292 
163727872 
117844756 
111708715 
345048938 
22159820 
177226195 
22160681 
26156630 
64008841 
7985012 
316601451 
336261760 
211598738 
298028817 
16272266 
72406950 
18215420 
332630946 
170475746 
140078748 
19887394 
55200767 
18248835 
126137813 
86447086 
106547906 
51728827 
44963778 
64508085 
178840742 
44253107 
30558409 
98214510 
181978204 
15047354 
342193658 
41010575 
61275020 
69218142 
21126102 
170766261 
86109876 
179146706 
65781896 
175845064 
81279661 
16161464 
329483872 
173431704 
245632229 
247886223 
93537613 
192333466 
369968089 
56394350 
188859295 
172761810 
77729921 
49345445 
40684527 
66750020 
186984425 
20233808 
220839475 
11609972 
61732880 
56307162 
21802433 
14120939 
31269354 
31478813 
27166879 
38804590 
70689195 
148123716 
19258235 
246119373 
182633849 
363320838 
28684346 
49436773 
29012414 
47974810 
9711512 
17450167 
193694093 
55717601 
281621761 
142838170 
15088209 
79373502 
43013850 
28890845 
148535074 
23013924 
32844150 
27355366 
29499097 
345775333 
102236582 
23230688 
18957434 
70278997 
172928499 
191887708 
270066597 
85208704 
66300441 
586 
355988256 
85502293 
14504986 
298182341 
27960836 
193549805 
17870989 
350534613 
268042548 
177423788 
121561699 
211526805 
368697554 
272605657 
22222325 
127262655 
62637707 
194473211 
18175988 
368760126 
64269244 
111730530 
15446907 
246573290 
122968261 
112563061 
326407829 
135225040 
85836528 
140475053 
14744998 
332340579 
26618208 
26344705 
290889806 
41675348 
91833144 
324232028 
173464989 
298310505 
65108481 
67760562 
53401480 
14189456 
169568178 
118379736 
333271924 
297766280 
61655492 
164017484 
243033466 
30760747 
356219597 
155917271 
76051271 
24773177 
12579192 
367368264 
269381181 
278579931 
275870807 
20473797 
25095186 
248714421 
37747846 
56494890 
31289296 
279711254 
222964175 
23791932 
25652067 
188779418 
21616434 
267806912 
121299637 
11181802 
20552696 
44305240 
39089102 
17915630 
97974398 
41414619 
191016556 
16020115 
351665952 
180557830 
237269069 
100288100 
20663502 
56122482 
197551110 
198692765 
15899996 
176459498 
245705905 
46857033 
137522830 
234533503 
231412120 
177756669 
255752883 
362046432 
78912532 
15000510 
75950434 
14434711 
58528137 
24886570 
16145875 
342800319 
8862532 
55338739 
43435902 
262359713 
48582610 
231000175 
60338359 
33771702 
95552434 
197525719 
66408053 
258566916 
14218786 
44973384 
12093222 
63568650 
20405184 
200888391 
823029 
33810653 
131970490 
15469587 
53162637 
26246966 
314023267 
132595034 
182714138 
316218236 
13789392 
286178480 
221769319 
346730328 
29574204 
81182521 
359978478 
30750350 
246297626 
67441144 
108100116 
278769342 
23646621 
359091844 
31406048 
354939806 
219524980 
338063081 
16617411 
331645117 
17216608 
308266617 
17744816 
68988251 
16395707 
21715296 
23856271 
39993121 
28486220 
34125829 
73677449 
42169785 
14051849 
53150830 
18400316 
293596200 
77864091 
290904848 
22384780 
72443212 
18225456 
352746606 
187644920 
19362325 
254188304 
271287488 
62127399 
348638801 
263199681 
98701626 
90458547 
301146304 
299135988 
29542178 
26189256 
65705654 
26330929 
147032573 
33248605 
103153555 
37776079 
36878125 
51335360 
187127132 
26322920 
26702805 
30472846 
243255313 
297444181 
307934051 
124181234 
18182819 
34082680 
102109177 
111306985 
213053408 
240061909 
19993063 
119523929 
285737462 
25219946 
345417116 
32792346 
60841468 
130890389 
21006476 
280988876 
220483338 
37540305 
16846807 
109296038 
47419292 
48477727 
241157210 
24336290 
129920387 
14858445 
65911208 
97717301 
20756490 
15728819 
17948535 
18300243 
334641482 
136700941 
50121225 
23798694 
122848973 
18399577 
50375261 
16164995 
15768156 
287343763 
117781247 
35031856 
53983855 
335523711 
83152905 
332828393 
71366297 
192292510 
31052465 
258887808 
267427166 
223711954 
275542172 
35803634 
207822423 
97459053 
68360216 
221937245 
23245954 
21112681 
272073992 
31672809 
107773421 
205880259 
91470386 
64239837 
15779344 
226281522 
164527435 
17564591 
262340664 
48945238 
19946352 
43624724 
114965684 
298562198 
281710114 
140563658 
36268127 
313989602 
202695407 
19417924 
16566770 
24230002 
160945387 
343429443 
152073690 
41144996 
164081043 
19828354 
165084093 
349091668 
33966611 
257229355 
22730940 
271771657 
303981372 
252416208 
29607902 
159428465 
17918737 
61315223 
35157482 
66416426 
29580054 
343157089 
239961753 
289782049 
83152585 
16324059 
140352220 
24461361 
270441877 
330675958 
25432752 
19087694 
25434425 
14664627 
263993603 
138484241 
52599673 
20478781 
331044614 
67041204 
315896384 
335969366 
285337109 
123708232 
291144636 
183315412 
313060837 
24723314 
49342671 
114750781 
32264865 
19245821 
27466450 
347521763 
323547373 
15685979 
347973087 
62370086 
83509276 
78764028 
309997068 
59528076 
23097616 
123783054 
14203850 
127765530 
28696142 
14230712 
315032934 
33263898 
30207529 
15238177 
133884740 
35961432 
104320922 
54280688 
151667684 
137190743 
249312050 
14183663 
100828986 
83262932 
36548299 
134809728 
18556336 
92326798 
331961848 
135266913 
51664489 
297154977 
204425169 
340391872 
56665593 
15054012 
161128704 
28639304 
346818578 
341455674 
109669769 
49885482 
238071007 
282064069 
158247594 
59348547 
117523738 
115977834 
27693027 
70814619 
343659242 
299424910 
329729969 
26034389 
49638890 
47836448 
173987788 
80073144 
201024843 
63880622 
245599883 
182553313 
251535598 
23714323 
60168489 
300175643 
322656411 
19087036 
30334122 
28919411 
16059827 
33999228 
8775672 
25369216 
29655634 
223320840 
30091479 
25383000 
28177686 
75926696 
326972417 
331463116 
35241110 
209848976 
204145619 
24811584 
13317162 
324267191 
52949665 
280184603 
14116024 
261352225 
5019861 
240824590 
240582029 
166001916 
158129726 
180462388 
255257881 
321662932 
248332406 
308892530 
306365824 
16734002 
114302588 
146819691 
49198751 
190686047 
16429963 
21042473 
23779409 
58830472 
15409586 
84504600 
33352063 
21860195 
20539823 
31309651 
28677257 
169011807 
14159148 
17871942 
261928700 
24905286 
17022746 
17343750 
9820392 
296965693 
14511707 
80597462 
299254189 
171324232 
18482912 
252532578 
43217888 
36767405 
185664913 
183269185 
53128490 
28939509 
40787308 
53836926 
32680710 
258587424 
19367065 
197555143 
325555842 
35414758 
25698990 
252282777 
243809962 
191815241 
39880748 
272776872 
250857646 
227996244 
14763834 
20479560 
30406136 
74479064 
341231532 
312255497 
33751775 
90491032 
29250277 
37804187 
28519249 
16795134 
142336296 
132701526 
19677959 
264164390 
217345608 
101853486 
31859044 
80058716 
36372907 
253603840 
22374633 
251818375 
262677243 
262267661 
30665088 
323009117 
190036584 
15303567 
18394374 
61502854 
28594190 
86233455 
230080546 
151190189 
20761743 
124554477 
18351738 
290137961 
34842246 
337746190 
306763305 
335348166 
30515073 
295496991 
91277515 
273301882 
18020907 
93437060 
262102004 
68218018 
332390168 
334034686 
227769638 
239884709 
190871875 
212577253 
247362623 
325027942 
33313602 
10634942 
26053643 
168776341 
93944381 
46326811 
15333173 
152348937 
174104555 
264649042 
321246888 
24625830 
112342155 
51355958 
184918673 
295930770 
70236426 
23381700 
15150645 
180928431 
23946755 
323271096 
21028105 
15963350 
312717074 
72746347 
13918302 
79482780 
235240966 
61209307 
24089775 
199474820 
309755389 
281813898 
64419084 
64538762 
12853642 
36965329 
22648431 
23783654 
48188617 
38883330 
41912589 
240356615 
123126815 
26426736 
19164728 
148064752 
29032185 
251585006 
175476653 
26885477 
60918217 
16342300 
216090632 
78766467 
95576590 
242566506 
36559231 
120363183 
20347886 
18088548 
35456423 
78082515 
41500585 
72446689 
24807603 
315569805 
55750507 
82142956 
35600091 
26768921 
14779930 
134578165 
66855536 
161474401 
65378520 
81705754 
19565880 
21735668 
72202472 
66106676 
16269410 
35862130 
15037729 
67942534 
12814702 
151608885 
33625222 
25646595 
273673458 
242875848 
38015503 
270697767 
282227605 
86004253 
28372301 
123064098 
145781075 
279699171 
225907494 
334181114 
203330751 
21577082 
65558029 
14146188 
88070090 
107128211 
249866309 
154477444 
337894368 
269022129 
215050520 
25158201 
312313170 
313989538 
326521472 
326580820 
314500370 
224097259 
256648022 
270050978 
200375097 
233422376 
33123688 
21499683 
46891041 
18082862 
228011876 
18051233 
329244301 
307138042 
155779602 
81209506 
21417557 
269554405 
218139915 
167637049 
63766274 
256385752 
295884924 
18346389 
152807605 
298856352 
118317798 
185763742 
188926168 
50198241 
19237696 
21921406 
15420077 
19472319 
16212624 
154985688 
124215850 
337477511 
288116005 
45741041 
55946917 
116583514 
6767672 
188945341 
207141880 
16866896 
317974661 
17394042 
28295681 
115662201 
43767298 
209816959 
115863187 
113136041 
323839505 
38972323 
20727631 
58726601 
46200831 
30318344 
180474386 
28114881 
184592238 
116015163 
18032496 
90037255 
206647982 
109368142 
243455820 
106956087 
27543744 
15506512 
322872844 
33651991 
16371731 
322145941 
39235179 
92197618 
24456366 
31559242 
25297377 
310287148 
164051348 
129645638 
217634264 
275893824 
302407548 
327788238 
42562652 
56485288 
250390892 
234406816 
61176078 
101844194 
36578357 
77920762 
19027176 
138101104 
333237713 
9501812 
257261719 
138372303 
45651633 
295388275 
18756518 
15760734 
43774977 
271619703 
25754624 
53320389 
40615267 
187381213 
26536426 
19122058 
212015146 
116537112 
82098796 
239897238 
15179374 
283706923 
55411480 
23653440 
156307158 
204148679 
287724453 
76518020 
28015990 
329260697 
155450498 
270590528 
153238549 
296539367 
289126918 
21702515 
292762546 
29140540 
45528775 
243879302 
295179689 
16003553 
20390525 
127010436 
300572327 
36432879 
86961826 
14874580 
27877883 
30742443 
84909945 
44771592 
90919431 
185376921 
14515799 
237710527 
71031514 
26175036 
239065380 
271156948 
296305065 
142849029 
181985500 
21224776 
14857290 
96864497 
25399535 
30846271 
14687293 
60897278 
37442581 
275557607 
35402573 
285124303 
26346038 
205249730 
8846142 
173675457 
36115074 
104898561 
89717657 
15892032 
312116926 
27538276 
308492496 
67620839 
44330909 
30231500 
34592531 
65786545 
6003592 
24898206 
59969765 
115081348 
320424107 
50407194 
24204177 
25857748 
83746587 
41363670 
121547092 
70758387 
216437695 
242738868 
277849889 
319218104 
270184596 
164295124 
57101992 
57757374 
26366647 
163159345 
23236424 
273635745 
210979461 
204016944 
23620668 
38316889 
94382374 
14288807 
29735775 
22288097 
40434318 
121846143 
291530537 
101019889 
170126053 
82611001 
137807858 
235310676 
3797481 
178797930 
13923642 
87027450 
130880038 
74076965 
211111378 
208390269 
309435431 
324080645 
262952555 
17119931 
41146317 
183697843 
59087962 
68857848 
190686077 
201986781 
16448046 
36707141 
302589130 
77722082 
87666488 
56747632 
217424424 
274589881 
261324991 
278108044 
20655159 
30062577 
299792825 
24281271 
28094743 
274986614 
37496598 
231795985 
265513627 
261914599 
18495613 
272061731 
297102274 
83940531 
304180642 
146245228 
237297998 
232940031 
20096889 
125116900 
132470487 
47526244 
267565027 
228451129 
242441101 
292469599 
304224614 
137902540 
228924956 
137455850 
224359740 
22857194 
173024308 
24571284 
67214886 
34046958 
29610870 
303902230 
33031075 
198340765 
159182191 
202880055 
113389222 
28400350 
198632537 
88611352 
56750237 
281113319 
65690476 
175644053 
210671361 
70328044 
25870256 
311879358 
127364507 
63257724 
223204338 
280192124 
103880456 
16715736 
23800276 
22558580 
143104151 
132787247 
205420247 
213123968 
119562020 
106899809 
233670102 
30120383 
50464265 
176590370 
67477273 
26178961 
7387112 
49070781 
307440507 
18944608 
33143341 
62930624 
28731805 
18284716 
200054316 
50292318 
211769221 
220617416 
175638463 
289944228 
33838330 
28153206 
56722508 
50220748 
89309155 
57639054 
15303778 
40406851 
155024838 
104014293 
218550884 
16712361 
112466302 
14228893 
28991577 
66583137 
207683770 
58817863 
319191493 
24380699 
304137027 
17870761 
77649470 
15200163 
22508819 
21779025 
137491356 
46210683 
19033299 
318510708 
180256579 
19405247 
255061218 
149251049 
274279272 
201958218 
51546380 
14602867 
105520781 
19384659 
222295072 
116598809 
70727788 
317257805 
110884414 
22384346 
178951873 
93687822 
112512232 
36008885 
23849131 
37792861 
248732872 
254802251 
217152154 
242453998 
58414582 
130343642 
264576459 
141800438 
43989860 
47773478 
125109755 
308476335 
155020750 
135737371 
232786097 
134185409 
55551508 
17165992 
319104657 
259530904 
200928789 
304815857 
58300799 
247876804 
32796290 
2571521 
246819004 
56241590 
183458083 
167860759 
68099208 
181359073 
60697745 
117503926 
34635045 
274597174 
200990343 
177101757 
191971090 
26582145 
29220871 
181057962 
301246724 
50844523 
151640690 
125610039 
212825417 
31315431 
30607747 
164728271 
314211112 
218366315 
43467455 
262274294 
31828647 
12996812 
15107757 
160750048 
60382115 
63606929 
171299939 
85831820 
11163312 
129662554 
65983682 
32091167 
45981388 
168547654 
15144875 
28623181 
36591488 
198191460 
220074015 
108791441 
171899574 
86089805 
18171793 
25806549 
237155067 
81062872 
157274807 
306596574 
312154183 
215874567 
79797834 
19637288 
41209652 
148651214 
74489857 
35160162 
72351811 
42011001 
28513252 
37357729 
44788048 
180091895 
94908599 
220111672 
43618281 
82456605 
32937800 
70178017 
258676056 
104477255 
111459862 
24220664 
11431802 
204601339 
21937940 
27692394 
60920015 
221456624 
204405755 
223315275 
39174091 
21297100 
228923556 
45484879 
28802978 
106594435 
16098284 
237577586 
316593132 
239361194 
205276938 
40767945 
32257473 
50012185 
20483399 
215740785 
27560834 
15103576 
42351503 
296594003 
299285002 
18164038 
62604572 
221577862 
17962757 
176466522 
51384288 
15223905 
65659250 
73283414 
27095215 
28063899 
7721172 
19603473 
236566356 
258592430 
271455079 
14859204 
135139982 
17238885 
176976508 
227381114 
43188217 
311523310 
43288663 
2145511 
40765831 
37278163 
312832732 
145859262 
27924149 
1787351 
182588195 
35787376 
281534155 
64000298 
174116443 
160747604 
26787336 
269518169 
24374177 
22237478 
212565503 
254133678 
14566790 
24335039 
26071363 
238441804 
22337859 
33973622 
210907232 
261530306 
196254486 
159147443 
43453633 
38462053 
19990922 
316583376 
49063964 
248445462 
30966107 
305182643 
244789450 
306036995 
16472403 
110923636 
259547882 
26539281 
127977027 
15301752 
185944665 
300943048 
84905617 
309250950 
18360140 
258579094 
173216519 
301171752 
43863621 
228538334 
19162458 
70379320 
167475930 
22856331 
45475301 
125750297 
235233419 
70162401 
28625300 
113417907 
14256759 
153342885 
23116280 
226680985 
232515089 
158510916 
36834864 
182942957 
32715715 
26782239 
62952361 
39359630 
107036872 
75896963 
78542545 
221792186 
188601435 
183815849 
239527810 
254839546 
72632556 
56190234 
257109673 
123283455 
45085556 
67128339 
36675035 
28667128 
27513648 
214299071 
303871399 
253723340 
58707733 
57392828 
167691099 
290716041 
222328059 
31303139 
41857701 
36774478 
15466587 
19426551 
17076218 
22806171 
73741368 
95356563 
172794188 
49740818 
66547064 
233217330 
42919909 
293188392 
108503186 
274535438 
310291682 
37688734 
72286518 
299823167 
183455504 
34166127 
18617266 
213435063 
198919164 
23140762 
53135204 
26446287 
15066378 
48066921 
94702036 
10793162 
15061519 
14780522 
23554817 
12670842 
27301234 
14935913 
79049073 
225990932 
264798287 
21220421 
16442500 
21447363 
99580237 
25351884 
9246502 
94187822 
79193141 
76698886 
23013564 
14692633 
273130848 
820613 
250684388 
217007813 
34124855 
25396578 
90290034 
94429105 
63711055 
180885930 
309247876 
25237277 
19027196 
93344975 
256532672 
174877289 
24481010 
19512525 
26087727 
18130876 
191278026 
19055504 
268977707 
226033171 
100019171 
31413214 
30022638 
95073421 
64573931 
257683102 
157434085 
137512267 
18205859 
258810631 
18950893 
146112409 
18537071 
74823021 
59324556 
3356361 
18577340 
180788034 
27049771 
124230203 
14189557 
166818121 
8656142 
178511808 
42462794 
14485559 
37022180 
20608487 
170902919 
211391607 
249787865 
15766762 
276528028 
15874552 
278200588 
46269363 
19881707 
237902451 
256641292 
161023066 
124710801 
44071330 
22708002 
