14130366 
18101713 
274793711 
29937112 
395477244 
20708202 
384923143 
14342564 
27724771 
19928678 
34731203 
28412286 
6519522 
33933259 
382267114 
391332344 
39775577 
221582328 
9109712 
22695157 
38679388 
15846407 
15485441 
31925790 
16303106 
488683847 
401034743 
2400329084 
1673834598 
60071387 
58524784 
211728861 
16042396 
44159179 
68753100 
3242758916 
180327352 
5025941 
15840088 
80613575 
136441843 
449761364 
22789766 
16869351 
18777269 
23000450 
17003765 
50090898 
37060788 
30315557 
2777256608 
2445810506 
15492359 
1963617619 
2461821548 
14517467 
14630696 
3583264572 
101294519 
9889552 
36977697 
215874978 
34120421 
9634202 
20175890 
1183313700 
350987862 
579464821 
167835183 
2281044080 
19701628 
2188250509 
235034697 
2798536752 
327602105 
300378623 
384536513 
67700256 
19551063 
1160542315 
384244480 
936869486 
65165747 
20105978 
291814511 
1180379185 
274325818 
113439399 
180505807 
84351228 
2983162518 
112577591 
193483797 
1020952663 
593370001 
18569484 
1021284132 
1442392040 
40221792 
17998609 
18178616 
2420581136 
1702605908 
2278268186 
36359553 
1336723686 
2759196070 
1442708143 
2746338002 
2649992983 
1603796952 
93957809 
389328154 
256237842 
259403751 
254218142 
21966695 
838464523 
168987151 
2152588347 
40645072 
38275103 
227639633 
29781852 
2232721860 
199408009 
592912724 
23841368 
93714983 
15828408 
155690477 
207457492 
25982688 
18907371 
98746249 
17193422 
1594225147 
22378059 
382678050 
78874095 
26208862 
22419487 
18512963 
39185033 
62964627 
30034124 
17240190 
16619832 
28154398 
1104739416 
244539931 
52852957 
59090554 
381150541 
15431856 
174357141 
195897346 
22282589 
16630098 
960871526 
523081689 
52129399 
15218956 
24939473 
17981537 
449267444 
60813201 
14085070 
188169746 
16550480 
17396170 
29079408 
13746792 
50070715 
809451308 
131257838 
15484063 
17871298 
8362412 
21634600 
23946667 
996310807 
18655567 
1399797673 
50622198 
2172 
135275592 
34305774 
249174648 
50318149 
15184997 
357746245 
19767193 
35010580 
43166375 
17997789 
570243017 
32729442 
587774186 
112531537 
191958490 
14120576 
40081196 
158240651 
89527226 
246339552 
95320377 
15070454 
17351893 
420656455 
67497852 
248465077 
19686171 
40245960 
11991612 
39822897 
44629346 
144530253 
153814910 
74274483 
4906851 
20077270 
14858856 
23047567 
25512395 
66558585 
243821406 
15197321 
18895192 
119415920 
30080131 
33699384 
37533613 
243284052 
93071031 
18173031 
97439172 
306464342 
19706870 
15041207 
82239511 
58752106 
13860742 
330105456 
119521385 
343994037 
587086768 
321153965 
234525371 
17471979 
196635957 
42918167 
19837528 
52541153 
19725644 
186154646 
938851 
143381041 
14071230 
918848934 
107375795 
242727646 
310330192 
40914713 
14435488 
58431280 
28543386 
34960648 
21034324 
19658826 
15862891 
13982132 
174740894 
42883134 
92294569 
175551174 
24919327 
37962984 
21147300 
23962323 
140136223 
46947488 
26099938 
16438248 
19432206 
67059584 
15143478 
159588456 
17207024 
21764343 
35415477 
238285207 
63289705 
1665531 
38500966 
20437286 
19616718 
15147042 
34768495 
24919888 
15163466 
295325513 
33248363 
19722699 
15234407 
10228272 
14647570 
243767377 
19512493 
37710752 
14325709 
28143007 
23129300 
26780409 
32253456 
22209822 
36782022 
19250751 
18784113 
29730065 
18366472 
80559938 
59507002 
21118985 
35821820 
20196266 
14369901 
72656705 
19655985 
17918545 
16017753 
19657855 
39537053 
19078387 
24646005 
16866617 
30290965 
39522692 
18700629 
45579282 
13787402 
33998183 
15428397 
15480686 
621573 
11348282 
17939037 
16817883 
15912113 
15987295 
17248121 
103865085 
32372834 
106801692 
1046661 
8963722 
196697157 
16245822 
1435461 
19402238 
21581503 
16895274 
188001945 
344743817 
13058232 
12925072 
822215673812119553 
30313925 
33838201 
31311757 
20536157 
