154616882 
14092932 
826268390318886912 
2894844952 
18153298 
14911886 
373433037 
7609932 
267283190 
1024486231 
2364684643 
212019344 
4917514650 
4172596032 
1339835893 
819845376673021952 
707868646970892288 
1430524716 
1321134194 
57544392 
1382318052 
18454180 
16811920 
545984624 
2306579816 
6745972 
16648767 
1045408135 
581702441 
2828228108 
784890784273215488 
15444098 
59833587 
3169279818 
334953781 
731205716845969408 
31343866 
301666382 
137521818 
32608975 
1355371250 
39835900 
237449973 
131243655 
396632857 
821877 
4514361 
782931 
2182862052 
114833112 
24827526 
17416175 
18766672 
9242922 
8778212 
6108862 
833648634 
2168962004 
22797514 
2445345804 
15170764 
368599969 
128408527 
701049089581047809 
17620729 
3006350697 
21272109 
3429881050 
3241980422 
111330447 
130689309 
1933042237 
754164689534382080 
973582872 
2897916734 
771816570 
5388852 
62343716 
59460060 
240254617 
354847710 
850107536 
567360618 
35402769 
178117805 
101806923 
396536542 
22369702 
268349503 
490897437 
84699037 
65251293 
205821999 
16311530 
41136192 
25861029 
17068286 
8180652 
17883918 
241197954 
1364643937 
215685271 
1087371109 
1735686132 
11127732 
290009041 
775861 
573565184 
413802355 
272748227 
145647271 
1062412692 
323309983 
14570673 
172352150 
198502879 
179551512 
187869726 
2360170657 
3384835911 
484082773 
3222423606 
3027202079 
905059567 
215320223 
2573088570 
137461663 
18507505 
20690398 
158396623 
14260960 
1688858946 
2752056580 
3084036370 
2810294553 
17979453 
41468683 
376211514 
3003705386 
3301885444 
2469834992 
39059095 
3441539059 
47865477 
1289037060 
2439326930 
1563151004 
1216360442 
110856168 
339019080 
3313800785 
56812711 
184789268 
2437409532 
2669268234 
48824637 
20429156 
39540301 
3127648402 
2465361470 
3086997200 
211518112 
137780560 
2969611414 
284029219 
1775731 
17462723 
586808345 
1675750130 
214337395 
16186995 
315465682 
14645160 
2557037323 
180463340 
89770841 
287511377 
33586688 
19000033 
34772631 
2560768406 
2875002550 
2746763725 
19377913 
116763916 
323808829 
557909467 
2230385462 
2330408630 
195955047 
140999638 
135254970 
151913390 
25342194 
260863127 
179001375 
48378321 
21993500 
473916623 
2890951870 
2168583079 
2301856821 
17765114 
49504050 
29014732 
1861496616 
426715561 
2605810838 
31562257 
2451601404 
53195953 
1454430300 
2926054457 
193725962 
35259973 
16645723 
1389446222 
709860687 
51493750 
166193662 
459444512 
159913298 
42452374 
43384404 
67308167 
2193661995 
335515683 
2375535828 
2745659780 
103901676 
339798950 
368535820 
38463714 
206063011 
780040004 
26656092 
29375475 
938210946 
523622062 
17163805 
273190595 
932367882 
284687233 
2440319112 
330743859 
37938361 
264484200 
80344952 
146198816 
73121583 
1430791194 
2284100936 
351099511 
24882931 
6671892 
962577458 
9507342 
302270273 
184517281 
188084448 
227481328 
1898814698 
115072719 
460538575 
18481646 
45586617 
2574405687 
2666779848 
30257834 
17152685 
42953038 
5660312 
218312206 
2579197058 
1434337280 
304188328 
168150714 
437874170 
2749164265 
24564180 
143910645 
1289911308 
406421054 
244947103 
182963514 
165781081 
1140992954 
620654544 
149029700 
25388528 
71626061 
488896002 
987849932 
1063813423 
1009479631 
286289614 
44038874 
19181549 
20213221 
70544539 
887235745 
308719850 
72926861 
115721324 
2447811769 
143148413 
33997906 
168757829 
69331257 
22190567 
180603779 
125096972 
351676130 
1019928572 
31240434 
25065495 
75568429 
21889069 
404489385 
17725481 
838617200 
280393561 
2413746330 
15669868 
2393646938 
2360025188 
16468551 
1912748378 
18953654 
163858750 
194172085 
2217988506 
332993870 
1099197128 
484408814 
2339415745 
295249537 
1381671350 
17654134 
2331958237 
110724955 
19562228 
455116940 
455997655 
1090427209 
162134946 
14079738 
159199109 
248037857 
138562224 
66456288 
249798219 
22540477 
806986093 
174761858 
703043474 
917137956 
326811204 
184866881 
42090423 
1874962604 
486925698 
1978682768 
21741551 
70734578 
13982132 
59268383 
29544159 
5124341 
14396027 
24411159 
1120495514 
213350962 
203063180 
178770000 
9128102 
10185562 
249798002 
87914150 
17768745 
49997916 
26781059 
48710226 
13813952 
16308828 
280846415 
11606942 
14883339 
15147042 
53372881 
960891068 
1648628006 
608254489 
82282572 
269876036 
19922801 
41595481 
168295477 
44873497 
15743349 
851753935 
471667215 
352053266 
853111176 
14677919 
143526837 
34917878 
277012501 
23074915 
224819669 
66369216 
43162741 
14868699 
524395803 
14103106 
408643736 
280251879 
15210983 
1320998672 
182381802 
9155202 
4457511 
27081406 
1713405816 
1716223602 
18524101 
1727213083 
822114282 
226955938 
449999335 
1462482230 
626255087 
1667555984 
16689804 
46240094 
348655522 
1594163736 
337782886 
246404451 
59518694 
407959367 
14744074 
876899478 
275521434 
388258064 
29744121 
125040819 
139736597 
185588713 
531223305 
1455198997 
211352422 
41409969 
348482702 
382171562 
95938864 
16463984 
82863803 
19652486 
136905936 
337424599 
29754743 
227230732 
224011023 
48110818 
174740894 
34388092 
569307934 
325124713 
268815203 
72946284 
5988062 
190683381 
571740429 
4094571 
30028218 
40038770 
551243006 
26832834 
18471294 
510401331 
210787605 
144202717 
335944271 
331945072 
217146084 
1330457336 
331004040 
279738791 
61004770 
27013292 
142821259 
17899109 
807095 
98963477 
866948346 
621099558 
20198534 
31239563 
252794509 
450069159 
18248458 
407395156 
106182116 
164319085 
22312867 
238434033 
14464754 
141152082 
333409806 
260011059 
112072279 
393617721 
310045727 
73947197 
12190892 
335697315 
94352635 
17175139 
15947602 
123888583 
119097749 
16683846 
20739133 
32593690 
21692815 
85136701 
14097610 
48564118 
14108099 
199369158 
132092830 
93471770 
17156053 
277143687 
15235829 
17690747 
19658826 
45692182 
39699213 
209632736 
290169042 
14288296 
104446778 
102514474 
224353014 
291296970 
342764968 
24437696 
347432196 
348684018 
350942015 
17056290 
35315865 
19808176 
21917716 
360257729 
187940782 
91375542 
69642330 
15862891 
61533120 
118818314 
189990162 
34033550 
248568868 
202440635 
36083751 
162905504 
18058609 
39522692 
28160998 
31833190 
88914175 
15859033 
18180723 
107230246 
16335052 
26829493 
157076870 
38804101 
25950355 
206337559 
14824849 
20228613 
149103331 
124167087 
45607773 
128956175 
15227791 
107749539 
111488626 
19767193 
15774048 
813286 
18647688 
113746331 
25854054 
17232815 
6708952 
19038395 
41699472 
26032668 
121912051 
36979259 
87268782 
15526563 
81904191 
19489341 
44438256 
20729766 
41420112 
101488378 
25491284 
27043964 
79216872 
16296908 
48788453 
28726628 
21424637 
23349294 
88425861 
65923736 
41884711 
762 
27857304 
79569988 
19163348 
5618162 
44111683 
18396070 
27555581 
6168682 
62581962 
24280870 
23745072 
42434575 
16351521 
58080150 
20615708 
1183041 
24105706 
17157142 
43564999 
40063747 
12808192 
46065613 
18794240 
36389405 
16738488 
42685701 
35240968 
18143190 
18223968 
40906602 
25359609 
17808580 
18860105 
20878291 
2020351 
19574034 
22136088 
19690008 
15636452 
26229135 
34345237 
19347347 
39782727 
17407941 
14070920 
16130228 
38290074 
25600257 
17129326 
3094891 
20882829 
18646907 
19719473 
809760 
19559385 
16366575 
15272110 
32441895 
27973823 
17537826 
15537973 
12010892 
29169813 
18151975 
27844415 
18037907 
15189391 
16085441 
22684987 
16684611 
15851201 
24549764 
29601340 
7369882 
17221246 
20453814 
18406292 
14142991 
19289202 
18212839 
16400913 
18211700 
28826930 
11774642 
15140718 
14088587 
5862622 
22606966 
15727738 
19058681 
28565192 
20439073 
24215427 
24766592 
27915559 
27502088 
26821263 
19171433 
24698136 
14464331 
24251850 
15816146 
20326339 
18873656 
17670732 
17396855 
22969735 
20542737 
15175994 
15550671 
23433925 
22250863 
11388132 
19683765 
13535652 
8936082 
15974185 
22278090 
18802665 
16891267 
20234549 
17868090 
1769191 
15067525 
16429603 
16511033 
18294275 
5943672 
628043 
14186094 
20457806 
22919923 
16584682 
17456370 
23762043 
11317392 
17493343 
18982953 
17071046 
19778187 
6621172 
17047208 
9484522 
18102259 
19661811 
17181265 
18478452 
661403 
22462234 
17573273 
2380221 
17374092 
14617444 
19968392 
14500190 
17873979 
16817883 
14647570 
18089292 
17567533 
22750673 
12 
18994661 
14085070 
17376218 
6705042 
17449143 
2100521 
15922433 
17654981 
14300009 
8445252 
8981282 
9534522 
20160350 
18929441 
14043142 
10491732 
17445167 
19024886 
15782399 
18713533 
16703461 
21666245 
18776647 
824157 
18237848 
11274452 
16739741 
20608910 
21766686 
15232525 
17772868 
14849573 
14808390 
18198832 
14761717 
19741580 
16063891 
21099301 
21211124 
22360576 
16382289 
14461298 
14461335 
14461362 
14461439 
15602822 
18083983 
15768289 
16132526 
6612402 
16874180 
14929010 
17469361 
18697226 
20081176 
20193452 
15206649 
13757702 
14343392 
16866617 
14971572 
11183212 
14372166 
14061771 
10838032 
18656604 
16298452 
16381480 
18806270 
7280572 
15145732 
18802640 
19189886 
15294960 
16637920 
16982549 
16518494 
4640401 
16816155 
15944916 
18834912 
14633558 
17513981 
19817725 
17068373 
10296042 
18799715 
14136479 
14594799 
20638487 
16001939 
15740526 
15602370 
15061067 
11835452 
22748992 
13493302 
17527449 
4099171 
16380690 
14514804 
13171622 
14237701 
8736882 
15224867 
14075928 
17141924 
15369501 
14470341 
16149397 
10791192 
9410392 
15134240 
16300786 
11856422 
621543 
1044771 
21838233 
14083276 
17310101 
15642093 
19872047 
14738561 
17833985 
18050517 
20628806 
18091025 
18896703 
20277810 
18697491 
19582597 
17278541 
15587500 
21220249 
14461492 
15497622 
6794502 
14499829 
6450322 
6751882 
3924841 
17605855 
