18183592 
20478311 
19242167 
14572033 
34758214 
21609550 
21508309 
31442612 
27973823 
28163011 
17875221 
29396704 
35871470 
34668181 
19779712 
23746336 
34265667 
17393362 
23119194 
29266075 
18987240 
15811031 
27706419 
33413203 
35071360 
7936722 
18531618 
14654472 
34879329 
20272536 
18372011 
19346239 
16264718 
34793510 
11965332 
34651898 
9590002 
18585528 
23201032 
16263215 
23066267 
22038757 
18932901 
20738247 
29733315 
14347226 
27646589 
18692009 
18635189 
25035972 
14650898 
22731442 
10367842 
19207884 
24745215 
29910260 
27074082 
28907756 
30706593 
19262860 
19976779 
10573152 
30522382 
14873839 
14549760 
31591508 
29825694 
33007191 
17802972 
14776609 
17175873 
14729337 
29257117 
24906622 
34052879 
20081159 
17188757 
33799411 
34172295 
16690123 
19995471 
19352626 
22063988 
29121596 
14079425 
22199448 
26817010 
26304022 
28414374 
18222808 
28234841 
29201350 
29980777 
29534243 
17471897 
18218523 
22742979 
28976674 
18498684 
19038482 
29322719 
27800031 
24811360 
20006929 
17596014 
22151627 
17572914 
6382062 
19997867 
16598017 
18650003 
24251432 
16070668 
21730006 
18231359 
14364423 
21463457 
27741872 
23779218 
27409690 
19622513 
23080687 
15554127 
18565572 
26468642 
27415887 
26577743 
17197162 
18408644 
3746171 
19470112 
20627265 
25094952 
21067076 
13457722 
26494866 
26466180 
14173886 
784934 
15905461 
6433472 
21162131 
25649847 
16443216 
16258968 
17612582 
23798965 
20629695 
3833701 
17270493 
16215644 
22322888 
16363445 
20778387 
14353392 
21238524 
26036991 
8723522 
16684567 
17389501 
14482337 
19044303 
26925638 
27362618 
17681834 
22530068 
22006606 
23601340 
6043732 
27637084 
22456000 
14692489 
18035698 
19711734 
16480333 
23970770 
16297024 
9016622 
11555812 
19787086 
21829687 
16522806 
20703291 
18031639 
15895898 
16135365 
25742444 
20349070 
18594796 
26779061 
23803114 
25892962 
18523703 
27528267 
19205635 
24001053 
26712978 
15465963 
25057241 
21669785 
804455 
23574950 
13301812 
15305831 
18256852 
18802909 
27163855 
23621760 
27702860 
20554833 
15145875 
16264088 
25464634 
21179543 
22232157 
16995579 
15452043 
17291996 
25500222 
13039512 
26786895 
14687806 
19053307 
16031741 
17354942 
20233429 
20345991 
25166986 
496993 
21412438 
24098702 
27003119 
22022891 
26565837 
21198315 
16872081 
27065058 
27080332 
25726490 
22443906 
18746970 
10667662 
23199841 
24559428 
10461692 
21651074 
14725110 
18484483 
22722647 
15445311 
16096448 
27625038 
24904845 
26749681 
25614415 
16954099 
21056692 
21629865 
14415928 
20919317 
21511756 
14131123 
20613049 
20800601 
14327320 
26228191 
25519213 
17199198 
17232110 
26267165 
15117375 
25935394 
15433037 
26180350 
24461074 
20623713 
18877544 
18906805 
19557220 
16977689 
17678063 
19263537 
14464820 
17065232 
19511300 
19679546 
19268219 
17588271 
16669058 
24282202 
18528863 
16950069 
17311563 
24655906 
16974332 
21048840 
14563591 
15603074 
16346079 
14870369 
16867508 
20252670 
23831346 
21438257 
15174710 
24222069 
17419143 
19621874 
19301763 
20457922 
16869365 
14277488 
14478417 
21272547 
15383818 
15847523 
14874694 
14679972 
21619483 
18533670 
16809716 
20793344 
17102033 
18623336 
19559130 
25642661 
24821582 
24008698 
15470403 
17110544 
25600979 
20822368 
22097407 
16876586 
17974012 
23146393 
18752082 
16824571 
17066327 
19100811 
22039746 
21924875 
19597829 
18817126 
20940835 
16692713 
9274492 
25159559 
18533588 
15195171 
17387228 
15224565 
18998638 
5661892 
19337315 
14150407 
12589972 
25281271 
19951450 
15276401 
24749720 
22338656 
21631487 
17871850 
7473932 
24522662 
14433732 
4511661 
16150075 
13854692 
19001589 
15522649 
11622712 
18277078 
15919593 
17086959 
24993826 
19755825 
14660636 
17802735 
22695717 
17433838 
19652956 
14085969 
18231373 
19829638 
23417677 
22910129 
898491 
18474336 
8071902 
18030514 
9802572 
19781699 
14678279 
19665797 
18958003 
15006658 
16960171 
22692935 
15518629 
16078089 
23478246 
17752368 
18887570 
14739266 
17978626 
18280708 
19794518 
22553320 
23532839 
19081806 
22189900 
12926542 
15326572 
14180272 
24127761 
19959853 
16529780 
19755686 
23254660 
23691427 
24113449 
17445295 
22278090 
19903971 
22044651 
17000339 
23652064 
17698600 
24564517 
23060782 
22258708 
16181186 
16797174 
15767152 
20280045 
18433682 
14739742 
21125308 
17821361 
18399263 
16624168 
14231057 
17678288 
14874650 
18518705 
18484059 
19986989 
7280572 
15065316 
19793573 
11279172 
972651 
18264395 
17449117 
17820336 
16328047 
19566632 
15588657 
17270617 
22180709 
17035307 
18037865 
19923278 
14283452 
22742917 
783214 
16591329 
15075459 
10344412 
21324258 
29803 
20593913 
18138090 
14550649 
15052968 
7121342 
5445262 
23152459 
16365878 
14522546 
14263300 
1183041 
15207319 
15211921 
23032536 
14636374 
18396070 
19029137 
23175882 
18559168 
18041870 
17121920 
17683111 
16677815 
20664692 
8453452 
6120472 
14389132 
15615814 
14389031 
19271690 
17850012 
19895550 
20530468 
22539897 
770759 
21123313 
16096648 
17488225 
16841186 
13976432 
19447829 
17246739 
15681833 
21046396 
15362589 
17945582 
21710524 
16682347 
19449475 
16750858 
19689713 
21357549 
17303793 
5588242 
19087459 
14047293 
20879865 
21570838 
18262412 
18586220 
15804321 
14389127 
18230846 
20932103 
17303447 
16848319 
14959643 
22062977 
16703461 
15254388 
14189300 
19512383 
11801852 
18218587 
20003846 
21273502 
14411895 
23113730 
18438868 
19075579 
19511399 
19347347 
17365932 
17144189 
11009542 
16491006 
19693242 
19605515 
7401202 
19714351 
16960668 
18644119 
18459677 
16425776 
19110783 
21532479 
19077811 
21507861 
813286 
14713787 
30973 
20100674 
770882 
785032 
16404939 
15841680 
12993222 
17093617 
19693931 
19624861 
17242874 
16208309 
16899075 
12044602 
12582472 
15021099 
9356072 
1223101 
14087524 
17794408 
17719758 
12726792 
17061754 
15643526 
17880018 
16180637 
8151442 
10373322 
20634359 
5795572 
15058640 
13223382 
15243949 
21684647 
19305623 
16819278 
20710417 
17495507 
17030171 
21459379 
17606602 
18794312 
14647570 
17540895 
12672352 
15724505 
21677084 
20167139 
15991049 
15044502 
15600217 
13082862 
17352423 
13547812 
20541137 
20643704 
14376012 
7490342 
14377875 
16565908 
14228300 
14422993 
20424067 
21818624 
14825901 
18391957 
14669398 
18471294 
17545037 
18536424 
22048832 
16429977 
14213491 
21445760 
16692771 
5928202 
12504732 
13494812 
14887344 
18519954 
20451289 
19839971 
17057237 
14923512 
19322071 
22073961 
15770446 
16991907 
7872972 
17225023 
22305220 
21615717 
18598931 
16916369 
22263964 
21332348 
18487332 
22367171 
22270330 
20622721 
18973863 
16404741 
18293107 
22526142 
22603932 
15072617 
22551856 
18917148 
16437704 
17220785 
9394512 
20241333 
18370962 
22645705 
15751851 
22702582 
20731653 
17127416 
20756151 
22562795 
21150795 
22763162 
14397372 
21196865 
685513 
16981016 
15222197 
21022863 
23170642 
19239975 
23194805 
16061242 
21585943 
18791776 
22958345 
15876004 
14803701 
23075803 
19507612 
19568183 
