1133236178 
3086026040 
42515950 
40884854 
14072047 
4146532588 
52467382 
119404359 
1033230666 
1351661539 
4220071060 
547607608 
3160646900 
2232996836 
447656741 
3171366511 
2655830472 
607727322 
476234589 
224200628 
593749376 
597592645 
2576238121 
2760125603 
790876645 
252432268 
452748588 
969051996 
1443730951 
2508732944 
146493822 
1478138376 
1635979987 
2337871266 
46226270 
136035018 
1438162062 
991401038 
1519073424 
1324765802 
1121163822 
111946118 
981057535 
370699216 
1099302192 
1154754404 
508370809 
2411488800 
472967330 
96013710 
1328750544 
1641860082 
2786666684 
612463001 
2272839091 
520180883 
2951598618 
1546540932 
355026704 
358863673 
2564923532 
2413826444 
828369354 
1066142084 
19129073 
396957509 
25489670 
757652100 
978300661 
2788308444 
518591762 
457692129 
947346722 
1459515674 
237604436 
2900426395 
1675176944 
2210640043 
1093124360 
255335896 
2778537414 
825558378 
1587560558 
1078287655 
825934369 
