19515424 
19725644 
274030199 
26993786 
86129983 
90424954 
320293216 
547834727 
102094857 
2774733667 
39226252 
52364589 
166558126 
162684176 
85828025 
41365676 
18774353 
169203141 
175404215 
243097633 
102754598 
22813422 
16609630 
4237965013 
21793154 
39924174 
2362057826 
100070163 
14442905 
719813581164978177 
26759915 
91478624 
2435194891 
71372467 
91863609 
352289827 
18949452 
738762078 
516378764 
18639734 
481372757 
1181472344 
205847300 
39922872 
17053535 
2340177692 
260067380 
295221061 
115528173 
28870127 
22623663 
25325260 
43475268 
863003467 
339039253 
14186094 
116748080 
31720614 
18294275 
18208219 
52354784 
20147730 
13171622 
19739371 
14971572 
185419122 
294760618 
127565404 
50758087 
43886423 
59739644 
14442554 
82095703 
28160998 
389853429 
31276579 
1769551 
17975357 
14654777 
25562183 
889640688 
18294197 
208120290 
20278673 
5383942 
53039176 
36843988 
44418062 
14442585 
229246832 
20032100 
18080969 
15492359 
32302688 
29725023 
23059499 
17169239 
27026556 
115660647 
27141624 
525788050 
487299430 
253590034 
123713942 
20277810 
19019298 
21237942 
20317677 
275686563 
18090786 
41044925 
28818766 
93614842 
106444052 
27254739 
47348249 
1434251 
15568127 
15912113 
19658826 
303798678 
23941720 
507832044 
26368586 
66862946 
12486322 
107744411 
15974185 
18091025 
8453452 
816653 
5120691 
