23573847 
1248394753 
300771436 
1466884934 
124139905 
176166625 
19352827 
418280057 
948089250 
419690948 
1098954650 
1464117690 
19583879 
23572718 
1293374226 
28503759 
351099571 
17967436 
1716690134 
586410627 
16470732 
241576586 
89426783 
233222004 
198136774 
50320498 
17780580 
25531253 
245908274 
376442608 
343454909 
50340794 
146911525 
106542267 
37752766 
267121414 
58190441 
414881933 
23574715 
23573285 
471899079 
309087942 
1130503824 
66688814 
23572635 
175390759 
23571754 
21094745 
57484168 
23746957 
6612402 
65467883 
23611678 
21410687 
23751934 
20809134 
612473 
18871354 
621583 
19916193 
16649758 
15862891 
17783546 
23572559 
15134240 
30724493 
23572109 
18032441 
19060857 
29375037 
35681219 
23758329 
33292950 
23573135 
16343974 
14647570 
28107042 
30064358 
18498684 
26250872 
22282589 
23425962 
15601423 
18760596 
15110431 
19402238 
21581503 
15432704 
20513249 
7905122 
20359366 
20853656 
1046661 
18700629 
19689807 
621573 
20774885 
19658826 
23950796 
23597950 
23566546 
23575322 
23576978 
23566439 
