95497135 
89470435 
1329397268 
185975698 
39557507 
2454983061 
801489265117069312 
752180935701987329 
228395429 
518238327 
77312459 
67124834 
2806131120 
2270697818 
19982434 
1639521114 
305084562 
31484145 
255566877 
18801669 
22797378 
21354462 
56032042 
277191527 
111425542 
3140799365 
3299534613 
62539653 
164481274 
14346362 
55319780 
25562183 
23999515 
47443693 
2826682680 
3300505312 
36672058 
31164769 
111648072 
18690231 
15108805 
16883630 
47265929 
2166856593 
86306374 
2472718100 
465682320 
110519258 
29982331 
547834727 
274030199 
21795874 
320293216 
26993786 
86129983 
373558493 
68880408 
33967016 
2425478214 
104855882 
198375395 
116665757 
18090786 
73774967 
27254739 
71542880 
223508480 
117318947 
459343499 
15580384 
2237981623 
618287848 
179090244 
113052344 
17031174 
146480145 
508886830 
703203607 
28436760 
272028726 
493477988 
583202025 
248808171 
28153206 
436356867 
119407186 
89774816 
533291915 
140962092 
321189782 
18774353 
239383823 
21222572 
135532251 
57822006 
24537541 
60918963 
169203141 
97529933 
175404215 
365005464 
43138264 
518644022 
485990358 
18249794 
1808851 
87784002 
62511567 
127614312 
28774235 
485753196 
310351856 
18024263 
80047180 
104587041 
151979092 
14083864 
176995119 
52421362 
272042407 
267217520 
37492635 
116748080 
41499227 
63248281 
30023120 
34917727 
106895787 
172496840 
81551490 
45543166 
237673054 
207421760 
65089950 
28160998 
105252027 
7875082 
269732005 
5383942 
222594558 
108322041 
259780804 
12055512 
14861437 
123716764 
270921231 
282754415 
42488744 
105242077 
25145892 
51015709 
197370413 
115930154 
14383396 
116131436 
20200526 
17093617 
109485507 
18336254 
102503323 
44218368 
19938864 
48463769 
10274302 
67611467 
8813072 
82664657 
10202 
10967452 
15027780 
15384556 
76158560 
16321154 
31184938 
19906533 
35021876 
17278322 
22645164 
53039176 
34287054 
16150688 
24054721 
28175520 
56488059 
46354403 
65053003 
32523291 
32615991 
44314871 
42906957 
47585965 
27013292 
18818769 
17621211 
19083313 
40180873 
27900939 
48324538 
54174218 
7107642 
50665093 
30877282 
16960453 
6605062 
14858974 
17858604 
32509377 
15751830 
53443596 
17653789 
14726811 
19753563 
45968054 
16615253 
16259366 
17064079 
24793152 
23079146 
49947807 
46623598 
53050264 
53053332 
48160641 
39922872 
17660579 
39924174 
37897828 
54860935 
56653524 
34334604 
22963545 
33651636 
15165858 
50464080 
37894585 
44758465 
43106022 
22623663 
33175903 
35789155 
10791192 
15905198 
26077026 
46624164 
18644961 
16316594 
27632986 
47769662 
44676726 
43462357 
48347254 
22511572 
44957814 
31474519 
36967128 
17471096 
7749102 
18656604 
15722566 
4893501 
15056465 
17221246 
11632342 
755452 
13796922 
1240551 
27085024 
36809349 
33567429 
21772531 
17029915 
25874141 
24129724 
12273312 
16329466 
28240302 
14500782 
14167429 
821978 
15021099 
14624492 
17143775 
16487004 
19771577 
15206649 
1127651 
14845538 
14104401 
19082271 
17483883 
10011592 
15809746 
39791632 
36753830 
22243546 
43392320 
35758041 
17194296 
18392525 
34999574 
6088372 
38019774 
16224860 
44367489 
19036428 
40515581 
41305041 
43886423 
19515748 
42754488 
24197360 
26759915 
22518425 
27922157 
28360280 
25540995 
29870631 
36129360 
38793346 
35799456 
17024285 
17123884 
22739318 
23469738 
19162036 
18219524 
27605743 
37795191 
18636204 
29617028 
41413302 
28172188 
21421175 
23504159 
15053 
31965614 
41615819 
40122267 
42542492 
40326578 
20445372 
15455642 
34942319 
36317302 
40844654 
871021 
30433772 
40778603 
39519037 
33046629 
15731831 
15694291 
39544813 
34916303 
24778539 
41099321 
17156142 
28357693 
39487337 
14384667 
17974179 
14638232 
18625912 
18575560 
37469166 
9154182 
17897772 
36759379 
24359784 
36664403 
36384370 
15288059 
36166171 
29176129 
36059483 
14192502 
35404814 
15008539 
19839244 
14513195 
33756598 
34422009 
31873110 
35741756 
17603464 
17108182 
9639352 
15825711 
14513471 
24823169 
26030846 
17316269 
26297505 
16450202 
23554196 
21027059 
16050032 
30080223 
33367723 
16718613 
15772555 
22023556 
24016336 
14442905 
22041886 
23962312 
18084430 
30242076 
16296711 
30221886 
30005585 
28098717 
29703938 
29985746 
29131141 
15154255 
23111717 
15561214 
18034533 
21201036 
28117205 
14449052 
9085562 
27722962 
19745005 
21605546 
25940659 
25325260 
28868577 
14714862 
18162755 
23949904 
27037879 
28363057 
28114024 
18251778 
22841973 
19194293 
20448890 
17788557 
20083313 
23881498 
776052 
27940318 
25512326 
11478862 
28111797 
17144004 
27631524 
17653609 
27571538 
17386094 
27662946 
17367429 
17101956 
19588768 
15819959 
15767411 
17045891 
22028053 
21211055 
24522002 
19495715 
20187065 
18038795 
19729451 
18341726 
14109159 
10194682 
14837383 
14806217 
13444482 
15073716 
21008889 
15127404 
17065277 
16222527 
16746939 
14657767 
24704470 
24921818 
19954996 
16156977 
11637332 
15635577 
22919923 
22211558 
14803695 
16306735 
20710293 
16252825 
15537973 
26517783 
15249699 
14063950 
20691366 
23112081 
21793154 
20410279 
9860842 
725323 
20519038 
18864393 
14590620 
14514365 
15061145 
14824213 
19347202 
19979844 
20272531 
14062554 
18170896 
20928591 
19149006 
18168650 
15931230 
17122817 
20600826 
21697048 
25298329 
16895274 
621573 
16686722 
19939139 
6450322 
16616061 
20745803 
18249897 
15723971 
18192818 
17779259 
21754354 
14461362 
14461439 
14461492 
14055820 
15987295 
16828372 
2923281 
8963722 
22019881 
22947870 
18006942 
20760968 
26368586 
16352083 
21301814 
18339832 
16484374 
22039659 
19384782 
23731943 
25925451 
20989783 
14442567 
18083058 
14461298 
25510510 
14464331 
7812882 
15056226 
20815041 
17131712 
676493 
16586694 
24861878 
16186588 
14442554 
18498684 
14448599 
18208763 
14355142 
25791768 
19132660 
25548473 
20464537 
25076451 
19033002 
6917742 
781163 
22092623 
17068191 
15148530 
14804281 
15669599 
24189420 
15383592 
15222386 
9942192 
14401917 
14410951 
14318471 
14048775 
14678851 
16686717 
15172822 
23589271 
17053535 
17886033 
16530559 
22820114 
24942985 
22018704 
14109999 
24939414 
15432704 
14103567 
16839509 
17811023 
7429682 
15648603 
17988404 
23506351 
16059834 
14441143 
11274452 
16892009 
14805524 
20568947 
24249787 
23678982 
20502166 
15518796 
12039032 
12325212 
19514453 
15067525 
14329647 
22991614 
13303242 
14122904 
16928633 
22457873 
24234104 
20013610 
24039155 
11975452 
24139248 
22073621 
8673242 
18082061 
21955069 
19836954 
19462877 
15825031 
17135111 
14297766 
16134780 
16579894 
20060190 
17843236 
14165957 
12916102 
16333372 
21526532 
7384592 
15058309 
14715545 
23622244 
17493343 
17181265 
17123239 
13535152 
18737307 
17605855 
14550856 
23330343 
24480232 
14148491 
17439693 
20716218 
14664597 
21906739 
19194758 
19636660 
16487712 
15273466 
20786398 
18178581 
19325411 
15683475 
20707288 
18809912 
16220497 
19355964 
20102364 
14259355 
15817310 
14558094 
16950694 
23003229 
17905812 
23862487 
21594916 
14194519 
14664071 
15342203 
14256305 
14412115 
15454966 
15679822 
14666053 
14433769 
16469285 
15781499 
14533216 
15013915 
15674576 
15232525 
14989178 
15022490 
15778106 
21084500 
22634470 
15586341 
23410262 
23664447 
19933554 
20384775 
14085144 
22028227 
16467958 
16927822 
4640401 
17456370 
10180222 
15397909 
1940581 
14589866 
15068399 
14925532 
14973669 
18012881 
15248550 
14128901 
15697648 
14499829 
5848362 
12010892 
14498464 
10441042 
11799082 
16878165 
17057930 
10305322 
17009017 
7547522 
23446659 
18364790 
23473707 
17754180 
16868520 
6119412 
19897004 
6584642 
6292922 
18294197 
22152882 
16479918 
18102023 
23599640 
15551260 
17997888 
18040577 
15859033 
16515654 
18247944 
17515817 
16814745 
17647619 
17707182 
13757702 
17191254 
15363671 
6035422 
18834912 
18626424 
18443163 
15518135 
17332448 
15886503 
14986206 
18647850 
17304614 
18131401 
18037907 
18034019 
15000205 
19603596 
17623597 
19653152 
14710904 
19803261 
10742692 
7291402 
15279465 
18911813 
17350104 
19965189 
8535242 
8445252 
15576134 
20408085 
16912546 
15445528 
16727926 
17790726 
18290031 
15327070 
16251436 
18767644 
16329446 
16999591 
17164573 
19409965 
14191210 
18846335 
20564862 
20642817 
17736433 
20718635 
17972982 
15146206 
17651559 
16566310 
18801344 
16889125 
14675205 
15716168 
22152935 
14987459 
21766686 
19615034 
21848562 
16217229 
20096083 
19113136 
23766624 
23080428 
19715037 
19596228 
17513981 
22496179 
21770558 
18784703 
19995306 
17904152 
17630562 
20381488 
22688742 
15497150 
17453199 
14997389 
8206922 
16243893 
21960709 
23423245 
15809131 
18169050 
19687992 
14258044 
24121075 
18898655 
19730589 
15157630 
22128900 
21791431 
22122529 
14322807 
19774555 
19179002 
20238424 
9304402 
17493380 
17833985 
14442889 
15565076 
16519380 
15663152 
6436872 
16303758 
17557155 
17772868 
15727738 
14620726 
18344098 
18089164 
18431900 
18653047 
14393477 
18810324 
19366534 
14639279 
19344270 
19551886 
22042918 
20093607 
22532665 
20796441 
14685025 
11133422 
3828461 
2499851 
10267172 
14390180 
21659112 
20193452 
16560054 
20956273 
17682215 
18009925 
17470716 
22713233 
22195223 
22709198 
21098119 
15384629 
16330193 
14755273 
20963562 
14591906 
15347337 
14282672 
7992932 
15792511 
15476594 
19245847 
11021362 
16185372 
16173287 
14303228 
21085478 
20975313 
18908215 
20778570 
13649002 
6647182 
17083904 
18073350 
14194150 
19474130 
15140311 
20830163 
19658826 
8997532 
18785447 
805718 
19190695 
15608372 
20173542 
21213649 
15833614 
14523192 
21851593 
18909685 
21892272 
21872515 
22275965 
21373714 
21880565 
22631761 
14491411 
17516648 
22504171 
22849848 
22646439 
16035499 
21532679 
18228396 
18044287 
18212958 
17654981 
14159575 
22603283 
14702529 
19006559 
20111276 
22319271 
22497950 
21508629 
23987677 
16406682 
15456151 
16633016 
17155650 
811522 
16926069 
23626899 
19402877 
14584738 
14534174 
15156572 
15318618 
13403302 
15940693 
16511033 
16683606 
17447762 
18138716 
17419608 
19029150 
22611141 
15822392 
17058963 
16548146 
17049255 
12819112 
16874494 
16609133 
18982903 
12043372 
17489654 
18456034 
14482620 
18208219 
20186544 
16887184 
13065032 
15910051 
15848603 
19549790 
7908592 
22912453 
20197573 
16186212 
23425962 
20503481 
23693055 
20339304 
19927492 
18495043 
19413990 
20065172 
24002029 
1248081 
22032434 
22940365 
22848420 
23941720 
19180007 
15631493 
19615751 
18935711 
20807831 
15170795 
20682332 
20680123 
10348402 
14985126 
18647254 
19035783 
20638487 
16203944 
20798645 
18097717 
20239264 
21231607 
18593118 
9689662 
21420010 
20413298 
19927900 
18713532 
18213135 
18450727 
17261378 
17426156 
20654705 
18894049 
18634465 
19041200 
14670999 
17993014 
15517654 
15689068 
20995676 
22095432 
17155995 
16274109 
14885252 
11856422 
16578380 
17104871 
14528306 
14126111 
15890327 
15282064 
8276112 
17341065 
14849573 
16905483 
14738561 
18478452 
17442457 
14901582 
17051344 
16429603 
19082879 
16448814 
16726509 
15860016 
673973 
14552421 
16519491 
17897474 
19614296 
15199974 
13813952 
17547367 
15480686 
14062221 
17967259 
6708952 
16933716 
17930077 
17048451 
19396385 
18754768 
18920569 
17154954 
18285913 
22080808 
22654404 
17870480 
17292434 
17881963 
22538164 
21664613 
20158137 
1044771 
15235829 
8984292 
15110431 
18556652 
21144477 
16257237 
15192463 
21419896 
21079030 
20863858 
20517526 
17593937 
17096443 
15493608 
19658936 
15282316 
18198832 
15907076 
23345682 
22109679 
17820312 
21579774 
17509945 
10927782 
18057077 
14070890 
17768235 
16637920 
7712452 
18310562 
14083276 
18856180 
16045468 
18770132 
18537317 
17316606 
17045933 
17072217 
14140703 
15118311 
17289105 
16530867 
16203371 
6612402 
15173603 
11831852 
16860511 
18191401 
22280445 
22969911 
22813422 
23195276 
21810217 
18896703 
21237942 
15816167 
23229782 
13171622 
17526497 
17814569 
20359366 
18694163 
17975357 
20695614 
19408917 
23498831 
22883586 
18697491 
15893046 
15532983 
18693989 
16299373 
14742431 
16298452 
18953784 
18507789 
14323863 
15191551 
18520361 
20278673 
20751107 
19753290 
22734287 
23460079 
14434650 
20628806 
19594772 
21211124 
17233677 
18355938 
6008322 
20531154 
18929402 
1769551 
16982549 
19019298 
23841368 
7439302 
18294275 
18179696 
7833122 
18610521 
14519111 
15460353 
14599117 
14414879 
15193759 
15177115 
14734629 
14628385 
14627131 
14619361 
14314461 
14409380 
14433533 
5263151 
20389699 
20170584 
22556408 
23105172 
22939103 
17235918 
20317677 
14587327 
17642448 
15678862 
17068373 
18802640 
18843227 
20703914 
22151018 
18953372 
18802665 
22031615 
8092372 
21768071 
16683580 
22709929 
14750177 
16192206 
16534463 
16441584 
16385645 
17368500 
17142019 
839891 
15067280 
17729063 
18033662 
18083983 
17343006 
15892361 
15457383 
15905594 
18407745 
19308138 
16316655 
18304807 
22520954 
22859025 
19492594 
22364046 
15566901 
20469752 
7431402 
621543 
3924841 
6718132 
1435461 
15134240 
14442585 
14647570 
16300786 
18723114 
15587500 
17918663 
6794502 
14592723 
10742132 
14971572 
20455738 
20147730 
17437735 
17960461 
20277810 
20457806 
18050517 
14435376 
14433444 
14943818 
14614615 
14186094 
10069282 
20603062 
17850535 
15974185 
18091025 
16609630 
19104692 
21102627 
17226612 
20186316 
21220249 
18058609 
3199201 
1046661 
16817883 
