835180037976502273 
835181263199825920 
22581339 
843933035137503238 
67279916 
30706550 
20176579 
113071374 
773930914619482112 
838729123 
1729727738 
832707268382568448 
712716022671810560 
43775786 
426964605 
22637974 
25020922 
212674832 
22292365 
115893702 
494456001 
315303313 
9344062 
393415951 
86418548 
259002425 
277329778 
335534204 
16603324 
83686286 
1419387086 
50942395 
245527050 
788857722334654464 
783430237929414657 
54731881 
60752548 
2215194913 
325036164 
40349753 
16205716 
25654553 
1668324038 
193553272 
28391560 
379881374 
83677223 
46277696 
23028094 
2375155327 
36242584 
23058326 
21689701 
15927032 
20405415 
25113550 
30849103 
606002615 
214168432 
14180216 
41055341 
14416124 
4018447283 
586892658 
739836760948117504 
1326005282 
139599724 
291658318 
818363593 
14593090 
317956647 
1020383864 
3974333054 
1060646766 
3220881440 
18333645 
35757323 
768569957466640385 
768568841534308352 
23089953 
44163738 
25343191 
500146120 
199856827 
29652694 
25267910 
17020962 
24315334 
703438903974334464 
65015079 
6300882 
102097721 
944771214 
452181517 
359465244 
19368305 
4855815726 
267856525 
381602012 
2424349309 
3291136106 
388497610 
25774043 
267590541 
2275040772 
2445809510 
97542577 
44199088 
58323389 
15311166 
980990414 
3045107849 
180943996 
98414683 
556612251 
14148579 
16431751 
494782403 
443328404 
121558285 
3315157103 
475212144 
1516479518 
3434207473 
3119601311 
155823836 
39804874 
48624947 
23544268 
422015360 
2646111894 
25163767 
3809332398 
3665694268 
198631582 
1553662453 
234897693 
135976242 
117483422 
16306235 
509531549 
17431493 
80467432 
112445679 
3273412544 
3195839667 
273620545 
315572120 
3119649316 
287874817 
2835886194 
2835962353 
2927758254 
28751924 
29442313 
368002912 
637272422 
91435342 
24723557 
58928982 
2340683840 
81105161 
2352729630 
1689923426 
199908964 
492695101 
2992496946 
21717205 
100429535 
23613479 
21324258 
19890638 
17696167 
17461978 
22523741 
96495843 
340613443 
70111948 
76870807 
618300542 
271893948 
22221551 
37074061 
19834403 
30116741 
59231593 
1069853108 
554700872 
335360314 
42512518 
324999131 
2950552942 
98952541 
16679529 
2065391 
169740780 
540449380 
569569550 
16190898 
22938645 
100345056 
17837463 
27249651 
176328381 
2913903619 
25527618 
132657194 
484357061 
30313925 
822215673812119553 
19720019 
120195147 
432904310 
701697080 
85205706 
2474381847 
2875485611 
2897766618 
2897893026 
2611189388 
291980712 
17787486 
15033883 
1947849618 
2740001099 
40580908 
25918927 
177623489 
63174278 
30754682 
252352789 
757645790 
141664648 
121626258 
1183749619 
2545212308 
1096814132 
1660982329 
44133391 
713650297 
44970920 
17885744 
381893156 
23217840 
27951826 
7593972 
19435664 
25562097 
299969872 
1967523847 
1630274826 
454998735 
1733231094 
200332054 
2521373081 
257034852 
358511059 
27252380 
114913187 
22193914 
95088859 
221887471 
293639982 
21801199 
19646605 
973681 
17095947 
31288364 
19315920 
284812300 
22977875 
681813 
18438444 
15224719 
19756313 
33096011 
14911214 
251304535 
13236602 
55347151 
569355041 
95975081 
19079595 
210518721 
1276752804 
18849368 
65991921 
28295459 
67121245 
628706570 
66288856 
18026676 
21056214 
18734884 
155436555 
65493167 
56393941 
226993743 
23995285 
57570629 
1183041 
21141042 
26403610 
349973187 
163403403 
9147162 
599809990 
315908667 
16134697 
65951402 
1240093237 
22187608 
384090550 
15624101 
36153437 
53760920 
2394447847 
2302150531 
28579690 
63112528 
64374798 
22414266 
24938230 
21502768 
19222079 
14166096 
16425462 
299674713 
2282436260 
581236039 
86868062 
18303935 
347943939 
26910839 
18396070 
274757304 
39889652 
94070759 
7825852 
97877646 
22511769 
42583325 
42829762 
170897911 
30813505 
55503840 
18243922 
268621247 
245915417 
921635100 
13544112 
252278382 
198572798 
2246472950 
4130191 
36994285 
16994499 
525437625 
915726438 
31346183 
49822182 
17978616 
204791664 
2408388168 
15387839 
189315742 
116637913 
229936188 
26899127 
476267629 
378206425 
704415547 
2455181581 
1866154316 
36757604 
21305742 
111124877 
28395188 
28242570 
2153739836 
281811079 
1023506360 
1149078110 
48585224 
225556024 
57092170 
48609900 
118537039 
16323151 
184556448 
352082849 
448551115 
425339616 
2156597201 
500083330 
637327079 
34673025 
1123978885 
49803339 
26908464 
164975044 
2246422295 
988008025 
2444442600 
45887192 
22842908 
261279803 
2153098391 
17771308 
2347568040 
18723984 
21473334 
45724110 
14973188 
332721226 
38055617 
96965703 
96952435 
73353290 
409285978 
15051811 
2337213980 
471255649 
719406408 
33529346 
53748505 
17240971 
273283549 
55164173 
1411528350 
14604080 
124035092 
408646510 
1179642037 
1569541604 
23121414 
43199258 
18924799 
14262367 
15343773 
1087371074 
19078594 
59483657 
63486948 
1002875832 
207579675 
18132032 
1925413644 
14966677 
473285651 
37045017 
20729471 
5980812 
23114550 
22316978 
844512703 
406027870 
20706096 
206813263 
27087020 
657813 
177681327 
477210354 
301402039 
23995748 
2155201592 
97104042 
225096034 
17997396 
14427975 
14295976 
256302342 
13215132 
53769234 
18732790 
243616649 
1445174156 
121637129 
86135810 
334988605 
22318474 
911142252 
1229814680 
32496462 
15932715 
17531205 
817113 
18935127 
28023330 
399187902 
720207042 
38008979 
66398210 
83521318 
184897552 
18586953 
44692447 
134963898 
2324828978 
17220817 
487174077 
787983541 
65754113 
25180501 
2230828596 
27908189 
93130308 
14329764 
824067121 
175568707 
44046968 
50130164 
271513241 
103766279 
68795964 
40984125 
1130039306 
167195607 
25343559 
16862057 
46178400 
157775815 
39463489 
260588358 
15433228 
138416662 
18173624 
6054912 
337163383 
61788692 
101885355 
64938292 
262967151 
16583672 
10671602 
14111650 
88963325 
55300403 
136380392 
17345647 
27799630 
228866701 
2315923753 
13461662 
2372308429 
135010556 
14766670 
24830740 
2945921 
253712142 
352519634 
14784550 
171348180 
481542026 
942828416 
17685510 
132755891 
18366049 
21174265 
85183520 
242058793 
20326436 
49745152 
1273401152 
418298382 
15953110 
36139166 
22552228 
56631239 
248979183 
96714537 
1401323971 
140149214 
46852946 
8838722 
41418040 
109708046 
195485269 
15276225 
246022817 
373604983 
19430456 
22811937 
17183304 
56446839 
319435027 
184491506 
29261213 
24020447 
546077841 
12341132 
734090209 
1074676129 
259338648 
268414482 
17230018 
79830673 
69770888 
399039728 
461482071 
451101795 
174496247 
18729871 
324152112 
20442992 
21776701 
57576739 
232942645 
234219826 
67549581 
156097210 
48457805 
161552730 
113202143 
276327921 
24824884 
45148974 
14652182 
150490640 
14736355 
15223905 
335626537 
29241593 
126367986 
1925232961 
112962217 
18156146 
33321651 
18216395 
28644174 
29127028 
7916662 
38259087 
109634799 
102595595 
85724849 
177345928 
24210015 
25183301 
122438508 
41861310 
27388221 
726960710 
42511388 
97025817 
18388444 
138886885 
327696897 
444976722 
21709921 
23206141 
18664913 
334984455 
12223 
20871337 
22112290 
116060961 
434587666 
75951347 
27733550 
226752415 
51171395 
586 
6582482 
34722543 
20123708 
16130639 
35846235 
18512102 
23161445 
91620105 
5943942 
890891 
83985926 
15212187 
13685992 
162024329 
130068319 
18671559 
371844379 
948844567 
1069892353 
2251227949 
72348113 
879521 
342770193 
26176462 
229286772 
19018813 
17587207 
1245320090 
384479689 
1301907090 
13017572 
42117955 
23629002 
183473232 
15002103 
1436634888 
37026209 
2230322184 
4047781 
23136873 
25806962 
196786310 
46706896 
270718249 
1357487089 
203224753 
268097545 
946520365 
102226907 
45994908 
23442490 
21731155 
44295593 
1383203634 
25712560 
335964794 
78155901 
169500151 
23613314 
539824286 
18189484 
18808282 
15729017 
170002466 
16672642 
106660254 
186484144 
194714001 
65957957 
182532099 
275548524 
16713384 
137319969 
31231862 
270690959 
57395000 
57838735 
119095544 
369260625 
144576988 
98941939 
14710369 
15407105 
60520655 
1019618214 
184998424 
366631291 
608712915 
149521165 
196352824 
487236118 
1669557404 
27504987 
501441900 
756622645 
192178906 
293698027 
53406104 
1262464730 
88554870 
30950114 
42576406 
24230857 
606441611 
589623938 
22443515 
25877812 
16633120 
15859184 
28638191 
218226442 
577339339 
16680962 
121587050 
21830995 
18000066 
23881445 
627124299 
13853162 
68214450 
215181322 
214637103 
130933396 
47349480 
1908268686 
15664638 
580240562 
487137000 
22856697 
14595483 
140205218 
458495779 
17540485 
247485920 
26199401 
109047304 
137865227 
25342979 
14935918 
274919812 
1130035837 
29860364 
45316175 
1791671 
17735424 
97859738 
178027199 
41862697 
16267101 
17057271 
14199378 
16630098 
9275742 
4532891 
193994453 
288336783 
50374439 
63685020 
1228554330 
21543045 
1138509990 
1268565944 
1140042956 
530027058 
996366140 
120659251 
18761381 
23343727 
70465503 
16116288 
18963070 
8639362 
48524737 
21349969 
18650365 
348797073 
22891868 
1529252131 
15395087 
434545375 
31229900 
614719023 
108095136 
21217034 
15397002 
34547678 
15073996 
1643060707 
77153736 
108507744 
7997092 
887464646 
27694058 
1131443108 
817719620 
237146389 
24151139 
445929355 
385793647 
393488321 
105827435 
1461539592 
19426551 
1674543180 
123945193 
27989078 
126396499 
47147028 
20344826 
15834487 
718720518 
17932875 
36681590 
20114703 
385818227 
22704849 
524487620 
47506568 
135977764 
195487343 
166747718 
182494044 
24572706 
19925354 
22749632 
18249084 
16371887 
56727799 
20961862 
64219788 
248417398 
337405519 
21811091 
185273251 
19335791 
53269717 
41013380 
104671599 
15444309 
66503156 
66504150 
66505354 
66806715 
66807267 
66816515 
70484343 
117848769 
165504213 
109633146 
422424841 
1514058516 
965101 
104428884 
15603374 
14134141 
75064899 
384031846 
101883904 
32313570 
47846709 
244246223 
373420356 
331280132 
878305831 
1223425574 
771996349 
68473192 
209806777 
85687852 
79910145 
15172821 
367794116 
97576151 
18668204 
16335488 
724847402 
33619231 
21336649 
173508257 
257516895 
73060860 
21954529 
19837304 
321067269 
49167514 
17302149 
19996631 
26589062 
14382995 
22099513 
335077486 
502135911 
211136230 
14163722 
147649517 
87595338 
512446262 
208584706 
32182277 
16558531 
15343635 
401821433 
43245886 
506296192 
634371273 
21129105 
66439253 
26705414 
388044746 
23314049 
180055456 
64066033 
110653661 
506836435 
87806617 
262856460 
882941154 
426084854 
26582656 
95752102 
14647024 
277595625 
80977873 
582896596 
21072956 
81505840 
371500302 
77910830 
45784061 
19959129 
16730150 
100995778 
130560009 
165552004 
16492290 
87403396 
33597201 
29756339 
21219827 
25365536 
32453930 
16305370 
2139211 
22989036 
5727132 
191360914 
28628873 
15846407 
23013381 
23403385 
767027802 
328850979 
91670909 
68432091 
153998882 
22742042 
1397396880 
17033335 
37387336 
114669858 
22691421 
1176796766 
360078592 
124011468 
23543993 
28764020 
31503442 
92474196 
65156634 
226976689 
22745680 
40367336 
77645932 
18206161 
118609779 
17581586 
11350892 
15635412 
80335962 
9710612 
43812483 
187428929 
65992743 
839274188 
86370588 
116811976 
340721855 
31524764 
71027322 
90474631 
515164105 
36542943 
85121873 
117577703 
1403379805 
41761325 
134206307 
42871073 
872507130 
65023914 
46335511 
24018760 
133319303 
170912143 
196021932 
856347308 
31368653 
27290988 
219803504 
390512247 
872122614 
38843312 
333842829 
18208354 
29226377 
19406919 
43415057 
533492565 
454639881 
208892002 
403541448 
496273003 
97491845 
15535991 
1331104806 
231292468 
91476483 
25199267 
44055709 
918458971 
61911098 
249710667 
203709264 
242156819 
554414780 
271254832 
463059351 
74194543 
25991894 
238055499 
1310934697 
620314984 
244118313 
1284974970 
196993244 
199998139 
41723919 
152881335 
1409137663 
525481693 
1445307522 
1455183950 
25903042 
1064832854 
23544771 
1228636578 
8488582 
24941335 
135060958 
1188368748 
47285504 
16016427 
217944498 
18462852 
29354555 
15803961 
25135542 
39777083 
27853390 
564875681 
37999513 
398137416 
364687980 
1308294877 
15764019 
213436928 
40072069 
49087649 
269198387 
550440147 
58239609 
62965250 
1027640029 
1490827903 
1421512452 
21518704 
23282864 
509629712 
54293713 
633105638 
263508112 
116909844 
608396575 
45760179 
295933814 
151118129 
210500020 
184620597 
23654314 
330306256 
41465928 
61370840 
69660343 
81777485 
263315021 
1066933380 
14246088 
20751811 
278617249 
20716127 
49739772 
7029892 
280147710 
15136825 
1418745782 
23006373 
1096009525 
1382730128 
18927441 
979977223 
1331351232 
131114923 
498444180 
475514452 
285480677 
1326537151 
17798805 
37104184 
1397698370 
633497939 
281673143 
117189728 
24296988 
106958937 
251571205 
838406028 
917478446 
44668761 
373744928 
1289354240 
16430355 
184917980 
344882579 
716825263 
262797988 
19273823 
52137470 
276288620 
133476990 
169673655 
22395159 
16278968 
82132964 
658083 
148824897 
398209227 
157040203 
260076956 
91129689 
74712538 
112616812 
25094770 
303396094 
41487126 
19627379 
24600165 
12309582 
15823784 
587114758 
13258512 
261749497 
223743736 
67202478 
300005851 
366934471 
17595596 
22120633 
17794196 
462408486 
15683303 
57439313 
22507674 
14808217 
208950216 
33512488 
772885867 
134307788 
237353027 
346666982 
42659612 
21665670 
20447903 
178088940 
262768987 
17852894 
207197095 
6246582 
14335144 
19520983 
5763262 
56669858 
519877832 
74490880 
11757522 
575848100 
1520501 
202138172 
36698989 
54694079 
19198709 
31197064 
311631886 
14410280 
15763818 
25981701 
23526562 
246312764 
135541985 
59890077 
18915240 
159901713 
586671909 
760928006 
437774882 
22635994 
274775301 
253754987 
93060981 
101638508 
277158560 
47880972 
20007189 
49668976 
480120122 
733906326 
223686793 
486987349 
43993280 
298112275 
64862575 
163981466 
61653841 
31547526 
27107126 
22544103 
30403830 
589756336 
382183247 
1390116192 
65128818 
122155312 
224594039 
437629705 
243454475 
460414177 
156854231 
377740590 
741905005 
234805857 
376994013 
28284121 
16619128 
74580436 
304895710 
30272162 
34418730 
65349306 
841893842 
18007213 
18159470 
1142676926 
29855888 
1045942728 
378362358 
348254697 
38382842 
14238807 
28760574 
185933722 
1180114285 
1377963548 
232911827 
989961204 
85484888 
235438700 
1325621532 
453632323 
1042587355 
22096419 
30794343 
338059064 
118741568 
97496852 
55586635 
18220175 
219682445 
326807101 
140118545 
17919972 
740216334 
21124751 
17876604 
14261044 
24297857 
57054541 
183055570 
144717856 
129445576 
12093682 
66036735 
15466988 
26777308 
240889287 
15244001 
25017210 
18177126 
16553826 
39084522 
24419407 
32228471 
81193005 
31080039 
23636324 
891794228 
7894162 
24006057 
113134752 
14130784 
243965913 
21907142 
18301249 
15669819 
169979375 
115710058 
27736119 
384283009 
20632528 
372872290 
22296724 
20643742 
528757243 
16306100 
55364459 
31579807 
125481462 
8616252 
7865552 
1268188200 
7864022 
436266454 
23470225 
14129316 
18909861 
16730940 
27829319 
199442036 
774675 
27584159 
326500814 
6375322 
783214 
1000619448 
1396671 
319088285 
72007677 
706875775 
14262772 
367247724 
18959254 
25158598 
1007391884 
17611683 
121335431 
117267038 
377689108 
15789445 
21254264 
218611268 
19937933 
23248847 
121489252 
32367826 
3667651 
12732402 
17463660 
49715266 
62394720 
87779569 
493310683 
208736091 
238634494 
608356566 
429707643 
54993188 
428225985 
16295359 
48715809 
23183007 
280233451 
30874161 
1275586166 
5625972 
16441758 
1051731 
27917443 
622172482 
31282804 
243463624 
9704882 
49637909 
249717418 
308629625 
23825308 
607397458 
23441449 
77325274 
26433329 
17243913 
85846854 
20339775 
2877541 
1028712030 
71222763 
33904810 
14218123 
20264228 
1373486120 
17725964 
47488414 
19581528 
30957285 
35097545 
19216583 
15639138 
26264758 
64119853 
16220601 
25455092 
586198217 
637338906 
119491006 
11173912 
20998003 
166248551 
68577152 
41824213 
466952317 
317231368 
29526871 
22053826 
28159266 
17422857 
145381084 
210551999 
324502800 
499526208 
18754476 
239259783 
396055089 
123709729 
38126883 
102110200 
429391774 
145806143 
207737441 
434152000 
88829073 
427553 
57853764 
713778866 
30419940 
59281238 
197360510 
159127617 
383557869 
224880508 
155501328 
562375188 
142781954 
284326508 
32668805 
163332945 
99425669 
347404874 
94953573 
36088191 
50623 
28687217 
110076061 
299335572 
1123996424 
366369342 
23536653 
112308160 
9860352 
564145310 
43982535 
26107511 
518135369 
39364684 
46032492 
220824621 
558227071 
254171611 
1330457336 
46436739 
5513002 
20013340 
38419470 
189258194 
73653 
67371905 
177011467 
862565234 
1238890952 
29971281 
255269261 
1081296350 
245454146 
225045197 
21794900 
287977159 
196445225 
565757797 
373103688 
1458221 
635549966 
24560836 
274273154 
55335413 
543763244 
380666934 
22288938 
788110982 
177393247 
5215 
375477662 
46658600 
576622324 
43585581 
326490993 
32144227 
495693223 
196994195 
72878707 
42042492 
311813572 
791813 
12323952 
272929689 
562031376 
243442402 
169910295 
39086191 
549584209 
849709538 
188914690 
247819258 
31309603 
18224612 
17009994 
251963097 
375986216 
28761420 
18001448 
69135840 
49977519 
214415036 
14319393 
316017351 
488121802 
421571652 
18922142 
29541297 
22335455 
29840295 
22657153 
340336279 
478919390 
1198431926 
15087126 
18041528 
286847369 
594027297 
14712692 
551421200 
19865053 
25043062 
14619600 
45476739 
40416155 
960849944 
14749044 
522473594 
20712970 
14098171 
775096248 
126439764 
359241777 
259708729 
421257619 
178536817 
29201555 
454167763 
14368074 
12300502 
63372494 
140395938 
104001793 
95823459 
19519704 
21920725 
20510879 
25838018 
19071523 
417525128 
21574363 
68824950 
50881030 
101613166 
185424643 
46949238 
218001300 
479938158 
320907680 
539927238 
173699583 
864739380 
400895491 
40117880 
34515481 
7096032 
705305053 
1046624420 
377523454 
115176220 
23158159 
361551016 
25111579 
173947979 
92437145 
226959745 
135575282 
45504667 
112523594 
335710890 
10904 
61859691 
31251678 
24237467 
24296591 
561780915 
18424591 
349939708 
322834956 
27078126 
201182785 
118510732 
87285842 
530821745 
69659024 
573764891 
15285181 
862496382 
423049148 
45453237 
24529777 
575763908 
15398780 
25020357 
20565284 
190476265 
28471026 
394085002 
34900333 
37960435 
849975181 
21701757 
1635561 
14487765 
142164966 
84722671 
67944242 
170729553 
596138489 
262323041 
14616251 
16310266 
5662022 
382258249 
267280117 
21312307 
9532402 
15677036 
863340835 
22530052 
1309321 
28759876 
278214990 
258885469 
16469809 
19443126 
417525218 
280828427 
1151564588 
24277551 
40838623 
267984788 
10050412 
461789840 
24202134 
26242086 
327027937 
388079841 
7042182 
33347901 
24964967 
182563216 
119244272 
324203386 
1035866688 
16616551 
813062012 
389107198 
332638587 
171823143 
21066807 
24742737 
6449282 
21876962 
263878391 
488904618 
57706107 
23258865 
162477050 
942291103 
270401821 
523588327 
25097880 
310406187 
651583 
836969402 
18827700 
374328683 
35408870 
18104752 
79848384 
27607857 
951938959 
363764134 
24624541 
257591704 
212829017 
210819511 
27522326 
36273262 
24486829 
90042383 
12616 
260125389 
179661493 
24773177 
14515799 
333574953 
81692128 
267314649 
76741852 
22103253 
149362640 
18234247 
102600381 
19670467 
362188758 
24821929 
238253819 
19032103 
15111389 
7728632 
126653908 
14197022 
134627147 
17769258 
14829533 
469694447 
28454994 
36502037 
511525987 
24599923 
125913513 
14081640 
1049456791 
105747315 
849256663 
15138373 
19733785 
38268222 
772583664 
1011640812 
259849221 
683523 
21696770 
308233424 
15968048 
1099059024 
18746498 
52484614 
236507110 
91890639 
262911271 
127975950 
150783321 
23452728 
539382986 
61484151 
20646945 
153201347 
26391726 
289584714 
246634778 
152900215 
18949572 
256675984 
18201114 
19327778 
83432734 
14326339 
16728555 
40773381 
92589217 
285558055 
368448364 
21318519 
83998973 
14816854 
42744294 
788135467 
11025 
19918573 
123946533 
1040833218 
28161405 
117288882 
20250828 
85654649 
40280441 
93771003 
30986079 
16674393 
41991084 
247620145 
287782232 
22216255 
19119881 
30732722 
167899218 
125733428 
164453922 
195985339 
31530150 
788219851 
16006638 
26114863 
216740961 
122794139 
8653412 
63294140 
14222816 
1095691 
15954487 
55091685 
277856959 
341251022 
55782328 
555000582 
241187592 
36623013 
116947296 
25456478 
365603329 
462476195 
228100481 
14883453 
228667109 
8584 
367976281 
17725078 
742090884 
340037502 
730510490 
256922222 
14677739 
21618697 
31201099 
196853360 
100598926 
193245478 
139347221 
141539412 
36489219 
33318972 
116984489 
14305399 
18840445 
299345998 
35578907 
227586466 
97721581 
123580683 
208934142 
24238330 
20013288 
27140012 
17374518 
27031484 
59569956 
79906310 
55440495 
282816339 
6487292 
41292655 
14496573 
20553464 
105803556 
283484457 
20164906 
66263785 
58896265 
87032122 
826002152 
17427779 
182329087 
466264081 
18519661 
959606725 
469639656 
28551413 
32004130 
139930250 
25206112 
18627768 
90484508 
625454096 
616359805 
25521487 
399444662 
822934801 
536940931 
19222164 
282724645 
16729297 
1586501 
172365079 
75974281 
14426048 
583188020 
6761682 
196313872 
562248195 
118905570 
15290180 
17888892 
16249938 
15964377 
13049362 
473308914 
106116852 
18982411 
45784878 
497371588 
243655287 
294648508 
26531172 
111514392 
117145869 
17852302 
45795129 
236032053 
927681 
76241867 
26679552 
63120065 
934991371 
378318892 
293081203 
23362491 
19260016 
21193261 
190359726 
586199121 
26657119 
42267429 
21250667 
26696759 
44397881 
40324717 
176102973 
20962674 
450219704 
186594295 
22039950 
103387700 
32363826 
24643209 
184687407 
43903066 
6273552 
69147333 
29620795 
20455625 
427100116 
486061799 
16517794 
40207086 
152411615 
61966978 
20781686 
241964676 
2706021 
4035141 
18199791 
7559042 
14563376 
1372501 
52430791 
602317143 
15922604 
9336402 
22883726 
84357656 
586032653 
331816614 
294464661 
394216985 
428792888 
15396479 
16017475 
17164330 
176207672 
18208569 
161456486 
77270421 
82259271 
35577173 
20609518 
432689743 
770309353 
332611996 
17243563 
880310556 
301165717 
16327067 
19076199 
483912205 
95515846 
80638525 
14293310 
16579301 
28554096 
99798313 
120566971 
413213031 
16601670 
367252150 
583691648 
24950678 
71577399 
309929956 
36111903 
78271942 
34767175 
36293537 
31312972 
71331031 
18133942 
56280668 
25470129 
75427119 
806898408 
24971644 
37622459 
21062680 
17246943 
17172288 
183118915 
18279333 
490727025 
568825492 
231382826 
37311874 
44369257 
24232574 
16352599 
193100641 
33608041 
174406289 
24069711 
14629315 
235441535 
61108608 
410177149 
14227897 
18609788 
36598926 
253610121 
724488098 
124891949 
31712085 
565050034 
70529649 
312189104 
44168672 
19553393 
265754058 
738669289 
291997271 
209460635 
163442514 
112312259 
29134068 
818690 
12563682 
66764321 
12727902 
636781937 
901667311 
556494602 
319176931 
228814331 
33880743 
256115820 
15103719 
345002207 
145368796 
24086021 
320224822 
881456576 
507954733 
195498375 
574002749 
19404826 
392443835 
463966111 
23519856 
214247297 
463700933 
24010388 
262283601 
532371647 
790080344 
13955342 
408296416 
104297366 
183972216 
21310147 
31319824 
92112822 
14773506 
325666721 
161394179 
23230123 
15254650 
291779599 
114026746 
308275829 
22795928 
778687166 
317170443 
401715891 
98499512 
243305621 
24850085 
294128202 
7100402 
28775848 
282193031 
21792170 
66483027 
335442908 
260442881 
18903971 
17843816 
395518889 
26072791 
263292498 
14973377 
24272129 
14318005 
15062727 
71597660 
14880616 
116503953 
55547920 
53489217 
19996417 
22315020 
17297399 
36704352 
21632854 
16061860 
36965329 
764161500 
14546414 
557079133 
16854311 
28652194 
14749383 
331813832 
28109359 
522142919 
14663955 
132788887 
276187412 
5490392 
228925627 
76988818 
25321854 
14094741 
134598068 
20602711 
115704886 
28489315 
24776235 
31002036 
30023371 
154651571 
222648594 
242883110 
21049446 
198995281 
345687834 
301251379 
21540382 
26911999 
23491816 
26116556 
14851532 
37380584 
297224630 
862034844 
25139160 
113897988 
16900536 
199938900 
9146072 
60992417 
232575358 
40806063 
23935121 
23405232 
538458351 
26878188 
38825857 
149590738 
21219240 
15808765 
19661294 
58598187 
105251590 
106322069 
7233772 
30043495 
48802204 
252763592 
229219088 
15224867 
431765364 
226231728 
62290422 
11226742 
443215941 
23970102 
23023236 
48100887 
236954384 
24852465 
93935921 
111690277 
47403519 
33855466 
386971179 
211665554 
1112421 
824313350 
305950091 
18327992 
524967106 
473567923 
214989576 
30806554 
218944999 
22080646 
289420613 
6243142 
76102591 
171245049 
10464092 
56614372 
132358995 
137868493 
617196389 
245596684 
499943002 
733228808 
165461087 
81480697 
112481670 
44381332 
562567910 
21352879 
45499837 
99203071 
114913253 
27792033 
24312293 
21447363 
30180137 
15029296 
25881218 
233286229 
29768290 
28587919 
110213431 
42343110 
37610602 
222236889 
17339740 
15525476 
202861023 
560152955 
29576445 
454380760 
66386087 
342072272 
79699927 
16817799 
62103 
29080588 
26535580 
15490767 
329746058 
16228699 
22557159 
169686021 
35859588 
85603854 
36169080 
183310940 
158184001 
438334535 
829292065 
21036941 
214112621 
10847852 
22778627 
19262294 
20956414 
21360626 
31634255 
22272553 
5971922 
34180925 
14148895 
22208192 
424553500 
19309477 
21542518 
68999404 
499336428 
300484553 
537807175 
30264815 
87348895 
16455483 
16028034 
331299608 
522282462 
25654390 
35658951 
8200072 
9272752 
56468075 
21438750 
32932946 
244606769 
75106134 
785421720 
166301200 
19724389 
18188445 
1319221 
14780915 
237870401 
20642617 
22745779 
83951542 
87639229 
178072150 
147896351 
17637682 
18132153 
28028944 
55104846 
84249568 
15723732 
69049453 
17816699 
388468541 
65289126 
224809136 
43298203 
767 
46176168 
21925468 
132278386 
22557677 
34526085 
779206729 
74544801 
36218435 
715341428 
431665902 
16656851 
19024627 
378968051 
21982720 
15112249 
403008436 
114232546 
25372080 
73447678 
16031927 
283373173 
48241829 
17886323 
57481888 
98197891 
181107372 
37679077 
45689241 
347302832 
608196875 
347919233 
80439953 
24357077 
411997167 
14058215 
21652608 
44256490 
35485248 
35165557 
261309004 
39960511 
28753000 
27854194 
127991225 
518023245 
35150454 
349365458 
19763258 
31495939 
15728894 
41859939 
208697224 
163972276 
111740978 
14089195 
143913487 
13790282 
18144089 
21108498 
48118512 
455460624 
16196314 
17843836 
21954724 
486955518 
38570287 
103158555 
574075745 
573008688 
25102383 
746507054 
15128132 
502846192 
40606194 
282115680 
322360812 
134003428 
23465125 
39628884 
35100283 
26797929 
31165071 
753869257 
26323967 
350576821 
8918032 
35022547 
24903274 
21375462 
38812003 
30130236 
14304739 
65061164 
14575962 
8892822 
24608909 
80195741 
26094119 
142523308 
352548417 
17338082 
54300251 
34543781 
41476705 
17327103 
21276574 
260839822 
292092669 
19604744 
62061126 
2883841 
16589206 
159216777 
86325359 
229767122 
64227091 
15473958 
28395645 
17017636 
23043294 
15437549 
27133812 
98667113 
402422279 
25829144 
15992236 
248748441 
234916961 
30005993 
36226144 
116973704 
737012797 
445845397 
85795778 
38495355 
43850024 
5691492 
263768879 
66817156 
53216562 
19208457 
213844645 
15981613 
1715051 
111410551 
16253439 
16956955 
15381952 
312506921 
174015492 
22562883 
571083342 
24980246 
19240422 
26127836 
390377012 
236489490 
265745949 
15770846 
75641903 
24177962 
131332194 
25759873 
142392478 
562381032 
69755140 
37816928 
20922754 
19167681 
218948552 
218848854 
33621054 
390549636 
18967927 
17994199 
459665774 
74397276 
22186723 
292707436 
76657050 
48761924 
271868474 
24584990 
172661512 
233008948 
1934691 
22492899 
61370824 
100620320 
496734169 
42695406 
28604178 
418429590 
66403040 
30265665 
72817386 
408141058 
200553929 
192086512 
19756231 
457060442 
33706627 
704541444 
216553334 
310489453 
19992401 
221592003 
261275953 
616827065 
218273394 
344958303 
26629137 
293815270 
135292084 
317534697 
413487813 
309469237 
283719898 
254801019 
585086255 
489747551 
621102889 
533701649 
492691373 
494337436 
596000422 
577367743 
490038774 
615359077 
569536527 
556413263 
595988434 
551847200 
390948127 
518093617 
514691600 
595672168 
626230881 
546602489 
548064104 
531367641 
625900270 
455167908 
469844391 
589138867 
506412089 
620828319 
582004388 
579134640 
621467022 
567459431 
544738001 
521260205 
603079712 
523700553 
456148502 
528604864 
158399337 
618736922 
333888920 
420429606 
148018502 
339716664 
408159692 
340197453 
475446774 
278639328 
116604546 
289749914 
250465029 
258664422 
280117495 
52314454 
562949070 
493231779 
300334705 
396174835 
373509327 
625053268 
412446925 
446828204 
492698874 
472088351 
581464776 
528641337 
345373269 
363393760 
409197431 
373707485 
534488605 
541977356 
398344323 
394378066 
497325499 
407430514 
423176489 
491787170 
388458089 
381794701 
411744384 
431136204 
421540794 
434380762 
427645191 
318811284 
500277813 
417301766 
405898675 
480801339 
512783249 
401781902 
538622414 
489982903 
460460867 
435166464 
489105433 
531230710 
449881464 
414538342 
573106759 
475403860 
393186201 
480788026 
598572648 
556583120 
397554861 
520008063 
467970521 
424632265 
382871561 
58397728 
314884370 
257265090 
390484348 
49346337 
625880107 
226999931 
56997624 
202428290 
241356553 
191701353 
45246762 
33149421 
263381574 
240509810 
24275419 
82455213 
264932611 
561515036 
441238940 
153962145 
69391261 
114959102 
275538417 
319451864 
28442449 
515992477 
47409507 
359687533 
187990179 
37448244 
385547568 
219208413 
458124690 
605361564 
133591678 
460124843 
393133780 
468872954 
64098676 
92704458 
542157967 
80671120 
175898515 
15062624 
356268717 
110755826 
712223413 
169223916 
141944176 
287492581 
306298595 
16106143 
14107491 
263025841 
226007665 
330727289 
709877912 
282030521 
607196465 
344753819 
345732550 
466183117 
251754233 
326329417 
365402353 
472580799 
228186133 
269537758 
184212891 
626221032 
534629161 
20922875 
165567788 
313737083 
22178873 
242831736 
49885913 
42102154 
207490418 
13931042 
620570739 
419840643 
19617424 
316389142 
99835181 
75930088 
18243222 
20697564 
2125671 
18202846 
81482674 
64857767 
31377342 
34352849 
484123928 
24016381 
546143035 
41814169 
39610635 
141331104 
21789350 
47672858 
307478701 
269460197 
27261296 
278967702 
36718248 
30286886 
631678312 
16084720 
384002777 
106806240 
330000209 
36449285 
543885937 
89228190 
40872543 
97541718 
193740889 
256099096 
437123950 
427841569 
337190535 
209384008 
32242327 
347023589 
323599819 
366895297 
216147885 
313610013 
20345485 
54692870 
36602790 
261542954 
507718679 
69913241 
455411739 
265542683 
76459970 
167800274 
72710884 
22865593 
34430522 
43268533 
22146920 
10085582 
47286634 
7780982 
139380077 
38637366 
298914028 
369689014 
480120662 
202043324 
257087770 
399745424 
14554636 
378340494 
29775901 
158787090 
394313508 
26686068 
407532440 
540374536 
312302277 
286827952 
29396753 
92369169 
461723519 
261914322 
467923175 
121554876 
18077103 
95605750 
20284699 
230040636 
186333780 
213768598 
16320954 
206871564 
73158292 
17681230 
570943310 
273075633 
268236220 
47469127 
62148732 
217334539 
35987746 
21161355 
408096822 
52652942 
18648070 
252531143 
14662449 
16313225 
126855714 
299887715 
30554140 
409716395 
12814702 
178541249 
164877382 
374490512 
238793775 
533516977 
588831558 
183532026 
631327253 
14797687 
61660043 
237112243 
626537085 
625116367 
457860340 
338643052 
342288981 
70826289 
304231257 
6782762 
94913672 
36266277 
182028677 
108097514 
329884967 
156070497 
355908920 
100012390 
102468542 
65220769 
537681928 
17883546 
15808873 
217702746 
98677089 
47865115 
484202052 
24261669 
10201332 
216932356 
375441412 
348911732 
422147102 
363970452 
275315953 
97992942 
377061441 
303567023 
453705534 
312332969 
341897671 
370378339 
552393345 
30213351 
17099990 
217514723 
206318121 
341771834 
82950193 
46707428 
626798224 
241655846 
44230631 
274127080 
18052661 
52232061 
19591858 
200504469 
194498243 
240390935 
506950319 
366377364 
410091986 
48695654 
571821879 
279352763 
359084329 
487114188 
18777241 
213104380 
493371884 
269166039 
540320839 
16085629 
18077906 
515954522 
21984246 
87543764 
422804843 
159491799 
448530096 
27668050 
251224826 
6810562 
301796038 
48250542 
262165975 
22670311 
16809012 
113469866 
17703110 
279346642 
171793005 
24988714 
18221558 
23897840 
29905777 
357166905 
318139080 
16003580 
210346546 
231860562 
607352469 
45854680 
14619464 
485409283 
17530277 
437198311 
18777381 
191929639 
16541072 
150053649 
3497941 
274294204 
50633388 
16887628 
778057 
288480354 
5656402 
21862217 
21717987 
25604180 
18004553 
478910055 
245667078 
18401667 
594280575 
412779334 
424768530 
187316482 
44215023 
185314895 
21174174 
407906788 
1266211 
293280330 
406412086 
19267589 
560512343 
25402404 
349980057 
465124431 
187061633 
43674223 
23345253 
36592961 
39603119 
246103904 
326882735 
339264615 
111405762 
24147871 
182444165 
366916873 
460714567 
417462998 
21481131 
352025131 
41926558 
356957608 
206273311 
21159393 
148454611 
330400166 
256514184 
566502175 
361247828 
551584969 
18436449 
338475423 
323050567 
36884271 
352257855 
23006799 
374085160 
224366330 
372676097 
87050755 
164141535 
4486271 
68606521 
263531384 
23036502 
314353961 
82275512 
326002179 
36942717 
23784394 
330051466 
269998229 
278347382 
329181858 
502056352 
19042686 
253315834 
15099335 
23873717 
59252957 
406543182 
240110316 
64652341 
178258578 
17175658 
22209764 
38873236 
81400437 
511234668 
167555448 
340935616 
77555831 
166079234 
341797952 
18205531 
376607669 
343544824 
55577796 
14070143 
396114047 
414235884 
23609596 
22400230 
168754949 
22924631 
36976583 
7419552 
395513902 
94246362 
366187200 
17212525 
132551120 
21551382 
102172489 
6576492 
220489573 
252743596 
55709659 
23499306 
542699672 
372016097 
318106909 
309238891 
37962304 
407389758 
190051237 
91348646 
414329713 
343959776 
227056232 
346148853 
259613711 
133841766 
144282308 
508181236 
389834926 
161877032 
390328883 
57500359 
431914263 
325106003 
499205215 
149505895 
505218723 
405902257 
32584555 
446633965 
430170585 
570361604 
26191255 
392299741 
296240322 
19125161 
538614949 
395689042 
571102190 
430382156 
241623683 
334796562 
25862960 
229193461 
177226966 
392201206 
36547342 
99230303 
93694409 
10460662 
63749315 
307853439 
44733050 
24115897 
305767977 
115087975 
51205558 
250365185 
363993577 
16812739 
35510628 
77348266 
18737318 
36844398 
141706526 
119250377 
29056043 
154584937 
14166714 
33540700 
15793380 
32233394 
32939851 
37724979 
25759727 
179721749 
346634389 
165813787 
34465164 
611994819 
321147772 
375993053 
385041928 
25162732 
265386522 
319941541 
390870474 
18570093 
591463329 
243296173 
16678000 
330503334 
367393089 
65786021 
362130649 
361066261 
240941318 
531823964 
42561233 
370192086 
19671657 
277066529 
609635733 
172879839 
494872091 
26547239 
19716153 
590832004 
2858821 
253817293 
15816368 
124021569 
142765230 
75899657 
73311994 
356949106 
465825930 
542056733 
186497514 
65453929 
219698627 
328163418 
51680479 
155442270 
31319716 
281531682 
41197296 
58919339 
53754655 
316218545 
582433072 
367302756 
29084313 
21856661 
537584662 
476537959 
311257654 
606835370 
19663706 
15871861 
194454327 
264979309 
589728204 
45458087 
77695587 
19115080 
207766995 
30534577 
35582872 
19905927 
188503028 
321045899 
125220464 
18458851 
520633836 
116605004 
26409811 
348370895 
161398242 
105214559 
39131356 
327147443 
247628497 
106015888 
196320642 
52875756 
273691094 
25852004 
295866210 
472450669 
48202011 
351948740 
593338059 
605759456 
419920744 
405937692 
51938247 
490744476 
24323128 
602247439 
394108661 
298928684 
83917388 
120801113 
252356838 
543745112 
381872666 
324031257 
379983024 
34248106 
277592846 
579570989 
41620014 
106940970 
213501374 
175854719 
246111705 
14258640 
429246418 
84908635 
296520713 
547250357 
17767657 
178997071 
317967141 
527966308 
392581217 
478311827 
30084941 
164458606 
273947201 
346133116 
15288891 
185052498 
248743333 
26407738 
358884863 
297143722 
37465286 
295460701 
266592846 
426318141 
41687126 
59652347 
207844182 
46754483 
94856911 
220474718 
332828407 
47794850 
350571342 
122538135 
239661719 
344260196 
19953416 
47711064 
337522617 
300943996 
18652500 
14755572 
477337890 
18812572 
93743751 
435282434 
25777503 
47459590 
346818759 
381555311 
175507936 
159683938 
185412764 
474286103 
9790982 
24487855 
40583774 
177335809 
408173148 
228823598 
342928749 
189547009 
329332482 
220269742 
17417412 
274790683 
278244422 
321042666 
327202316 
327145324 
280792143 
413116974 
344312331 
56446306 
169190578 
552954997 
40832166 
589522138 
287989985 
29057306 
25566466 
38957467 
359773061 
287947637 
47765266 
565614871 
586710053 
539491137 
597708276 
567880210 
543060373 
338740702 
262440398 
464497213 
562127987 
548800720 
598786616 
598749196 
510905658 
396282507 
301190007 
592321017 
596981653 
378429182 
314862626 
574315266 
578745614 
556544229 
44598392 
535770569 
559196726 
402536444 
369815951 
572186801 
61908186 
304133260 
522172252 
517361702 
114351351 
359105419 
37338275 
210194879 
36821515 
63022668 
37868923 
549657307 
425999325 
261079952 
432047837 
245167796 
23833517 
24538669 
458870839 
359063587 
53203598 
120314902 
73724691 
84385353 
21879024 
7322672 
24618243 
661813 
138203177 
15817790 
22586100 
364594383 
453061154 
578550903 
15965822 
2318341 
20019468 
190547867 
14383468 
450471719 
554667875 
153733366 
449363420 
459002157 
26604704 
160817572 
95713333 
81376600 
29387819 
248796204 
57170795 
126689232 
76997832 
118264881 
26689476 
29752568 
15906474 
299761896 
20635447 
115270914 
401512836 
27384388 
17281876 
182325159 
112969344 
586189030 
14594862 
98753475 
202060822 
391670099 
15838676 
454559029 
21215371 
23675921 
8936082 
65589378 
780457 
19538986 
247100518 
571499568 
254752328 
19341804 
25629178 
20691338 
59378074 
18130749 
21358050 
22198741 
23686450 
47459798 
237307063 
42741039 
329096778 
262017422 
296392008 
485293060 
381579757 
354046633 
30980302 
306021094 
159563937 
71422659 
18609112 
16897843 
14674838 
354498516 
482862144 
240499978 
163575651 
194862651 
256090535 
380011653 
580026394 
163539506 
53097813 
537782519 
346159953 
102830976 
229514029 
232382686 
27084376 
128725100 
375906469 
61953502 
288862576 
393111033 
46039276 
133394544 
482418961 
206388152 
18000219 
176563358 
62080164 
230513311 
206252854 
54300226 
538655711 
21549924 
25980310 
323996815 
185759908 
160293683 
36812860 
94889434 
446636688 
157603998 
51134687 
21332196 
50037051 
490064492 
103071354 
164571861 
286999824 
128709262 
16660406 
22337114 
88026535 
67451885 
424692605 
51813187 
161212739 
208274534 
46860582 
42174836 
354056287 
260406732 
256324527 
78037872 
30075085 
17987358 
250740838 
222487340 
544781120 
314155396 
135264049 
35733687 
347690643 
541799873 
541813238 
145674724 
53122243 
233774165 
541896867 
9384882 
126385286 
573211847 
166743987 
455269385 
98247788 
88038113 
535609339 
247382953 
237157677 
95045667 
44173669 
69696542 
18228898 
76186359 
118866142 
480139041 
207935779 
359481489 
113952732 
287321662 
52612723 
48733262 
171667558 
350638572 
255840733 
484080914 
384140304 
334480091 
259460011 
250726772 
30100180 
346957905 
285176693 
531834307 
438652669 
261591282 
499514777 
459972823 
430987436 
410229709 
425083330 
568797797 
450140558 
483287543 
475559803 
455089185 
447698633 
481731403 
561107981 
521870055 
106596322 
437022640 
34427217 
377601233 
121960319 
278664171 
25736824 
269585418 
224033919 
25457576 
59043004 
536793419 
17658433 
363915878 
337984746 
428559112 
228925035 
395550941 
161754718 
149765922 
558871471 
396206681 
99587861 
294365754 
82730499 
309881514 
387479685 
191098516 
44701207 
26612263 
112352455 
184172703 
35419828 
11293872 
62777801 
155685870 
150361594 
40257121 
418714193 
19409756 
28348121 
331295548 
416622456 
18139619 
22881014 
24818008 
56199269 
390332912 
30345573 
503668477 
103547264 
81927141 
443856924 
553224334 
399530890 
381831349 
15302733 
124196470 
167794452 
270158168 
239210398 
19173039 
80467669 
15076120 
448961299 
508238795 
360014883 
562215398 
270589320 
275758497 
31582316 
326558369 
33395293 
371532490 
17041853 
96232734 
336584142 
302396213 
589544269 
55352219 
309445053 
47342980 
497628955 
333089955 
584320906 
288585733 
49480166 
28724919 
428704572 
76613929 
55763426 
403847070 
182998398 
99220034 
183674266 
393095302 
516827381 
53533849 
246496898 
85762717 
463871703 
368638898 
336085851 
457228076 
210289998 
476828207 
182158540 
47267014 
70357613 
460633847 
18181796 
91441874 
316751048 
539462986 
423702753 
392245213 
287329852 
23636934 
89027909 
244145171 
17905128 
12478052 
15614819 
16476964 
98994203 
188636966 
233547654 
160454323 
14206417 
228500021 
571086668 
67721800 
59440525 
21930801 
443249548 
14156602 
409675702 
45191744 
583167348 
23899721 
57606334 
139617012 
17117105 
23544395 
18139357 
247937913 
222976926 
283258315 
509664074 
557414265 
124314893 
292658072 
419766497 
86785989 
277081500 
19119809 
17373636 
16419713 
281711657 
21429642 
31094329 
24441793 
14843057 
133082446 
158071316 
219739837 
16381558 
136459387 
163164031 
79068348 
23421728 
22299947 
363514002 
19514201 
15800855 
63607029 
17790088 
42038745 
223163618 
277708192 
168900583 
38475879 
505200188 
394919190 
90067580 
15663023 
238724789 
221030700 
24955718 
128350369 
95682674 
259781123 
41569607 
36693198 
372599135 
284783877 
17497458 
525931417 
550429007 
120847542 
23112668 
15531905 
139251459 
14965870 
139741443 
399805090 
14196085 
430911250 
180600314 
21258298 
321011936 
34875566 
14064509 
27697498 
189281588 
28278524 
18519992 
45928025 
508542038 
393135258 
27721386 
145278409 
277743038 
337063616 
445330252 
462546040 
98829003 
64677002 
74582159 
124954326 
554743871 
27495643 
488824957 
38463016 
249044226 
30106527 
412788813 
29247159 
78203936 
24225969 
496544594 
121663362 
48128905 
321752503 
19002561 
93701662 
98020920 
360721263 
380906596 
99460180 
20793816 
319407193 
64056327 
161538170 
240377949 
523443030 
20622466 
81218916 
60104140 
199540561 
809760 
408878312 
208763083 
303059854 
19091813 
83470352 
255644127 
258877390 
205849124 
273630530 
12503122 
18135999 
78985846 
368474165 
338727056 
360314822 
57044179 
17915334 
115485051 
554920057 
377433316 
273786097 
21393034 
9637102 
363859100 
20011858 
272038442 
35560935 
45586089 
25107515 
341564585 
508013963 
27048143 
407319629 
16098653 
278181605 
51355752 
135718921 
23697509 
90801992 
123681659 
80273245 
27692478 
366220990 
258829837 
278325631 
35089847 
332399817 
17713478 
17669342 
30684608 
16087556 
22714138 
32025871 
419638850 
15285578 
34040855 
76237760 
402750192 
294895343 
317790130 
272270018 
470672351 
71805341 
230521400 
254377515 
17574645 
39936221 
461574958 
289108687 
45797447 
24566380 
328380141 
221638195 
28229748 
481452217 
6767742 
44661055 
247152481 
340473544 
231597021 
38578784 
24118713 
103932236 
204973690 
348930798 
293497549 
48006812 
20630639 
16728211 
377525270 
56493501 
392388579 
16313058 
21353984 
148496087 
15515919 
304150337 
43234566 
20209051 
424586224 
28675260 
102264903 
3817401 
283280060 
111764248 
484060467 
18242312 
45450807 
556470861 
16189990 
558121438 
25589776 
5135521 
506735387 
16189163 
338725612 
273555484 
452595301 
148176470 
39706556 
449097471 
161781390 
88607008 
172777369 
13531682 
16468457 
35579987 
158501759 
7095792 
16387708 
22091042 
123292274 
16228886 
29562124 
414771801 
68454691 
130999765 
202495093 
30149519 
465167220 
508209772 
247980365 
16811406 
434573018 
238619934 
294155574 
169595143 
23202992 
14939981 
355831500 
34773131 
24652804 
326255267 
15399512 
17782994 
393967927 
21316253 
93880402 
333694522 
124240421 
155072563 
52757166 
41099323 
38014849 
27260086 
366010246 
105055924 
127488783 
96602931 
117538284 
337884264 
150057127 
257310218 
151223249 
8199112 
103213049 
274545441 
286954390 
316451719 
29997487 
205129123 
307941074 
247133308 
388971365 
21185312 
389243690 
342463174 
314304850 
53567968 
14528464 
557258167 
211391904 
361134775 
54103010 
489789804 
328562562 
512833970 
18996487 
85479869 
13546412 
17644917 
475539136 
479808677 
351232016 
377504059 
433127499 
18708466 
438521692 
119920569 
781562 
258889069 
204645807 
38723427 
145757136 
31337568 
400993008 
237352385 
19642009 
290364029 
72401663 
157847351 
14613284 
154924316 
17288031 
221884218 
279191650 
135902041 
222881231 
260977792 
204175554 
452483365 
348068419 
382400722 
554058031 
172162546 
302820999 
28074588 
22560570 
19217011 
38131643 
22394900 
86363143 
151306202 
149230364 
239988828 
39562775 
384997484 
385553469 
353369211 
15574232 
201539218 
199135074 
115727491 
65285486 
792907 
16868991 
36825375 
55958403 
26113533 
41145664 
29981499 
202308956 
374357782 
544517731 
259519690 
318832020 
15488097 
138259307 
479284206 
271699010 
131658248 
24390609 
858051 
12553672 
518734474 
28492149 
18695035 
454704788 
18158403 
16688083 
488858499 
333170091 
33583582 
18463371 
287697386 
32651099 
419009866 
334425390 
335600146 
68811001 
342532408 
469031007 
276049355 
268082241 
521516991 
229295495 
91588461 
321073699 
21407833 
45446985 
351595754 
24578416 
270899101 
242494991 
18712841 
390155163 
517163387 
96170782 
216145613 
18988721 
129192150 
53148403 
275091250 
21847886 
230271313 
185009065 
338632617 
261919482 
25744258 
19478601 
369832298 
543522558 
73526660 
311128279 
429998398 
406484638 
182617628 
18063272 
91175496 
11414642 
281272843 
121640074 
25301510 
32535636 
400302364 
213670984 
127900092 
123391770 
37536905 
37575808 
237520567 
334776829 
233364623 
43228857 
339212332 
257808061 
213103617 
172540730 
398203929 
280838344 
409486555 
22891326 
23625221 
246555194 
121574840 
16583208 
254195953 
51241574 
17501411 
14103834 
124050122 
25145923 
207626389 
32713532 
22517388 
30950136 
153873116 
37107991 
62911603 
132797342 
16000608 
17343329 
2819741 
137767705 
23818581 
73251301 
157217115 
140531481 
34689419 
11783502 
75965720 
256634255 
407988095 
325826992 
43804110 
32378273 
13532822 
76109076 
449112872 
64636783 
47994320 
38916597 
33402433 
265156087 
425496677 
262433220 
26320449 
35867686 
26958348 
21619657 
17187384 
188903506 
16557618 
339259699 
17290126 
164838130 
360306824 
410921004 
28797737 
135271853 
48297439 
30817847 
526316060 
17663756 
461507733 
27603 
251400353 
33683579 
16584885 
59463566 
310827615 
340387229 
17169018 
73980903 
14719196 
238319766 
141019494 
65309636 
16187851 
1224901 
17447872 
37612392 
23826838 
499149042 
21367217 
272522029 
16276368 
271085687 
33449379 
262784238 
291908837 
79044389 
197722193 
30309556 
14576597 
55365971 
207600957 
18030607 
24586664 
347038824 
273520649 
22498498 
364602672 
67232553 
22752294 
111406996 
22595235 
6845232 
17913992 
280820428 
164606545 
31027322 
243503452 
263012642 
75596898 
337834979 
65790449 
17746516 
97097192 
18773468 
14506253 
234993647 
19251753 
46185566 
223648848 
10946792 
34682755 
423875866 
17711152 
35421350 
18888713 
160812796 
23978727 
74594552 
354900543 
48736104 
205066065 
228865671 
102115136 
199464983 
98230717 
47280810 
243954415 
309814284 
186253063 
280381913 
217364183 
12056142 
110285940 
33970224 
18769191 
249870952 
349353702 
410463793 
111265462 
28205458 
22448172 
118191676 
28668422 
24559363 
73806578 
25908854 
366661427 
474345633 
267595623 
283166953 
328226976 
30212332 
338514720 
375952232 
383917669 
189230272 
253721726 
384146157 
242392274 
21730061 
119161828 
489890013 
311038470 
312024076 
134944586 
91528251 
161563266 
186756834 
103720561 
523850585 
22585003 
64317735 
26552627 
45724628 
250679567 
183495444 
393060811 
20649962 
69895840 
475020190 
257068802 
14092013 
286312281 
257656442 
243627457 
35696466 
434166649 
38793248 
425025513 
253184037 
385134287 
14293091 
432961867 
37534585 
297056548 
33096943 
136952438 
28423705 
221921505 
189598944 
20333987 
21455853 
436143123 
29224261 
74231747 
35206553 
86985541 
12193342 
18713254 
16164337 
148922055 
17815912 
21600144 
18101713 
172887151 
29459903 
74770817 
15450706 
104381993 
25553161 
248539323 
50571724 
37419643 
307540145 
423120520 
43614990 
486964459 
16011605 
44257647 
283063837 
287994780 
53130414 
447353281 
39676291 
30131061 
146218381 
181468651 
199399909 
357334971 
45607170 
287297852 
279191619 
104071616 
16106109 
351200021 
23855299 
57010507 
21711511 
275686563 
11928542 
16217345 
70857647 
344455372 
32839493 
45883060 
22716334 
99016418 
471570812 
198304650 
304766985 
374261712 
475877633 
390505814 
183278990 
474603684 
262944090 
14411693 
501488051 
243190712 
491964793 
23855003 
262872869 
457727139 
373189312 
27879726 
14715795 
506685673 
43031414 
29883664 
20953745 
346930707 
339299788 
154372103 
146923256 
133169951 
500042487 
18156572 
22416517 
134636001 
213738479 
58695626 
38710379 
57687507 
269557743 
78733500 
293010495 
20115402 
261541732 
41212958 
349823203 
281781709 
367576304 
22800249 
423938362 
17158189 
16614746 
434522367 
355010587 
290183109 
264517074 
96732629 
53429839 
15180852 
1140451 
142106450 
28653902 
332130530 
199353409 
56235246 
390220817 
28076021 
291495132 
25233746 
331936440 
393143750 
46322461 
48998448 
19319043 
58529612 
245882553 
30826899 
110595470 
462509216 
394155776 
46476819 
86238892 
299378813 
71600489 
490440463 
51116829 
97325999 
265593784 
175502785 
195192399 
115321327 
293421715 
213175270 
97560671 
30387071 
385228310 
196187334 
464921310 
19507761 
238455583 
25965046 
482489100 
18949610 
177002863 
154403533 
115396965 
178562324 
380053745 
69395406 
359830771 
25203377 
85951927 
104994007 
362885558 
54356243 
285438199 
393821368 
33800610 
241195505 
131675639 
18037234 
423154707 
175819609 
491685862 
24612868 
168463451 
47042080 
26053643 
35886639 
41232039 
398700622 
15496340 
271168601 
126086419 
339276780 
22070897 
265639622 
33578979 
110337642 
14549901 
169345239 
272785300 
267549686 
451715364 
268890649 
19571299 
379539317 
154577027 
20829167 
310316169 
14563701 
34462278 
335463964 
13145762 
296449041 
277740861 
278334971 
263740017 
376522515 
52510462 
265179935 
20880887 
104404554 
44351644 
14161879 
13793552 
22063470 
22677790 
71273952 
25725698 
24216951 
6484412 
35831257 
160653992 
91185652 
19271627 
269113295 
14496323 
183014253 
14763210 
26097033 
397053001 
46997762 
17130137 
21480638 
466118096 
347256043 
330576769 
482107743 
92133013 
406015273 
26652343 
306034781 
378408677 
62882373 
300269941 
368414039 
6605832 
282867308 
389224684 
325901565 
381115113 
362655140 
82716001 
92652649 
224449916 
82452359 
19578443 
121373724 
21626182 
27758000 
391186375 
18873480 
55389253 
7764332 
29099516 
83533728 
30033143 
461130177 
20996637 
172768169 
76178820 
17745013 
37010605 
15691172 
255798270 
279106232 
382826186 
250180507 
185761746 
137500835 
136329950 
22074596 
270190071 
326518745 
32667618 
444979318 
16051471 
21884716 
39021208 
172981527 
28028204 
84696056 
13490132 
47383660 
199166973 
256595307 
363972924 
74522841 
146111270 
35116752 
15088735 
364740585 
472686463 
95145791 
28271312 
71184239 
355811084 
27522977 
170126531 
13270642 
141311588 
35944212 
225674210 
15633023 
45461248 
360193906 
16941591 
346626949 
31020465 
373047673 
147671229 
215317566 
29274761 
188849797 
447467374 
331376676 
106455891 
183502719 
317236322 
466905797 
472502077 
358307764 
68604191 
15633646 
418317049 
71609809 
301228191 
96256810 
189753360 
36265529 
389605287 
252865959 
39563785 
16223662 
15451089 
35328314 
29059747 
22145130 
74861793 
110150510 
24613253 
98261546 
25189615 
206839773 
307678239 
67022684 
442574710 
246144786 
47364856 
170034724 
121216105 
22086494 
337187920 
55748107 
227348243 
125553637 
440456375 
16139294 
14148063 
416963802 
10111462 
110257430 
