1463880866 
1849352546 
2611260818 
90252217 
622119561 
739090381401382912 
168078468 
91411059 
1248206258 
994145154 
1292775426 
595823829 
1414721006 
760445633270546432 
20291704 
116706360 
2778842292 
3404806331 
714482171097059331 
1654449182 
1006237058 
1595860926 
393802545 
328360566 
600591467 
2810068460 
393696247 
2414767262 
379526391 
1962569347 
3328277663 
101857419 
3399981616 
460546145 
790201489 
16933337 
1292362992 
4211130257 
221197757 
1851083557 
2338877012 
2727553743 
2387004842 
2191456231 
2286047670 
2361899089 
2372871345 
1320073344 
2267323507 
2345391823 
1353479845 
989429790 
2468963930 
1276942680 
437848738 
966927354 
297692168 
1629554263 
994348968 
71893970 
314285408 
353133059 
941520001 
1967409354 
622137134 
1446896970 
2384294521 
2308939452 
2229917918 
904918116 
1430981016 
1012640989 
1483237772 
2827072824 
2893933908 
2786660319 
917728100 
462636532 
1481073828 
810483626 
979499306 
18353813 
1355481840 
287360112 
786176419 
770610080 
2870466990 
3894839309 
4605204442 
613913776 
2319962653 
258923616 
2266209018 
4808588599 
396086694 
50618718 
341658039 
2716997492 
240735095 
18918415 
2857967952 
2893505132 
2723171460 
2890303152 
2875052947 
2781691536 
2741867721 
2338618502 
2814085479 
2338658462 
2682013394 
1721812080 
2847646308 
1419370418 
2861960480 
2719234380 
2227779030 
872556542 
2896405353 
585726644 
408565528 
337038376 
891566299 
894537902 
3297185825 
2544918864 
825461504 
2258189077 
1373283926 
2974886607 
1016078341 
4687623691 
2764575133 
2457435092 
2801550780 
598362722 
578990250 
2864150677 
522526329 
2185054844 
259132164 
2165651892 
450397702 
2191718670 
2210416492 
2498429210 
2466467903 
3696762615 
175605389 
233614681 
2458481173 
3289668180 
3393194788 
2162266469 
730467880840630277 
3341361357 
708504179636092928 
2642522574 
3292769216 
2371617488 
713956747216625664 
728020637415936000 
1959692623 
283499373 
1162780664 
727716720664838144 
518055088 
2887860554 
4800224653 
731999557643460608 
730512527814057988 
726172308683952128 
732064800637882368 
732111512970530816 
732049588639535104 
505156073 
732065000429260801 
388441585 
724775655917805568 
374738048 
3045222892 
732045523348131840 
64828536 
3095722277 
713591470125490176 
3758691673 
3382724950 
3591503546 
864740244 
711564677592039424 
731315735105028096 
715800976574296065 
732028723369787392 
487128791 
3274620901 
731973564585246721 
732031648921980929 
2779991005 
1586340066 
731498483274780672 
411270424 
113677228 
730551007369797632 
732110365153071104 
2738683935 
2834685669 
732005241277820928 
3232422463 
810039332 
3830387073 
1012440506 
1319423220 
1256340294 
731300853219479552 
365939619 
732008131706925056 
732008856818208768 
720795760938254336 
731898599676710912 
3023859011 
732010174752296960 
732011751802183680 
729864263293087745 
732012786717319168 
732012543070212096 
771944028 
1565466499 
2229846740 
732014619468910592 
320443697 
2786560395 
717456880440844288 
811247414 
2176399138 
1214270892 
2755599120 
732018016104251396 
1546530799 
4175783834 
3080981892 
730522753946685440 
731999816830603264 
53467623 
1569651294 
4106888593 
2407831298 
731815818422587392 
4859002961 
721138479288201216 
723697301546512384 
2569869654 
732025086954377217 
2902108591 
732025362985586689 
731909522218991616 
2315781235 
3755133321 
4659120555 
731291103668801536 
1849589000 
732022569243709440 
3357340245 
732028983869497344 
3308322726 
2975545783 
4505921753 
2271953203 
1976829858 
2943212390 
4314437060 
1872939433 
2808564312 
4826507312 
3242359040 
732036306373627904 
2685117095 
2652362561 
701561292704903168 
3273766951 
716785270989819906 
732036439521828864 
726171487946854400 
731633545630781441 
732039203060600833 
2745350231 
2261535410 
3179620369 
731958648436625408 
2871783673 
732039675540439042 
724953409690959872 
724553231876026368 
732041689888481280 
2941804943 
732041109422133248 
732042259214958596 
3060558065 
732041828464263168 
4841697601 
4476583946 
118606045 
731952320066523138 
3150663133 
2768660995 
726570486608609280 
1837706797 
632407814 
2796734800 
732044761150988289 
728404450914742273 
2509544002 
731248550596599808 
3122349908 
732050810851352576 
732050249657765888 
732050401432850432 
730973763500539904 
846396852 
732043239411224576 
702900141171150848 
4569170655 
731561022008492032 
282306025 
2859179662 
732054742864662528 
576817356 
353388667 
165679687 
730878020769087489 
732051277186637824 
732055584556507136 
1069405742 
2599377804 
732053247154757632 
4665206892 
3188174954 
1343396341 
403802240 
153818481 
529535879 
572049936 
4383610872 
2505931340 
1723666158 
732060715167580161 
3318902000 
2257857925 
731982268617662464 
1135386852 
2189463001 
3504527832 
732061464538820608 
392453809 
1584660398 
720798078320668673 
92773448 
732065070901944324 
2254108626 
3429364463 
2608629565 
2381329650 
732063278940098560 
3313956530 
732067142841991169 
4765914920 
178161784 
732069787552100352 
67066796 
709196904899411968 
732061142479081473 
1409804629 
728092180170989569 
53548572 
732072837566083072 
338128583 
3126479747 
732074496580976640 
2244259459 
3053663443 
732080074757947392 
381794666 
911132964 
2949234948 
19008332 
731954179535556608 
3297533640 
2998695169 
1038143689 
732096187252105216 
51939846 
731775887302115329 
94830447 
4911964606 
433136762 
14193965 
453581473 
732112888479932416 
3245591954 
393048062 
726063658120318976 
1697250451 
2485618927 
191934031 
732123368518877184 
732124998677241856 
732128717342789632 
732032958257872896 
730572358843535360 
2902900095 
2153996562 
3023194846 
732034462922346497 
3092790241 
731856952091934722 
3435996749 
3723800663 
3105566561 
731732061875134464 
2766418527 
720431801609486336 
732039190830010369 
3092250233 
710098103412588544 
732038759273783297 
731310206412460032 
704139548 
4298053394 
955967293 
4909577695 
731934188069392384 
354572048 
732040604180463616 
732040011193810945 
731216706937466881 
724659366763237376 
4534037532 
730487836579745792 
2316993689 
732034635316629506 
1086205434 
715889451868684291 
3041609470 
1239422756 
3096751693 
718308536284004353 
4278227952 
722170806864896001 
68567761 
2798566401 
3852515118 
3320435676 
2926714297 
732007175778865152 
2999713321 
1859252455 
732026383354986496 
732043106070056961 
2742238623 
732042243679215616 
2681389195 
3304041542 
726940528735047680 
2474602675 
4719350673 
732044332178522113 
2416746211 
731321084583116800 
715026212163358720 
4608200413 
3248895709 
732027758486945802 
548464853 
4880224257 
731972713594544128 
615245671 
732046343993098241 
1868652811 
1048186194 
732033660153630721 
732046157698846720 
732046513501671424 
2941738786 
2616976201 
2335553803 
401817751 
4766378792 
3019212249 
732044775017189376 
961073905 
732047536593076229 
4613020102 
2180443472 
857358931 
731849493583298560 
2820084499 
732025754628710400 
800222280 
4640049054 
1686597636 
826220796 
731618380390731776 
2957396100 
732033496869281793 
1649345388 
731908223339483136 
728022473816449024 
2495411228 
731658918892601344 
2766920679 
4770746656 
732048475353845762 
732050094954942464 
272519359 
3787317314 
617340094 
732049657048629248 
731465115988426752 
732035288805969920 
728008812288872449 
4729989966 
732021737177505792 
4381140552 
732048263457701888 
2904267985 
867485112 
3312563730 
4452136512 
803491542 
4475963128 
3209814988 
3614022674 
731342890853498880 
1830606637 
726956446152167425 
4848862919 
408813948 
3511388894 
2471998081 
729463428851503104 
302338699 
731468729200975872 
2758274420 
137183768 
731718022352670720 
729942337942495233 
726200658546810880 
706869207476998145 
732052128248696833 
982938318 
276742949 
705750702 
133007368 
970443356 
732049863047806976 
2934901169 
732053521541922816 
2529910379 
451200505 
731986022125453312 
3024291407 
1353821202 
1191325387 
732053928632680448 
496448174 
732054064758808576 
2732976465 
1918755864 
318229739 
3127214913 
731840019300679680 
732046852023967744 
3832693156 
1324125102 
1181136354 
731065763843313667 
4706615282 
712333477794816000 
30122355 
2619838188 
2183619726 
2934596291 
730865085577494528 
239356241 
732008050396028928 
3308912880 
3322389682 
2617726891 
2311463533 
3779924233 
732035186037121024 
171876288 
952990568 
731963396480995329 
732043272332271616 
732049534289747969 
3301965478 
4868013371 
732021996565864449 
732058080976867329 
598928512 
70181256 
443190562 
732059421245722624 
2511676198 
2646895243 
713441530355126272 
24951569 
88216512 
731579230518009856 
614750564 
732059692436885504 
730735288272572416 
732060771518185472 
707394964938891266 
1700657556 
728405717502173184 
731282707305488384 
525987667 
731766841614307328 
731826843146276864 
714577693472239617 
3368456722 
721896902443298816 
3312663126 
715790490550026240 
4641928368 
732056214167801856 
721884400179228672 
2818568730 
4831754723 
732062462908862464 
122570923 
731904065500790784 
718582458879332352 
709939756331741184 
2606612744 
2877476384 
730947897420742657 
3116213968 
4900760413 
732061237001867264 
730475750969778176 
728400010153369600 
732049100384784384 
732064222272585728 
90832113 
731894323755814915 
728824344323883008 
2429021617 
36206576 
730220530855481344 
731916874225700864 
528513484 
729483616531546112 
731740275123458048 
724564150244929536 
725080451430273024 
724054496012197888 
4786924760 
3959621293 
566873357 
3292111838 
492424017 
4659521549 
3016801385 
703772727484641280 
3942756929 
1690098698 
731705299774509056 
731238734998294529 
701190119462723584 
860504912 
722140429685256192 
732067207232921600 
732031181424873472 
727682310816980992 
732065777247997952 
721598247672807424 
2408175728 
732063350117404672 
266369200 
732068827928920064 
731925593088917504 
2908267675 
731851742053158912 
732068538249175040 
732069985200148480 
602371144 
731868313114972160 
720107521818673153 
732045237636321280 
2911808225 
732069565425815553 
3629115434 
3152843444 
3220910600 
732069680391720961 
3467899638 
730192154396479488 
226919053 
268639767 
3575571917 
2503104815 
728741270005424129 
732062129017094146 
727704777811861504 
721652440429268992 
723995726376783872 
2298777338 
732060256755318784 
732072533793476612 
732072516814938113 
728401223368380416 
731116311078535169 
3239408731 
2613457087 
732072619294396416 
58704506 
4499143337 
732071431429705728 
732073311295934464 
23502227 
731282041665290241 
732074163519639552 
731874627656388610 
2912091886 
716289197233975296 
731045799396839424 
2633380199 
4918618452 
728556344769282049 
471759989 
2918060834 
720745102633635840 
1113111547 
2935576849 
124628871 
732076712897351680 
732012718417272833 
2542266745 
385872629 
3238607000 
2724463291 
732072897167147008 
700060749 
2970519904 
732077388763271168 
731727740529823749 
235581453 
731620409964040192 
702061610 
2341152410 
1393418148 
3305380238 
732078870195634177 
66694590 
732069130912813056 
729908535757185024 
110755257 
724533949209288705 
2595117969 
732078657573933056 
732062001858416642 
2848934364 
726113206960291840 
731783202478514176 
4325812942 
487007604 
732080685737861120 
717542714334699520 
2250573725 
732075046450135040 
2997331598 
715226172 
732081617854849024 
731948866111717378 
732082061612351488 
2905614505 
245322394 
489191002 
732080925694009344 
4712250694 
3526565594 
731691211040284673 
732083623080251392 
272633572 
732083710435033088 
732082431499472896 
731847672001269760 
3777010454 
714681211956961280 
183921899 
3169360051 
3209764060 
732057805260099584 
2598471689 
3194306414 
700566979963277313 
2921538180 
3856554734 
240365363 
599007367 
731476943879593984 
2208654015 
706457384 
731814201019236353 
732086209292308481 
2428704059 
732086234932121601 
3096908774 
725052106495778816 
732085814713192449 
732052069763309568 
4849938486 
731713536942997505 
581538601 
3259251260 
732088653309087744 
513782835 
97370110 
732088998420582401 
1627895078 
732085088079478788 
713003360492855296 
448593608 
3184781581 
346106537 
732088218095489028 
732089162837331969 
3326281410 
728450948 
3532881560 
702496656755970049 
714734508294201345 
2379290990 
57003785 
732089602446483456 
732089971520110592 
732086727607619584 
732090440564899840 
723730961641422852 
732089870210846720 
4470783614 
730943197065551872 
3938571075 
589276335 
2172910926 
730018406368301058 
4614818240 
716532610420187137 
3310234002 
732092235039133696 
732058076392525825 
731790060396240896 
732090770694361089 
246006227 
713811126228815872 
2231260079 
732093272261173248 
732093108117065728 
732094777475244033 
715218548 
2424731365 
632702620 
94458862 
731852751068495872 
712129407905873920 
1642048879 
3313688587 
2743478188 
731398438240194560 
731962593028399104 
732096810676682752 
732094728062132224 
1378854877 
3150103800 
237359605 
181213018 
2705999155 
3110009697 
1364993814 
1322162430 
732095222210007040 
3091184404 
732095343483969536 
732097232468512768 
4364228412 
732098826278834176 
732096411408338948 
1328032326 
621300417 
732099988818251776 
732099007707652097 
732099638640050176 
431750503 
1266598416 
732099191502049280 
2273953868 
1497658429 
721383889176911872 
828554473 
3747079875 
732100309791596544 
3423745005 
730862982628933632 
728170796041015296 
732100858754654208 
732096353585635328 
2745100701 
732100985594728448 
708834172920586240 
732101919527833600 
732100121576378368 
724480921072590848 
326039202 
732079392290013186 
731836242317312000 
732101974955560960 
732099974511517696 
2937873824 
4436831025 
2359469491 
3254646467 
730362663549669376 
262707985 
731925928163577856 
731414425438035968 
848498916 
732103825885167616 
732104614577852416 
273473683 
2317479365 
4317587598 
731067863021277184 
2992867135 
4847153164 
3156822972 
732094078456750081 
3220716230 
4861476994 
3925065673 
723022169043689472 
732105413118824448 
133255081 
730985989326299137 
732105950065123328 
246558052 
4417575012 
2483326850 
732099917582229504 
732106346070335489 
3315702058 
2805662072 
730290131249156097 
3285105326 
732107145676611584 
85948572 
349369593 
488179576 
719085005314502656 
732105543393763329 
732102538518880256 
3643997600 
382284343 
2989846283 
2905937364 
730999299975188480 
721959688888197121 
732108825952714752 
732109913598496768 
732106227610570752 
4912573121 
731014055880724484 
721901373265022976 
732089156579397632 
290517093 
732106689240006656 
3015103511 
3843891567 
732109679828992000 
731943495481622532 
731781523158917120 
2926456896 
732113585434812417 
1709159678 
4066387468 
732113597132853249 
732111483509870592 
723348235469750272 
3334678330 
2323046809 
2737055010 
720294630328242176 
721621798585032704 
2751345792 
810376339 
731763556996145152 
732115737712701440 
720149361808711680 
731336331494727681 
4646756115 
3119524508 
718260562417868802 
264107670 
713352398396215296 
732116990295302144 
27916785 
731403236029009920 
731570160553730048 
731316950438043648 
3358507773 
732116362164756480 
730164212337627137 
732118524143902721 
295499293 
3801938833 
732118692964638720 
732118065928769536 
221799151 
732107121114767360 
825495342 
732118830697189377 
3302729579 
3012211533 
713314419128811520 
3004942346 
717337153785753600 
4861921764 
732023112498176000 
3300340430 
3071278957 
732117780301000704 
732121347095040000 
280702923 
3107999875 
732118531635085312 
2510170801 
732121774561722368 
732122409663225856 
1007864258 
732106689781071872 
732122871548383232 
732000837849907201 
4865139395 
732114549025824768 
732123453164134401 
732123879976534016 
3472801155 
4000478834 
723146800048152576 
2905168425 
237634998 
4757708670 
1140815911 
2413241246 
400872693 
720954370779713536 
718433021326524416 
729229060677586944 
3061602713 
3392022089 
713773533361377280 
4440957274 
2963620349 
2935798394 
447323351 
1571255358 
3755735540 
2277026354 
459911885 
711420286 
2469080593 
713370569652191232 
374836876 
4538763024 
725085340164362241 
2428199524 
84555428 
2464807350 
528824966 
283117353 
1253583218 
3052441506 
1637119368 
2794633400 
1405593379 
1945130653 
725668958657982464 
550598633 
2454310880 
724865116890603520 
16290934 
2902339509 
1211467214 
24602280 
725030211641810944 
4476178827 
722315458058330112 
351822612 
2272106084 
622982399 
248908269 
725476723333033988 
23396613 
725585146842386432 
73795160 
725103808557256704 
3291520017 
2573013214 
706719984274132993 
725902660981776384 
1692633806 
3221812326 
3669219196 
63104315 
700817428431945728 
711318342049476608 
2462481062 
130314799 
3318609950 
726107886187892736 
211235307 
2613033780 
4224181692 
3289104289 
2446325528 
482289837 
1165123116 
242800786 
1131652614 
2314959264 
726363947637559296 
291758105 
724980131190693889 
3245521153 
135729275 
2468666946 
4410037943 
725850238351761415 
3297133242 
726605813284896769 
2818745180 
726483785936568320 
271852702 
24475376 
3077352474 
716473603957456896 
708357084518027264 
1438633116 
2469299258 
718220293056131074 
2255315283 
111442528 
4872965140 
283207895 
718855827302383617 
4896155290 
21966429 
727005758685077504 
3723430879 
726988442840666112 
4233877874 
4735508774 
2543730703 
2930887289 
612576449 
3174790878 
961612483 
727367627950182400 
727324540670468096 
181211334 
712693920640081922 
723229363492155394 
727465755558576128 
706391217542574080 
3179870495 
599554965 
2468589630 
2342078553 
4698186446 
3129935020 
718086653315846144 
3413921889 
718694506485256196 
4315482747 
2830747844 
726984468859355136 
2236531967 
3237391686 
727718202885672961 
150595563 
3438493605 
726816234054934528 
725000939430629377 
2325908647 
719006135987019776 
2522426742 
2329253701 
4856919307 
472132412 
2998722065 
67175124 
4871651661 
1898988302 
2153191822 
556816377 
1742590921 
3039588521 
4756577675 
522211448 
3320853775 
716748753353502725 
2606534931 
2294351791 
202296856 
722169215549988864 
2478936649 
725925982951997440 
728611270312726528 
1689559951 
2490506412 
728675325589204992 
2343557118 
317537142 
724672284854751233 
171620638 
4838696771 
718994154223640576 
2394421687 
726013914241183744 
411488234 
4913228839 
2843306038 
4188367696 
4881363136 
2188235222 
721861446980804608 
729191843460567040 
342726881 
3099571213 
728393467261386752 
4676710434 
729343551373369345 
22054579 
17863018 
472219873 
700913845296984066 
57267958 
1717883329 
4657677987 
27605250 
726774097196118018 
3219201890 
729125224235458561 
1512112038 
2411462475 
729126290100473858 
3054436613 
719334919260938241 
2769255562 
2331089084 
729103344359247872 
1633770866 
721166085840474112 
3392664921 
3301192645 
704913964765941760 
3019910744 
715516191016615936 
717669586162692096 
467131052 
729150667500179458 
2890413919 
2836023403 
3597387433 
795142789 
4226481194 
1016655866 
95793255 
3195852540 
728388426584756224 
726771613195100160 
3160447288 
340399669 
344910886 
726251068204544000 
1069186922 
20367003 
2343692152 
3299968416 
2324041682 
3798924073 
728795916572860421 
729241635658194944 
727556675402629120 
729265187459465216 
2509364865 
2761999021 
728692111663497216 
251631504 
926328343 
729270876546310144 
327859640 
728314543424819201 
620446029 
2975674792 
718212868605403136 
459660893 
1403366647 
36306147 
2683301869 
719508308499914752 
4453931159 
707430820202598400 
2397326591 
1081185480 
864822386 
1154661864 
2508256627 
1470703830 
3246930519 
4831697123 
516434292 
2577104268 
374878052 
4486157667 
2302145559 
2439663835 
728623750351077378 
4563936193 
3324794663 
3148140162 
710817105189478401 
727626177506988032 
2204941706 
723089633161019393 
3303343769 
126109193 
300701518 
2479301798 
709673172581224448 
728677529641308160 
2226945684 
723906460288225280 
232752552 
727947986706305025 
2958792045 
3283582266 
1552055984 
728450759625334786 
3328699684 
728229163371364352 
2239959015 
14321517 
303253191 
161240097 
2618853769 
550732626 
191945963 
2937790436 
1120477514 
3308152615 
1574384791 
531899485 
3322580156 
4777295361 
699408078010245120 
728816457463668737 
3396981094 
2540167512 
723196189211000832 
105693406 
1938900894 
2185612664 
706691009715961856 
703042636349726721 
4634435302 
2810187266 
728319483278819328 
3299948241 
2169067867 
3283751251 
710277908963545088 
2509340357 
2936694896 
4797637613 
712459542429179904 
2413364832 
2857799765 
2981931021 
3246526874 
2474019133 
498756800 
728966118577070080 
247033041 
729353658173927428 
3268948058 
727336389029797889 
726534063121530880 
3311153588 
2579495959 
723254389612380160 
975097969 
717498802991710209 
66065402 
3448953562 
724855011319156736 
3380278998 
576843652 
1512253410 
723296328176914432 
728679857190752256 
2904166423 
3537370275 
1837719048 
2699952226 
393612438 
572858681 
268622069 
3783428721 
724356521275056132 
3413815509 
563179661 
729390472712556546 
227447139 
4698219649 
727567982688387072 
835681458 
2556869557 
1247962848 
634492317 
2687435732 
231750330 
969585200 
2440566972 
1177458684 
2912597527 
376240218 
401831698 
714792162626560000 
4855938237 
4716668784 
3060717076 
3544352780 
2901344216 
2903488741 
4699023200 
104941111 
707384924114960385 
3060829898 
4914832236 
711881080052293632 
721250720 
1891578745 
3193076598 
3960594794 
88896874 
255230735 
3107097379 
3415294373 
41111097 
723638758818603008 
724178044487798784 
725539590552051712 
28639473 
23459837 
20546297 
20271494 
2536512664 
452540849 
598919816 
189671070 
1124888953 
21366823 
2413830264 
2363884735 
3522286932 
4576493295 
2857731073 
719396809932574720 
725818899279683584 
973162784 
29535974 
725844827628134400 
79741616 
1332313531 
2968689946 
719705876211310593 
2999072549 
710575636046352385 
947663042 
1435048940 
704330484420104192 
3146449753 
702269921921781760 
3664348818 
3389125660 
3160103035 
2826047056 
712180978849079297 
4516905193 
722928885579390977 
3296602321 
4918452018 
341724303 
725227338045083648 
2779880488 
3328623889 
3274591404 
276427656 
568036736 
712992047603585024 
3013132250 
115679415 
2581090899 
724858066206887936 
1943982198 
2778426090 
704976483152887810 
3695421252 
725037848903204864 
2900292330 
1717129098 
2514722152 
725259983676268546 
2788658816 
712695667643146240 
60069263 
4905160046 
2410882686 
4704810486 
707161046419550208 
2340314404 
4872323530 
2343686640 
2543716844 
4854765911 
2301817603 
464535930 
1418881621 
3577172068 
720406100386967552 
2517661309 
706421480800784384 
243312558 
725026781149941761 
724967422311030784 
1329177666 
214155981 
2889848854 
1014895614 
3342995597 
725574358425554944 
724917478355263488 
4889506100 
3236160493 
702610622689763328 
4582986434 
725371897324572672 
721714334531883008 
371230490 
3311488321 
3086104212 
3283872181 
725230790930534400 
724565001479053312 
4811905880 
1116297008 
1382097936 
142939938 
720203663919087616 
1053256370 
2965871751 
4065681243 
2420701699 
2848478162 
4735956015 
724441032134254592 
719869013367590913 
723127846080643072 
3385743492 
713921683531255811 
2420510100 
725676650193649664 
1833366042 
253587844 
716016618451574785 
3309420122 
725672197549780993 
1140635994 
724784652901343236 
2865933137 
983269489 
481926866 
722490203156398080 
4120730386 
263461311 
725390916802977792 
725005171516919809 
704637526712131585 
725263283729666048 
3228156175 
3439434598 
4763777070 
323937304 
3027181019 
714464393312997376 
721653119789187074 
1318794944 
4251208040 
717048349787090948 
705032659848859648 
723841021348601856 
3841495101 
53973065 
2481006637 
4889658674 
701471776757383168 
4166022976 
3039651603 
41982198 
722641954023084032 
724405310002212864 
80699986 
186226900 
1123600489 
720961226050822144 
3305787478 
719385578769256448 
724183788796928000 
1024435806 
170900539 
3428374864 
725687715723878403 
725572372846137345 
718969006087081986 
720270816496058368 
4814571214 
725391521315479552 
2589228747 
40200769 
1296276816 
1537501057 
3428886053 
1711261201 
723563014583115776 
723353834022522880 
4133084241 
2224351390 
4839996051 
4691739482 
1897709574 
694658355202281472 
1615470254 
200905031 
26642035 
1629921565 
722032259465945088 
725371753820622848 
4601540766 
3379681023 
591592771 
3297228394 
288219437 
4837844386 
724311375284166657 
722135045389967362 
2719852805 
296036811 
723267852745117696 
722106581131726849 
4831584429 
725699744631246848 
721841838538301444 
4483209076 
4203106822 
391357048 
1892729682 
4866549502 
1382244440 
616411642 
317896564 
718717733911859200 
3927402749 
3243318009 
1488872053 
1659964598 
725770837954023424 
3200291543 
1172753810 
3196714673 
3510225435 
724682169164156928 
2492531326 
2426300406 
368657683 
1909132519 
1961251854 
720623724601479168 
723911603431854080 
495054163 
4198426829 
4647605608 
3298529666 
713200466847465473 
165498844 
3646232241 
724420545203322880 
4008697715 
2444137284 
3247160322 
1414422594 
722802051348959237 
4848211761 
721046515616190465 
4765284443 
72134904 
2760611650 
3851971213 
4152650843 
724963168318054400 
715254616485675008 
2335974060 
89392667 
4613952142 
722984537198718976 
720393683087069185 
219538795 
2932621817 
711686215855153152 
524176247 
2428767389 
3291592332 
2445883332 
711883537717325824 
722410769393020928 
709466482061787136 
724124130484883456 
718952608648601600 
400165484 
4108835968 
725702508975259648 
4087297633 
180446871 
3344076844 
574795356 
3308552769 
4067037071 
129063021 
723943435640672261 
719474093536321540 
3375884493 
715640756590002176 
1531514912 
4919871400 
715240529559220224 
4921883846 
723589827464171520 
4024361600 
2895078259 
719567038478311424 
725719569592102918 
722825040673148928 
2683794649 
723337771134390274 
720806245800652800 
4800052494 
4143098027 
723567475296768001 
4021348514 
721392503203762176 
1865234246 
2829391734 
721053718083309568 
700067315522609152 
437433199 
723464156393906176 
1368966284 
709200712304091136 
3242819113 
2831974880 
1106753917 
725808304501493760 
387414799 
1215012835 
725355116740497408 
2382742351 
714596225673273345 
4914319094 
719126040279298048 
3253211013 
725746888792641538 
331690149 
260340277 
90285099 
538393962 
724819783712145408 
701278320701235200 
719456933837549568 
4478415073 
2898172962 
4520257473 
709930807360692224 
346670405 
2793847661 
1917161688 
2986950984 
99170579 
2261842626 
723894705944023041 
718639612743159808 
1460890058 
140578166 
1030471688 
4734121453 
725264033754935296 
723736500081463296 
2647700038 
4834912155 
3226963741 
61778393 
2363648319 
719810801607913474 
262662648 
722724887748415489 
4798406834 
3346334403 
473498237 
722253199650852864 
4701479995 
722307231845335040 
2857070787 
1160265637 
207540619 
4752742142 
724199966848212992 
2805353629 
615378656 
2944794350 
713301231490478080 
715603357 
3954503720 
725747208839110656 
353031693 
47336979 
2317776702 
3378735910 
725752951701147648 
1327307743 
2257873919 
713621332743884800 
710760818057543680 
709284793536503808 
709287140216020993 
1609409994 
709278023975981056 
842695777 
715335431668285440 
752886698 
2723715040 
725447550791221248 
1799212062 
725780705528143872 
490567657 
725792605276110848 
725697761232977920 
1872330486 
1520070295 
2418054922 
4818743476 
715440519422169089 
1175567594 
1449360565 
1170092364 
2468478781 
1542208898 
3381789203 
3124490332 
725803854806290432 
75287169 
483452403 
791889822 
76920895 
717110042852466688 
3082949710 
4362748213 
27872002 
379968507 
316740957 
3076255027 
3728492294 
2646003547 
720762289989763073 
3018017501 
716675638275379201 
4766804839 
385056179 
4335311475 
4229406101 
3968563036 
720110685536067585 
705261860585496577 
486341520 
2181124032 
3399287037 
600725469 
2923364805 
3228435409 
997090524 
2377979666 
298250850 
3505027877 
2957139346 
4625360536 
1195635078 
497136191 
1832714995 
2743793289 
2544234266 
2306324217 
1665408313 
457871815 
725715948045398018 
411922924 
722773834638557184 
2991650676 
412029986 
2725348435 
4606602323 
3941696363 
103939538 
2365832326 
3035669283 
217318953 
725564665502285824 
725738450541010946 
2955788356 
3157919031 
300550676 
3503730100 
4628883619 
1008991453 
4323676755 
34370005 
2891557908 
725832790705471491 
1644050275 
723295473537286144 
2353634371 
3248066528 
2990433404 
81958979 
840500047 
894550634 
4911017849 
752709720 
2300010684 
334312567 
725782911446712320 
727129488 
3354106199 
2898872425 
2222500472 
2401153771 
2555939502 
3257156455 
31280500 
238674373 
2934217097 
4776928711 
2596423031 
1596957146 
2842763138 
4767201758 
3239669246 
2174896602 
2880103386 
1588161871 
1072604065 
4666270698 
2386316678 
2279285163 
1594895756 
4781450114 
2303144833 
1024804171 
2833949993 
2218448083 
2929108482 
4019870081 
3400283146 
1106015180 
725740993140670466 
725924366211379201 
2475647197 
455955345 
1068383556 
774068250 
4554096926 
22201261 
2352758314 
2970112565 
2915393076 
725927661042683905 
4694784782 
724836001596772352 
2833389648 
354765790 
520923288 
724841378983870464 
3192483832 
725930992863563776 
721944249235705856 
725907835477876740 
2253685531 
3251102791 
720469913509486592 
724082268768100352 
725913751631728642 
712881313632690176 
723243480630353921 
2254286128 
705109973022306304 
3275048118 
4151212397 
2998925286 
701327776821805057 
4251841759 
725934631820746753 
3068528168 
419106712 
725935940900818946 
1019338572 
725934277125230594 
3149421794 
1081662703 
725937544706154497 
481834803 
78624747 
725938319964532736 
4887054077 
4660875613 
2839635528 
4130451153 
3183867800 
725938534343827456 
4799776092 
4851033498 
3004333116 
96225579 
3945179779 
4170444620 
3166116518 
3196320807 
3320973884 
2776785938 
46267902 
1418243828 
588018199 
721834861712027649 
2211435774 
2527089262 
4668951026 
565112728 
2517720049 
2864224016 
586899697 
2992605533 
725520288419442688 
723745824543395840 
748432404 
2476236840 
1292276359 
725520339346706433 
269052062 
4886752513 
32634228 
849655778 
791075276 
3268807700 
624787868 
1128950700 
537255852 
708532182336208896 
725529055311732737 
380765392 
1917958212 
3430317993 
210555224 
725541627079450624 
605920491 
725350699509403648 
413464027 
709646065826287616 
3053942569 
354125825 
298197868 
723926606734090240 
725543786693185536 
389262523 
3942152172 
3326934638 
2539441541 
715109377464606720 
3788876772 
725546615864434689 
725069649642065920 
2946877465 
2556414485 
129147374 
725546133427249152 
718757872729894913 
4875632469 
3158553751 
2920192044 
3038711598 
721330067150798850 
251764320 
719777745950126080 
2448264702 
725343735760855040 
2914536356 
4831851219 
1107060756 
725167310072328192 
720563003574226944 
1379350627 
4861817348 
2825549503 
725550589376139264 
723051758600085504 
4185470780 
725546604460183552 
293941581 
3505464677 
3981340093 
3065867442 
526138419 
3557602395 
712471715637567490 
725136648397168640 
1005231408 
723019221760774144 
3310772128 
721908663380619265 
724702543444606976 
723986774754627584 
725494818735046656 
2326516177 
719413681558331392 
317476346 
1523660947 
725555024743403520 
3298377639 
311247834 
725554354086801408 
721889720972632064 
708912180528177152 
715643098 
714522338612682752 
2882728938 
3323209434 
725553452680540160 
768164852 
725556414567981056 
4085919499 
3812735478 
2661083162 
2547564317 
725557669973602304 
2424730681 
551389631 
3092479185 
4910051222 
2575444508 
30303169 
156869681 
4119225259 
725193860729692160 
725547878739939328 
725555590143987713 
3165288379 
725546289220444160 
725562294936068096 
725546088392888320 
725519623576117248 
1457894838 
1947910795 
715732958062096384 
725560647740743680 
725559113233502208 
3244544991 
170468879 
3346806564 
2751063480 
298541661 
725565654355464192 
1304174970 
3193889905 
724434074492915714 
3242054382 
717763720621887489 
2407350838 
1040721727 
3253971508 
725568062775140352 
3422158845 
3410447405 
348791290 
708950465862574080 
725543938732380161 
697699202458132480 
1035840666 
725154675062755328 
724990169426731008 
1046281184 
725565418123878400 
352951146 
500890365 
116933904 
701637349189373952 
725492215213002752 
3865656432 
71845576 
3318651621 
725571047232180225 
277828442 
722643362965299200 
214673171 
2987760208 
3925595242 
4444271712 
725576178736619521 
213032987 
2252962322 
3270905197 
3634505413 
2720784024 
725576798625533952 
725568390866169856 
725528450132365312 
738236022 
1917337848 
725580133185150976 
725574343921537025 
4610814674 
3097630460 
718578926612832256 
4801420760 
4362837501 
55857868 
721527077028036608 
702672026796843008 
1508170772 
1918636428 
3278342269 
725578669255725060 
4831724349 
3074905545 
3119505439 
712964548207054849 
2942290740 
721163295630045189 
4767769274 
725429126920810496 
70373477 
403966321 
4766377532 
2900014520 
4798818997 
725196982856331264 
2944587327 
334832828 
725542000557219840 
3110612757 
4386552613 
724040496767606784 
2172278955 
700997050402340864 
605059788 
308253524 
1270009814 
703717444779646976 
3002261485 
725599419509268480 
489839499 
723689448014114816 
144976966 
4493967973 
2749194974 
2594846196 
3300776122 
478836610 
725605031009865728 
725302741849927682 
725240888239095808 
2520009565 
2421270757 
2734583398 
725605408723722240 
725608442040184832 
725603126250622976 
2185639177 
725608528879226880 
722826872401354752 
717632266894254080 
3109187592 
2878828438 
4921579034 
4497783434 
2930453772 
236059996 
725611394205278209 
725614303865266176 
717966430218506240 
723409725639938048 
164762504 
3318942603 
725615672424693760 
4305859693 
2985866332 
725619292545359872 
725047235923177472 
571137913 
725618449737621504 
826371212 
386904728 
1439351402 
3265582069 
330978388 
725620417075912704 
313204958 
1385636916 
261593130 
723845748157239296 
1357753921 
725503165227999232 
1493957162 
707306960748724224 
710884545344614401 
4784827576 
3098407157 
724818386467885058 
3365360833 
382006604 
3306910262 
725102418980143104 
724914352436944896 
636208163 
3411306929 
3310344170 
3298330947 
156695584 
407225553 
2955969122 
2525257431 
725471591270854656 
722372171734065153 
725633914333597696 
2910082430 
718034122631811072 
719454287462400000 
204887235 
2784632242 
705090425703550976 
712381592333717504 
725492399397433344 
2559591708 
722920721811435520 
725494847444905986 
2587561884 
2943613728 
3341729778 
2961779545 
3498381434 
4847806779 
3218966752 
471446539 
1571580469 
725477603012825088 
3177981887 
3411895583 
1898474328 
725493354738388992 
893956393 
4804971929 
3421337399 
1045309752 
725462748587515904 
720098403120738304 
725496042653773824 
723694852219756544 
725499477713403904 
26599977 
816653048 
3264425419 
4395356386 
2326277048 
307040687 
707306243543539712 
2742106834 
725499862209417217 
1056903962 
3656249475 
3234330993 
415827692 
3254755727 
725503146789720064 
3277768976 
715608985 
2271939368 
3313131476 
3168067736 
3178509857 
114919288 
2343816716 
2903374168 
1698403104 
4693138982 
725504876009103360 
2383510301 
4020481475 
2764325818 
1613523074 
2615863799 
725506618075406336 
1476595154 
715015755406835712 
3250094173 
725506776775303168 
725471189158744065 
725506701143625728 
1279284876 
4750479509 
3321764045 
725503930348625920 
3151912913 
723895459584958465 
2557373040 
3086977105 
985713343 
3624240376 
4222651701 
2477338094 
3293604315 
3542647994 
713770065712123904 
2170405716 
479172977 
1884950473 
2789048717 
15284790 
4393547112 
2393243371 
724792599689699329 
3057331613 
725510162543448066 
2269869015 
725498057492586496 
2392150058 
725510718930313216 
394428378 
725279253177229312 
2689615879 
1924539660 
715329304490446848 
3252950706 
865333135 
561182248 
2565509252 
3658619422 
865387424 
725435167804780545 
2875132619 
4885737688 
716822095263608833 
596978866 
3072550749 
720276620007907328 
725514658245812224 
2450294437 
2384122753 
2762442015 
4269944602 
2177441794 
1596336954 
2924863267 
3188071140 
224130710 
29406749 
2167446676 
725515254772326404 
2694726715 
725515773163245569 
3140863848 
725399575167524864 
2533866350 
725507196457521156 
158194276 
709528402861039616 
1576434450 
3000302328 
3048815559 
2150050191 
703042668331282433 
1567460822 
723296156000878592 
707273551926026240 
3613367181 
4561425576 
3343395305 
725511334255726592 
725400678047223808 
2724304375 
725455060335878144 
725520938171666433 
2217356527 
4889680622 
3364712043 
3402135689 
375700770 
1957669255 
1332387433 
722772149098913792 
2300432117 
3312629591 
709145065038356480 
3423574113 
725489548583538688 
724286366494892032 
623435457 
985453656 
3254979656 
703760136142249984 
3922377657 
2954111113 
2676798976 
2771868796 
725526835438587904 
724787220645814272 
1598670024 
4857847853 
725456568523718656 
722032596520022016 
725528456759513088 
725518490283601920 
3219862844 
4504003581 
4854517018 
723876856466944001 
339376188 
44678788 
2326322065 
170404138 
553649947 
446667668 
3722365034 
2734684342 
4253693434 
3352547435 
725052160212373504 
725386105147760640 
1730805114 
3040214440 
442841502 
2534484657 
458565107 
2421547456 
3244373208 
863917044 
335632046 
725536160366231552 
1329538458 
4843394237 
2360216012 
4478110637 
1284385664 
778514966 
968283576 
716895858801909760 
47231325 
1586415344 
4299344595 
2900944728 
1384653709 
1390718353 
445199352 
725541826535411712 
4332393929 
2214992378 
381591444 
2794682288 
725544429918908416 
783451657 
40953900 
724300206947225601 
723316575768465408 
1398516380 
3071820875 
725547058090893312 
725545213725278208 
201716987 
2852740970 
695479408749056000 
725547295807152129 
725546148841197568 
3331647238 
2404429722 
4873407339 
3490449266 
713070498 
725554702222401536 
3272924186 
4250887403 
725560274988752896 
725554627886751744 
3193951465 
3272874788 
1352518704 
967693512 
2411396982 
519076294 
725564197380059136 
621502555 
3400000514 
725569424166539264 
725569480101924865 
724589103799406597 
2946926533 
721567136959758338 
171269183 
4022135957 
235355979 
725577445080854528 
468994676 
704667695787151362 
3315114701 
2223787944 
722220254282313730 
704303086479679488 
130318296 
3394958087 
477864808 
626462120 
3133760654 
2742541590 
2166569089 
875923316 
1969872877 
2999860110 
3317210984 
725598898459267072 
339380664 
724152032915914753 
725599065866657792 
2382989580 
720987583765966848 
3295148310 
2862373113 
275282097 
4851606635 
719152787054006273 
722110919996743681 
554700707 
718731667209367552 
725626622229897216 
2482158988 
725613703513575424 
4126618715 
3383937742 
700782456287277056 
709258882405642241 
2197395193 
61386774 
1240448060 
2981500845 
2874817703 
388521228 
2953838357 
701874881835696128 
2884404820 
2912571933 
2536502638 
2976005841 
719802553408487424 
713185784849784833 
3192780282 
2868585044 
709666247319773184 
977947033 
719644161255673857 
4670901272 
724294942361686016 
704287267 
711693664192487424 
91137133 
4527439692 
369752258 
4784788812 
715456813651460096 
2775806490 
1405296246 
3803977107 
4441994008 
1079731165 
723543500780802050 
3003262150 
721414567427969024 
721812512040218627 
3677233279 
1334152952 
3465594919 
1463596958 
1543030687 
4484251393 
724182577909620736 
146311868 
723477060631449601 
759095401 
2512678848 
2900734249 
724086059349487620 
2463995720 
4882974034 
723823204704329728 
2795133001 
4499620281 
3021803625 
723546741044289536 
2272893588 
2885105275 
3244631090 
704262360538566656 
913880696 
3143044429 
719132676691595264 
2210047226 
368284927 
234268738 
724213865009967104 
701746020535828480 
3239983770 
721206152353021952 
724222520195346432 
1280047184 
3625815135 
724210508736376832 
4003666454 
15066876 
2909470883 
700889786853117952 
724205042379550720 
4656055578 
56637519 
4765394233 
724060989449084928 
1514590742 
756108385 
2838402496 
3007437073 
710971088285511680 
723370772140417025 
595253160 
709533522302738433 
724246736911392768 
2898336823 
4877470125 
724248155831853057 
352549211 
998583469 
1156334124 
721690997994852353 
1607363833 
4748925745 
4499563396 
2999495414 
724260884990709760 
714093559364907008 
2801579661 
3467809632 
1060344830 
4887317140 
3313144848 
721522250105552897 
4354521681 
2340602886 
3102640096 
2743870195 
2311671823 
2277706202 
3274884354 
717758905581842436 
4675988138 
703887816934232064 
724115925260181504 
783747876 
723403244815273985 
4285046958 
4467746237 
410682074 
986229709 
3828055572 
722945685381734401 
3053209418 
4634976558 
1192185884 
2251135987 
927975679 
716017770043994114 
1275758594 
1330394798 
2415682101 
606646875 
724278418527768578 
724194881506304000 
724280217737396224 
724277216079540224 
4285353973 
2374308482 
3742626674 
724279273238892545 
724277777944449024 
703229776031404032 
702232145067008000 
3730002915 
122580974 
724280079631695872 
800949667 
723659204582580224 
724276875498020869 
724278031137800197 
724213429184159744 
717757686876475393 
4740229112 
3092794386 
721876410701385730 
723737348580610048 
2738824500 
3382632617 
717756507761172480 
717056611378835456 
724279948991709184 
4632260574 
721007201343569920 
3389800666 
701604085019971584 
2734649611 
4603337352 
724292636945862657 
2792256906 
724280583115911168 
757405472 
4396809252 
2837808707 
723559351739408384 
1028706595 
4010910095 
4870907805 
3144947292 
702313419651850240 
715813331173564417 
4768192901 
720944588521807872 
718901046043615232 
1450106941 
3242276675 
1215899509 
3423697727 
715306297030230017 
2446076666 
3290982957 
4765597994 
708045166947356672 
3118781718 
3565640293 
4721508254 
4322621837 
4796073927 
724351927119679488 
339879974 
721690984644550657 
3222680130 
570974393 
723406714402267138 
3257331937 
138826639 
711449700298203136 
2424445195 
801691962 
572234265 
439921512 
489790468 
720287041624346624 
712208685347373056 
375729047 
1543577995 
724373106123509761 
724376099078066176 
4863317412 
1132322491 
513501645 
720541845416058880 
699451032913358848 
3878445791 
4483691714 
1047831228 
1043766968 
718728994145722368 
520012358 
1649453299 
4768007653 
703361709482749952 
707568772589101056 
2900141400 
723829394955886592 
449050933 
1492494872 
2614745124 
724219692911489024 
437606225 
724405916649426944 
398667839 
385678450 
2797589779 
708808363 
724408569622204416 
724381353765158912 
394334537 
719370492096880640 
705661747 
413678682 
1352562745 
2191706005 
3220062797 
926575321 
2477486958 
700682785 
388615401 
711201934934302720 
3309347515 
3294332530 
72320336 
273667997 
3295752772 
1307712074 
38118315 
717915136653004800 
297473102 
1638231534 
724277912233500672 
2765020641 
724435374152413184 
872546652 
1715071778 
286918356 
724413179581874177 
1551979855 
3422838627 
713575842903756800 
97961287 
722476138702905344 
3206759057 
3282648722 
4825333973 
997606572 
718778539101659137 
448383467 
119333225 
720037462735593472 
2460435715 
360919215 
112067541 
718463171095191554 
711110573102997504 
706379929093595136 
3414573731 
240334221 
3689313986 
3486094393 
2969060593 
2887719882 
2819693804 
400895372 
724456749000888320 
3091969304 
3930283152 
724277235360866304 
3191983764 
3104764735 
3652994235 
723076710552481792 
105761199 
712894100 
708552783885012992 
717337139009208320 
4695253206 
2438493955 
718824977307410432 
724487261912481793 
710805860079919104 
703109286553997312 
1622563098 
709679863389687808 
701314166259208192 
723543882768764928 
4410024314 
724496594486235137 
722369598851457024 
372277541 
1376683502 
3094561825 
724500770045849600 
2716994086 
3094281745 
723822989737902080 
724498070986063872 
3092804510 
3311279828 
107206799 
3037449913 
3117170558 
724507759262072832 
720863359042584577 
2619775427 
605103305 
764228329 
724518989842419712 
724515807883980800 
2910743515 
724525392938328072 
2204291083 
719711072949653504 
4146791232 
724089377521963008 
3659635993 
712205423378477056 
720291396804956160 
3680076619 
2603580631 
724546056952811520 
103789175 
4858998148 
723124496358498306 
714388427454738432 
719825059007827968 
2861071125 
2966375936 
705454652356108288 
4896377647 
775236816 
723835332513292289 
719909827087069189 
724562481150988289 
709296784745439232 
3284232961 
3641482453 
724565548009398276 
724574007991754752 
39730831 
2872854346 
2539200132 
196942521 
2788642680 
3660649393 
1908552386 
3278344285 
1701644666 
724583810185203712 
4799063836 
1831565755 
342309995 
4751922145 
2381641813 
4646399778 
311365813 
997356384 
718456612189564928 
724597474086805504 
724592816391778305 
3320422569 
1625346002 
723837387000799233 
724598195733426179 
724558242072788992 
4801517743 
2869832153 
378956694 
723474301307887616 
1511680310 
439828975 
722446895860178944 
2464943287 
724598956697645056 
724612737972609026 
722342046028025856 
4418001135 
724616643096154112 
3195119064 
459523443 
722338283041099776 
714685424225107969 
629113323 
10506482 
718440828918607872 
710946673162211328 
2607108599 
3304208106 
2878377823 
3287233182 
3107442680 
2588754918 
2563734218 
2945557046 
330738658 
720352949847859201 
2915889281 
704493633643401216 
198666552 
709469917649707009 
490817230 
3197488214 
711571249344995328 
3965229444 
2784590551 
2972425411 
3280855182 
2486904458 
711661329304702977 
1093932248 
1611990439 
900273583 
1668559573 
702650089047777280 
3321003446 
722427422369521664 
723281760969195522 
2572561695 
255335896 
2675732234 
3356200041 
2555762331 
491410835 
722292566343835649 
44059107 
4923694532 
579070211 
99643454 
573459961 
709551561412837376 
3308134747 
414636799 
702289913144737792 
3292327426 
866057791 
722894362477203456 
391165154 
2943232219 
2889459341 
455516296 
721793296650121216 
3397859659 
4822349601 
136699380 
2781848038 
718660275063234561 
2385867152 
2793342023 
497171063 
1272537806 
379317334 
4488450732 
711265692645888000 
722916928805711872 
2276355325 
4789539554 
722442760314306560 
722916669119537153 
375390443 
369877765 
2769316655 
2271790359 
2477503009 
297208876 
4492397550 
711717763 
1334334204 
4739597365 
269445939 
3231880560 
1623331158 
341270197 
707384430105640961 
1308575210 
1655568584 
464317051 
1587251340 
2820549792 
2669334117 
2398492242 
391210230 
946160953 
2945551508 
1093943084 
2292356227 
3429214007 
490810586 
1626818180 
1240348326 
2263623877 
2658378929 
3238463245 
634646273 
3309419775 
2880888953 
4819779917 
3105967345 
177432980 
191113503 
2369709008 
422350175 
984614299 
32144857 
93739155 
2434558695 
2638108853 
3396318155 
864903163 
1613438106 
2798880290 
2780432686 
3624438015 
2357768573 
709420853717499904 
3316554617 
1687142076 
2395604338 
2771139017 
1714472282 
2372384976 
1210536074 
2480902730 
2765180879 
393164583 
619269896 
493452403 
625025550 
2462823069 
3367037157 
2946711869 
405920005 
472071357 
3108995295 
4760707096 
3214299144 
3333870491 
717476426555850752 
3003973855 
30401159 
2314611473 
718581044539076608 
215056956 
2366425022 
722961579445227520 
722960874772656128 
2248754044 
2368286556 
2817381429 
722963991874572289 
567763251 
2729466203 
1330563516 
706156909427081216 
3783067572 
1104335857 
769405753 
1476419893 
349924234 
2818159177 
722952413187969024 
4245154159 
2554814694 
768837452 
617825167 
1046924659 
503952689 
1968204842 
942494766 
2319272614 
614943900 
2749690978 
952562532 
3271054748 
576730822 
2258931554 
1853019421 
722362338905432065 
721514351010549760 
1097230482 
2162101878 
2735889814 
3241852479 
721663011094564865 
113443602 
628169964 
1270121029 
719739906461941760 
770930732 
703476885552902144 
112761668 
84421798 
530804424 
3468584954 
3809156473 
540050137 
2680427473 
4909575732 
358008529 
1699262761 
469737707 
462206654 
721928638409478145 
2562318514 
3122148763 
3147463401 
258631806 
3153259271 
3249592668 
3796130832 
416542331 
718481358566383616 
1259025715 
2749279370 
721886647210500097 
718484394944495616 
2639391203 
702956150375907328 
708946251333689344 
3173779512 
720298082710061056 
707498640307200000 
4876457902 
722554965907128320 
552829855 
700554967136890884 
246067053 
2744795915 
718506322036174848 
712625048591474688 
2518608206 
723128110464569344 
3420891615 
346245836 
720625197682790400 
559088158 
704032231849861121 
3144625479 
102806478 
711142966853656576 
781173469 
632314247 
874018352 
1674192200 
723112710712528896 
3875832313 
1974993000 
1129571268 
3484533437 
773506951 
407898330 
322410616 
1104638749 
2714637008 
2783272382 
706164294354870272 
3133548084 
3043557021 
723180190633975808 
723181325314740225 
4840129893 
2827682557 
445675198 
194292763 
723187874699554816 
621565504 
2271246542 
3106943300 
150989072 
1717929110 
24540827 
722516162202865664 
719808311961460736 
4348070482 
3560140157 
3745673895 
228934160 
722728545697599488 
4108208019 
4081303584 
4701332713 
3387884345 
3136513321 
3001131634 
2770918006 
3198253607 
2787015659 
4108876819 
4899200321 
182423550 
4433986992 
599552774 
1444289869 
4747966535 
723253047703404544 
3064638261 
832434480 
2784580842 
1965247885 
1396906914 
4795189946 
1567973461 
182827426 
715934308758904833 
4563084333 
2278267292 
200856153 
722893021369335809 
4614997335 
717204430987399168 
2981371506 
2722806825 
721036767759962113 
2361929697 
2564458718 
3796133593 
3086342707 
853928274 
2538941226 
2873269667 
717875624992333824 
2763480399 
4550415873 
464365311 
4261279345 
2564115524 
2234766740 
712720184113401856 
71099678 
55747871 
2675628606 
612795767 
1210843004 
1693976508 
583393173 
4836339504 
3313589444 
2416744817 
2899676663 
1271024316 
2790667620 
2261755760 
2986421703 
294340800 
3142752746 
3121383709 
531845060 
3322707907 
53375143 
1446451795 
594178505 
591436060 
721122053139509248 
719980020236623872 
603980824 
3426227931 
440121850 
3279692592 
3167946623 
608843582 
1188104718 
2982832108 
1188488426 
451625186 
2598234385 
1689547332 
3012633308 
2511531759 
4051281793 
314316313 
2618136179 
785375550 
391035784 
442240331 
714379120025538560 
2266226870 
2770142721 
494498396 
2425526895 
3810796164 
3166894229 
3154513616 
723321668127457280 
713419521948659712 
4050125007 
2448370926 
723182406467866624 
590924944 
3313124976 
1005259627 
570468640 
723327222665383937 
4768023628 
4709809701 
2795876612 
3023689693 
713958946084499456 
723162092161789952 
594971344 
2585238885 
4798306463 
3820398493 
776985326 
704105969303867392 
1391270923 
2759371043 
439363732 
285262790 
3094511886 
2546839410 
2293638583 
3374331322 
69491812 
3749121552 
723332726951006208 
4800605898 
3173719428 
1360461745 
621973908 
2943544813 
1497236599 
2154009272 
205936506 
2432233433 
2691525752 
1906313989 
548840447 
2705904862 
2452103462 
2949447299 
3237576322 
2999900382 
2895460499 
2390490486 
1155001356 
4144752796 
1638389018 
2812560905 
426278236 
723355950548049920 
117953290 
857263370 
777371682 
2989738702 
78598650 
177963867 
2878746636 
3308549917 
1571067912 
425918225 
723055943013933056 
4481488752 
2610400991 
3182138060 
723286156771729408 
721769496420229120 
489057131 
723050015703199744 
3328892046 
723376451647475713 
723383737585524737 
2826776045 
385920687 
705321827187306496 
3190594508 
411456999 
2908780633 
866464267 
3226285304 
4801433953 
458665026 
31306974 
2379849524 
630408669 
723367671559913473 
385056553 
2164571351 
2274719102 
991594298 
4663490977 
714340765468598272 
700938439705792512 
1706344723 
3029668596 
723320493009326080 
715939220116869120 
1143868279 
713660122896027648 
723431546300944384 
707310799509921792 
723431608280186880 
1076811522 
532274850 
3193608126 
231399109 
3092515152 
3099246375 
2946278303 
60203025 
3983048199 
341200881 
2942752787 
829755912 
2799734148 
2500380631 
2473626434 
964765368 
321761655 
514762018 
3974706431 
2913824931 
723348771292090370 
177704650 
952406718 
3311819859 
34705809 
4794421877 
2754537590 
711625225662693376 
1602668744 
33880353 
191229816 
723520669481373696 
4109165860 
3000568197 
610596286 
348452398 
722414722084003841 
2349900793 
352038243 
2752525725 
709319828 
558263242 
3015906125 
3002031945 
524601604 
705395903763341313 
1437608894 
337264864 
3572169555 
2647537368 
713978493831217152 
4686414097 
4700335462 
893519972 
304464004 
1855778546 
1436055234 
2699643194 
723571035275182080 
723577564988481536 
3990942759 
4626219376 
723340850038628352 
2787520701 
4879296041 
3409440804 
2495712567 
2438300318 
723549786998214656 
3111844463 
3923931328 
2553650725 
707661057183977472 
1053928165 
2298722521 
3364557941 
713463431064592384 
2951099213 
1065321284 
2927026431 
719534935040790528 
4705071741 
2906920468 
354802864 
708294957115772928 
3009513494 
2257356582 
3398621432 
4035022042 
1663353859 
716267346596401152 
723597144490385409 
4901670208 
723602642224713728 
3401236083 
3311022687 
66157942 
106212495 
805236884 
2823484713 
2912487451 
2438627008 
3385553632 
153148801 
605782474 
307119816 
711244563596193793 
826033898 
3294984290 
586827703 
723573921870700544 
861981308 
1300334731 
2157579236 
719851573803937794 
2400593625 
2926239116 
714939321107611648 
769195741 
3046660911 
1582025924 
3319609118 
3317290028 
4851843034 
3251185196 
711677875620073472 
3016172176 
1641393132 
427420591 
4892974953 
2912898183 
722419329912811520 
322130873 
717333960691417088 
1339473212 
1729898539 
2492452822 
2326560274 
1118869495 
717405612305424384 
2956646382 
1585575829 
4643177380 
723560580079095809 
2729402907 
4868863353 
2250424005 
1667874314 
501983406 
240005520 
4281646216 
723659087079067648 
16352921 
2209572054 
2757856013 
1497177259 
2888253892 
3318542968 
331673862 
2561947244 
3253944482 
711733078578823168 
3005094396 
1609251840 
2431900599 
702339620386660352 
721583433923756032 
935673907 
3222592547 
765768972 
3480686836 
2413096270 
723331882893479936 
1548685273 
3032292544 
589168462 
3316515741 
1421794159 
723698371043581952 
407828504 
3160076280 
3296340366 
707660599048572928 
2840352092 
171673574 
4343818007 
1682005765 
2804207582 
720709016121245696 
4890698662 
4274622013 
913735825 
145034070 
2267785897 
270119328 
1679122621 
4417715474 
3178651867 
2945412216 
118903048 
1523578314 
3176903935 
2486761251 
620399114 
3284302195 
349479305 
850514755 
3047583530 
716850828133343232 
4735631574 
518977555 
2694497210 
3568066161 
2363354503 
714201106465722369 
498449893 
342952354 
695392622878154753 
142067079 
243388836 
4918147434 
1266104496 
4774676233 
701175521418289152 
3078054615 
2457630456 
484386850 
356582387 
701579094325002240 
36960034 
2227303975 
711623998782763008 
540222185 
103354839 
2854574394 
241021738 
2316165680 
234965734 
3699924200 
720464611196203009 
2658152526 
134988487 
1979509963 
2484768390 
4151812553 
711751897 
527986329 
2998046273 
4848466575 
528711913 
2183401187 
1952235991 
4465003403 
2879015828 
715332099004207105 
1238024653 
364931241 
463420227 
2292854693 
2696626362 
2834571942 
498434628 
2297357256 
716985796 
372039287 
4843542013 
4042695743 
1577065705 
3147848214 
3308869439 
716745862471245824 
501042505 
714938399069569024 
354089592 
3136749527 
710634400556392449 
782119826 
706730231722168321 
1242432379 
711565012859359232 
3317202991 
3262471201 
713400529712328704 
2397283292 
2376267935 
212219679 
32659207 
3031671424 
2441975832 
2754709286 
619463923 
2760494311 
3311763396 
850579596 
773675550 
2436604414 
1679623243 
153632076 
748088125 
3236114180 
588095719 
298159041 
3180119233 
336725698 
81931431 
534176411 
1597289654 
2214823958 
704027595499814912 
723466113988751361 
3882749501 
1495811329 
572201208 
2639136765 
343804106 
3222532105 
857644705 
721203503545208832 
3195369465 
714632346763309056 
716335303548493824 
717212078965198854 
721679166400282624 
2951987640 
3554256442 
4880219592 
723731136585850880 
2420879333 
723653600631627776 
1894796372 
1614918241 
722467227132297216 
2850936550 
815649943 
2216283474 
709889386347757568 
1330114112 
3311175070 
25102767 
723791462819753985 
3116758492 
2458684555 
2727132293 
1462763461 
717739496029220864 
582393281 
487488135 
105262964 
364940258 
3619002977 
3939558735 
66645064 
721220055023923201 
716695857052127234 
351634667 
893273588 
279060699 
3418905280 
2994802582 
244178969 
372456635 
606732909 
4874814035 
115225910 
1563054858 
88495415 
1452364364 
529254290 
723828036672622592 
1539955626 
206416991 
587071848 
231196914 
447609575 
725283770 
470500583 
3002400724 
3296393445 
205534690 
712364427 
1891304462 
4839807935 
702245620095053824 
3304686439 
723834343030972416 
2351895100 
723581072110432258 
1541941687 
722803414376312832 
1616695034 
54814997 
4750987213 
1724170399 
4871021133 
3328527377 
3235436318 
4833160323 
236081265 
2858939696 
1032856861 
2514689495 
3634408096 
4816864453 
3296148819 
3483055527 
1590315038 
4031703138 
718180450926092289 
441199603 
3845903663 
275811759 
119017372 
3257043566 
478086409 
719584977520709633 
586426869 
4766064889 
907791841 
1271367811 
940546838 
620657918 
146399345 
82655417 
1558632535 
1485727705 
814593240 
1458415664 
2179949379 
443430569 
3238112874 
620888988 
947051990 
4270347434 
2469978047 
4255605260 
309630452 
205249881 
712768217362604032 
2994540999 
3013124477 
597976393 
719884422569439232 
1324856310 
106181291 
4650604513 
847936884 
802383691 
2840914532 
719948225692741632 
474240373 
2312239123 
1852709263 
4729491036 
2343945381 
719674932343488512 
3296653951 
183172171 
715819992416186368 
559843605 
719430375504609280 
81824819 
2302468646 
3239171394 
3312628742 
4383811835 
229711528 
3933678557 
2170742142 
4625407877 
4842874552 
635626298 
4465478728 
2768299288 
325946531 
495387213 
2367732455 
2493096577 
4862082862 
4174357239 
2834450489 
445088709 
2898961901 
3127930654 
2840483860 
4659148161 
701955646481162241 
2819271712 
22129051 
716297527037919232 
2396103270 
1546196311 
545838346 
2633802606 
285044081 
715359197483806720 
1553119230 
1935515436 
4429919127 
3321393374 
1090149716 
714046278922027008 
1525551510 
562549680 
3108655568 
2770070091 
707662857022922752 
714115859422253057 
714598608 
134355695 
1682268152 
3393539261 
2550543978 
572250324 
3397411024 
3318063169 
952967834 
2411218202 
3812558958 
4924741047 
700743015116177412 
3234794216 
2988057562 
610234519 
519831706 
387049718 
2459138311 
301869711 
4784133079 
719225122721280001 
3300660970 
592878415 
284776752 
2969332915 
2680950564 
4580169553 
1594090015 
2902921190 
4717551616 
54568989 
3146450478 
615924867 
4474191863 
2185679095 
3389399185 
504045046 
153240652 
99607613 
591228828 
2247246667 
343133774 
473382740 
622810961 
1902417486 
504176170 
4205584780 
1099576386 
1536334628 
241536751 
529642475 
4895684998 
709291751521955840 
1337894732 
704013915429216256 
1326444331 
27195114 
3278489977 
473398102 
625956263 
2165862624 
1413878292 
2304858160 
2254413650 
695156484569563136 
2277070596 
2840987960 
3167900451 
2913873174 
3312711266 
3397291329 
930253980 
470953318 
3177961838 
1140323388 
699308285749497858 
230437535 
3152050090 
1308196634 
1420996538 
2187817560 
705727864 
709840454519377920 
719947519258660865 
164920065 
4772945898 
4269328654 
854489400 
1296381007 
1696308632 
716664451139678208 
308141571 
1423035722 
237126620 
715852470631661568 
963282919 
605149116 
4801798364 
715149542254112768 
706468366 
2934280946 
717731547818934273 
3432480745 
562755986 
3107649784 
719630889693671424 
705017223690248192 
339277118 
940059085 
20294450 
885141529 
2998873364 
2186050979 
4188681453 
622492478 
366391560 
4447880474 
2864015693 
2383093200 
2902926381 
2818060261 
919611865 
702917422077059072 
295891520 
154860827 
1677375284 
1289567827 
937610354 
3324117799 
127201496 
719909588888236032 
2520800830 
1159190460 
2437229498 
546347400 
563155606 
717264536433086464 
3776477954 
1144016954 
1148212248 
935472602 
3399316379 
353434537 
861914022 
2669717048 
418307674 
4188210855 
3741669867 
2369198179 
367375959 
327629155 
2655362875 
576000287 
1124760637 
2414856774 
1406491650 
719280521 
3294430810 
3420381734 
62178426 
261448910 
2690318802 
4228677612 
2867443072 
935934799 
379086365 
1616541822 
306805179 
267387278 
409970953 
2598994419 
2273629389 
1884952170 
801391957 
332841555 
2967060695 
2719493651 
635101647 
2525327652 
4766764822 
383244116 
2968088545 
1281814272 
265137225 
208318379 
3236733393 
4040602587 
723490698 
926709338 
601903714 
3351741148 
216444984 
2481479141 
85890834 
22959589 
268941928 
21170010 
377785450 
174446714 
457774602 
512700138 
21447363 
2254110554 
390947061 
636720778 
2157230106 
2213374388 
1931180413 
912346140 
713299604276703232 
801306474 
497154472 
495336410 
4109521036 
1087497266 
719508612180221952 
719960420300140544 
4172887247 
719967852418084864 
104311477 
4891250413 
234129261 
2943963710 
716782243142873088 
714065074755936256 
2429407843 
1938157244 
4827103392 
862099790 
719968625550106624 
1021925060 
2881050220 
2186774466 
975538399 
2956635411 
306120288 
322778201 
4009589414 
1563081156 
988627322 
706465603654004738 
3794385556 
717561013197910016 
714569668716060672 
2941427033 
1592081942 
2379725655 
284270496 
32424392 
3130112331 
3169245499 
1377513314 
3127474679 
719261610133467136 
3277332445 
200350604 
28589219 
2600479880 
717313567050096640 
4758089188 
712657753890807808 
4850570896 
716575783892819968 
718729405678403584 
702883734895263744 
1940809542 
4708316298 
719244301423747074 
717607172822138880 
95381151 
1355520157 
713025576336904192 
85226891 
182973943 
365775118 
2254735020 
1095939120 
3394680712 
2942820533 
4893354167 
2610390101 
2898833938 
1728487898 
1226418914 
718845916749254657 
1293676604 
4218570945 
718433912205082625 
4532907614 
4737029056 
2843850184 
718305349346922496 
251167897 
3284031516 
4482207552 
2896037956 
2389010234 
1622615581 
3342747869 
388132177 
716775311279566848 
718890288236797952 
716681304805216256 
3238855344 
717149839729922048 
718488736049340416 
717722100493000704 
2325309238 
3306026590 
718989953510846464 
703056462583504896 
412021898 
3041813807 
177176829 
716861366959628288 
2845985693 
2897773367 
2677408929 
634162117 
196829045 
2361714589 
713592702609174529 
311794360 
2909132106 
711022095304675328 
717885895106437121 
2812369690 
4307852837 
844194416 
2784826771 
591404002 
2735323278 
628918526 
71187378 
4503366134 
4680482413 
2463818364 
391392894 
718630514152902656 
2384121902 
717107473728020480 
2919110522 
547889619 
306352644 
2961197633 
719020327448276995 
715930556614197248 
257260326 
254563516 
2583356346 
702240282587361281 
4750051734 
719023016861163521 
719031231623536641 
716502568877174784 
717757182230597634 
33227492 
1497084344 
708115017217019904 
2473904854 
4852381818 
716941355885457408 
591472874 
716468096748425217 
2665656402 
2811385595 
3240222924 
1229220624 
3315725436 
301051428 
3315577327 
2605745532 
717756609158582272 
4861001728 
2246702724 
711872648758702080 
713072014983110656 
719066218682982400 
2480104022 
3320816876 
2732870037 
2806639902 
119227709 
4560843979 
2628513634 
38953790 
466728852 
885518300 
717485983827144705 
3116023564 
712821514979057665 
718022861768810496 
2902596473 
3166357769 
4825766004 
719098918911418368 
967543003 
715026406070214657 
715491821539864576 
715282550961385474 
3418100111 
2580732303 
714144818272813057 
3080007148 
718968828068241408 
3191829229 
2748459782 
718881846298308609 
607390221 
3139789294 
1068964278 
703251886938390528 
23188301 
2868919071 
3349165306 
4819740635 
2776179746 
2722914054 
716058790647435264 
958436600 
3837796828 
2165454998 
2798628770 
701438849281560577 
717284035999830016 
4838446971 
3319234894 
298198560 
711211096661692416 
4344225267 
381041362 
718818976302833664 
358723267 
710176995833843712 
572153324 
1582076556 
718935396697182212 
2827810773 
2487452318 
718861446260617218 
3370108619 
2411372182 
717224640 
717817347202019328 
2573696294 
717334838467031040 
230275845 
3439266785 
2685240810 
17839372 
718494474339557379 
3611451912 
2395098830 
719023286751993856 
2691716244 
2830912314 
258550964 
4519061775 
719168488825335811 
1732818073 
264924951 
4869886635 
1381607196 
43925809 
82676884 
2919768190 
2601254986 
1663296492 
2957415884 
2374180512 
2887436093 
2982957340 
1271177804 
3427678127 
1263381864 
717799995118907392 
3489500240 
717386604747309056 
719140671270100992 
387432847 
3172608716 
1587221438 
2959073942 
719185979710554112 
4854918177 
2940950272 
428738907 
2429473534 
709001036749479936 
604110028 
540118664 
708273889273581568 
712692473064062980 
2933030145 
449999911 
2582081367 
4107653114 
718352266730827781 
1142251656 
3382460759 
716638727326593025 
3302664241 
575767243 
700151671 
696877550119706625 
748180183 
2211257418 
3876236478 
2832849778 
704561714470072324 
4423893792 
3165327907 
3238440199 
4175588537 
3329776273 
713101219020058624 
709534410282905600 
3192241584 
2941778520 
715886539377610752 
4928416811 
2482148015 
352608488 
378148813 
719223079075999744 
3449899582 
54212181 
3042375782 
3313959786 
717407709419556864 
2179551455 
2458881649 
718579581779771393 
1320717493 
3377734427 
4890107008 
2562556006 
717428122895814656 
413558918 
711644791851900930 
4838286618 
359583343 
719252214347407361 
716355849673973760 
856511606 
718927730633490432 
842387948 
713822820078391297 
1575917966 
702874743456792576 
4355113877 
1349824795 
718610223347458052 
719253138868338688 
1304982986 
3632014221 
37733052 
502523039 
3304013071 
2401085237 
3589971075 
719108520352878594 
1431507871 
1589717246 
703711922219307008 
2688367351 
4824197637 
1109519142 
718827372401856512 
716340167317913600 
3603870496 
719282640432402432 
719284793616297984 
4902314917 
2195194247 
719293137789784064 
402288728 
718788126894907392 
3722138237 
311752358 
508338021 
4804032024 
704466590537007104 
716475089580109824 
715726872588451847 
2784141923 
33238876 
2923259822 
4128994759 
715535347682316289 
2834307318 
4367557933 
719321972828573696 
719252204998103040 
3075700942 
719327200277897220 
3414292504 
258900811 
3940903618 
3315287930 
1539363906 
48270834 
4184150993 
719313688943939584 
2820586698 
711432868229042176 
3177290539 
718317991373496320 
2931830306 
2896999764 
2661690835 
3002643803 
716497450521927682 
3336393298 
3060642613 
4312488915 
713434809868005377 
368290680 
4846196292 
4106319251 
4115187615 
477350784 
2370258003 
205131489 
804282252 
421161979 
1912819123 
719242533319090177 
1031321714 
3341889923 
1334379564 
4575465398 
3939105438 
2921036236 
1901936906 
1727180893 
3477131658 
718775286150664194 
2162934812 
3332040754 
919182072 
2736671380 
710626233566953472 
2793118816 
1411612866 
717700607109246977 
4849714678 
1093918854 
1229552678 
4766035699 
717904572648460289 
295129337 
714182651511312384 
1881976932 
711235715116367872 
714330044919754752 
2193475188 
2734096083 
2877048903 
330755532 
2886576094 
719545367 
717727543319724033 
2726118177 
898590020 
308108013 
2356448054 
1667003371 
2301789686 
715121571891908608 
713500653478240256 
499334167 
3130861743 
715241658384822272 
3302582779 
1507980926 
1097077321 
410941727 
4831671293 
429462251 
631496095 
166768120 
718266871066320896 
2738609541 
717902632266797057 
312230127 
1057688857 
2907679136 
2765183465 
714792203680350208 
899380254 
2676483145 
183547478 
4376750659 
555778731 
458637188 
2366267940 
303134404 
143573782 
1387051050 
718287106129444864 
3180905683 
1465928545 
702328314447405056 
316440889 
2605722356 
1684491487 
598384942 
3462065116 
2369680242 
991886366 
842366516 
262840926 
4033565187 
705404368 
709237334227615744 
718252870148222982 
44505842 
718264905351184384 
273654686 
718198905154977792 
500466543 
718168166858428416 
718264830550007808 
718260574694584323 
146892407 
2442172130 
717448539509424128 
718264102272020480 
2612846177 
815225899 
4518411259 
2992426995 
3320709728 
718264135402790913 
2251830575 
89283807 
3031443420 
718264414370164740 
3137960700 
2924940708 
4904664019 
718263640831430656 
705543008536530944 
4730379798 
3888303918 
3038734460 
96793368 
2951471305 
716486847094853632 
3241358421 
718266495327944704 
717885895635034112 
718242811137650688 
2393268630 
102021061 
2828706480 
2786897593 
3029345602 
718159802774470656 
3249074716 
302991587 
717916347829592064 
716263118364606466 
50932301 
718265886986084354 
1937599646 
717226425342947328 
718265234016890882 
717789448935575552 
716704429316173825 
4913564497 
4780910892 
716634911948587008 
4862843566 
4675267092 
709726072619843584 
3983236934 
715951105386156033 
1444737565 
709148133280784384 
710649006481940482 
220708938 
718261099532062720 
2216591155 
860564904 
716831298703257605 
749847698 
4862130368 
1022785226 
716284158314618880 
3289379159 
4484158583 
109043150 
3537339735 
718263628403777545 
718270322651308034 
3994886297 
714719214184083456 
931018778 
711499091323170816 
717822083577851906 
716949239872495616 
714644470369619968 
715688188895825920 
718268815973421056 
336414511 
717456493658779648 
393806490 
4851258743 
130166427 
714064945458110464 
217946815 
709545501725593601 
715058630769385474 
315486816 
706208892225605636 
717142467968114688 
454288725 
4863680806 
1038071184 
1614641508 
715026762594443265 
2262813591 
716126058290872320 
1305804876 
35433087 
2982112775 
718271286607233025 
63153827 
858966936 
2493885603 
718272010279862273 
315666722 
4318675584 
4886844388 
130561138 
4383579041 
369260361 
3327437784 
4267483827 
2591164222 
3045438120 
2947554318 
588534513 
2794815716 
718267546982592514 
760493269 
4181156614 
718273880599736321 
713542276421664768 
3218849270 
2853579378 
1001068322 
969478423 
240890345 
27994263 
153432818 
717491165650509829 
97670135 
59673768 
306917319 
718231452152905730 
718271386763059200 
716460043198025728 
296349263 
2940338026 
913361934 
327179073 
2609519649 
3060771480 
545491300 
718275960756387840 
3167325489 
3068724516 
4912721953 
715697303445770242 
3035340944 
1465360818 
439269298 
194805322 
21489545 
718190539217117184 
