20565295 
34458571 
2332441362 
42803710 
17446621 
17525171 
16312576 
586032653 
260585284 
231142904 
62290422 
125481462 
1433064272 
1985561 
822215673812119553 
30313925 
1470563143 
330471749 
326844718 
12044602 
966871 
57759275 
5554672 
103358893 
70498331 
21904217 
243445957 
62340394 
21905345 
244195515 
231628567 
34743251 
117538430 
15112070 
11348282 
50374439 
108719035 
18713552 
28657802 
22677790 
17471979 
18244358 
17842366 
22971125 
50393960 
17220934 
22214469 
813286 
28395645 
88749392 
92367751 
46220856 
200163448 
19397785 
133880286 
102278356 
24670677 
41533440 
205415993 
69689779 
16190898 
