732521058507620356 
219151504 
37917824 
20061523 
381002966 
364395125 
249530311 
31443046 
271587137 
117210316 
50716491 
18789843 
32015343 
112526013 
163623103 
16826976 
13684972 
2196614258 
785538457 
234063612 
385988553 
805960435 
198489456 
38661711 
19000033 
34392621 
17902331 
158502985 
42486455 
42904907 
2746657054 
741553663 
82999576 
2214993079 
253728406 
93967670 
155981535 
2236571546 
2290192063 
25327696 
1058775853 
921864092 
18228708 
254257186 
17136009 
456971672 
435335296 
66354463 
891261138 
139803480 
69331791 
859903052 
97204427 
44189440 
208851492 
266725274 
24754921 
25027360 
26596576 
73223898 
78368778 
204107866 
75618811 
114487650 
19053408 
147426590 
94516986 
18999830 
113077333 
16146873 
95084476 
94600119 
78366023 
14803951 
35000400 
23133599 
33666524 
36106105 
36192465 
50401603 
22804909 
45855610 
25140128 
44781185 
21496998 
46187193 
18065007 
25761653 
34970521 
20634618 
17876396 
28606045 
191750596 
289998339 
592110789 
194150526 
28585986 
19377913 
13683952 
43355844 
52875946 
23096286 
16434613 
280616544 
304450679 
106133806 
1638103579 
1705122493 
164418122 
37700663 
55323056 
63812039 
249997754 
175970176 
16349546 
311467326 
16808453 
168475990 
242302402 
257760935 
7280572 
293153267 
187806711 
15933148 
406698151 
1024635324 
151974079 
78037972 
863992129 
532380120 
764307865 
609619833 
1407877704 
71035635 
75464195 
510808191 
69288176 
408697721 
326612199 
55928951 
414269775 
413114889 
61572699 
64837060 
251496825 
24322323 
16031862 
15986414 
62157929 
20264228 
32515886 
46120208 
14873555 
21676934 
595612740 
36056382 
745898558 
300439153 
568604353 
168811389 
357882648 
19711734 
26220153 
631958004 
156138370 
1665849420 
39592639 
89584948 
222125653 
358951651 
209719164 
58500874 
21698940 
71064895 
16365636 
71067397 
385088861 
54262769 
93931873 
22048352 
17681960 
86356439 
381729703 
86330795 
21116266 
23962997 
16442020 
20002059 
24755782 
15112070 
6090952 
42733737 
23495196 
18660415 
53061062 
278069749 
308090002 
93697039 
319225490 
17389355 
102452957 
15985250 
91173548 
104929693 
43173363 
441211498 
353102986 
264367497 
234399791 
85682980 
422866679 
510864171 
132983131 
346739977 
41862896 
36733757 
43180262 
885295560 
40918282 
138756085 
597680146 
224636749 
75354493 
117159540 
75314064 
19346462 
305545410 
257578806 
71796473 
501963166 
116850612 
250766521 
17471979 
107123201 
36184220 
618969023 
133458374 
176434851 
119508210 
21234473 
2254267650 
36722950 
1599209396 
1087441195 
321052268 
17472333 
21405070 
60597469 
21759568 
16529656 
27911944 
24852465 
31414290 
26763420 
16143507 
35084169 
107436986 
50751556 
24772669 
159225370 
23821435 
106854950 
1851857618 
207537647 
73992972 
15868002 
19722029 
34027831 
21362105 
16643805 
70436289 
185752781 
35798784 
28331519 
22135023 
50647383 
50404736 
17492931 
71054592 
461235981 
1219906686 
16409216 
2281052582 
32521367 
22956018 
26284208 
188927310 
19010580 
14922548 
18625021 
243284052 
2893511188 
255747911 
52551600 
443215941 
384031846 
15227791 
398092540 
47363263 
53238154 
31353077 
73443014 
308193132 
40306315 
45371222 
35184346 
64496398 
1888149452 
89002325 
136362750 
36490075 
2301691662 
17881732 
23002923 
20261843 
25021769 
1452028705 
29743384 
485182129 
24026321 
470416797 
19175209 
34144956 
25319770 
41468683 
250674902 
25384840 
2575022059 
2927867132 
246565905 
165799482 
202269158 
202327925 
587593372 
4920814595 
262915519 
446455232 
87299430 
328810158 
303806325 
707354300 
58832190 
244612749 
277758513 
22639491 
103948050 
253059865 
20416406 
231209225 
19798578 
50055294 
2612317952 
2742291760 
337766434 
30969644 
382177545 
14427317 
39275966 
32002507 
30013357 
54904679 
54730258 
28196433 
312986399 
260546256 
128002733 
12880012 
17163265 
53184267 
293611387 
98963477 
24690085 
15949042 
34673130 
243204005 
18805765 
24705687 
2221883407 
45445911 
620193119 
620201089 
308067057 
83887346 
626788980 
2913042596 
32220388 
111397545 
175428333 
108972666 
28191425 
248714917 
34377456 
38670218 
138513176 
26855412 
115768325 
131187975 
15860542 
2594894430 
2595568436 
2496459876 
2461460389 
2302063208 
2302044763 
2216136589 
2216026806 
2196616188 
2196610970 
2161622202 
2161612478 
1944409981 
1944369145 
1329961826 
1329939998 
950608964 
950514607 
633073763 
743087592 
602467780 
602431133 
587698643 
587680063 
571077208 
571175322 
1418783630 
539318483 
539345590 
539128769 
426994445 
426963070 
385034143 
384934636 
364496438 
364489414 
357612029 
357609202 
339235372 
338652399 
329345099 
329139428 
382893204 
305200696 
305147742 
304584086 
304578117 
296784847 
289490699 
274023562 
274020734 
274006859 
274004118 
262643642 
262638106 
248701550 
248683375 
252722682 
238232275 
252724602 
234253004 
229830123 
229829428 
209651166 
228699929 
132258542 
132257546 
102886864 
109617898 
341622081 
36381496 
555315680 
39241551 
36854939 
135553041 
919135076 
524578684 
524568357 
168645635 
318483157 
935250841 
935273486 
1092989167 
1281262112 
847509012 
847506104 
2980130032 
2980052661 
1465536372 
1465520376 
2209439784 
2176299018 
281129137 
281120082 
266071506 
266063489 
227107517 
2166525458 
415096523 
494134556 
494142086 
557890123 
20081707 
88947251 
143822028 
121515876 
104516654 
238268629 
238269552 
2893374305 
243768654 
33285177 
1911869612 
1911471896 
1375266626 
204798498 
191419161 
168762132 
83685541 
46444445 
250726586 
429085231 
429080410 
245601025 
124190867 
245605345 
124191449 
210825926 
210824456 
22631935 
22632130 
219357495 
222576415 
506407437 
57743497 
589225566 
589134854 
15107470 
14980721 
1132036159 
1131990072 
140929760 
140924167 
36376728 
102456961 
293130289 
293128035 
17021844 
17717306 
16926550 
156675496 
41353531 
94367325 
215996918 
74254730 
74244916 
97247997 
260433967 
409573061 
21352683 
250780625 
1343122027 
42936899 
78215161 
78208471 
41893606 
93899022 
76704116 
193209769 
275044406 
1879628347 
21133156 
177600683 
1101262004 
19784491 
92776305 
17841851 
962964248 
31501661 
31497170 
487560468 
76405756 
106182585 
112773875 
104585835 
112767813 
23077758 
22785299 
308518997 
20682801 
444812436 
36720290 
2382468056 
23461804 
92162698 
14498484 
14801539 
15020865 
16651754 
16826656 
17374906 
19013887 
19618527 
19673276 
19835035 
20006987 
20264905 
22536395 
22976125 
23783692 
26577824 
27961547 
28173550 
29264626 
29304837 
29460627 
40878677 
44166798 
20677866 
142254821 
325070041 
326385372 
11348282 
208712082 
778096 
92606370 
108521423 
15411998 
1042497097 
103079977 
1323260832 
19426551 
224781889 
454366379 
421303216 
243685782 
498956472 
476050022 
18065266 
1300320594 
2386894442 
2377536373 
52536879 
17399269 
18839785 
471741741 
93714983 
21904217 
2382463447 
320419369 
236436759 
80038949 
760872133 
459354897 
356611034 
1413475670 
200163448 
35441526 
52818366 
18173624 
408100596 
77463667 
25341996 
2503058006 
57720206 
19375097 
15066760 
2810727911 
2810679747 
27943431 
17897698 
14961334 
22412376 
27195114 
18396706 
144857193 
17293388 
335336611 
325703197 
14293310 
1850762905 
97219875 
50004938 
104962810 
250704255 
249675256 
1004722831 
48844884 
15430849 
12369372 
1533948710 
33933259 
403588966 
292951154 
92109455 
308556440 
55594930 
43885373 
27487343 
15361389 
17093604 
19678937 
140070953 
296033165 
202647483 
91478624 
104237736 
78319491 
17899109 
73406718 
2534695512 
408515995 
1143551 
284083080 
310064178 
18241502 
21814628 
52660746 
2495199115 
18194219 
714296275 
66496796 
21311075 
36375825 
102448827 
1347713256 
318482708 
85433682 
64470344 
34925521 
755953153 
28206390 
39728435 
38491229 
209415615 
590152667 
62888702 
168644967 
186154646 
250724456 
91193025 
786937495 
153806065 
104532480 
121514648 
518891781 
19663706 
18549724 
17093617 
