3257608936 
25884426 
44130462 
16129920 
2836421 
2163437282 
15438913 
721898666 
32509714 
23470183 
13850422 
25589776 
17446621 
20012204 
22179997 
1367531 
34933854 
190308097 
312200819 
1648067676 
19774757 
43377648 
27896925 
69052637 
52423866 
31080039 
165511377 
35930016 
29343799 
40735292 
93654953 
431629006 
21627737 
239188281 
32173615 
22872643 
152800295 
96459558 
11266422 
481598648 
17241895 
65525881 
39588492 
18138971 
15444568 
9027932 
367293953 
16527638 
48443722 
14075196 
20333461 
102446093 
151544201 
13192582 
73181153 
16928541 
9916402 
16312576 
15424650 
15693493 
251903894 
14491138 
8414332 
20963273 
182107650 
19571299 
43283406 
53238154 
18101713 
14780915 
28053728 
193929442 
253168159 
59522488 
213999336 
108713959 
27702153 
611823 
263292498 
249527815 
28061932 
28562317 
96444937 
29255357 
132540959 
22677790 
22080646 
74594552 
13820672 
15981613 
26053643 
6017542 
759251 
428333 
246837516 
94710817 
23680913 
22657153 
19329393 
33978449 
90420314 
56405314 
36098990 
30364057 
163981466 
13 
