44162011 
818927131883356161 
733948507 
770781940341288960 
240454812 
7309052 
380648579 
18510860 
451586190 
131497030 
35110248 
29495727 
24619328 
7684882 
61220477 
18122308 
76707735 
16892534 
61734492 
450941680 
205392468 
11856892 
857140962 
15438913 
63477363 
17471979 
19725644 
14791162 
136361303 
22179997 
110213431 
23912601 
13213122 
15731368 
20012204 
28370738 
250831586 
205915163 
2255182597 
457984599 
2800581040 
19417492 
40116885 
90508268 
12612432 
22650211 
129879105 
56561449 
17681513 
96846955 
12133382 
64643056 
26207922 
1630896181 
46627530 
144968987 
552006124 
48352311 
23818581 
2890961 
31927467 
40255499 
69181624 
18170896 
60919240 
19426551 
783214 
18061792 
2557521 
15113565 
26257166 
17409240 
18320938 
471672239 
66369181 
19611483 
54885400 
10126672 
8775672 
16686144 
14245378 
52136185 
24578794 
16560657 
33549858 
2367911 
9695312 
14780915 
1268844253 
586032653 
193500676 
17446621 
16312576 
40924038 
16228398 
152142811 
35785401 
15279429 
121817564 
5695632 
3111678539 
1520876749 
342544502 
216299334 
18424289 
17006157 
21447363 
16691049 
52199242 
191613738 
284296658 
108471631 
16316895 
757303975 
263879706 
21734241 
144274618 
125115830 
410778854 
377071661 
503437483 
22059385 
747612159857860608 
18020081 
2836421 
14437914 
788524 
1947301 
16012783 
16129920 
16955991 
35773039 
14075928 
238319766 
443215941 
60478501 
55117855 
75541946 
23441725 
741291461979873281 
475802156 
748666114989649920 
2265661259 
711188856943411200 
15164565 
2884771 
237811805 
747881619101523968 
2294505968 
20772763 
18028893 
4304611939 
4068337756 
97474887 
377949581 
18363255 
20707966 
8425222 
351065668 
6017542 
59031230 
16116288 
733751245 
50055701 
58120509 
3135241 
1093090866 
818876014390603776 
86174088 
28948414 
241243353 
224221596 
82447359 
119879374 
19143584 
19208457 
41634520 
970207298 
26350255 
49583547 
2332354080 
36220671 
357606935 
48802204 
254117355 
184136149 
21619519 
20608910 
50325797 
726934981570863104 
147725246 
14529929 
1364930179 
16097702 
84457849 
1534167900 
80082384 
16815644 
564870157 
18678924 
14216123 
18767699 
5741722 
114782468 
4898091 
5392522 
29964675 
23428171 
28562317 
26747248 
18916432 
1020058453 
20748745 
65493023 
31540671 
16032925 
720320582693167104 
1180379185 
21010214 
23151437 
20713061 
16343974 
15485441 
16973333 
7587032 
713041854 
87818409 
612473 
40927173 
19238073 
16031927 
10228272 
2553151 
43277789 
206998507 
716376449490530306 
186646579 
25701904 
4121225056 
39308549 
14862639 
334053327 
1880281963 
67358777 
56413858 
38690583 
34713362 
16222584 
25053299 
91478624 
620571475 
1330457336 
1339835893 
822215679726100480 
1536791610 
822215673812119553 
30313925 
19394188 
26820275 
1472931361 
859727149 
34613234 
23176276 
15726324 
168295477 
2600493854 
26548315 
16302242 
16017475 
2303751216 
16955870 
23967578 
137288990 
1587821778 
1344951 
44196397 
8161232 
37441895 
15922214 
378828815 
531627880 
19795586 
39000115 
11640472 
211635204 
18742360 
17525171 
44426926 
702855740 
40708241 
33908800 
4101586936 
85243004 
1766701 
69679927 
1562935142 
83590349 
16331010 
25589776 
128604687 
2883841 
22642788 
426041590 
335996055 
15059534 
52419540 
39298589 
18378349 
28096105 
743912376 
25159286 
19224439 
352548417 
33530012 
9589252 
249217178 
17325090 
30971742 
254106507 
522282462 
54135604 
8839632 
86141342 
42958829 
3044785181 
2450083568 
2151031680 
2330415198 
71294756 
227837742 
16051471 
22799750 
292213945 
3389202315 
4278201 
16548500 
786764 
16869718 
68739089 
20733972 
15012486 
14173315 
759251 
1877831 
14677919 
20962674 
23849131 
1229055031 
58830688 
15458694 
13850422 
11856032 
94358103 
18277655 
2359926157 
22190585 
228747444 
36452050 
17918545 
14293310 
3108351 
624413 
15281391 
237335431 
14434063 
152145921 
11348282 
50393960 
93957809 
15056322 
496443905 
400848027 
16184358 
2760991704 
2835276183 
630719458 
19568591 
19674502 
542169262 
18451200 
196168350 
19196615 
39349894 
23970102 
102784808 
21920965 
357241116 
15647676 
17912982 
17629860 
2305428572 
73181712 
120943272 
18791763 
28140646 
1754641 
18646108 
33792634 
16157855 
55338739 
16760131 
43425975 
5770442 
29216764 
14669951 
22883726 
16187637 
27744185 
15513604 
110445334 
27311044 
43919633 
16072676 
167122787 
166433803 
51809287 
2799960092 
15383427 
158414847 
191504048 
1158638582 
2516164608 
2771032333 
21701757 
49140008 
21312077 
104567779 
10642532 
595965174 
143145579 
34992644 
22928810 
15745368 
45564482 
10774652 
1074480192 
216881337 
247723476 
5988062 
7744592 
15754281 
16664681 
9411482 
14515799 
9245812 
19553409 
72198806 
17494010 
2097571 
742143 
807095 
1652541 
19834403 
232268199 
810424 
428333 
389813793 
1966825824 
1487846678 
5402612 
1184488814 
4970411 
28785486 
2467791 
17469289 
9763482 
182107650 
35659801 
27288131 
29458079 
188361020 
14839147 
22517990 
316580588 
111400999 
31101965 
22055109 
272395158 
21536398 
28264799 
169203819 
42472972 
21301913 
1367531 
16364399 
371465104 
18983793 
51241574 
243284052 
161319475 
18583722 
15588657 
293627808 
256575957 
28587919 
336116660 
20749410 
22938914 
335369838 
46051722 
23261363 
29465136 
24141542 
67095962 
156132825 
35127745 
284602545 
813286 
63796828 
19397785 
52544275 
39344374 
25073877 
25365536 
22677790 
19362341 
17461978 
107128390 
263292498 
62290422 
79797834 
48100887 
8936082 
21362103 
36686415 
21324258 
52551600 
90420314 
36528126 
14511951 
44039298 
18812301 
15846407 
19058681 
14824849 
21906715 
23614207 
21414413 
112508240 
169686021 
27778893 
37344334 
19554706 
110827653 
50374439 
22657153 
16409683 
32004130 
14515734 
39706174 
19877186 
19329393 
36098990 
28638191 
18948541 
85603854 
17074440 
21982720 
16303106 
15224867 
27685955 
114885858 
25203361 
3004231 
26149716 
16190898 
26642006 
84489711 
18831507 
30364057 
183310940 
93736499 
24929621 
191690176 
13058232 
12925072 
259484097 
115485051 
