4699224763 
712561760813899776 
963556861 
488242107 
845128324158402560 
2261808925 
197264075 
2798741432 
1047199152 
1530514308 
828452798459215873 
3001873245 
757974411811094528 
2729591202 
799573130494644225 
50944503 
236549282 
472967330 
831827148101017600 
222892655 
4583717002 
3080871267 
185396467 
708906888 
2768406850 
280041792 
826566719535722496 
2938681094 
346667951 
2290711439 
2299879734 
1418952392 
3112872395 
385954007 
242810176 
551828951 
740243902712545280 
601344478 
712693659557371905 
3854361733 
75755799 
803421704 
2325286790 
124136394 
2615104981 
3281312520 
3150854437 
2273042022 
1475973566 
309774551 
750453059545858048 
3058561436 
301230150 
2266883694 
758089072942288896 
2567811314 
787667408173477888 
62305367 
1481917658 
1034330125 
189417354 
1210635589 
37179327 
194579668 
1724523768 
534444849 
2643486546 
537265171 
1145030383 
2902199112 
2782435314 
1267538174 
1859318047 
61725368 
2899831922 
366804044 
820667723667673088 
557457171 
3242950784 
2823186303 
1675890824 
127488603 
221386813 
3013690531 
2366370667 
278533110 
560897153 
2713586770 
2907549432 
214158766 
1254263298 
463635454 
2503630753 
255768621 
2852527218 
744553115832066049 
466715879 
4265707138 
4323771381 
1642205485 
112477311 
3038818130 
1355520157 
1297274778 
1883271926 
2349003092 
2821327196 
2244979809 
61975002 
3439390372 
833488334 
540948544 
509268982 
382496425 
3004343276 
179107416 
26979717 
183321126 
1007725603 
1298531408 
3218230055 
1696038924 
1105599361 
595887505 
2220361195 
2417858629 
2831464006 
457476694 
1408822326 
966332557 
1344871598 
2466405276 
724206219951509504 
1899124164 
753304492527853569 
2284005492 
2944783198 
1269844142 
393289473 
2940760072 
2572675106 
3356006386 
623258790 
2208626418 
85095040 
1700735796 
2989114495 
458838505 
637125619 
717491794553016324 
420493 
421489190 
2858863232 
104291294 
347644695 
931112689 
1332412598 
195603310 
423532945 
282098746 
3016092692 
701423893639081985 
2200212734 
2920040420 
220549268 
3294725932 
2510992016 
2280656054 
355270227 
71730764 
132388899 
508253432 
1478859636 
4807952542 
3249914705 
1268278789 
809635252284964865 
1206617689 
24298435 
809540841949843456 
947954390 
1949958186 
1566891608 
732381591247323136 
14687154 
3408741532 
426989162 
1649290808 
2937921298 
715226948 
460767885 
2810067036 
2898077785 
3408012057 
90818575 
2387596110 
35704593 
352392857 
2221009716 
1494691766 
2998652190 
1670986224 
323150951 
1164058908 
3006830951 
68907289 
114529263 
62696589 
773666691050041344 
41756976 
840022739809382400 
175181924 
830684267701170176 
756232798302773248 
801884924848570368 
833534870638850049 
4657063710 
732801714068283392 
796440626678075392 
815986449812193280 
792086758120914944 
2657027709 
3267450702 
736002671434305537 
1205710256 
776981035334590464 
2784171683 
767809052852137984 
828388359575838720 
768584599 
3298439592 
2960543609 
835613539670851585 
701934607550324736 
809797553772515328 
715318187387125760 
818282101585969152 
744952473584996352 
726573107503349760 
726535376110657536 
729771959601483776 
792574940004229120 
2679378679 
746549402395762689 
840401996624609284 
2566599260 
807627361134919680 
778778572169150464 
797922712291307520 
733806552025600000 
789792139794317312 
801332851383926785 
824038468699521024 
3413996782 
3376575963 
2864922369 
772237727412748288 
757517107814801408 
1187479656 
2435773211 
803183603052150784 
1492989960 
4819425323 
816318690857779200 
754436090375737344 
782502252162547713 
809143551326035969 
2722594730 
3271456423 
4868996595 
826228510087839745 
1698445358 
834937594689396737 
4562059575 
761920766623490048 
2389916012 
763894132536250372 
814261212460396544 
756218196311568384 
813383441035198464 
829886659089022976 
2301769422 
814690369497485312 
820634540553048065 
823479836777717760 
801179141932318720 
752609285511622656 
4599870408 
734889227922509824 
766724378910306304 
831831685863927808 
790766610181070848 
772072569528786944 
799858661988253696 
789151409597919232 
835659588477267969 
840195979571843072 
830827721664102400 
838214815097171968 
833739365180272640 
824902042099396608 
3198614551 
833181322029850624 
757962079781478404 
752956420178448384 
770509693131325441 
836302342173655044 
802746243978031104 
748648986454679552 
745980690303430656 
733653318845628416 
841083492435914752 
787133649678245888 
3474945618 
811045824629186560 
800555202193420288 
2381399516 
2437589095 
823054995310411776 
839077939530563584 
834531185724358657 
343496656 
942353690 
706323252470161408 
778954296 
774079776000774144 
785327735988035584 
791089625175425024 
788634856347594752 
737153983970697216 
841002614858883072 
779416183367929860 
802747068167000064 
2981623286 
2223433482 
802773463429738496 
734519467984728065 
829069283766460417 
318483371 
762614954 
1393540628 
3939924323 
2426420437 
3390141358 
3345509217 
465514339 
1956713622 
1069214360 
63287367 
2570163614 
815476197673103360 
3237796849 
2272068242 
179301391 
2430045200 
190559204 
286742737 
1250117965 
458794711 
1271056093 
475514741 
3413979976 
384500881 
1206807108 
4861168047 
447479197 
324959893 
2861849938 
459515493 
744380306 
2579454359 
3430978396 
728031692443672576 
160490198 
2950360727 
1314135056 
1328324101 
514757784 
231268217 
2933145905 
386315778 
519009662 
3019047027 
2374853436 
2193008133 
921952586 
483446949 
458426120 
38289586 
604897020 
1413226776 
2780926421 
313698792 
2953109803 
3196938380 
772921771142082560 
1420683188 
242183792 
822167076 
584167832 
168263767 
964374450 
475282663 
624434400 
397649083 
160065108 
1583578992 
1525363832 
560702249 
2680948039 
542660648 
2528794525 
36827924 
719204333 
3083000062 
3293115525 
4140741672 
822672187341475841 
3303653660 
3328359060 
2604308862 
2379343910 
3282893875 
244828963 
814845883715944448 
2331763016 
711335077767041024 
834931912019968000 
802897981167071232 
2448093801 
4347030503 
4093779023 
765778184 
3150199502 
4336041382 
709005563112259585 
832253816636452864 
132110521 
764813228736077824 
2806208865 
1871559170 
4714500619 
968270610 
331184235 
2184569907 
2595397627 
1353860744 
3158247102 
2930406477 
594183773 
2856902847 
2972653568 
803834675374542848 
180641322 
2951740291 
753412282919649281 
755606763798310912 
2500620500 
713989557704724480 
767769243840425984 
105393382 
2570698010 
3276877014 
3238732855 
1276472792 
822490409167224832 
1356039757 
2413644284 
818557088406310916 
719226403091140608 
3659982558 
3103419661 
2648916484 
1099979695 
2869505214 
489136415 
2174149304 
3310096556 
572253323 
3240761059 
718005607073120256 
877483934 
368758914 
717185708713095168 
783704525941121025 
1572190250 
2256289541 
1022130578 
4032024974 
770242994691645440 
816981203102248960 
3268090688 
750182808455254016 
2283442914 
3853988487 
811918849725452288 
729501552 
4834057371 
3387620778 
840741279336026112 
2962795768 
1471660663 
524100429 
92492153 
280157793 
1977141019 
2522126634 
343547084 
2177420990 
2725765902 
739518786835906561 
538613656 
736218853114417152 
2920071458 
731531416530497537 
18982679 
4623225086 
431513773 
1462535960 
31096950 
448096942 
3036657476 
2443633953 
2579367240 
833278013437407232 
2975674792 
563303949 
809473267430027264 
273541711 
703759891677126656 
729497008898080768 
746797900953354240 
2445913674 
597991293 
1900789513 
242479351 
1167430909 
1103232674 
2646684986 
2792826494 
582424984 
320974299 
3018609340 
1675039543 
1235015119 
794850073653846016 
750622878 
703360881057472513 
3896910682 
3096783601 
821660685998419969 
3281851386 
4658282484 
352750567 
3323504719 
270221323 
595471973 
527277460 
1135451964 
323787878 
168005617 
3249295419 
335733306 
728057391032504320 
1562778540 
294434921 
2467806337 
701069550054297602 
997045675 
3347248282 
4388468353 
3338135413 
2261765401 
4487078594 
734015282121834497 
928160028 
744927967092965377 
2283429432 
4928053564 
2670539738 
3298803590 
3153144862 
3024386109 
589594599 
812127238443466752 
3273627198 
414587739 
2652817235 
1088164309 
4029933012 
2149902456 
733494719171465217 
2258884509 
411923877 
4325788277 
710413220788326400 
3111927497 
224690325 
3310958768 
3893001341 
133134254 
513360232 
3906999512 
810364572980822017 
3352879659 
1348208761 
2243573073 
992275057 
24287994 
2595517028 
788775962599051264 
426371568 
818318694077984768 
702818677846966273 
2984803284 
714520928642797568 
1549268382 
52352815 
2892820787 
985049137 
1573389980 
846317516 
786095214 
712040528041349120 
704140470 
703806823195766784 
3304786845 
323623641 
466108564 
2497090520 
2282810505 
456735049 
2840628709 
795357842840678401 
4749045566 
3075661952 
826072768428990464 
436733717 
1969790527 
3321099630 
2640992581 
1059132642 
1482806070 
1181242189 
635793587 
1509154554 
4089285793 
706033080839094272 
2544661934 
3315758765 
279118270 
3157830704 
3620377213 
3202341533 
2264804314 
488730084 
4028960712 
157116421 
801293959016353792 
2720184633 
284810796 
2161572949 
744960709834878978 
2673131955 
3569440280 
2325192486 
746671352732475393 
603441669 
701296557858009092 
1121843640 
3108255109 
612506501 
737595109 
828504540504694784 
1400706061 
2769188995 
1187077136 
3427207859 
92025334 
2352406219 
1606261452 
338140300 
3890364454 
2276091263 
2677731523 
3195486243 
179198908 
2221752393 
1390033856 
1895992844 
717488569615523841 
1265727536 
1550978588 
2823964809 
1018062366 
1119125568 
3196498645 
713659532572897280 
2376982454 
2920007330 
705151076496863232 
2822135486 
826778103242317827 
576107865 
102860119 
2532428545 
4834391572 
4167761207 
61076805 
469906433 
1395985255 
4616197693 
1635748770 
4821373877 
2568665061 
2371203950 
1600195748 
831072862014353408 
119256096 
555994483 
847707738 
479155251 
494573146 
1027249358 
853595660 
754173412302389248 
1714850665 
797437529553154050 
361007460 
738288654 
4423423460 
2940219843 
174362390 
1537411398 
1960977008 
4518570145 
2361235866 
2722555739 
519733995 
3329625969 
2923975083 
337906276 
2433848939 
3324009215 
1527835718 
337379999 
3431365029 
2930646231 
1705056054 
3005425982 
1592826564 
2500767284 
3068015546 
1027450136 
2952435328 
424792256 
2745551237 
1304061440 
621343929 
2749526146 
2159433059 
1056413888 
606550805 
2344509446 
159331179 
4896488200 
1605250448 
724394652766326785 
3417183945 
114605440 
2989731697 
3293242541 
2889373075 
477448436 
303511360 
874248445 
1307285918 
162180436 
1244861778 
2605388848 
543178761 
2833873717 
465639826 
1219788192 
3051635538 
1097066876 
126739533 
542893720 
3066932202 
707463566 
4459091412 
2780654071 
472524065 
540417190 
2881660279 
413651314 
2496631098 
2318298381 
805855955971932160 
761000712339726336 
1085150774 
2472038046 
494615616 
1323815076 
89825457 
480088241 
703413739 
219422167 
725372708674891776 
3128837726 
2909250336 
733718447310262272 
793460055563640832 
2977672583 
65819292 
318737239 
2472553914 
955524175 
3149495832 
3234512336 
954850152 
1601167974 
300946770 
2835620119 
619840397 
2985861966 
2250544774 
512530426 
3182541321 
368129691 
849996212 
813230077 
735476160973426694 
624889828 
2183574529 
2871794394 
538739098 
37246211 
355562381 
1353234841 
2873207915 
406868698 
559906927 
2443802028 
823051730409635841 
2302345290 
1147096944 
1111382436 
1236744818 
1891825663 
720385537 
740779146704523264 
2941646271 
820791355484106753 
1499112414 
3290520116 
1550950280 
2474804569 
1557295886 
321421846 
3799875923 
2402465480 
1733687354 
814090489 
495785727 
1942648250 
316428155 
2274007625 
705828397998428160 
3169613515 
2498215947 
4491841394 
4829898674 
3181489862 
3319455797 
1037492652 
2886875232 
761373258339930112 
2284119019 
65369142 
2431245880 
833642218212634624 
2954742252 
729281239249625088 
2810120451 
623808017 
1036887182 
4454496027 
173693287 
759225915431936005 
763853298600439811 
4384543574 
599831325 
773131485603921920 
711250933989187584 
584705770 
779775284 
735895236841373696 
569575242 
1244504881 
798693748850835457 
715911643041955840 
25200872 
2736664652 
4497688701 
3010709685 
820607717337272320 
2421148335 
1405068644 
2854361808 
1713487752 
183657192 
2968143975 
799968840 
378319028 
3366524470 
454935584 
231384050 
433485160 
2349696045 
3343605676 
800089555 
3098052484 
4110512660 
971304007 
1120715022 
592770016 
4686993252 
2371152748 
1883862390 
500505929 
1039104252 
1592409426 
2855483124 
449731297 
347079807 
708275102866083840 
2262711463 
823920269949603841 
1569122965 
450278386 
495952121 
1085048310 
1332299766 
3428873794 
1086883422 
193630048 
817356834621292545 
4640084537 
3384180406 
703794457712287744 
4631814433 
498972276 
2616311409 
3053588185 
2889971926 
745315259951419392 
1210411783 
277391982 
793163257 
744001406575710209 
336850872 
701376561530810369 
3265862958 
2294073715 
4676092639 
3032804728 
453010733 
2961333707 
535649316 
3006442573 
1546211592 
333622803 
1057739418 
432002249 
1241536801 
1339081248 
1388800645 
1435125030 
1232863753 
3074197697 
376962217 
472098208 
760328133589499904 
2246387868 
564309571 
1180893667 
789741489869815809 
3390369553 
392262455 
2147741821 
854573096 
724566124172480512 
3116342171 
1100978496 
71288618 
3131462182 
792471873825017857 
1093637012 
1058150455 
4158666493 
2728507288 
1644730843 
779165517890199554 
2198734789 
3846322575 
1848084762 
574527902 
308432755 
261105505 
2855786880 
2473613186 
2975592131 
940474802 
2409842784 
300859280 
2922285215 
732511522094649344 
226884771 
3222082924 
580064199 
831110026110513154 
309071701 
2267374026 
1458979418 
1278304663 
804264667 
337076353 
718189514947227649 
713475665975181312 
722921056336359426 
3114432199 
2620069104 
3046258538 
821877376720273410 
807658816368234496 
1700483472 
722388345918087169 
1879067527 
780940042478899200 
2185669406 
440612172 
2156700415 
568721014 
3423547210 
1864366698 
833893494443868160 
4667798833 
364055090 
1154107170 
1284900638 
367467229 
574045333 
2574318864 
4745804483 
805927395760881664 
2983064464 
2261701148 
68089882 
767014793584582656 
813686663402622976 
828638129615753217 
34377025 
271109596 
4096548433 
154360029 
408606092 
550130894 
1050301886 
470093108 
1436657516 
2760261922 
2576256595 
135431351 
3212627667 
704518287737028608 
3168222714 
4694349032 
507577821 
1365481514 
4507966933 
794660847826194438 
2890063267 
716641297960927237 
2564005204 
383647546 
3274236474 
2719708027 
831472879900307456 
3332753772 
567615688 
111549256 
302302796 
727527974392741891 
167927556 
382552651 
734331461579374593 
2314352785 
570358511 
34081445 
4236647172 
2166737742 
252982452 
2289204596 
606064966 
1654721084 
806665895556878336 
3373377957 
1512325304 
818316626286223360 
360141244 
582998269 
807469923639267328 
426348888 
383872265 
1914062060 
168799049 
830769533031845888 
2370588283 
1002790441 
744739796560510980 
2260111494 
265815272 
2238247306 
2814988764 
705738170109992961 
839371922 
2201877308 
718450338 
799783564766154752 
2761315310 
2339695813 
378421714 
258006364 
394035103 
1004352710 
2351018412 
2419835384 
3256193439 
978578612 
793898044483710976 
3144953233 
2544219888 
819536979930980353 
4927802459 
431382096 
2214879278 
783304067837628416 
3040517471 
705191551467700225 
745679223969439744 
719607905 
149790076 
2473839842 
2955326272 
824334548456587265 
458105590 
787596277441626112 
566768140 
3180070547 
135194535 
1890666318 
479927423 
722300567788265472 
818769354397392897 
507785060 
805251486439440384 
91062587 
574712050 
173556099 
3176774370 
2326948424 
803932102274084865 
395483964 
2381910961 
3140314477 
4194647183 
1127972694 
233546985 
28728185 
28768235 
4864914737 
1643300485 
748176298988675072 
1605678661 
3002709435 
156710911 
1461458988 
3301942478 
376524777 
227146192 
3066623124 
2731780773 
820729341969661953 
2442501370 
1912851120 
3550271715 
357505185 
3184736912 
3229424371 
749181820948865024 
4032238533 
473563145 
719946394690129921 
495516336 
3075323197 
1265235342 
1674293869 
442553457 
3226014212 
717709297598259201 
2942190105 
947387048 
3146519017 
700748486287839232 
1796427494 
1381538821 
3052382814 
311093687 
3280562905 
241828251 
613665553 
1631040672 
182730202 
283350780 
3285994052 
726814938249977856 
2483852153 
125681777 
4364967012 
824842757495599104 
761759623263113216 
224303252 
2450092478 
547558024 
2380386877 
470482769 
295075260 
3256508635 
514162307 
589756888 
245403233 
1051724318 
770082440 
1883233226 
497545544 
2364916723 
775795469427453956 
3219379740 
3753352280 
1191111944 
2855830504 
1293469304 
801734300437606400 
1459600280 
2350834934 
2580625760 
720071058099957761 
2958255648 
1361902578 
345823761 
793016305 
2650603803 
19265695 
2671829047 
2832451299 
807578881347633157 
564000560 
449764971 
341213448 
632958866 
406589085 
431652640 
1014624380 
797631894 
331433566 
839593482 
244790057 
1381359031 
621390199 
976623408 
240274504 
2330821116 
2181342032 
780967008 
909238297 
958850551 
414208077 
593132189 
45666819 
1386063740 
794341579 
460722688 
235221649 
304584640 
114934914 
1345436778 
414435589 
520797229 
1081876087 
2336721946 
554776169 
1245051374 
894355471 
2312502450 
1242219918 
473089172 
991200031 
1476377689 
1045833817 
980848387 
542094831 
2243118733 
405640396 
1902278844 
399607717 
2170560847 
364039973 
1638578724 
535467215 
161372713 
157740605 
515863450 
346402716 
619136347 
562291916 
223609337 
604247186 
2348935873 
1051905115 
322794187 
342393115 
513684167 
189999970 
2279963797 
475823414 
386317901 
1206556712 
447620189 
1489467410 
582404098 
384051187 
1458243504 
1125447750 
1053430458 
2242695134 
55012236 
1355406313 
544859733 
1187547212 
521497876 
997962019 
350946168 
753692382 
229919667 
289425546 
569546611 
552034094 
501245754 
339543658 
781499316 
786023035 
2323220346 
491784954 
1350464460 
552877595 
388422515 
1531109545 
1581449490 
1145083267 
3040129123 
60794918 
2911589819 
1345881386 
2650073896 
801281178 
2339789275 
1728228840 
2800971444 
822195657880567809 
108698830 
2543705066 
244018192 
3034432560 
3125581648 
2956662972 
788522500833497088 
4921315156 
2767965675 
90661198 
3099748102 
3035494104 
2600472056 
2422742947 
581033983 
15210670 
342309995 
1017515348 
745695548246720513 
3378228717 
1631052409 
63887454 
1004876916 
2919197934 
2758127125 
329418923 
794511150855524352 
2970159938 
241195337 
136051143 
1934836615 
1492124791 
789614223538135041 
2559507438 
85124669 
26242543 
583643503 
55856905 
3237191129 
86229215 
800543845570093056 
1406346067 
248585481 
12151932 
875607744 
25458378 
5548212 
330826792 
40201329 
768401279831904257 
2902033120 
1488058832 
759191683275841540 
241666780 
393605516 
446839505 
4834807684 
779898205 
2392070750 
4333879899 
739986732 
771291928273059840 
363030290 
2824738975 
2414767262 
876843607 
536649400 
2812404403 
1681431577 
3124125244 
2642438760 
16529873 
552337027 
81994188 
593370001 
19828767 
75051887 
2615887795 
28673549 
1400837108 
16419153 
2899704195 
340418936 
22452681 
3409831509 
130830532 
2356047232 
581494085 
989642563 
2599995014 
2493741530 
1536488724 
1438162062 
3426368735 
142759156 
3008451348 
3637360758 
834702151 
779849941074141184 
101857419 
340037502 
2808508957 
1545125012 
3097976235 
65455370 
26077875 
305192408 
485854360 
3349705401 
505402473 
393456494 
534362261 
2952458132 
843848210 
1542904957 
1305995330 
2597498814 
40565117 
481376138 
3697360823 
767120887216742401 
2748001296 
5514192 
30554417 
1271224669 
154704682 
1076328108 
2929115940 
379526391 
1323856472 
216607018 
63354862 
227513889 
4091644450 
50605204 
16901643 
2533527679 
777208392775442432 
2505900266 
18353813 
138703392 
2282695393 
433862627 
2314076370 
762557807660937217 
709917032016441345 
393079747 
245520753 
574023889 
272615000 
361134659 
2200750548 
419913467 
164712579 
375881168 
770560995341336576 
756033702 
1202353621 
41916760 
190509561 
1200337969 
961218534 
2779597874 
2944465610 
1305902774 
3196636904 
4909932594 
1005113245 
3454779260 
2724837544 
2965207820 
251839078 
1669781954 
2808962612 
1835508241 
42740230 
2222010048 
1327009057 
1527169356 
2546610505 
199802625 
1528570850 
334279464 
705806819231469568 
456147644 
761781698354896896 
381434858 
2399199835 
2904377925 
3060765836 
2261695933 
3403568050 
349326394 
188893766 
1473442244 
85267990 
2950961904 
4660812213 
325156170 
528829296 
2970424054 
454138706 
314394745 
2178432108 
2242250953 
4363654213 
3065691440 
701763832469962752 
2668659901 
2943549176 
1059592771 
827976792 
3188364296 
2908585444 
1730496938 
1233974648 
3824908573 
2473396230 
2287571322 
940136540 
564989115 
2939156411 
4518667096 
934579758 
2956713810 
2471361493 
737815697154318337 
4542971292 
1567179326 
142089042 
757492666200449024 
725336873527201792 
3429136869 
4862288620 
458254379 
369836724 
529795011 
4812413472 
4922004449 
379934821 
631585320 
1115612406 
723741432788316160 
2311102732 
3378170757 
2830139032 
2597067289 
293261759 
4604076700 
3161290929 
2673808362 
1105139174 
406731817 
1170406363 
3545621773 
2922271250 
613379467 
2912032689 
2429762960 
3098587076 
799087514 
1950585937 
632022113 
2915263410 
736794343231479808 
1241301973 
2400779976 
302584397 
3058661220 
2787833876 
721124037322104833 
517047229 
1666675381 
1550478216 
1350275371 
832063488 
67140758 
2970765272 
3235447712 
2925392282 
282786875 
1332473299 
156371594 
317768020 
1321871796 
1902040590 
4736117956 
2981035112 
457301533 
332071408 
513843933 
2413216465 
824439157 
852687506 
3547879517 
992827548 
548088569 
3054016778 
2832047258 
955045710 
1596625838 
2264519462 
2252762816 
293927138 
2190107619 
2863569379 
766146176890630144 
3166972849 
582026916 
2691623593 
22209201 
770610080 
29789545 
2512570944 
54177550 
2918044567 
1587217921 
4342716852 
4697274396 
749952350 
4339510281 
320756946 
567666620 
1520429624 
375227729 
764942997024829440 
743268099290435584 
362559925 
152778479 
1087492124 
19090871 
24380224 
755152143141703681 
717922380002123776 
2172461651 
463005746 
75019567 
2376444547 
133880286 
790136510 
926114798 
4759795017 
1120654448 
256258663 
1012353787 
708291864126840832 
1409322992 
1561145676 
1256551418 
37836873 
46476526 
24627132 
30892730 
66339576 
424399010 
161700030 
2988534188 
519929459 
562164581 
758279842685071362 
36957386 
2218939088 
3241967302 
2324671124 
153966123 
108710104 
725599416904622080 
374170012 
732794705390505985 
1026262700 
754560865941061632 
4297806626 
753536398406344704 
20956414 
706821212891181056 
2277007093 
2940131020 
950524298 
155068208 
1510418280 
2716997492 
222691723 
748223131030949888 
3308174418 
4001712676 
703718994822492160 
748156604185382912 
743842046553661440 
1538775926 
4087494503 
2790170981 
411214819 
545152783 
3313898077 
293524330 
715159046488244224 
2540079069 
3148116509 
2271135858 
2655091576 
3108040181 
4375804397 
705039976900272128 
3143279948 
2568164508 
1293781622 
732029729587372032 
3035403184 
446672598 
66805379 
445662295 
458992507 
2702835259 
1045164000 
477096379 
2616952106 
3053230575 
3064185474 
267132770 
747942111291514880 
4713137236 
3297598996 
2991239716 
3434771031 
4546834517 
745405053289148416 
2180358957 
383545134 
1265572148 
2263724791 
2901614341 
756397854 
2876998585 
328942572 
109907519 
131425515 
1066025264 
920697193 
2382248047 
2444260254 
1462911979 
3035606914 
425462839 
737597334062661633 
3047894383 
1051893446 
2365352354 
1487591328 
3013227726 
739922307616002048 
395202364 
4712379075 
867426576 
133692379 
4705495394 
3845914339 
353707713 
2423123452 
220614613 
825966878 
4192804697 
2910256868 
716638681444945922 
3782723718 
731082136770449408 
3833170099 
736546576722759681 
587622994 
3062658810 
35908581 
120140616 
3276033403 
3038188772 
406068440 
3239019950 
3314961559 
2344540446 
1223330245 
3323540192 
519396776 
4450798694 
2869822633 
2933239188 
591163886 
3341990819 
3023955301 
744560553411084288 
1332824364 
617323449 
582607386 
2374810160 
748909115833880576 
512091593 
2954648552 
704660354362707970 
2733654317 
2497751391 
2945855881 
3241872019 
73623610 
2527277756 
2922172126 
2803668798 
2259671096 
3349872792 
1469607505 
4656066738 
2981436525 
2930951252 
706866691 
443976312 
567312129 
763410680 
713897748395921408 
3304085323 
783565957 
1157118805 
2183942500 
705242098522525696 
819445560 
3247684794 
710804860 
282432597 
702525882280218624 
2888527879 
393499215 
418296794 
3177426996 
737588223824650244 
2270963824 
2582109975 
14283505 
525369483 
1091976596 
237687528 
57425716 
713995778943913988 
3295634843 
1720967798 
49645869 
3371202833 
3288087127 
4377587959 
759057121 
3632772913 
565904911 
3349802174 
3163964340 
3349691901 
751343209 
296047367 
1380620414 
4090449972 
3644676761 
4539984075 
43691494 
750574075530076160 
742469208731090946 
3234515299 
2995190790 
502512175 
35055246 
866171353 
883987507 
723085631673356288 
745879982350688256 
709440158832074753 
2989973375 
3180503641 
753286856 
4688719208 
4860726121 
349702271 
283106340 
2335825958 
1321620596 
1490127019 
2989046010 
734294724605927424 
3215571592 
4678932494 
3263610205 
2791200082 
2255080662 
743119982377078784 
3301681067 
739915903 
4290686534 
1605886526 
3249727038 
750306534920294401 
281663272 
2179871179 
1733331823 
2815825886 
3226511389 
749125801816182784 
1557306043 
2248115810 
280739647 
1387140936 
614303444 
733275232765497344 
2235132416 
97822743 
735023991035858944 
1295079523 
720316860349022208 
4601829017 
277891762 
2158127550 
1685567898 
3097445964 
1914091219 
2351286902 
734289481 
727768245630083073 
4665201806 
1632681594 
4601772914 
723015662801580032 
2279749057 
751379143451824128 
296496207 
15693169 
703298867450675200 
2368778169 
743009355616817153 
2330078749 
772422060 
749935441290285056 
213730640 
854313264 
738810608456368128 
3611156060 
435211245 
3275985343 
487447305 
4639713380 
701280136197496832 
1081038715 
746671692160860160 
3040814082 
344312607 
2616275535 
4661081121 
2190046437 
750515143423954945 
846585194 
3183918071 
1890324326 
609891055 
3175468849 
3399411508 
734778947913670657 
736093611666767872 
4426177694 
750225645330804736 
3248389444 
3617568492 
1061985949 
749591674578276352 
3119245021 
135031532 
2950686015 
744052985840476160 
437884024 
208947047 
701009343295033344 
452761164 
2436766766 
409906351 
2263557636 
119960801 
1944202014 
3219987847 
721672048397844480 
2268652177 
2793052746 
2248437346 
4547593393 
3306934579 
3824519118 
2526496352 
2888440532 
1961357084 
473867422 
2197014678 
433282717 
296357745 
2658582577 
716443639023542272 
743937625 
826788055 
566017781 
2549715559 
1237988444 
3082761243 
12788662 
712262693286088704 
735862321055072256 
2912599549 
938963130 
4803759152 
3084079288 
1537664142 
2546917202 
2432329958 
1456592220 
3677024295 
1875760207 
2974221893 
3033820951 
298571550 
2447635618 
749246860364161024 
717536402229952512 
426502600 
2437405668 
2918518786 
3115497622 
3170875664 
1621898162 
4914633955 
2915260100 
4867930703 
45305519 
2665398102 
702087441792937986 
3256522904 
2766261081 
2333738328 
705695119253504000 
3260040974 
3548366597 
2881100802 
3859384458 
2658747240 
1366581050 
2224770761 
149007131 
2779916570 
746138248620052480 
1897435316 
606178025 
3419820497 
2421672308 
2878410559 
3742685722 
735800501837529088 
2857465523 
731739651107475456 
2913104030 
495061984 
1671114667 
3968849113 
734686680712544256 
461184701 
3702999673 
403188694 
315009098 
740048995146334208 
374918334 
2613627013 
1041264157 
3276763466 
3027802403 
2253573606 
2772124592 
3183682774 
189930800 
2426805888 
711457725356441600 
999250166 
2943934652 
864354230 
2214179875 
527044881 
3315271282 
554462610 
728034487292952576 
738241297278894080 
3061262539 
710827681126834176 
603269472 
1549696597 
552631418 
510110305 
2868663736 
2602708329 
723614491435499523 
2788294878 
22996057 
3740292494 
82915391 
1422946818 
296560902 
1878473497 
716185001440600066 
747621692281761792 
2790183688 
2277800833 
295004759 
529841730 
3068826523 
4855392303 
335034817 
2910192134 
56847381 
2915740020 
361051310 
996167401 
1559477550 
1458538927 
737854871932653568 
31057053 
3453760515 
2491280464 
1674912734 
3330582281 
2769505605 
3191001074 
727281242249547776 
499980998 
3898167733 
1064706223 
346041946 
1478883295 
2344325177 
937204530 
421626148 
3316335127 
160331731 
3020827023 
708744043887353856 
788192636 
519652586 
2392120806 
2445407367 
946663584 
627037731 
736875470893940737 
2760286606 
1278767060 
893540670 
142103388 
2307034520 
2760872287 
564944213 
4868016425 
537713752 
2416527636 
2774528658 
1296195006 
3226291752 
3360917239 
578733354 
2715248956 
2750332971 
325308193 
261399379 
711896791 
716838710935822336 
4794583244 
4843231040 
346725834 
3320174049 
2298597690 
225145654 
1284761654 
2798095029 
2272007790 
733208887852204032 
247615136 
1714899536 
2763880650 
471215827 
354274220 
1716953496 
2958454761 
2243386698 
2945159681 
439701247 
2155953082 
2438471894 
568556071 
27495054 
259574581 
176515677 
1195651382 
1173399655 
3435814582 
374050407 
335724136 
998585430 
2935540228 
32101309 
3795625574 
487979623 
790559244 
3389808381 
356676406 
251280857 
725787890077319169 
3250297130 
711163961282965504 
3264617674 
3731708242 
561273724 
2590465433 
157776743 
3038574463 
478906715 
358320385 
970989487 
333712164 
1636897244 
714435266 
2533149833 
1137989616 
307517286 
483512745 
737316068 
1915668613 
2766912523 
399989248 
3084117634 
1247738449 
614045502 
1000003770 
961813117 
47797030 
598971257 
2723290293 
1039858603 
331832771 
1014276482 
3234288007 
3087176468 
334482456 
3839550629 
4166077456 
2991328991 
1087549940 
707627854880571392 
33199139 
4757325749 
3016776843 
481811241 
1615781030 
734126168 
1565201689 
39100962 
2675089788 
2273778164 
844794859 
3102929937 
287880785 
4819150389 
143657513 
498487957 
2534608493 
1639737031 
3192967480 
91909793 
1566229003 
413461128 
2577095712 
36443594 
2739687063 
2679973823 
295512067 
4915555671 
1949956434 
1969691172 
1365592148 
1485093361 
2430462848 
919128175 
3670165817 
2331268695 
1056243433 
706943655521751040 
925984339 
895867586 
2938565023 
546985197 
633300929 
244989604 
2147628594 
2733000741 
55177383 
314607788 
740625935565737984 
2899904424 
3448606407 
2845710081 
2997801007 
709326754 
3431343647 
46373196 
719498713287122944 
3357059062 
351227333 
3703244833 
2805437743 
4188620957 
614629660 
369002536 
3297864420 
219812116 
712974019255881728 
2359384451 
2309120308 
3585418634 
4719915510 
482213595 
217230121 
457906936 
936695359 
2778114838 
746474405451141121 
4199879898 
3306957225 
1037988692 
28655986 
371628524 
3188412418 
91952659 
1478072286 
601245540 
1024587486 
2298765980 
1114500306 
700426405864148992 
2994312219 
842792851 
519504211 
2466977522 
3928753953 
823352665 
911326896 
422551217 
246483486 
422419887 
412681920 
161896259 
459836360 
3901777647 
163154183 
611392509 
707790584010792960 
609399443 
2345971465 
2353393753 
260902068 
496282094 
3070423614 
3311429641 
2845777404 
4005435839 
937788944 
41015320 
439590800 
357893693 
397037971 
210037306 
174080402 
2744586311 
1007352732 
2314564873 
703911431 
235681049 
52923304 
4693257541 
1866211458 
3218361524 
2809561818 
735999957954629633 
708817092708065280 
702071456 
2271564621 
1037926278 
2959298462 
329561302 
1584304975 
2687439709 
2898257031 
107602736 
2355734284 
2174505215 
616403305 
521037723 
706946725852934148 
311468564 
441368537 
2225346661 
88972081 
754442366 
2842355084 
227071706 
2738650056 
2165789066 
636440629 
2984956684 
2866007352 
1634315142 
1444233296 
721383217220206592 
739723825 
2620333750 
298300199 
2859750663 
2478667312 
2166250527 
2901622144 
742513230396989440 
2235701696 
2844828306 
145139930 
27916527 
173133980 
38312528 
479132120 
2358747806 
339379427 
3300202866 
341318926 
1685920712 
1568808566 
1732396098 
1139685793 
4685916870 
2695919441 
1355547379 
4541733793 
742505559320977409 
2763444093 
298902926 
1495610215 
396706215 
633255350 
3738238933 
601788824 
1630987074 
797366772 
2656449825 
3047980107 
718391191314776064 
1873867556 
566950410 
207283211 
1061670733 
1638648631 
4467237557 
2203966662 
1395680514 
27265020 
511249970 
2271948373 
2369439383 
1469013842 
738907554693025792 
2276926356 
129123029 
3298701702 
359382410 
2676997143 
967476704 
2445839768 
4881381519 
2272270226 
542808460 
2188560848 
388561554 
1129772420 
4445814074 
359605935 
928579008 
60818567 
526869598 
332077977 
453287269 
2293123189 
610136452 
2363567400 
2711841790 
138892603 
1730625091 
4107854243 
288330899 
91814343 
2382751536 
378896271 
568693656 
1594449254 
1250646626 
3329339157 
1508077872 
633917528 
2257087147 
418231192 
377099595 
1183715018 
2262145915 
3236785909 
2618983581 
3087969810 
1790362088 
246356553 
1255225627 
1561474555 
720963499833339904 
2909689431 
1532873737 
1723670737 
635652560 
706235004729344000 
866742121 
2964165421 
408000239 
1143504942 
255801105 
262499731 
1536503744 
32797061 
3372155296 
838800000 
3378074375 
527855197 
2791187605 
718036054 
247501265 
163369484 
3893887349 
2783321455 
1048942543 
223626396 
3599235923 
3025533105 
598572673 
289644773 
553143950 
2667866234 
258494747 
476531075 
736697857764392960 
2743724477 
597954349 
137021417 
1184253212 
2863025636 
928925989 
123756474 
2938684654 
260697413 
2184666358 
1574660180 
345792632 
3812139974 
3313211926 
937729184 
612325746 
2210313833 
554392900 
1441758180 
563895117 
564468617 
459743653 
940348159 
4612938433 
756385621 
3044725343 
2696855288 
2943338629 
3040578066 
1488211939 
2246832098 
630246915 
613047164 
3144790303 
928404367 
2949800642 
905702515 
2336079337 
4622521275 
112680720 
1726484694 
2922296774 
1184147665 
229320517 
445778881 
3373066103 
157860334 
253830796 
713560967 
333065772 
594415488 
233475572 
898707906 
983636017 
258512779 
536494349 
1575977305 
2574899730 
2723810799 
1719934015 
1697315360 
471575091 
3244471616 
2510901016 
728721134 
442379376 
347882965 
443658886 
285376402 
981950420 
226591850 
525237356 
1049628320 
550475433 
2557567939 
485033415 
1146614364 
3240570751 
3297342926 
746284153390403584 
732956951030685697 
2958813380 
1056383960 
339917863 
2849661482 
710789786173177856 
52524594 
1704243104 
3709979721 
908170687 
2753195891 
819434821 
1082113940 
733822510962089985 
3015981453 
2887596823 
2719562898 
1031033430 
1106535841 
738341562 
617600981 
2567861935 
771205489 
3119242321 
2689729926 
109210429 
3784000157 
2514711888 
2151689420 
3149219915 
128410545 
3431893989 
3053064738 
783604362 
248548020 
257255011 
3344441404 
155623782 
956412236 
2806855986 
3242416159 
835915482 
706545956691398656 
2173532737 
405898080 
1245310194 
4667089285 
228997901 
165691023 
373779444 
3142743793 
314747997 
447092536 
2204125555 
763823023 
731528270827556865 
2531164267 
3185942228 
2282670426 
3359690114 
4765620771 
627436676 
533950567 
1024928232 
283988154 
1704675967 
4292116402 
3382823319 
2567384985 
2649542094 
4634472073 
188033258 
4372171156 
1193618155 
3814930094 
2308107116 
44334788 
492864581 
336971870 
3277708147 
4833786351 
2361172470 
3048565970 
4835016392 
3279648937 
719472210 
504492270 
417098924 
289808612 
2507331164 
85077391 
397910346 
2791207632 
165947836 
2620920325 
732725314414116864 
566376289 
535887495 
635099182 
2869279109 
4808088559 
3245981178 
2247050478 
2321830902 
737259620196978688 
735420852817121280 
562675336 
3140925383 
707741002778353664 
2504827183 
2991620926 
1597042292 
2505694616 
4888468698 
272726173 
2907904892 
231208395 
1854357014 
811583670 
997149080 
2269744952 
278633437 
3071754475 
902585588 
2473406346 
565951039 
835438008 
3021971162 
1715249466 
1563643010 
2872126613 
3049710090 
2727741695 
1316567214 
2186366862 
1386936062 
2165719194 
1561759567 
157915449 
1573984784 
2284020936 
58194855 
31069204 
2420962776 
2718253386 
1235008866 
3484777693 
2921957040 
561840572 
122895992 
2936031998 
1609852530 
1534753404 
160519517 
723199979603423232 
323729779 
716659688067178496 
2522356831 
3423072212 
298946632 
1065647575 
3380834713 
3404591182 
2945871002 
4767879426 
2940833748 
3197092572 
2553429812 
838563727 
325494532 
1062640237 
1167246992 
1353080216 
1615204988 
4876063169 
4441377616 
485430958 
523143485 
195270571 
289426059 
43712038 
2992075645 
3003458780 
4851386733 
3236101202 
4439051307 
710019017759596545 
1217513694 
2335081806 
152982513 
2866962318 
985756908 
3326985667 
4262992572 
2315446999 
701079753697026049 
3033107095 
2600793778 
588856151 
216718538 
705421650242572289 
333281861 
3177853700 
2854919125 
2751465303 
327956977 
3182259194 
3060464640 
21624955 
3071801570 
2909699857 
3117291593 
3087713682 
4896342479 
3112231815 
2914585088 
858626744 
2333767163 
3238952312 
432066753 
2185186367 
2401962193 
746498925666926592 
981183955 
3268100430 
746353409805017092 
2356740142 
3297128474 
3502991665 
4139605523 
2168486761 
3043229889 
744589547510501377 
1559995903 
3437435751 
278033619 
1198250833 
2496552308 
1456550462 
2156519300 
2712895129 
3168342007 
709209832889319424 
4916649553 
2366787626 
1587957883 
1614251892 
2861553379 
2473301688 
2910321444 
4235606479 
1933658148 
1730583132 
3839232433 
2262299703 
1645375340 
919797548 
283451078 
2832312612 
3116758492 
2827811214 
4833970761 
2401666376 
2711818560 
738494906792955905 
746628391537803264 
2258156118 
2361813830 
3790966813 
3174580743 
3021514486 
2953567423 
3843140420 
3950600235 
387059785 
568042009 
1248389509 
3163701476 
595292244 
718554161 
2769847334 
734052638657024000 
301527879 
448689861 
120717206 
3233455933 
2856071911 
3256732960 
527830928 
777859160 
739432296365821952 
3247881523 
718351987885154304 
305916182 
745286260286119936 
714968360577007617 
599878676 
3311973061 
3214687283 
711987274855141376 
469775130 
2386426089 
486030354 
2752369855 
1652070374 
3643755321 
4128437542 
716333503294545921 
3080941838 
716579350808764417 
55845061 
2940019968 
4797646980 
728729904 
310982774 
1461128640 
3177766285 
49419475 
715364627429732352 
2872023239 
1388878681 
2780471238 
3107468554 
4024212312 
974214146 
341513022 
431018044 
414247608 
179038247 
4490644512 
4765569286 
465287233 
4035421455 
2938277658 
745279375 
2922651602 
3038631924 
4561758991 
4416584005 
2363157343 
2878040012 
2661477815 
2312246058 
729280185871126528 
2921842286 
740288238 
2969480171 
121587170 
2407992807 
743166942891098112 
894047378 
364407697 
3283664076 
705194378562654210 
4373683947 
4384237272 
1253521364 
1655452855 
1707720691 
2202932984 
2581321484 
724786217225584641 
739090289273524228 
729040302388879360 
1939854511 
4752736981 
594474293 
3245048460 
787093489 
714495332374212608 
2921295928 
2985713514 
597027951 
2976782953 
721139289149480960 
998844002 
3104802924 
284410120 
1103152879 
716689051563204608 
352229615 
811589504 
1958371207 
385882274 
554558886 
2246012388 
493537670 
713314453903675392 
706477030917828609 
708807512 
109550995 
3066357292 
3617995333 
48778548 
795507456 
4040968522 
2360217793 
2876641253 
940448250 
1227948086 
2989229144 
746290199768989697 
1877281969 
617073130 
3184974224 
2286515301 
745540084015861760 
339330590 
301929040 
716153444222906368 
2909030256 
3300272047 
2933283432 
744063455896965121 
503211345 
3300603691 
557517309 
3195440438 
3195990138 
597778318 
4718545160 
723843122166259712 
2883232551 
2719052846 
1434791700 
1863275034 
248122395 
3050402801 
1009245032 
2858033004 
2754874331 
1103700235 
3317529755 
581429531 
3016486150 
1630111896 
2234382787 
4046214618 
300707389 
3278326314 
2497786496 
3268057116 
726691776979828736 
4671539029 
375522431 
2236722709 
1248256141 
2915605576 
556740863 
1581241297 
2617242450 
174020306 
1154072965 
2201635304 
3894839309 
1008151898 
3093099435 
2834618630 
2267729769 
2309552653 
825049610 
3459887179 
730096867 
3000168068 
1265962788 
2573239524 
2568117911 
733119679 
110038712 
3475940481 
3709381876 
4634763060 
522587292 
711648620 
1491615254 
3065293320 
2287957253 
617770080 
2945758794 
2588809226 
2891343082 
3488295079 
2598270027 
1195823569 
209364899 
3181227211 
1894434709 
1185577958 
2300328604 
468092494 
1518348030 
503909136 
3133974222 
513967564 
1544399689 
629888889 
3116045968 
894886183 
2296646909 
3281854171 
2937550858 
374044608 
448924283 
1578133447 
2418109032 
1643220019 
2574024126 
1869661477 
3234222406 
2372033532 
1599763164 
2961594230 
2319573474 
176703450 
785414646 
255745614 
2330984928 
2406287842 
365258060 
1908644142 
738603356692709376 
815790774 
1591529196 
561447104 
420147578 
2382541513 
619456340 
373106671 
425462833 
337407058 
436433253 
3177967024 
2955843848 
2232238327 
535884198 
263226263 
2453777522 
178410926 
360411548 
739881864 
4259696114 
442088862 
2859880444 
2455878461 
3330747027 
3029108668 
2778434991 
95293284 
4684890674 
519053147 
558997662 
1689196200 
568508511 
113869471 
708206538 
3268597640 
3319378861 
631823913 
3079486981 
439623734 
2340391655 
3092478804 
2504926633 
551356927 
3279002382 
2664122918 
587525957 
433082022 
2970616323 
3083143952 
444160392 
2238552619 
2427211158 
4160752755 
2663899634 
2882005684 
2204854647 
270247086 
256542586 
3117843147 
315558358 
3122726990 
3094617768 
79311218 
2454974442 
389119469 
2808859969 
2988103617 
3100280801 
2768574145 
1463146652 
3121772988 
2793106292 
984055052 
38996238 
112846887 
400655734 
1492249111 
29616500 
3224738334 
618474001 
940689007 
737016908793290753 
1105049330 
709493293181227010 
865405417 
601972387 
181213311 
1552097844 
739137143415660544 
464242733 
315429689 
2734157038 
2211271766 
2716485389 
3164471340 
2220924362 
718666452 
2729600555 
232970424 
783577710 
530844626 
110907971 
3100748118 
2956378074 
501187385 
1499276202 
1368025602 
3582360317 
1246664048 
2281102772 
727834697431175168 
819867608 
633693855 
1237857264 
571393099 
1865943630 
61111251 
602441390 
2465772405 
347629860 
2564460442 
1703593856 
284244742 
2170940712 
498481187 
758436156 
65154025 
738611866717458436 
956346336 
23660490 
541470480 
4163700919 
712851529 
221829467 
327248274 
891231085 
739477829130326017 
453221801 
438089507 
351676372 
48163222 
1672937502 
2204225370 
419964997 
2272567892 
2238351661 
279821707 
1376038466 
622288913 
403851001 
1917951601 
326444858 
549678868 
3021645673 
157914865 
3198492678 
557323877 
2907587353 
356886184 
520229848 
2559490463 
706003360164478976 
2508074593 
67117071 
2444570222 
952531177 
350743704 
3441094163 
599712879 
364680405 
2309206321 
570427653 
2371449609 
753361458 
1232216552 
586695336 
4789537220 
490751927 
2228863682 
98250785 
1056351277 
3871933157 
1642164169 
3031869830 
2829132150 
2610314621 
172169747 
2960994568 
253716029 
1050734808 
758543612 
1308555452 
3514240823 
2565473791 
4492139848 
4659088213 
344441894 
256743084 
592304431 
2168994364 
451942345 
2989349348 
3041114891 
2326397564 
3139386415 
1569926738 
3078284184 
1332993391 
17826583 
4851201267 
3148970707 
2260660256 
3227311549 
912648121 
2444767760 
2964767969 
606946432 
1722791112 
452491841 
436208235 
733403528710873088 
4661528116 
535341326 
455397282 
1210037834 
180715945 
490945980 
1242650377 
1045816130 
359981128 
578717886 
2762565395 
1202617550 
713131067960532994 
463224645 
1437184184 
1453065823 
2364599474 
1387682917 
4847788754 
2233676228 
4586675599 
282215875 
579610230 
930641664 
1078610792 
4119753742 
2825533712 
320978760 
2195256007 
2950700529 
1651928232 
3222807498 
2576714789 
734189470551937024 
2191672934 
1098307908 
601517423 
2497843639 
2567791937 
1442353166 
4720515038 
1380981510 
131505471 
734922985761439744 
2235735566 
1091068309 
3018944101 
438762520 
2310510349 
553348644 
404412252 
2825474250 
729189594 
793969394 
79918675 
3354453978 
3235548546 
4826376185 
736275578253254657 
258632824 
853071204 
2204262590 
2906873769 
2349482407 
3047227227 
3169446144 
526443683 
742449636137422849 
1902214256 
2149596498 
731741514 
2921215664 
2702053732 
377750624 
1397096544 
4693920625 
279234298 
2914672456 
738720605332066307 
1339413314 
4136476221 
842848939 
4294490293 
134600783 
620689634 
2303248750 
2902202480 
738067525024391168 
160951400 
1404091878 
361364506 
842669432 
291525188 
399776473 
3229327662 
741884086323544064 
616592265 
718997873493303296 
317352863 
3100359323 
1954408704 
709958008365776896 
2193233486 
3315253017 
450166181 
2945934151 
145070198 
544853784 
2988390079 
2361660988 
3444199933 
3184733761 
2885848988 
2774489653 
852780068 
1020127986 
4717140859 
274125541 
2597169888 
1914644419 
386804787 
717212353 
714967372474417153 
2382524600 
4751804508 
386884779 
486920400 
307674481 
514964831 
533487398 
2375473045 
444150486 
512954582 
378905238 
603332198 
2166706743 
268869469 
2258505860 
489049504 
2600685354 
114884139 
84472410 
2570434748 
631679607 
2887851631 
604588609 
928598108 
2281054195 
721385016 
3214766722 
2586419870 
2861291621 
2731333744 
2521964420 
84792335 
62475412 
503440291 
4851318533 
379489293 
2752133025 
2311519466 
2602016839 
710153255167221761 
532531235 
429403393 
257742383 
637331377 
221810672 
2823444428 
2419553089 
66271451 
412642977 
1723558302 
192702501 
618746618 
4415287634 
2658848257 
481013180 
308077101 
231650706 
603324108 
3079244888 
967402244 
895905674 
4384632453 
1350497328 
148122262 
742565145272946688 
2595911957 
965734458 
3282985388 
181308005 
88042571 
114030494 
3244023001 
250452589 
3266982505 
722461253621288960 
291547392 
3246985879 
764027570 
439460190 
546581838 
586088601 
615771473 
592534080 
890165268 
2883569015 
1405809224 
271697767 
1403538522 
2931452377 
2196356814 
3378279599 
247634305 
1069672579 
1955861323 
593012931 
229181509 
2750834321 
2391090638 
382344976 
905104993 
1401336180 
269126145 
330632415 
4415666594 
4741502959 
536048670 
166760085 
227844023 
69721474 
2808292970 
1573281871 
1933121508 
702876443785752577 
1647206286 
861860647 
3288426806 
2649170400 
786194394 
935810684 
420540523 
4371885978 
1155675757 
159128430 
713932578802282497 
2181388113 
208355737 
61641686 
324032422 
242184173 
727090290 
3363893239 
3303285801 
2697275762 
3097909520 
487167632 
2475532494 
1925720706 
1263018175 
420113113 
2891679481 
400501434 
4020897015 
842537305 
1313875345 
1408912964 
2652669985 
4858873901 
347109913 
2942438246 
414969663 
2546144963 
503452552 
38976284 
2263656882 
614497037 
3079205352 
2937199185 
501759380 
887270582 
3024846811 
416355474 
2274155230 
140585592 
55931807 
352958771 
542684467 
742531225953304576 
734565500143960064 
2377341635 
2990849494 
839022720 
3126850942 
1110311136 
565098111 
88001879 
1308877080 
323300464 
213660862 
1329803180 
2337616718 
3037036268 
2759806107 
4136422457 
1403258654 
4779630796 
883459010 
2346446880 
4661409623 
805344420 
202364960 
848410849 
3136983392 
2450673717 
376770349 
91696120 
1511215279 
713096664987271169 
3312114128 
859223503 
703991941357137924 
819973398 
846717007 
883611212 
868843663 
520506112 
401189098 
698572087275974656 
709549485299408896 
1457781307 
632223500 
1049454410 
30320987 
400234043 
800547331 
1051148131 
2725422949 
399141086 
594911002 
602861582 
260484227 
241396975 
2430944270 
75702627 
3745144101 
190143502 
1891192104 
1654590438 
599744275 
2562123012 
1172663191 
4767193914 
1544616200 
985811623 
867302066 
315374349 
872504630 
2769371240 
2311324128 
726574872 
2541938414 
742300501 
291904502 
2918268469 
2151871632 
272061308 
342433730 
2155364469 
4583034437 
568652475 
3787395976 
3555143054 
2362135777 
1666843459 
352056719 
1101257418 
1708687243 
2300704706 
1058765611 
155082872 
325398574 
726284385327009792 
1115967775 
1697856150 
2911405128 
994068060 
411688563 
170375405 
2523936014 
915703278 
707879774 
2312245924 
512845756 
2390189161 
322653750 
590296514 
738065252 
272104027 
713244348 
20404000 
1335146528 
2578987822 
2723428201 
312306380 
549865086 
321843671 
1559239410 
601230368 
1070843665 
891720835 
3063175780 
3352860418 
582362659 
303329497 
3915789860 
2278301288 
2788438641 
1069967797 
296546882 
2469393450 
2419271688 
2257509869 
1921655983 
1113244790 
544580576 
3059037162 
326650614 
1132436118 
105653610 
4763868852 
2246466762 
729817224 
416738368 
554952732 
452657522 
1477677733 
2263832804 
1259906528 
4784235691 
4862359701 
3303154839 
385482929 
539442808 
2691827598 
991800002 
2763247888 
2856151759 
724358106495389696 
565851437 
68273748 
1965593683 
2409507794 
2893288208 
997845391 
1267416901 
1648962061 
553643029 
1640068362 
717705684 
170103641 
1093810021 
383903893 
491465297 
1927904502 
217291007 
2246026327 
31344919 
1140661626 
1273677164 
2890271088 
1595234720 
2685393131 
3190172340 
1462526894 
472553624 
401189303 
707976405 
2680858712 
1055502608 
378935323 
1143286598 
407161475 
466977679 
2852670798 
2740192364 
3406752898 
738443570143580160 
740299027556618244 
4148168179 
707219305 
201574346 
202709338 
299405240 
1139047430 
485228415 
2988421961 
4830988733 
1553006947 
2166641088 
1672922887 
252870052 
2916839024 
618457975 
203268055 
604700477 
4686496802 
431168898 
241800333 
2524554299 
389810018 
137187658 
3253381728 
1633874748 
188170372 
571593279 
874918082 
1159199744 
330658403 
489906345 
2190253801 
718972682 
2720039720 
4775903545 
101291535 
2849829629 
1198962990 
2305507050 
1187644670 
450098219 
262463466 
592282843 
57479292 
2775384685 
390998501 
175251023 
2680952225 
613916620 
705629709841739776 
589971101 
1078274744 
151721411 
3299659090 
366949465 
811694312 
2363232494 
3244535900 
3232759560 
447447025 
2988534568 
1015651759 
3311146490 
3554690833 
145084084 
524867855 
2207582208 
366275009 
1135255080 
1957830841 
810063721 
1532319336 
4903459709 
1512171235 
4401152052 
1860896275 
380579158 
336905065 
1401095526 
961618639 
198940172 
3092029748 
273723591 
1205405815 
4800655038 
419990598 
87559890 
2212811570 
1184171820 
3248321886 
480893577 
2324340500 
624860488 
2425141201 
416070376 
2305785703 
4511982913 
2412045602 
1135345754 
481617699 
46896409 
1935827599 
1909403154 
2597151314 
3414024731 
134579036 
2853366901 
447703252 
337267842 
134248698 
1663223738 
2724572190 
341835427 
741695594 
3070487546 
254460288 
177043062 
540534546 
4713569689 
964810339 
52413916 
611298551 
517164671 
548950895 
441485638 
2510818574 
343063006 
615515506 
459006010 
941926147 
1138215506 
4387871967 
1586737909 
719416832 
1695614508 
595088685 
2302463839 
66126469 
471622499 
3254101105 
787305163 
2191351212 
362640955 
454524652 
3065134006 
898328305 
302777346 
3135497140 
3045226988 
2373806311 
733762061797326848 
3016116085 
446435614 
1860576180 
3122926378 
2257269018 
923203770 
1639433784 
1573138351 
1058448306 
212477548 
885974941 
3181252525 
3370230616 
1849291706 
548153995 
360977410 
4657124007 
483609916 
2322797455 
3432512897 
39185513 
2826822422 
3448077504 
742129868016586753 
602016114 
2579286833 
1873123032 
726664147 
1159154544 
179377454 
392557762 
1192018639 
4772948935 
465924309 
192608279 
2720712876 
2978260786 
2228896343 
147718398 
593137106 
2152120706 
172032426 
902688426 
1147173103 
2290530307 
2561830260 
1110035821 
705860740 
2305903908 
32216670 
3932206601 
3848434933 
2369560583 
2852472002 
2546985682 
2694641918 
1407011917 
3076572905 
193829771 
3245682636 
3166115712 
3013753042 
3077401602 
260253806 
3028381172 
555297118 
298241646 
1020587383 
709929052845563904 
1281354198 
577651462 
631598476 
299862579 
2285841237 
1849675364 
2320213176 
1090994227 
963174140 
725174524812124160 
2211861061 
381336625 
748446702 
3090090313 
601483771 
2816565759 
1262631408 
1430945730 
2975653792 
1729191180 
2167866362 
590037407 
618424080 
4725422689 
71683076 
386305567 
2243918929 
2967363598 
97552698 
2244984709 
2163674948 
2832279630 
2597463991 
474382634 
598607688 
4865043773 
1279143632 
628954180 
630041379 
133928835 
844659985 
2572629971 
550513220 
1024858236 
3281208066 
2745355827 
834158377 
2952290134 
41734514 
976982760 
462150519 
2914787078 
3401667472 
1054503806 
2926288320 
2463930702 
1477635145 
603946660 
1880521482 
287522695 
23787104 
2205462929 
254675372 
1289525744 
2401973624 
3010953431 
307111504 
735833222 
633754243 
563411700 
2942863225 
581398063 
548603754 
1513846554 
2520814958 
1549596770 
744010050 
710849220601720832 
3298720518 
541322178 
50968836 
2909572092 
258587357 
2940128370 
3105076384 
1918012748 
446422782 
3407193844 
851802678 
635623772 
2388365846 
375251422 
195626921 
1607213204 
2911449626 
1918321734 
4756129932 
450873034 
998042893 
3117161601 
2984715907 
2882767892 
2612157452 
2780664899 
2216301757 
1915833870 
610496275 
627797528 
547951852 
2373041905 
2772944829 
457091025 
158114077 
2428391138 
434308132 
715638027335274497 
500470449 
4058654653 
899270604 
4169753114 
725002513 
2204345725 
3311890098 
367388202 
250940794 
2335758714 
1611890298 
2270753713 
2429218412 
2298241903 
54710127 
338087935 
390997578 
325097534 
443822989 
1676455020 
520091659 
1676519784 
1022931762 
156182655 
2583240444 
2298885181 
454432175 
294729649 
90782276 
168776185 
1393607780 
84188941 
2508116328 
588580766 
562375513 
1085138966 
709258188 
2360130974 
508312293 
814118936 
1532429323 
3014176637 
61345326 
787188966 
378973479 
2398444737 
352833265 
2972312931 
1491569558 
1632179286 
633907065 
2857872011 
1469079354 
431064765 
2379154764 
996590256 
1440208014 
2713570223 
3065085024 
60720788 
3385388517 
1576896193 
1013586870 
384339126 
1849480614 
734166757137616896 
2593998090 
290275777 
427029830 
1262251747 
342917010 
550549042 
2187393912 
720487830 
2281391300 
4506509536 
2312905512 
946859485 
378969152 
1352680970 
4725998196 
1031898504 
503772453 
3807569357 
52954665 
447617064 
2502595124 
2466466543 
526887865 
2574585989 
1378413348 
2668051736 
1380222103 
511142072 
2757736737 
2903228125 
2542390783 
2246385260 
3729877272 
896174419 
2378061692 
2893305571 
1289711377 
47447278 
541928680 
190133423 
727320521122168832 
4079151013 
425178074 
1009916742 
2887826312 
700821553102069764 
1664557176 
3039684273 
149980678 
2155385806 
771817880 
2984793510 
415334292 
633825167 
1701243343 
3159090139 
335786366 
3002609816 
872591509 
426422223 
350613106 
3384147063 
3691900398 
3120476371 
1200984949 
713431556526882816 
697626179843411970 
3236064744 
3139193322 
2801902655 
3184621604 
2741166033 
4825749798 
4420001594 
333707501 
2473255399 
2921965001 
2497175460 
2797085364 
730735693077446657 
2959395793 
3316999394 
3193789052 
3193205807 
4425475634 
137253125 
597043894 
4828624327 
621644312 
2573268834 
562593243 
736036172539953152 
232665823 
726849015090937857 
3082932743 
3282298213 
1902446978 
1340427158 
1332555535 
713027966163415040 
3631438942 
701417794752159744 
4136363352 
2160375312 
3245936394 
2612485877 
2334623638 
2229847528 
2401002363 
3856140674 
1110709416 
3760930694 
2536528486 
2544556332 
2521886139 
423436525 
2319152119 
1403833502 
741573636608266241 
718670670213881856 
710392027490308096 
3039822978 
1008594866 
3362772012 
2549495355 
767202559 
2842355296 
4218331819 
2173955428 
2834209374 
3324488455 
3920442858 
1030258459 
4743432494 
193899273 
2945827084 
2753473384 
3005289121 
395100129 
4871602692 
3142975736 
884482279 
3324627037 
2267769728 
2182289082 
2659280761 
3138571649 
447950565 
3421606294 
605964470 
1601876419 
273801912 
788056868 
4260958582 
1695737228 
995174412 
728241721763463173 
3516072374 
368605062 
740404040866144260 
385742603 
159453839 
2951692788 
3218664462 
2966283950 
3010748017 
154696833 
1138248872 
3379607968 
545569187 
4723636872 
2941223062 
706582630959951874 
861068203 
2666391336 
2431928310 
3827612293 
482330281 
2971636308 
428320187 
280833451 
827514048 
2867037878 
4596404854 
2917548104 
3310165152 
1679692574 
1493787547 
4102184174 
1609457540 
904115114 
2273101146 
767231474 
247949952 
4512940213 
2465234215 
2915366156 
2882002423 
316460662 
711903345384894464 
712696383732580352 
719859739497250816 
565601511 
1458693907 
2779881849 
4798757953 
2178805315 
2765679807 
731530434601881600 
339311605 
2533928648 
528874244 
708514083729969153 
2312401672 
4765276206 
39343536 
3863838093 
4202687126 
540289629 
28110649 
2478969450 
713932085078179840 
1496418265 
3166540165 
707170047 
2538270528 
466025190 
2330703631 
277730725 
4835389812 
2978938222 
898767870 
3255081006 
253323671 
2742341163 
803481913 
2945387867 
1216092541 
2810187395 
2790273991 
4173371307 
2762922185 
2307520285 
765895584 
719334817280561152 
717963000 
2733782872 
4670988024 
2895025816 
1724395194 
419529300 
4840433061 
788080418 
227197998 
2198006580 
3268795046 
3254745183 
2211391282 
478958538 
2953990687 
825713874 
2799813854 
2738238807 
219449913 
741536648 
1871172054 
1872731383 
1855944942 
2800923079 
867157645 
633868407 
302356193 
1397875938 
736051933 
737009591171620864 
4046518275 
987256705 
3823751836 
571122574 
704937969 
1627055208 
712789621197967360 
2691929450 
3036877933 
2371331892 
2880144942 
736289333552910337 
2425695216 
180980169 
715302443953692673 
393957801 
2337007419 
1347612158 
127410828 
264869825 
787287499 
4161324509 
2501103529 
626189399 
3043738672 
3111303815 
1178710622 
719666619904036864 
3976140374 
2973929557 
3872519961 
4346059993 
3713994862 
723695967678013442 
739748751611289600 
4554240328 
3214781723 
302455674 
3067554137 
1577209508 
554371675 
4407524799 
1352295788 
703416403009925121 
2560893875 
351784644 
358650561 
456499840 
4851318499 
4112257437 
3014004072 
183481901 
298389314 
77897736 
351945586 
982216298 
3037067114 
2179185732 
1514191724 
2985017251 
3041545483 
2808478575 
2831859794 
740200399223685120 
952870297 
3140762891 
3142940496 
794878501 
358049078 
1714533092 
4708345639 
717032362131853312 
3231029449 
3964633816 
516559923 
772430557 
1521758984 
434739875 
1025640164 
2172918974 
1375755698 
1021697720 
583707220 
2722011581 
941241830 
114447305 
16043154 
3277574095 
2194884195 
1719086443 
1061970409 
720554878754365440 
2698128854 
2154076645 
4672604790 
143108956 
470830525 
722655735537078272 
1701758725 
864253237 
2981674596 
2902703167 
558799621 
4695134191 
1841503579 
41782119 
2968737511 
4366857990 
735070975927013376 
2372394321 
3853387158 
2951927660 
4694583972 
723536758936244224 
924277626 
725050799072538624 
4084516587 
1603218770 
2467227613 
1406284604 
162281105 
329708278 
2291870429 
938528544 
3099562844 
2148580851 
1288458235 
1640866062 
253820719 
1184987330 
1098831409 
727821698414841856 
713313374621147136 
568234115 
591721150 
3290118071 
3680421140 
3394883953 
1170046376 
3052058870 
3141020233 
738506118750740480 
576086861 
4689103458 
3284361505 
4844458950 
732437892170010624 
48042769 
1029233672 
4737510844 
2912545933 
591551306 
4767128475 
720521483089526784 
2332246136 
1471110433 
3405927893 
2522839837 
1750523293 
398671104 
1075477968 
1114225068 
1336431475 
466392627 
2847528698 
3768781710 
533865652 
590047002 
4555856473 
729719920859217922 
3689193254 
2400647232 
732146090359685121 
739090381401382912 
325871376 
1905481255 
35179560 
389320269 
1659927960 
1007361738 
1228903400 
1700515926 
726575590103351296 
3231956258 
2476544382 
1386749425 
2210512002 
2328965532 
853318970 
378969379 
3296623615 
536807669 
2217039535 
548745740 
1161563989 
2717933499 
721613502 
2340658619 
2253538348 
1099550600 
2241624967 
2339837654 
3319245609 
1190512304 
2491741656 
4198647034 
1677194761 
1543626817 
2742220121 
564683899 
1721061072 
1120368902 
3311353595 
1571524560 
1651763156 
384052258 
2734762300 
939865537 
3082978890 
560014283 
1447358616 
790614810 
2467141106 
782959578 
599845415 
719598182 
257225336 
3004636119 
572739083 
34384038 
2703466728 
2149647006 
729841254033317888 
2951366214 
778957765 
39357271 
2545220708 
3421586878 
1976900095 
159601859 
628708745 
843863659 
1216907438 
1499868044 
1661563627 
1965583807 
1043314543 
4020300436 
322514024 
1969091024 
1631306539 
52146120 
183452337 
2272135577 
730911874850652160 
2447560640 
3151689323 
2411296224 
1737432835 
781246370 
343516881 
301132931 
868880401 
3535615877 
2199891136 
1694779489 
450495328 
1416518569 
2569804223 
2924058125 
1526417576 
528121883 
2379488458 
1398047030 
2627116259 
3410926152 
458134216 
1016239346 
552160714 
592399508 
1909676155 
2370614132 
2898964194 
534815426 
49080121 
1734204487 
1683729534 
427659860 
2618248359 
722845566305054720 
3180884338 
728425801306120193 
1216305260 
431209712 
127428103 
928568184 
2249677656 
18328734 
2247528308 
629296762 
1144034419 
989288137 
175912117 
637273234 
2986252998 
2480648642 
2257240716 
4894965189 
1390361857 
721290115 
545565199 
1262936144 
1686513811 
225852719 
1621361160 
785522587 
4856478152 
1556742228 
2384350958 
2167308367 
1349082427 
4832778414 
840506150 
4119825690 
3782103554 
4311814715 
727291035626303488 
1112745398 
1306725290 
413584246 
232386596 
1079108184 
45266558 
2278267592 
738646531159379968 
553316571 
539382986 
2331866914 
1716251990 
701030937413472257 
3997275802 
14763734 
2952142652 
337486345 
2542033057 
3301025103 
2975876474 
65956309 
601298466 
944499420 
723037322908975104 
3267732366 
517996075 
1198674013 
713897514353745920 
1400724116 
2191403876 
2960783483 
167090608 
4885710959 
2937811601 
3479302214 
395335101 
2265006199 
1035887370 
311240106 
1640300174 
2273906193 
2878525940 
3344005211 
707817786471485440 
703042806177275910 
2809053898 
1468870494 
323347984 
629457786 
1593952122 
2316399302 
1703795414 
2660805676 
1494500149 
579012100 
938007968 
723539045603745793 
