2428232478 
804794734472331264 
2535693170 
2509911099 
86912159 
830144556352016384 
94682674 
17217640 
4860318616 
263347372 
2571625579 
792976821184761856 
365960107 
1454217756 
842181553 
720891465363120129 
153008250 
2541750366 
1606132129 
704960230824812544 
66998204 
2965905519 
16261617 
710970133313769472 
436898115 
7111232 
160946337 
3297458048 
1895076314 
3265437762 
4558852454 
700189555 
20365735 
3400362154 
15506669 
3185058055 
16257994 
3383800258 
19792026 
19366651 
3379046399 
703630968 
1243027705 
18928764 
3087523721 
16710946 
177101260 
3329369615 
2543637846 
6594742 
297985585 
3229987878 
2149293726 
3141691807 
2830279756 
44939979 
838581 
14980978 
44111806 
1890852055 
19943292 
487989422 
61549961 
32427002 
21596197 
15726728 
39822619 
1685261928 
25308127 
23066372 
65647594 
752636042 
48733732 
434661584 
184037463 
52716106 
91145174 
14647570 
220617130 
363976433 
16932772 
34875127 
2241491610 
261619262 
373727589 
3021237614 
15631238 
82453323 
2266600921 
245449712 
69020969 
32547753 
568968118 
2250959720 
13746792 
24844163 
41583318 
579013740 
191143493 
563022240 
479379258 
2369350368 
410605574 
194347664 
2296135543 
253504156 
24249043 
1266281 
228593079 
364802862 
1020670688 
21634600 
2813530168 
39762113 
14857525 
14844734 
2881172259 
2772070119 
17557040 
24032557 
456972096 
1451773004 
2850077374 
25219709 
421274906 
608680803 
1345526749 
2803422212 
16944165 
97010817 
330921167 
14217740 
104201057 
21641427 
223859851 
34244178 
626111072 
137718887 
1095036002 
6571572 
2813203833 
216951181 
468839313 
65360193 
70160230 
182410341 
2177224443 
2317370365 
18936499 
589196280 
2565242476 
255468203 
74697858 
17663776 
22239898 
107589725 
307914929 
1070417197 
1081962504 
217269599 
115764165 
56658730 
150732943 
233969786 
392224427 
1334806249 
48370582 
953653537 
188486317 
2331589730 
2252350969 
2364518683 
255435549 
38029984 
312812237 
138624623 
267992185 
20772463 
2253142422 
48913492 
1875854796 
1430685188 
1733347134 
389035182 
33773592 
44938972 
2327669408 
575612397 
93916873 
906859963 
254636756 
1088665734 
253536357 
8990832 
62640737 
302186628 
541158674 
23314228 
14807898 
126302054 
1918577438 
205195655 
77198677 
454212843 
25803559 
31098756 
319053211 
299635872 
1441505150 
23463171 
181750109 
560406408 
1345140409 
1288210357 
729040530 
78084174 
286892803 
143939763 
1555592850 
92382607 
1357422229 
1245078146 
726628538 
16178922 
1359454302 
555594725 
861060648 
54277378 
34666305 
1285645550 
229623319 
21210048 
1160184949 
617776908 
99160458 
42498536 
702804012 
18774477 
55252049 
15113584 
19960827 
19446296 
997079072 
351621695 
351640699 
1099215181 
785377020 
1041442471 
111468078 
526464788 
64474365 
258464999 
149689194 
235348644 
465143733 
21724904 
29912873 
36886619 
192231853 
16485116 
304343618 
15431856 
742747086 
186154646 
760984232 
467739426 
510434629 
64474358 
250780699 
35428630 
24129206 
39530187 
86977818 
27670481 
142646773 
11180212 
317251173 
113739421 
306735125 
20035801 
19232838 
228134299 
535117839 
321059598 
14944532 
86428305 
288989835 
96548587 
20117127 
4620451 
94608074 
57427456 
254661746 
17877850 
103652294 
104989762 
467259963 
589119120 
15165502 
21770611 
14726202 
19817450 
21105599 
594617548 
30429590 
22845770 
177310174 
32520177 
506990949 
91262299 
552582271 
29720941 
20386867 
22363802 
46459337 
353665909 
343919504 
2371631 
89264343 
287846672 
19782803 
2649551 
52146755 
15869453 
10379542 
6374602 
518403776 
161760542 
29265274 
135200435 
96432821 
40209732 
13691782 
23055900 
218260381 
33995587 
19532256 
16434310 
102842906 
21281250 
331867817 
116034790 
16029857 
254660127 
14921371 
337862963 
115646474 
16786966 
145620928 
132523809 
75652502 
15500649 
17114056 
233945881 
17616669 
229075990 
420566454 
342657890 
20060293 
95686284 
104126903 
45533852 
42950930 
16619832 
349604022 
201870414 
15169176 
42979224 
19653925 
25104363 
37734366 
14502749 
180200031 
33602654 
334735103 
24244836 
290876018 
437520768 
337886919 
40426996 
52758395 
158037919 
317342901 
93714983 
19802879 
8161232 
19789439 
44196397 
39234189 
5408852 
15820660 
103865085 
138725262 
38828294 
15102849 
104798321 
276322189 
152714766 
15165493 
25273336 
783214 
375124858 
15473958 
15848541 
40875491 
92306628 
37878528 
15109436 
23739721 
43166813 
104585489 
16580226 
46220856 
24239110 
130177606 
203654782 
44903703 
29472803 
189253902 
8295072 
11228702 
17939037 
82853372 
14208982 
34743251 
11348282 
21436960 
8362812 
75887588 
26208862 
