528879758 
379625477 
232920099 
333402741 
726441540428660737 
265179248 
579299426 
107611209 
39721543 
232294292 
206071884 
36163202 
126776391 
106204123 
38981543 
19512493 
991745802 
352673744 
4070550748 
903368942 
214154663 
84525427 
7144422 
9027932 
246493500 
3070784225 
82453868 
207157113 
3321727867 
636023721 
621543 
281496963 
1223298266 
327449246 
18656604 
346605991 
3290364847 
857721973 
18926455 
66274576 
3406403592 
16838443 
134610558 
16817883 
21581503 
168085460 
621573 
87524646 
79570653 
1435461 
338240032 
21801907 
17251787 
127626879 
18198832 
33998183 
2372084323 
39348006 
3073365659 
2222123156 
2357640930 
15973392 
858896371 
397350174 
493175789 
101778101 
58881215 
1148429688 
27297131 
281728419 
397306055 
42097354 
327697369 
17165090 
21098119 
28912478 
19550533 
276643081 
33396367 
622072752 
9206682 
305135655 
250722404 
2830279756 
318063815 
529140270 
8496762 
124237063 
355053826 
9207632 
407766714 
407624682 
1080753187 
135316691 
44939979 
26074603 
2244290719 
116994659 
23443908 
398337022 
90169053 
525785424 
2817546806 
372922391 
358566293 
84619537 
12819112 
2611489057 
25661626 
259401680 
273615113 
16295498 
725669916 
163986250 
13693032 
1875489644 
1340984659 
137171483 
290009041 
330511327 
82683644 
233364902 
14738561 
25950355 
20570290 
1940581 
189181037 
26929440 
95273012 
27922157 
27013292 
109382110 
22091213 
23995096 
33277722 
26832834 
52488565 
20658841 
274567177 
14404842 
82503888 
22946999 
465258509 
118975084 
235573486 
325719227 
105918870 
14096666 
136841649 
419056085 
8932272 
38717507 
185280748 
19760382 
39170683 
20474878 
30233007 
32663491 
316327930 
29328707 
19658826 
7369882 
18655567 
16227629 
21626287 
15862891 
130824866 
18481646 
137858180 
48564118 
143571157 
20246015 
162535413 
20148973 
1068831 
184931891 
13982132 
109298652 
213917132 
143912910 
63157272 
166233427 
313944326 
311657687 
15858751 
93889008 
586841695 
14294848 
24801813 
550625667 
308151547 
15460048 
54645160 
415601652 
86065887 
24683525 
370638564 
105810697 
18822966 
57189001 
36843988 
20542737 
71123993 
14293571 
16486812 
13171622 
45516390 
18985501 
22465084 
14043142 
19573773 
24862758 
22968049 
31443503 
32929295 
44090154 
35364040 
43540843 
27028248 
24868011 
23072537 
43564999 
44094620 
53025463 
15518000 
88727938 
15473429 
53186365 
87321664 
20222542 
41859177 
15604078 
85721484 
45659360 
42211391 
95786879 
49445813 
56753973 
13787402 
89421328 
115108902 
24354191 
16264965 
116773749 
40045399 
54953661 
95979076 
108669948 
47336791 
86434118 
83374478 
28029077 
15492359 
17997789 
134429434 
149891841 
107225267 
87861408 
70951899 
28694307 
136288884 
17230461 
105887676 
184017477 
195820818 
190265660 
14327715 
122080635 
195552864 
14267595 
59268383 
60798114 
182747810 
212681975 
17782951 
160264166 
16746064 
68913320 
50583964 
218797772 
16629477 
169923706 
237829220 
225171788 
194293055 
18504551 
174740894 
67339080 
19078387 
15120110 
175691292 
158842667 
14085070 
18994661 
32302688 
87197806 
14647570 
8963722 
32361431 
16470883 
