720629252824162309 
782144200196239360 
4703466979 
2543705066 
23245400 
25709609 
1681431577 
446064885 
3423634317 
2729591202 
3319545392 
110839423 
3185716686 
455931830 
2365843322 
262385473 
15990207 
4659088213 
1422946818 
2920071458 
731531416530497537 
3099748102 
41514775 
82941287 
218629672 
456901717 
1105455990 
233316907 
66714703 
98242963 
4459665706 
1305995330 
2415156812 
3051596469 
3054161098 
311004822 
380369476 
1154072965 
995642455 
220513612 
3272313104 
2790183688 
2200652118 
2261808925 
582893544 
3894839309 
736616562396794880 
1483237772 
4100391622 
50944503 
2696056261 
3125581648 
709917032016441345 
2617242450 
457026966 
3109906729 
3435109216 
3309375033 
3306484243 
1701044448 
2584658958 
701234052 
708291864126840832 
227513889 
758543612 
28413496 
2246341620 
2880499907 
44330731 
1696506992 
24578794 
4324213336 
401146706 
4237871542 
280157793 
16305330 
246247684 
1289658361 
16529873 
131442654 
16725256 
1117957238 
2950412592 
169719009 
1021087584 
115476071 
3013098913 
5485192 
319957211 
1387076972 
528229317 
876843607 
740027058 
3399224657 
108698830 
2183099646 
2717557345 
96013710 
930506383 
600434080 
486760134 
3252949797 
1898815243 
54177550 
393456494 
2505900266 
551532811 
2416458116 
883223264 
343547084 
2480358777 
581033983 
363640677 
768401279831904257 
197264075 
774141661022564352 
1666471531 
234594514 
126336445 
2496762631 
1222875848 
2357600840 
18838558 
4297806626 
2615887795 
745695548246720513 
3378228717 
1017515348 
2277800833 
2764468210 
2346263246 
1541356675 
139188510 
524657792 
876859862 
843112550 
1489156890 
3310873718 
755152143141703681 
810984079743012864 
4509233062 
427526084 
1438162062 
2549647958 
1547290333 
104557267 
834348637 
409503871 
557631793 
3975447321 
1409322992 
825558378 
586189030 
1251417968 
573028287 
536649400 
2432417994 
3682688601 
3033876953 
762225008269729792 
3949474517 
573841219 
271862880 
1626746755 
3297185825 
469001210 
522287665 
811378052 
85124669 
701732472 
471436748 
1012353787 
1261249778 
546438858 
127360861 
2192030256 
718720039994568704 
2919197934 
2178794346 
3696762615 
166630377 
2238576858 
2201060436 
2305405063 
138891425 
3275135713 
995418788 
70009161 
310730506 
279756782 
314285408 
4725041398 
989477454 
894537902 
2216118331 
1034119346 
1253397445 
3024453651 
539382986 
4759795017 
15157283 
87118217 
788110982 
2624520023 
779581411070124033 
226690054 
2787199064 
826333130 
323634172 
176224244 
1443730951 
521685752 
1047199152 
789614223538135041 
1092777318 
3375148312 
316987907 
20008093 
719308390405578752 
2597498814 
270654014 
303559329 
801281178 
2834618630 
5802762 
14190551 
32128600 
1008151898 
2445896892 
3306104649 
599060358 
36483901 
274044826 
834316544 
454035957 
85532162 
82184400 
369148837 
22411342 
2401045405 
2991613907 
1323404239 
2928749441 
1428754159 
231762570 
2718547834 
332002743 
14763734 
254873869 
367263377 
1135110380 
973355760 
2401023024 
212104608 
179279481 
63247343 
1119488112 
38682272 
2617416434 
304061164 
147704322 
39549428 
356253361 
17881816 
167781199 
236738600 
77087461 
217400402 
568096458 
16900930 
1491243420 
19084896 
3028161 
71028123 
24113598 
220887052 
126217335 
151750353 
20642776 
1581449490 
174237455 
128354320 
14314075 
14736892 
14946149 
545660282 
14587342 
315622616 
222909271 
18057243 
17213701 
131102007 
307548363 
330705266 
190535381 
372011171 
2806151875 
2951117574 
75984016 
279371004 
364973445 
471159384 
54249699 
51945284 
472034589 
160694892 
202043887 
13625042 
21473334 
845743333 
1879978364 
2272856978 
2977419094 
33973355 
18208354 
131202113 
93828170 
1099302192 
3223596901 
2725671905 
381780223 
2208022358 
2513545184 
2506480195 
3077292219 
2293388834 
798662245513330688 
635798131 
2813693810 
175605389 
1635979987 
810483626 
1141461181 
1258398914 
26144491 
926114798 
534362261 
2987620812 
4079946327 
108710104 
601244563 
1442392040 
1416289596 
4043893096 
709969940 
379226206 
2221394253 
424399010 
607727322 
321445166 
1960283150 
1654449182 
10167932 
183665035 
369515882 
141844800 
3094617768 
3316509245 
136051143 
22068704 
3306341327 
1561145676 
2848149332 
73970649 
2693823524 
601298466 
2193607094 
538613656 
103548114 
446839505 
2899704195 
75051887 
2768018597 
3426368735 
3139672604 
2565473791 
748137168 
2940131020 
989642563 
1895791195 
2800436557 
3008451348 
1327906134 
370536393 
1155660415 
985840849 
2382765547 
20454941 
1729363998 
102325442 
166227445 
875607744 
1027468086 
1004031631 
2476544382 
590041928 
631847739 
163227686 
290710801 
790080344 
86884628 
334842287 
1668249115 
17752026 
11348282 
15473958 
19802879 
16580226 
50115087 
20060293 
29472803 
15500649 
19789439 
86977818 
2734713482 
180200031 
80555218 
391346081 
970547641 
99862608 
112057739 
2906595409 
413561086 
2283317294 
517155482 
2879491533 
14677167 
1686423121 
18810992 
619500299 
14585689 
1116501636 
2398396633 
1020394058 
1409006016 
490206816 
247745317 
536991364 
1899141181 
44023872 
1536488724 
189088175 
135235142 
309132441 
449563624 
32793096 
356985001 
17536486 
216348190 
107186754 
300067359 
14883821 
134689198 
4880128743 
84279963 
19051166 
813286 
1591832912 
66732606 
18476403 
12516722 
357660257 
63701775 
270176702 
225818852 
18548136 
33923443 
43982905 
257640385 
3244035479 
19709272 
146018074 
2927001778 
435167929 
30948732 
23888081 
46660999 
284725852 
326843436 
310072711 
39364684 
1135953494 
297818035 
305916419 
617150264 
66699013 
157140968 
145125358 
30259370 
66092787 
238277202 
405728790 
46051722 
369583954 
216247727 
224958320 
26003792 
214841339 
42977712 
412878333 
14513118 
2574072036 
20015311 
37836873 
19965751 
303535030 
17571636 
59673903 
271495538 
360242415 
462338626 
739784130 
17284624 
2465436362 
28201143 
186500860 
264058981 
29166305 
28650983 
83212615 
103565377 
154221292 
713308644 
2860160796 
1859340638 
18862596 
296560902 
309848622 
54829997 
1933042237 
35472060 
24429243 
45468548 
1242205638 
188194727 
96851347 
29591828 
724278510244622337 
95291297 
42468577 
80066696 
16643805 
16557497 
43654274 
1525638686 
480944945 
243287822 
228568312 
9902092 
1016551358 
89584864 
49592004 
15081182 
240768575 
33801019 
17919972 
34507480 
20565284 
21447363 
2368562678 
928576272 
751225243 
40059553 
2699821832 
1062742964 
57024049 
762842427405185025 
834370320 
2834494978 
151746281 
2228260292 
1183887576 
540342354 
165853598 
168858476 
14624819 
249724905 
2398071481 
73623 
2875709993 
79827261 
258620242 
3054361793 
709752717 
724116752 
1571431178 
344538810 
392513215 
1312663430 
2632716033 
2700132585 
31108138 
70606207 
2218674271 
214688147 
1308829592 
235555412 
6273552 
23588838 
278103138 
75923330 
173721593 
17019152 
59983585 
92945681 
118024094 
153156412 
26618118 
141052723 
575492930 
80655102 
214791922 
28412286 
280582344 
34572451 
138674100 
1005446246 
128453532 
79131909 
176108852 
60263853 
48467842 
145313 
88164613 
142586066 
1524232177 
325904800 
39169076 
110564722 
14259800 
21755411 
29317853 
1125919398 
18578758 
87055865 
106288078 
70019465 
2479405471 
704881669 
332274263 
3253996481 
129951186 
482909242 
23459344 
44895526 
165488132 
602721749 
16556523 
24263898 
3224904098 
208831709 
2967216531 
150429478 
210684204 
273557471 
204002663 
27711685 
258970724 
748449818 
87595338 
44207541 
94039455 
30271564 
744118286 
18125335 
832193648 
4348237453 
23578046 
176486829 
179182531 
111595219 
78071252 
24236682 
349157263 
553906278 
51832360 
276790243 
380841084 
21388225 
78354743 
48458403 
15014405 
230953724 
39932652 
321106518 
199132916 
103735158 
31656892 
28066028 
42921700 
259013206 
262858235 
64496398 
190692903 
27740155 
108275802 
282795638 
217236694 
38368949 
823618483 
72956658 
1161727802 
343066564 
2575825969 
360661279 
103387700 
16292457 
296528940 
1325485580 
1033230666 
36986135 
74773211 
29032085 
294119711 
47418503 
190638538 
220815099 
175711277 
232777182 
26250653 
34716038 
2746737207 
52181976 
4478415073 
2567727538 
1964831744 
2849311514 
409089061 
72663616 
420503585 
274715985 
233924133 
67197351 
156430095 
171337448 
956445721 
3054115555 
2160150497 
137656171 
2898051588 
268287205 
262891896 
1087492124 
1319755279 
1244421032 
476634454 
2970616323 
154048214 
1187647735 
770610080 
562266134 
1492983397 
552011578 
2209145031 
2580280568 
2290284374 
3215234649 
262299947 
228002268 
3325068258 
894563011 
521340458 
23102417 
2888160711 
234016104 
1526563316 
236549282 
1435811695 
523512145 
27022925 
2726054868 
2329649780 
499758610 
233614681 
3514240823 
244018192 
234092838 
606856466 
3241967302 
732069193 
2309552653 
454939382 
2238552619 
137099011 
1308555452 
207426991 
1587678775 
2716997492 
426494716 
3233178816 
603269472 
375616030 
2890368146 
320297405 
1479568758 
2563734218 
1443609176 
163006467 
2850371143 
1849352546 
1164919122 
2591195972 
107011938 
480789159 
2808934827 
2436105124 
3300198983 
1602866498 
2943371294 
245328538 
2401292358 
795707720 
1494667153 
270369094 
228345580 
842450617 
772064440397070336 
2957438422 
2223592103 
121253267 
4591122446 
3036849762 
487737860 
2691623593 
706061034 
3100788696 
1297497030 
593370001 
1335951494 
370425922 
263451932 
371887806 
2776912317 
3085558940 
2765240810 
2227646431 
1398216612 
328175702 
489099797 
603592721 
1557526116 
2932328716 
134189362 
2894413243 
476234589 
358863673 
2870686422 
707967508234407937 
604106544 
554443456 
25202848 
4114445121 
16955712 
811689540 
2770241367 
2646545922 
2238144897 
3120551611 
2357945670 
258001971 
2217128820 
2229211183 
2827072824 
155068208 
49007128 
3055987681 
26548315 
262838633 
1441093243 
1478955368 
635053388 
554525564 
260215564 
2434406839 
2292646527 
1926911660 
3590183723 
202327397 
1319519756 
130372629 
2409351798 
1362939632 
1126209121 
3322716858 
2206320428 
215537170 
444717867 
355445976 
749632776106807296 
214162237 
488751763 
302671126 
326832327 
1343486720 
2191018603 
988065253 
1091143218 
845012778 
1873652694 
1236601488 
1698040651 
127245578 
2934211394 
555928038 
978908012 
1152279248 
1560743624 
1641150530 
2195887807 
2195976216 
2572629614 
2689905804 
3580795757 
3666846852 
3756848603 
712017022264041472 
796975351 
549510165 
175913182 
855847824 
1401304657 
552025874 
1864406928 
1671153649 
3233494895 
2470325805 
2443085716 
1370934410 
361182277 
2758994148 
3219597488 
3220596594 
3144482730 
85601497 
86876958 
3319592118 
1016442542 
2266343932 
2177420990 
312230865 
284441324 
2759600352 
4687748724 
59855089 
2609007786 
971277218 
798234950 
19225156 
3141198937 
827148559 
561684253 
434545375 
40884854 
1086485478 
1659400986 
24621955 
11695892 
559345507 
16967612 
331136088 
142722336 
154634920 
501973262 
498716358 
100322679 
109275593 
263800151 
121046433 
300108594 
361812003 
177496057 
340861085 
358814014 
1591083258 
139876086 
135180139 
566318844 
573794163 
1261021976 
778593348 
127765218 
2310980448 
168606635 
29098641 
591234232 
2574230809 
99448420 
56761423 
206871837 
486823248 
165761267 
288662354 
831842796 
2805358944 
92503159 
751400048 
144792607 
1387804657 
321866313 
76294950 
33868638 
60937837 
2260572416 
21931363 
3065261233 
366947884 
2469605695 
102382667 
51376979 
107318424 
135421739 
57928790 
143409075 
347035710 
2267729769 
37869117 
3002789437 
1176135546 
65659343 
300114634 
20348431 
135110894 
160541702 
1359277818 
92724677 
2908672182 
4285547543 
1625272088 
2911000602 
3138637447 
2231338957 
2455987260 
2410111879 
2251588934 
2785480981 
97217966 
85221650 
2589318188 
794593244 
2810785386 
1324334436 
1072993274 
130104041 
1447949844 
77732185 
2183816041 
2597413135 
2602959463 
194017030 
2541363451 
295833852 
61458407 
355989081 
141208596 
372754427 
461841349 
64639742 
42606652 
333888813 
2791245386 
47595335 
39240673 
83529586 
471741741 
56304605 
122658025 
75509967 
786958314 
168423969 
4668149294 
485370684 
2868194670 
520013555 
3131368200 
2922266132 
2369312762 
1304166198 
2201635304 
235118301 
2926685052 
1965230766 
556316458 
2924207141 
1349082427 
348445527 
96954925 
55728361 
3162872766 
925342975 
1589266296 
371518533 
2791559148 
2174773533 
742671540 
427028157 
2316464970 
2808663432 
228515266 
3063169121 
100921334 
18700629 
581579728 
274954223 
2358209807 
2386253279 
1447535030 
1689419970 
58734112 
1966454472 
525913133 
895172737 
2709498948 
2838598561 
371055379 
509044138 
2356086878 
3220555627 
2417156858 
26404025 
2576238121 
81468118 
308865386 
2892825845 
2731140685 
125786481 
30366928 
54843876 
1625604218 
2995115744 
142371311 
237634998 
3000125526 
2170113877 
2903123406 
75246346 
3650711652 
1687881943 
304993135 
447656741 
1557129090 
2353671421 
705928670150467585 
4789293628 
296723507 
2316258461 
2821646321 
520180883 
3000410873 
264672959 
199165564 
337603783 
15756996 
1314322759 
545599630 
774662220 
120424760 
152310430 
423283450 
370699216 
2319085325 
612611163 
772431120 
2999240557 
2441831348 
511402689 
532857218 
2521182678 
959657250 
1592288918 
2875442691 
1062660758 
567444472 
173383504 
543316184 
167989418 
1426076952 
3233314781 
2728488134 
401264250 
586671909 
386189099 
149760844 
1599171037 
122520829 
2899259790 
1540750250 
193406847 
140675540 
2261769390 
495605961 
18344591 
949294344 
497695625 
304828613 
874368012 
221197757 
345811633 
2685876944 
78984265 
126571467 
838544546 
616056685 
201885911 
1700174400 
599056749 
618753946 
905657760 
870944581 
1324521800 
394888410 
2530026144 
557106429 
1015273128 
1551882704 
22942700 
417565340 
2646959909 
705871699 
478226140 
334761592 
2530075142 
2888664037 
117337122 
2893365716 
215152933 
1003794630 
443449421 
2748001296 
323266137 
2497815966 
1446896970 
474703876 
98815619 
3031818580 
2387400604 
954677623 
1475703210 
2402304913 
91020409 
631997477 
802421736 
508370809 
173727516 
43042353 
3139692122 
428714532 
2905726521 
381805710 
2699451809 
487736815 
130649891 
87532773 
121291606 
357750891 
3271329000 
244500282 
2883608971 
487419353 
180780507 
2906596509 
111521661 
2343812884 
427328355 
1653509359 
192589162 
2439497807 
2867525102 
2463262094 
374170012 
2423874793 
947346722 
929664925 
634714422 
894682813 
470404843 
2787474650 
352102757 
598919816 
268022485 
101860691 
940569967 
491830200 
488908367 
2439082536 
73593143 
1487105694 
186931935 
1546811096 
206052014 
1508263512 
1373283926 
786796010 
3140004164 
265819222 
525312787 
503027309 
1154754404 
259132164 
390860562 
2313227480 
581762316 
1863807403 
1324765802 
89304457 
764213960 
63796828 
1547513437 
2893933908 
2786430025 
2728224257 
226778624 
2207667200 
1530122682 
2337609794 
281984910 
2148540054 
148779151 
2986114713 
1893770546 
288215711 
601835976 
1268900245 
337502808 
605960330 
98001108 
2359717144 
541320380 
2210640043 
296623811 
547607608 
255335896 
204887235 
93167589 
111548453 
2914371859 
131962317 
329418923 
587034946 
3051357597 
2196127371 
371678594 
380782294 
461989664 
704278267 
1399489645 
2493694519 
1256551418 
54360288 
991401038 
404916846 
790876645 
2788308444 
2893562052 
2501274093 
74885848 
611959284 
2350727587 
3226260414 
213793065 
252432268 
240745819 
2205082777 
353818073 
167555974 
1249253766 
227626917 
2858427224 
1264788474 
968801551 
68210284 
1703499732 
227121370 
746935735 
476199422 
749952350 
1121163822 
240735095 
199110089 
400770714 
3221697469 
45786304 
1546270652 
286742737 
17874544 
783214 
958156806 
134164413 
525821517 
66339576 
243300398 
325451111 
482658470 
1649633971 
1681324362 
213009133 
2900426395 
551149727 
1891280354 
2411488800 
525060895 
347899465 
203083495 
918346674 
1066142084 
1118617760 
615214819 
1463880866 
32688098 
2485800751 
517680491 
1446460165 
1093124360 
925389540 
1322319715 
1665731966 
518573575 
2498960456 
518591762 
825934369 
1675176944 
981057535 
111946118 
2325445944 
2478045313 
240745422 
177134089 
151316720 
999639157 
513159565 
2950699710 
1078287655 
2820038084 
573459961 
141864252 
416983726 
2778537414 
834988327 
2655830472 
418707217 
1045836228 
2234457918 
2232996836 
2901672994 
380094342 
2440919404 
2829993741 
3303852879 
174770928 
136123870 
197224205 
173170002 
444165623 
349696134 
2904689284 
180488683 
165990534 
979373658 
2421157518 
3120126064 
3094861900 
2934127943 
2766338631 
1344653952 
2955684774 
2691487267 
2817741311 
2838093780 
3105204822 
3044741975 
1412141120 
3033897269 
2706946482 
2797492087 
2213269424 
3046873623 
446495250 
3092202295 
2856930239 
2177959693 
3023769548 
53879515 
2887732191 
3004210631 
2437242860 
2508627456 
2908914636 
346581341 
575929633 
2761523674 
917849016 
2718747597 
