340929145 
298692075 
151656954 
46128549 
115162472 
215665981 
107491735 
19965811 
15376225 
64714761 
15134782 
16465385 
221754865 
50963000 
39953084 
22081607 
14700783 
13746792 
79570653 
112547566 
73069370 
77989846 
54859640 
54588083 
155501750 
19512493 
11107172 
91110697 
29093157 
72550309 
61873225 
230796598 
46473066 
223605846 
152072103 
160877807 
223529798 
83494731 
64353992 
64354305 
246648600 
118767926 
64331906 
16886973 
28976945 
32729442 
18049240 
22556558 
57888279 
267167228 
271449305 
22902732 
75460759 
24554825 
277969961 
275596584 
129925356 
128468399 
278064800 
26099938 
137129443 
84364816 
48963086 
270947395 
68431619 
117499026 
280354655 
17146886 
127360026 
88650160 
252225857 
17780580 
264399952 
204148719 
31588731 
281728419 
14908972 
30479488 
281733374 
281948191 
29781852 
292031176 
135818244 
15448732 
295089111 
271645211 
62252704 
160687095 
260288915 
52595071 
191979281 
292338972 
281598003 
21137406 
85026075 
48319217 
16667320 
92069035 
14912323 
14327715 
16869351 
193058503 
90745372 
178363987 
301096641 
6169802 
305865374 
19898016 
200219772 
196465635 
62459159 
216483749 
37178841 
13730252 
266851687 
306273218 
133250756 
23929169 
180225656 
294493044 
231447789 
246727406 
300818378 
134548160 
6146682 
19022161 
175390759 
296455853 
29763632 
16607950 
31548589 
308407719 
16468432 
18724034 
295918865 
307923724 
225386259 
175013138 
48006547 
313054802 
12321512 
21507738 
17053535 
19715122 
117464842 
179543022 
28170349 
15484063 
213844151 
21754490 
19914097 
18896867 
41358714 
191952806 
38828294 
26826348 
18194162 
197450751 
49633388 
13211112 
229457509 
37848337 
20278682 
63051351 
18921377 
23739721 
88088923 
23841368 
140865416 
82315259 
40342980 
101534369 
234091032 
84601364 
67100074 
41404738 
234706566 
217431214 
16740350 
204833926 
47753705 
211237384 
19527930 
142320786 
19655985 
70742180 
22973346 
241105864 
11914552 
240807715 
93038048 
76757597 
186714608 
157391632 
19073238 
273123358 
280994911 
284425495 
18729349 
34325129 
47320856 
16958657 
23682830 
289519221 
140856920 
267117586 
20707999 
220325838 
136406719 
191004758 
80196261 
14945697 
309006196 
22028564 
244031207 
297399688 
196348908 
274599502 
234018462 
14857495 
17042078 
83500405 
55305973 
23602600 
195919621 
231668884 
121581631 
255663202 
200251923 
242780637 
21746890 
33881792 
142790803 
81814257 
193150686 
40206761 
248470840 
94846506 
20613334 
139020295 
246348124 
72366808 
203272255 
50188102 
252088013 
198101661 
227655066 
240711480 
134541272 
38497721 
130486696 
52395876 
255557628 
135530175 
213330352 
117119449 
254426423 
259438024 
19394634 
87715935 
259383606 
260685403 
252730917 
29726578 
261472833 
245634104 
218123289 
161032811 
16683846 
20138728 
193767638 
25858856 
14090238 
240570542 
264239581 
266181893 
15535876 
261589212 
202156458 
33292864 
101032546 
260390769 
268724047 
109031423 
23675897 
125642854 
127701840 
246945876 
25327370 
31052338 
65810666 
124356968 
16642108 
241119793 
16996837 
24163045 
107732844 
195500610 
63974956 
273656053 
273996793 
20444825 
273477448 
275639435 
275155789 
112192449 
41628133 
213706369 
257134218 
48352963 
41405758 
230379758 
281212865 
129767622 
17030680 
98367934 
186845921 
91878168 
189118361 
240306834 
134529879 
42742862 
21221630 
19565332 
258381206 
283322949 
63912392 
152579860 
288990690 
262692397 
41879450 
291635058 
287994364 
34232316 
21166230 
279550671 
77419866 
17557880 
16838328 
17163129 
59603956 
295631745 
240831824 
268756196 
210482139 
297617785 
188666288 
294012002 
279359052 
228414520 
167459350 
199678499 
51477065 
89676970 
146453459 
299845860 
225927921 
306154300 
307215255 
307127734 
145656925 
87763340 
214278568 
15044033 
32435534 
247909636 
95464753 
27811517 
94615962 
81550337 
18858099 
16190307 
35057986 
204016563 
75015382 
46006593 
47639616 
23863556 
21801907 
134929042 
28957087 
298929726 
299335096 
126860082 
271596817 
11299932 
17960461 
178649703 
26016503 
169891867 
27751277 
198829221 
209537384 
84606793 
24674774 
223361933 
26832834 
144868447 
117538279 
61498063 
51702826 
258731466 
21581503 
52768208 
26250872 
7093352 
6705042 
19725644 
20038221 
15143478 
37710752 
19402238 
17248121 
14199378 
15912113 
8005492 
19802879 
1435461 
621573 
15110431 
4620451 
23962323 
23503181 
34554134 
111189771 
221919891 
196458749 
14087212 
50885929 
20666336 
14511951 
253182097 
26074603 
49567644 
50638548 
105141688 
35704408 
43308301 
89550157 
139746217 
141164574 
37501155 
29991240 
72680620 
205195655 
24884938 
16308520 
50641446 
210843135 
34901538 
14980634 
19766517 
19767466 
42854536 
16009851 
82832489 
121098001 
24870628 
15072786 
7849822 
263722839 
145182442 
24677217 
63246821 
14711222 
44418062 
11348282 
31696434 
114711075 
26041517 
150228856 
280881005 
209244152 
119364325 
112252239 
65134016 
40914713 
16931138 
21094745 
115039678 
35681219 
20769532 
32387946 
120576059 
228497582 
16895274 
16817883 
17471979 
17842366 
218957230 
23569718 
15702504 
31388025 
24448750 
242879707 
188483920 
150226499 
6467332 
193564258 
192233819 
15678167 
14978473 
91312237 
70394742 
23085995 
95856748 
85891683 
8963722 
32372834 
39537053 
15234407 
20138070 
53051029 
175691292 
29082973 
149058246 
8904302 
172368498 
202098194 
27233178 
198894910 
174740894 
26000428 
202990434 
36317102 
102167938 
50781358 
144972081 
165702788 
227018752 
213775941 
55247508 
199647571 
14085070 
153726697 
14686942 
153808938 
69248730 
40385166 
234343491 
19325156 
270973889 
224220978 
25648873 
21237486 
101862274 
93932440 
21218554 
135431733 
7651822 
105973401 
21104681 
17396170 
19202541 
113152969 
27903011 
235326311 
16223121 
56856044 
129904497 
264982980 
34324846 
199226563 
27834920 
206256736 
48369912 
14983935 
17863268 
63126136 
20815041 
56488059 
5383942 
134757154 
30315557 
274639627 
248742334 
213255816 
236343747 
250137376 
139887975 
119401334 
20536157 
23575322 
27698613 
26748889 
38239410 
80560786 
87724118 
104188369 
16017323 
117231322 
124812671 
83481204 
61499913 
138022960 
115717883 
84087281 
34350396 
27320089 
26211703 
246859088 
128220199 
252192324 
108101063 
239323180 
18089292 
12819112 
20342875 
14783339 
19344270 
21668060 
21089639 
19866053 
30545422 
29954112 
22462234 
20821119 
22167056 
38737451 
15493608 
34211121 
30097499 
14395388 
15353398 
17871298 
52464695 
10012402 
63183702 
41324834 
55193433 
14901582 
69444401 
63224671 
73528509 
79192038 
73945092 
81210144 
238376755 
267782357 
270158082 
10182882 
252438977 
254045499 
123582098 
19342625 
40201139 
14980792 
17093617 
14953378 
53023494 
44901877 
26268870 
29328707 
5402612 
19658826 
1478471 
1046661 
14647570 
18048466 
14953097 
16649758 
15862891 
20982118 
