253809595 
605153786 
100305857 
1465118515 
20830220 
997835023 
59200912 
746359191540011008 
736200843989557248 
31742031 
20548252 
22182701 
3588851 
17292623 
54430133 
13911852 
2196101125 
629616150 
1925070709 
70418674 
267812051 
105181465 
319094338 
771525061 
267399199 
21919379 
1209664777 
423763698 
161801527 
14695130 
92063462 
33766143 
309978842 
8192222 
288007078 
127074666 
25581439 
3230785884 
62861160 
320769867 
4267929196 
258860163 
2242890866 
158067143 
757251422 
789971384 
27447766 
3445189401 
434935832 
1901405066 
26336959 
31459586 
15168790 
84160490 
2255505626 
17296792 
700500283567116288 
226760865 
19658614 
190292949 
2457081517 
160720376 
318359978 
481584134 
45535365 
1068237871 
150988596 
29943362 
48681681 
25952049 
2290129004 
55570400 
18065266 
28425476 
346605991 
1917712051 
135572710 
115710058 
57741304 
21918310 
20150502 
3233672238 
16892009 
16440959 
3290364847 
16752999 
117148684 
20076000 
14755492 
23967554 
2665916707 
2528303509 
939091 
818910970567344128 
325830217 
135237594 
620150356 
2992615351 
31484145 
246944672 
38612864 
504018069 
364987445 
3804820033 
386682375 
42664672 
4324506493 
19837528 
4493931977 
987304010 
193296075 
731373667 
344434846 
3350881983 
34718083 
27993589 
15842160 
12414552 
38696332 
16310534 
70115381 
17782722 
18784113 
16581734 
61674940 
23119671 
45826690 
3271918406 
857009576 
4048528588 
17221246 
2903185441 
22971190 
67434846 
3218244202 
27682840 
216449462 
335331533 
1857543913 
61511412 
309580279 
76706819 
18803399 
125975011 
30818675 
3834951316 
3114313702 
19402723 
21672185 
44363615 
1377886994 
19722699 
16465385 
2300753761 
179539494 
1624400257 
103925618 
716276773 
21237486 
15290163 
24862304 
17790528 
1898067302 
2987718802 
61245063 
10054472 
14412844 
48511777 
18030811 
21382295 
20718719 
60808843 
19079110 
14619106 
27738626 
1244247865 
16556746 
2686429056 
3389725570 
387929129 
3290879179 
33657625 
86626845 
27267599 
21395294 
575423083 
17120254 
302681217 
298029693 
25140707 
285165232 
347451363 
3312971436 
237862863 
22233280 
3416267480 
27073265 
39948573 
3331681719 
2458567464 
2458563254 
221147815 
44034613 
19603269 
40271841 
538456752 
271543756 
156969952 
599279600 
32840323 
1314617598 
705287821 
38449898 
72025856 
15165858 
3285437078 
14430086 
24959108 
25552666 
39092982 
138530516 
70837868 
44957814 
3188022810 
69356570 
15438913 
38799080 
2985991710 
119097749 
432662240 
3303256084 
3301173550 
65569689 
3286639908 
772310749 
16224477 
17155995 
21741761 
2192631870 
159622605 
43199901 
253982666 
2222390524 
270261706 
14837383 
335205282 
2948220689 
90932659 
356324811 
18477428 
42558057 
974602992 
19984919 
1849261916 
1051446626 
443206410 
2149109990 
461528045 
1262128027 
216674998 
1707849080 
365720964 
395355737 
1250108976 
2227216950 
16571605 
77296878 
2776091545 
3261692539 
32144921 
461705505 
2905274952 
1339357320 
3222686964 
36631657 
1470585896 
23922362 
3241895553 
102597017 
2185950356 
2770648052 
56753223 
2770606472 
313976698 
23258618 
21927612 
2727324168 
26225949 
373438253 
2966898816 
1164451603 
3186940920 
2935090848 
2880146029 
232979512 
3245199072 
1860479593 
35741756 
127244340 
7558582 
203152124 
2282557628 
15563814 
81124540 
295746612 
15738935 
342780277 
292876633 
26233068 
115738145 
398269985 
3145168942 
2305352786 
3190259568 
106747111 
3132366056 
27236616 
15909107 
303959998 
989601888 
256092411 
57985066 
49706919 
978362119 
259363858 
2446114304 
138528555 
274926719 
250766419 
19666018 
83221847 
430763499 
39523129 
16462209 
66369181 
179147359 
735287030 
346792054 
182004179 
172774474 
55834340 
34158450 
487751528 
384976640 
462333891 
468622563 
55266548 
25141764 
913112911 
251078998 
95432087 
255131416 
43173208 
393112620 
25115308 
150871265 
24703010 
2183656454 
22874559 
47443693 
30225291 
1395661285 
825855950 
510740358 
9548232 
3085860536 
94876800 
2573449124 
17383073 
64703161 
31280938 
2291384989 
22013850 
47656237 
204905640 
13691782 
16119703 
27154164 
2749584302 
18481429 
135265904 
398262543 
259403099 
2799879038 
89517086 
66350440 
821779579 
81858726 
1169297245 
49213571 
86137896 
15008539 
428750186 
23126875 
2967226526 
519536557 
28567809 
65134016 
26748889 
258847118 
206255645 
500166060 
245518238 
932847330 
3028317746 
2880936433 
44986099 
60633599 
83987145 
576376634 
14267832 
90424954 
261531575 
2270697818 
550594385 
19982434 
19024373 
116748080 
2478595945 
16567705 
50320600 
31929718 
26138276 
2777564858 
2419705380 
15299377 
56788628 
65633843 
43348496 
786764 
23712008 
39250635 
145558858 
609034419 
2322655614 
18939337 
85842885 
43051682 
27726303 
493175789 
2535385405 
1296514098 
23516142 
370113964 
54306210 
589535421 
2435789185 
435936164 
2314419612 
1528448779 
22976125 
1901795966 
37700644 
101790067 
19177501 
119061808 
24232840 
509110681 
36455168 
78890372 
36078825 
1359368636 
62204199 
261919395 
43408677 
2885566525 
2798470926 
385028782 
2851295462 
43880222 
24178302 
17165090 
49634218 
14920304 
2239491 
2246165587 
19948202 
74858695 
89089521 
1390021892 
2645622685 
297015909 
2742955897 
2848116152 
2370828416 
19396173 
92613268 
111157878 
16578525 
17068692 
64725723 
51246948 
92062116 
172445793 
55321012 
199961680 
2682673441 
101120778 
1462798867 
1692611419 
2853559176 
25615035 
115867277 
47688440 
2743082054 
29982331 
21269970 
15769734 
582931822 
2678043187 
293709920 
281572965 
31418514 
2515983090 
2842464829 
167839057 
16247880 
39126282 
1920537168 
1058518825 
1425644274 
211654138 
2495598836 
21438665 
68506542 
1849068120 
22270118 
42955564 
22194661 
18478452 
166241670 
855985718 
415056066 
93715088 
23948958 
14676901 
34827666 
50076632 
1419549750 
22862623 
27801824 
14715424 
611369490 
29804165 
898984928 
29727480 
1226130060 
98490748 
2577642943 
1880186347 
2596795380 
17159804 
223560830 
221051034 
214641138 
1034800148 
16674057 
28390516 
7612242 
2592506630 
484996615 
140460319 
25116656 
19657855 
15428397 
2308726886 
454194039 
1242076909 
16410452 
93545284 
36774033 
20827700 
1435764420 
2450395980 
54949696 
54679165 
54956563 
243843732 
38489678 
485990358 
80628196 
26623392 
130272950 
15478478 
162068804 
41440095 
1433590645 
1447491979 
2238095718 
2573386646 
17467699 
175774205 
62622531 
389086077 
17918545 
889064112 
160590087 
83857166 
621185633 
2273972277 
1603976503 
33023834 
23467145 
67097001 
320876537 
92498896 
2464999304 
89345807 
632926928 
23794763 
12413032 
455035904 
324896218 
23575322 
87715935 
71210524 
264399952 
407624682 
111305843 
44418062 
16649758 
454952766 
26832834 
468927016 
18249434 
21780652 
403530978 
347276297 
246348124 
199226563 
407068486 
173834817 
1132077913 
140864061 
130554030 
584084364 
198496513 
862974992 
397912882 
27733204 
50088781 
192906510 
65063164 
817687298 
216896461 
105244363 
873790838 
192920660 
755019 
30238011 
205813009 
1339961599 
44404948 
1619018239 
54953661 
81604092 
27122310 
260264886 
106845517 
16290017 
97538560 
241215352 
76417139 
270479160 
174847568 
23772743 
348471949 
16650570 
111584424 
75302402 
1713007855 
1308462006 
32431468 
2472628602 
40354506 
14500190 
402274600 
15514266 
78060290 
879010003 
188730957 
1140811723 
17969659 
79975924 
18460612 
1416643206 
16245822 
138323933 
33998183 
24725678 
14749699 
107502030 
22005069 
772089127 
2318234856 
16240525 
534634874 
1080753187 
21801907 
32302688 
338240032 
39348006 
14266331 
130549887 
580205619 
510682540 
51542338 
309194717 
112468674 
18907907 
19360635 
36147161 
771805741 
78630270 
122162380 
115755195 
16740234 
55037644 
1876113835 
20052728 
301010959 
86129983 
120206023 
492806249 
114102708 
40915509 
15081620 
22784904 
76355615 
75249298 
336144313 
274113269 
106832630 
20946768 
182964244 
2150994817 
182886164 
414299987 
16261201 
21920934 
14708762 
76458984 
289459291 
14462885 
575655913 
2178911414 
394174029 
303988835 
54330192 
1617909894 
21098119 
2340884810 
50492420 
17049255 
16425156 
373495196 
280586964 
71293111 
927892405 
22782004 
23995830 
52127263 
13526822 
942639434 
30263292 
237918346 
50758087 
229246832 
25325260 
15172980 
50753411 
102754598 
17385903 
19843630 
15276911 
15154811 
15859033 
102094857 
18208763 
44438256 
7313362 
16875221 
123157078 
974708869 
1452690620 
737826008 
233765599 
86158995 
113193523 
255571625 
16664681 
28785486 
15012486 
14511951 
44903491 
13746792 
22054220 
174740894 
143912910 
315142011 
14325025 
17001646 
17845620 
21123640 
82186838 
82683644 
103041418 
135117679 
150726712 
208163898 
259317559 
155634643 
20384034 
95273012 
247359669 
1536811 
20402945 
34713362 
22739318 
38317061 
20081223 
88976582 
3108351 
51241574 
2467791 
87818409 
759251 
742143 
807095 
15754281 
50460882 
54282237 
203200058 
21394764 
107163055 
117867607 
22204446 
11579212 
175495448 
23578274 
82509878 
109583667 
118730543 
32410378 
26029357 
37935680 
234066303 
47645083 
107258201 
204599219 
15468555 
52282776 
117841559 
15368404 
28139678 
52121568 
152866991 
106976390 
127617328 
108638625 
19734832 
16149614 
15235829 
23999515 
23798922 
20436059 
16616061 
25092348 
86697288 
18999585 
22752559 
41866944 
20989739 
54664757 
28340290 
95551199 
14691029 
31409605 
87053722 
848422453 
21093744 
1382514984 
16192206 
101640334 
262326533 
36178858 
81029339 
17346287 
148418872 
32128783 
232221514 
32062804 
14882900 
25562183 
1044771 
26810542 
627412965 
227447532 
576271064 
106103948 
90452192 
25344296 
376327986 
466649398 
486997945 
620069722 
633980404 
774478651 
1337490036 
1435777862 
75890868 
11930482 
24223641 
18317022 
48110818 
16976485 
14750177 
22431584 
707512656 
15586341 
38372614 
61063991 
38499004 
243851677 
361903576 
71028773 
22149727 
94588784 
287988765 
481565469 
40096060 
95933083 
82216564 
1943072018 
244237521 
634307221 
240349022 
24695651 
58636516 
268919557 
26042726 
20683724 
41204222 
17545687 
463110926 
932222814 
182223682 
79911298 
9624042 
15245706 
895997238 
26784426 
121869155 
1324530085 
17399078 
69091913 
156920978 
41621787 
19730589 
21187346 
86091264 
153966123 
214585175 
14323846 
972651 
360400864 
407748533 
148562803 
312496171 
1325096299 
125220657 
256331729 
1038166399 
62884466 
60444558 
18219682 
261722168 
112243365 
112236047 
21217761 
2735591 
12480582 
25540995 
19164430 
75573491 
23609996 
22095432 
23330343 
48715988 
112775879 
3355281 
23098595 
19077568 
19557681 
15282064 
776663528 
1421254994 
31886822 
54641489 
115002787 
56776162 
385112729 
44122927 
20512396 
45997513 
22024458 
29312241 
19101243 
127818145 
14774189 
40156330 
15525018 
23116741 
370254007 
34686432 
524714829 
83876608 
344871208 
103045022 
296624994 
472710990 
406014990 
460980432 
1852433239 
361405892 
22333510 
39284667 
109653394 
27686062 
515564652 
378740424 
23771696 
17514093 
82885139 
29295002 
16015741 
89680611 
1927116247 
246097272 
17593700 
22394209 
17091847 
48564118 
502278199 
388345704 
88914175 
184931891 
12819112 
232914203 
22685638 
14062180 
1029839162 
2234673770 
175150751 
1370334745 
76536416 
487833518 
14647570 
21581503 
23962323 
57775464 
15110431 
32372834 
15862891 
18173452 
19662097 
89536126 
209309794 
1435461 
5988062 
18953338 
580144308 
20496011 
16666806 
111354912 
36459891 
16332522 
20256700 
55295275 
22050529 
243840781 
139858167 
17393790 
56879674 
152747558 
243224758 
49992096 
1250228102 
362109540 
36959894 
15183798 
16614847 
402436059 
1559707250 
171082074 
2239279015 
22363802 
23689873 
274703001 
35932982 
49033181 
48190512 
88713112 
291645592 
594829868 
19168114 
259306765 
185338225 
50499723 
74690215 
19711108 
15460572 
1255265904 
27730278 
8539242 
1064477964 
204370454 
19380351 
140136223 
143381041 
242727646 
347502933 
296690561 
186190338 
19401690 
61552087 
628765360 
88425861 
532250011 
36723796 
27695964 
1009818320 
49485752 
2196692437 
167040325 
18999920 
32463503 
9689662 
267547585 
634927056 
252794509 
1861059499 
960868651 
1374626371 
66678668 
70771821 
160922901 
22148550 
1653777067 
637013783 
102055258 
71061891 
218601716 
97464922 
25372825 
543700209 
206162681 
124237063 
1589376188 
243213618 
26780409 
461242546 
70497369 
82710088 
86943522 
562188508 
1252329349 
18683406 
95223853 
282741996 
148018691 
63726308 
402157926 
130593516 
115472158 
41164651 
370680823 
14620497 
190785056 
400524509 
735026420 
19725644 
461595552 
2163330548 
24901614 
17075602 
304003172 
14364006 
472993981 
67324224 
18826693 
732153116 
738927990 
1411257175 
1311578256 
593922254 
84072624 
175711277 
206262568 
75316454 
80634067 
713133224 
479732054 
598882794 
836294324 
882455748 
833938195 
425289182 
343857441 
223702422 
277072979 
52795556 
158474938 
462963112 
17837184 
1127651 
17347432 
545988311 
522342754 
1225658594 
40894553 
18198832 
869552100 
873755047 
390783272 
34781412 
130250603 
6794502 
6450322 
132241469 
1531871191 
1603605517 
43909630 
455024343 
65416742 
745476127 
303777686 
208120290 
53039176 
66367559 
140427956 
158006058 
18058609 
205847300 
755533075 
19255955 
68765178 
731101711 
215679926 
14617444 
18221346 
197185320 
18391232 
419668134 
330765028 
76349025 
270118729 
173977410 
381906157 
68077460 
481753989 
1640947508 
1120719386 
29340609 
276573828 
136322338 
429962519 
431038044 
17686110 
18821994 
195849075 
509331430 
20186316 
54938798 
54673444 
33659010 
106895787 
151936506 
26858764 
40097187 
119486479 
44697596 
295267698 
280719700 
266790217 
65395081 
976538112 
18083983 
19658826 
376536750 
27596259 
141947171 
16564324 
39250316 
75478054 
81144172 
54943952 
28347963 
55642575 
65733393 
606272398 
17053094 
102234123 
1667860657 
21246323 
858633200 
730781690 
34222024 
37666790 
212299083 
236886361 
16027500 
17154954 
15786332 
183548902 
77315885 
343444921 
48032694 
105177612 
15383592 
1344951 
14085070 
223170394 
10310842 
260995420 
252231993 
302270273 
202011626 
19492594 
16629477 
29726578 
115132543 
127910801 
338585716 
144915105 
356261120 
282282694 
148463866 
17899109 
188413838 
80751920 
26154145 
15885310 
398092540 
1129793408 
31145647 
68784803 
547879720 
1053438085 
29733577 
767558798 
523772274 
23613229 
22195223 
71824204 
470605078 
148477475 
34032803 
118828764 
222543142 
205397000 
75378537 
17001344 
298047641 
239971233 
13787402 
461301890 
87252163 
86368450 
10717022 
97594395 
9481572 
19495715 
767 
41380057 
16244789 
38530021 
158396052 
95753389 
16203586 
107803803 
17248121 
14534174 
426909329 
357648167 
1732347110 
104576097 
21411180 
21121491 
17814938 
167009218 
8963722 
42651647 
30862829 
174775907 
15254434 
59769395 
194235592 
22079085 
68987936 
186430105 
18457947 
192936564 
8082302 
146569971 
52070270 
15485441 
105242077 
44783853 
22019881 
14499829 
22708797 
25928253 
22654404 
21898041 
13787352 
15723971 
41602160 
1259607091 
19402238 
19767193 
238297613 
17474206 
1143371251 
58489734 
1128945624 
1330163316 
91368440 
83899964 
252740978 
12 
23674342 
366606110 
195897346 
52426212 
529654189 
732889740 
17134268 
507846696 
16817883 
599737549 
54327995 
25950355 
251247306 
40242949 
17558008 
517030245 
353136410 
471609060 
112507731 
473118604 
39298267 
27029537 
19187564 
42921216 
27107310 
394376745 
273559844 
29481563 
36432170 
23094013 
21136788 
24236494 
13872282 
46422258 
14700316 
29366567 
56397195 
24211863 
259372662 
130241862 
233634176 
27013292 
17002395 
131257838 
28160998 
14156039 
88313866 
39764957 
20752758 
22990962 
17448965 
27690050 
46154017 
23105896 
53086113 
49759610 
17368500 
24360546 
35157641 
45836349 
34999530 
27076188 
1652541 
17509945 
26076536 
29730065 
41235828 
30043668 
26014253 
35776052 
11274452 
16528163 
19922394 
13159712 
20272531 
14336929 
34775101 
14062554 
16151917 
15457383 
19979844 
19679561 
14470341 
15587500 
17442457 
15530618 
17142019 
18249897 
17158780 
14293310 
16828372 
15566901 
27922157 
11265832 
40052418 
15221889 
20168258 
18170896 
8984292 
17368287 
26077026 
20187065 
27567256 
13829772 
19596228 
16300786 
14686098 
5392522 
5402612 
14323863 
14282672 
22175924 
25087685 
11856422 
10791192 
25569668 
19658936 
15134240 
17918663 
6039302 
1769551 
621543 
428333 
20471822 
20930505 
40047360 
14441010 
21658285 
18498684 
14696951 
9720292 
19405351 
19357137 
28572468 
16565422 
18202147 
28164092 
18727958 
17815224 
