839542686486974466 
343547084 
149726145 
149655776 
2388931039 
1099999591 
1013851650 
1066142084 
2416458116 
280157793 
2934211394 
50944503 
446839505 
2368165982 
1549200936 
236549282 
3223596901 
3047049886 
798662245513330688 
2223592103 
837162084320296960 
1051411063 
2293494644 
330235942 
1014760268 
3271382168 
2830738199 
73970649 
804436527497576449 
797946417868374016 
2716510981 
1409322992 
3905669058 
1422946818 
623253830 
98317055 
3199433476 
1269873392 
1012640989 
2357142594 
714482171097059331 
393802545 
287360112 
3077917704 
2319962653 
1292362992 
4043893096 
2267323507 
3384147063 
3231956258 
1424507798 
3143003737 
2653356258 
1436064884 
2893933908 
807535836 
213773056 
179279481 
790201489 
1654449182 
3404806331 
716650699 
2911589819 
4064818481 
1213019906 
720629252824162309 
4198885578 
310730506 
499758610 
1428754159 
2565473791 
2293388834 
296723507 
233614681 
386788466 
524657792 
214162237 
55728361 
284441324 
3306484243 
615900983 
488751763 
2767466961 
4585682362 
789027363505967104 
139399835 
1891280354 
548006311 
985840849 
2880499907 
1198988510 
1591914252 
4789293628 
4262539993 
3168944182 
2796519581 
718720039994568704 
1345881386 
214566103 
1520429624 
708291864126840832 
455445297 
2339789275 
3183801562 
3008451348 
3409831509 
262031854 
3099748102 
2956662972 
3125581648 
2920071458 
1117957238 
341102954 
1483237772 
1882573999 
424399010 
2786660319 
2599995014 
1889198071 
2795058654 
2800436557 
834458756306128896 
2277800833 
735594859688427520 
2800971444 
2828190381 
1728228840 
834348637 
1154754404 
4730891594 
2301573020 
1166578808 
759191683275841540 
1099302192 
1446460165 
2480358777 
755152143141703681 
4211130257 
155068208 
4340997912 
2615887795 
552011578 
1547513437 
4759795017 
4459665706 
2940131020 
1327906134 
731531416530497537 
4864631726 
3696762615 
573459961 
3048252195 
1308678415 
586254277 
924066169 
3154197913 
2888160711 
101857419 
709969940 
3349705401 
216607018 
20454941 
2435429610 
3097976235 
538613656 
379226206 
244018192 
985204914 
160694892 
989642563 
717922380002123776 
3782103554 
2936637238 
2918044567 
1120654448 
54177550 
4873264343 
709917032016441345 
2899704195 
2505900266 
2664640382 
2933082598 
249724905 
19090871 
524730072 
3418073794 
872591509 
2305405063 
4153985897 
1387804657 
2696056261 
3001873245 
4623225086 
739518786835906561 
4289728654 
532921641 
2868194670 
2218939088 
4333879899 
2919197934 
521685752 
2549647958 
768401279831904257 
629097517 
88212427 
2468061145 
410017939 
4016658254 
824014422263922688 
30040682 
519929459 
788429080190418944 
2860898992 
2332880552 
3310873718 
862121720 
3040129123 
2728723623 
2178794346 
409503871 
70009161 
32128600 
1435994318 
3426368735 
2768018597 
26767066 
1183887576 
508370809 
4100391622 
257799442 
1546270652 
382561193 
814299700970950657 
780489424094146560 
989110411 
2584658958 
770610080 
736616562396794880 
2759600352 
3354068477 
751233947875549184 
3054161098 
785091372 
2970833694 
729801525355286528 
2445896892 
1222875848 
352102757 
1435811695 
108710104 
3306104649 
593370001 
1561145676 
2928749441 
227513889 
2395044648 
2848149332 
2209145031 
3378228717 
433429172 
4767513101 
2368255254 
1595860926 
3155180875 
1641150530 
3328277663 
401146706 
1310630059 
1172924791 
573028287 
486760134 
549510165 
4153417894 
1141461181 
1643849389 
66714703 
103432674 
554540678 
994145154 
16933337 
247089649 
3435109216 
2970616323 
745695548246720513 
2476544382 
724223456 
1960283150 
875607744 
536649400 
599060358 
131962317 
1406346067 
215537170 
2501274093 
259132164 
2267729769 
623581581 
551149727 
337502808 
4021047856 
141864252 
773637692391297024 
81596479 
1547290333 
1047199152 
258923616 
2323945699 
334842287 
719352925 
476199422 
1675176944 
2563734218 
102325442 
2806151875 
2385749072 
2794441796 
126990459 
2357622716 
940569967 
167989418 
131102007 
1078287655 
876843607 
528723778 
472967330 
778150181468512256 
2177420990 
1322319715 
148779151 
127245578 
918346674 
751792570439757826 
525312787 
2691623593 
1017515348 
1050820447 
471436748 
910828603 
1587678775 
2221394253 
2201635304 
2597498814 
2728488134 
2758863217 
601298466 
534362261 
926114798 
601244563 
4687623691 
2813693810 
1096488703 
1400837108 
40565117 
1703499732 
581494085 
613297929 
1895791195 
3244035479 
1635979987 
167555974 
2834618630 
1645975554 
523512145 
66339576 
1863807403 
169719009 
255335896 
746935735 
207426991 
740027058 
1489156890 
2645713380 
457026966 
586242124 
1034119346 
1963823209 
883223264 
2894922343 
2576238121 
2632284821 
2849404813 
525060895 
306550555 
28301551 
27022925 
615214819 
288215711 
17874544 
3024453651 
2620038301 
1253397445 
2473070484 
581312437 
2325621853 
227121370 
315558358 
619602908 
1681431577 
543316184 
1118617760 
499238848 
2801550780 
1256551418 
2432417994 
988065253 
1701044448 
40861804 
2716997492 
3353179709 
166630377 
588730194 
758543612 
1239900000 
1155660415 
418707217 
2205082777 
2216118331 
2369312762 
1681324362 
3301025103 
1244421032 
989429790 
930506383 
600434080 
2755211481 
2372871345 
176224244 
2790183688 
874368012 
410582796 
488908367 
1126209121 
421554823 
2562756069 
1326941466 
1018588440 
2196891614 
2309552653 
2193607094 
465858891 
834370320 
149915877 
2939990554 
2786430025 
4277089462 
2600568907 
2731816889 
1292449110 
128599569 
995642455 
535789798 
2624520023 
826333130 
564398499 
3399981616 
215152933 
622119561 
581033983 
3241967302 
3894839309 
1383966032 
726591469201444866 
1008151898 
1530122682 
1304166198 
4659088213 
2747938309 
2787199064 
2617242450 
2909817873 
1276942680 
2757589367 
203083495 
1648125986 
234092838 
1206103616 
2474867366 
3238907388 
2272856978 
396086694 
2632716033 
4079946327 
2826946435 
3386064567 
1258398914 
521340458 
2313227480 
2748001296 
374170012 
897189992 
152778479 
2717557345 
2293864124 
3105440746 
891566299 
877998277 
2591587895 
894537902 
323634172 
1105455990 
706821212891181056 
603269472 
1438162062 
228515266 
2183099646 
1261249778 
1581241297 
1414153369 
454939382 
2513545184 
1349082427 
21360280 
75968447 
2642438760 
3438203320 
3239044898 
2158121408 
341658039 
73593143 
2900426395 
487736815 
45786304 
204887235 
1236601488 
457692129 
1520006918 
121213242 
1012353787 
525821517 
1665731966 
456371141 
221197757 
400770714 
749952350 
2830051135 
157127270 
173727516 
177134089 
68210284 
2764468210 
130372629 
129106891 
134164413 
227626917 
1093124360 
89304457 
319861696 
286742737 
50618718 
786796010 
128473630 
1599171037 
1121163822 
476234589 
1649633971 
1463880866 
547607608 
213009133 
2655830472 
426494716 
2478045313 
370699216 
32688098 
395149823 
825934369 
136123870 
2778537414 
517680491 
111946118 
404916846 
2401292358 
348058612 
2760125603 
1251417968 
586189030 
197224205 
2316464970 
1351955635 
373633256 
1289658361 
2578922137 
127360861 
2922266132 
1698040651 
1674124387 
610139222 
1352586948 
2238552619 
1254944101 
421195810 
393696247 
2498960456 
1249253766 
3120126064 
3127353310 
3095960087 
2852954852 
1964470356 
583995678 
2399278333 
3004210631 
540224823 
2771322176 
719298527 
2611177566 
