3130261911 
85248610 
32423136 
143903442 
415601652 
835914152027750400 
198606465 
424642171 
381677670 
44438256 
326702577 
2438938190 
94391895 
20832730 
104659572 
66808026 
34599285 
756908720790069248 
3314963469 
47336791 
525515444 
143775824 
1144882621 
4348467142 
2796965408 
1259626064 
240801472 
21576334 
469509187 
878024610 
427046588 
717734499791028226 
704292757624463360 
172878573 
23999515 
178785518 
25153715 
91556718 
618952024 
18935711 
27710985 
14437914 
231442957 
253685928 
1708952155 
4042631772 
46081254 
21906582 
83424009 
34848163 
214154663 
740620189906128896 
1278141793 
4833056519 
2746910760 
17296792 
182839127 
5392522 
14677919 
550444880 
32372834 
234947344 
15134240 
31443503 
1169762798 
33988890 
17692598 
179069276 
730968467529048070 
17547367 
58895220 
113481454 
22070993 
3290364847 
114870386 
248459764 
17509945 
17371549 
4737678659 
454235500 
722484693703069696 
193797587 
498542680 
4371743355 
185716178 
2742672866 
140951152 
96217004 
15164565 
35773039 
26710622 
2244290719 
198795768 
269395266 
56564828 
485109912 
1691819642 
20246015 
20621206 
1676715282 
778446120 
147295417 
4799471673 
104002795 
1626778663 
3448358176 
1305230894 
37703511 
24829458 
3321670796 
1651753615 
28690762 
2810688646 
370258371 
20542737 
3064758142 
56470841 
164690929 
30271086 
219418616 
17278541 
16659470 
28999283 
15452686 
80878133 
2210677825 
132316316 
1903705482 
1875754034 
1570754394 
19024886 
454430821 
53042729 
2998576070 
72648124 
101025273 
14131745 
2425650972 
11939852 
1903656720 
26257927 
42209020 
314013441 
2768055348 
34320563 
556986491 
158842667 
493266463 
14325025 
14592723 
35307399 
355053826 
896339209 
108330095 
330511327 
565848656 
1504680672 
82453868 
238718627 
2841991235 
2813808539 
2710580269 
1848956155 
107174526 
259317559 
2838235005 
2718361435 
2657108065 
265933099 
86292908 
2517839478 
2493758569 
2305106395 
2233551997 
30621164 
244276540 
100266394 
2485871142 
164007228 
197416873 
1454394140 
919233492 
564251544 
32431468 
467806150 
124236245 
232160423 
18679701 
20020021 
21636265 
1769551 
1530953521 
1460016181 
66021490 
65467957 
211004186 
384597895 
204918880 
180889575 
281138722 
208008927 
562978139 
201857425 
93889008 
34719469 
18131748 
15684633 
16399045 
402144157 
26254626 
473724566 
72842277 
15120110 
48564118 
22054220 
21545602 
18459858 
17693631 
23582412 
28304415 
32348340 
36999846 
76850385 
58733642 
111988649 
177033725 
164161857 
157444860 
140790376 
177625823 
179196654 
183580642 
215622936 
266650070 
274699088 
298400184 
329775655 
307447312 
338523319 
347756960 
383671015 
376585264 
366386147 
486409246 
454987241 
430306908 
541939187 
549109953 
583876169 
588297985 
592834067 
711669764 
856937370 
918061014 
925072644 
929171666 
991373832 
998202516 
1300316983 
1491711146 
1498410260 
1509742604 
1868610686 
1643512988 
1966282404 
2186498351 
805191715 
268720460 
1635577530 
30519485 
209309794 
20062066 
67364132 
338240032 
974852491 
84525427 
1400034602 
452537023 
138936040 
7196172 
542728020 
49211786 
19685750 
220549359 
2184877254 
16629477 
45923583 
491126445 
860302657 
444784593 
117636319 
1625689764 
373389612 
388683808 
44903491 
35306978 
34408828 
325928581 
959377310 
237022416 
211966697 
275929766 
789660487 
200477268 
1018962877 
1326627655 
17804976 
18472786 
53560219 
16672649 
14267832 
367873443 
200634860 
329850624 
48180150 
80119858 
239136099 
588663714 
40281983 
124237063 
330667768 
205392703 
54226491 
1148429688 
16178358 
1059320544 
21328972 
114970757 
129395750 
6447482 
29753367 
13062172 
861293708 
16640235 
279165077 
38359576 
212590401 
282586814 
72913473 
19416598 
414526828 
17230461 
860158302 
71180562 
858374593 
155916643 
384182912 
823917902 
28912478 
16846327 
611121924 
162535413 
134610558 
56178310 
627406713 
16311530 
12599562 
211177035 
301181778 
531575303 
23845320 
170762224 
234979034 
372922391 
17877730 
234367247 
22419487 
67976245 
16057997 
325719227 
48715988 
245564615 
568774189 
209662347 
416690534 
314762174 
390063201 
9207632 
284056836 
14537645 
134429434 
318867777 
46485024 
276643081 
122080635 
345457565 
49445813 
15859033 
227468469 
14294620 
381506147 
67003972 
318976741 
335461958 
132850917 
155748301 
392317115 
393552199 
18567903 
392981639 
361896869 
255208447 
249288893 
158307963 
15828654 
437014979 
22931893 
455989868 
463174933 
15254811 
465258509 
146502086 
336018131 
196333602 
39348006 
95786879 
14043142 
16227629 
386869663 
363600479 
308151547 
26269367 
302188389 
321256982 
7769702 
245654697 
29726578 
316327930 
11107172 
197962366 
71654283 
301399423 
17376071 
302068879 
21861282 
28846498 
17047208 
168003156 
233750901 
172317565 
264399952 
16843817 
20342875 
40846478 
17567533 
16649758 
15084855 
15150453 
5355212 
12190892 
247336430 
88973663 
213917132 
118975084 
29179882 
17030680 
33292864 
105203181 
15163872 
74732805 
253182097 
14749728 
19752092 
267466726 
23663116 
171685142 
14526679 
281563 
72132679 
149490928 
86065887 
229050554 
33766143 
233049905 
55922822 
33249457 
14700258 
88727938 
113046058 
32302688 
28567809 
14085070 
139598778 
168882665 
88795399 
74984764 
77907514 
14327715 
177874934 
18655567 
107283918 
17057122 
28692957 
32520787 
117576644 
7369882 
136406719 
88392301 
27024872 
18224170 
15429550 
37747513 
18194162 
15154811 
19112963 
66715428 
11253492 
46065613 
18198832 
24948536 
14801264 
19402238 
15110431 
15912113 
8963722 
21581503 
16817883 
19658826 
14647570 
11317392 
135316691 
52488565 
29328707 
184931891 
15862891 
13746792 
34317032 
17079375 
185280748 
21212594 
142966449 
14497828 
152835605 
16481759 
76430378 
16678835 
49164309 
143571157 
78089177 
137759637 
1435461 
18089292 
157391632 
61873225 
94903736 
117797558 
15203109 
44631696 
14266331 
19767193 
18985501 
185666045 
17042078 
29780473 
