15229219 
3809743753 
54206317 
299343530 
1623790801 
3372348975 
761661829592383489 
787736353 
2838310335 
24578794 
164505433 
29328707 
12415722 
29472803 
191143493 
182839127 
15358049 
537555179 
14944532 
44177383 
65707359 
93714983 
73341746 
11885742 
259401680 
380414259 
486662012 
520766752 
462220933 
36203015 
209262555 
18739693 
98959175 
930881406 
1307593046 
70760160 
306328423 
2492277109 
19711765 
208008927 
398092540 
17749086 
19658162 
69231187 
33933259 
14159148 
14499829 
103865085 
21436960 
1299995892 
290876018 
337886919 
1115148079 
188046098 
65647594 
1451773004 
43166813 
16580226 
189253902 
50115087 
19802879 
17781165 
8295072 
15865878 
19789439 
86977818 
15500649 
18274904 
8383592 
23544771 
2734713482 
36346391 
62963545 
347804908 
15353398 
1680294020 
994748959 
270880724 
373714843 
3252616397 
2353711362 
283273730 
124887921 
370638564 
262317278 
44196397 
720228997 
14526780 
1345140409 
362757062 
15862891 
34743251 
15165493 
1201617500 
33602654 
74204499 
331487922 
38719608 
16079276 
13693032 
63157272 
29580450 
28838219 
208442526 
71678953 
33916560 
140804548 
325755342 
23513052 
209743834 
2159329015 
79570653 
174740894 
16692158 
21441341 
34484725 
130979339 
181985982 
61283853 
26257927 
92694743 
146905516 
613808763 
1695777932 
141306948 
2485871142 
28165466 
516769926 
137471526 
224862835 
13746792 
14647570 
17905977 
26074603 
44939979 
586841695 
599393705 
18926099 
2318644063 
319122275 
18301602 
17077483 
12070992 
17175139 
103980231 
83958109 
265705352 
1271368628 
20730673 
17371549 
162748968 
23816548 
14187403 
188827756 
553931137 
335503719 
324978565 
1006892502 
1148429688 
2377430276 
16931273 
185345185 
912743276 
860158302 
34599285 
18930170 
72851387 
1604023434 
29780473 
247336430 
358566293 
1236135817 
275565615 
372318798 
523339137 
2228471 
38245723 
26741102 
603367602 
918115549 
31443503 
14134242 
138151145 
24683525 
2578991665 
17225924 
54735120 
1367539974 
240061941 
18737944 
299306768 
267788953 
23556677 
14238165 
614269423 
17511846 
204918880 
27247475 
103041418 
28047280 
844047523 
18569484 
13053492 
42097354 
