487833518 
15862891 
23184591 
28567809 
1372497216 
19108922 
2811770483 
1274861 
3487256605 
2232964002 
2986073366 
2692749006 
251312236 
287590905 
142136399 
793690686 
1110153836 
34032998 
16526606 
171177649 
2429875374 
66341635 
573452266 
2770121912 
324401603 
2775728494 
3319100349 
3259350240 
72307261 
915518480 
263236237 
842400158 
1121985961 
15211949 
23892094 
100762997 
98520364 
3795281 
540132377 
2895055576 
2461044415 
870377725 
104114157 
202636760 
2561407350 
1677547070 
322219346 
2688531696 
1203814418 
949317204 
2849588205 
3070155953 
399777531 
2858489045 
1226814872 
3244454499 
2164851697 
3163312514 
100398639 
3245121256 
1011201198 
370413382 
1594623548 
2984472121 
1217152465 
3248934491 
1220950261 
2492182989 
2669237954 
87657092 
2674176914 
1288651682 
2844569713 
2433565430 
3189582296 
567518522 
3239409167 
3133464000 
972312126 
3158351586 
104368760 
2999794407 
545362698 
461691604 
303804147 
2262778207 
2564897992 
49953783 
569423891 
772396639 
2977605953 
3005912009 
43418668 
1861924981 
2833952793 
2876347756 
575253769 
53921077 
11833032 
1530771949 
1669287176 
329393357 
544938002 
2904877402 
83910195 
2991385678 
2153940236 
739855488 
67671178 
2267223470 
30220862 
2879387859 
2876619706 
2843029506 
1198162333 
842669612 
1289559763 
2478729888 
115084463 
2542851919 
3101015701 
458781440 
1964657959 
1110109585 
2805889842 
261162325 
2769527155 
2155436971 
3016560153 
915178058 
2976436354 
2857031384 
2336098276 
553630184 
3021771108 
253588542 
36181313 
533158285 
2609272351 
1588854877 
2924956993 
2987122924 
1960368258 
3005981389 
1363206528 
2216245224 
1290991254 
14709302 
2209060620 
24259734 
2493808112 
1446870289 
195919621 
2449067900 
46383756 
2333049482 
28979793 
2883809873 
79043124 
2761171403 
2534906840 
255922330 
1359653610 
2614934743 
385901326 
281963087 
2616216554 
2882277423 
242289744 
474577983 
264520148 
2464966417 
3004302332 
2445445897 
499639238 
2392707207 
2997913712 
103077478 
2364041814 
2899384469 
2910300721 
395894881 
107380685 
1960583400 
2446027938 
2658107287 
2858415514 
389382524 
368944794 
1418351166 
283273730 
2590178059 
31704364 
343322805 
2803876134 
1682805379 
393276727 
1909144214 
55304494 
123209835 
2580593418 
2884687663 
2294949228 
2860063714 
410945436 
2213393515 
1015364172 
1976298608 
2924456585 
1025281044 
2775062544 
2932871799 
1431647779 
871698506 
89321071 
16779600 
267120641 
2479527698 
41590378 
2923130370 
633952560 
1965166010 
1355366845 
551099250 
2918985174 
2861825981 
346597112 
870870170 
1418911758 
16553124 
829772340 
2615335021 
2833918451 
275794513 
1114257600 
2764128380 
32993227 
116813227 
2785042380 
445576043 
440227516 
98152709 
2284351501 
1228453171 
17938345 
133205054 
499396922 
439271471 
2825871623 
1931754386 
1657726344 
2409979302 
1244956536 
1524366572 
924186024 
1704035064 
232628192 
19427121 
2872657674 
2855133247 
1112954382 
1686241326 
1087160287 
519548904 
528404643 
378259736 
15357521 
1904751469 
2296621298 
2728176068 
30331422 
59828598 
2342827380 
2613545972 
1659037038 
2253593935 
86176601 
141991931 
2327417043 
2343214374 
1234835689 
32378628 
2406966588 
141336598 
138247434 
2218462322 
1148639707 
2553102433 
2252850199 
742798658 
597330065 
1202055853 
330055239 
2588591737 
1262861077 
1303145108 
40411094 
2683272200 
238528404 
94581683 
126270536 
22171156 
48979019 
1558401810 
582872181 
420372469 
70624756 
314217400 
215759696 
2841514481 
298117662 
247426491 
1469896718 
866128902 
20319008 
460463811 
50996858 
234411459 
2850226900 
25061086 
60862771 
2195838680 
49042836 
