2382160762 
253588542 
485109912 
407730106 
3088827892 
107391777 
14647570 
1241258612 
199226563 
4839540760 
403530978 
732493507290521600 
706800925394997249 
42727540 
454952766 
32372834 
65134016 
3832891391 
519685410 
4200716788 
51412395 
117932428 
16027201 
3416035636 
397912882 
542634488 
212299083 
2821239209 
2410911878 
465258509 
3144159117 
407766714 
407624682 
36066745 
225481809 
3061255931 
412933559 
407068486 
246348124 
87715935 
1288758828 
23760311 
28098788 
294240208 
1432956451 
17251787 
19766166 
98098550 
44089805 
44090154 
41652399 
242539525 
27468198 
16649758 
174740894 
259401680 
1296859046 
160494564 
961458414 
17221246 
3034214643 
256793538 
18089292 
789620826 
23600122 
26748889 
67283363 
468927016 
209716736 
264399952 
248742334 
2980458689 
163844242 
25327370 
26832834 
44418062 
111305843 
318258698 
206255645 
1080753187 
23575322 
20982118 
2444052414 
487833518 
15862891 
