426909329 
1194962714 
105366373 
974302188 
2573123665 
710334528 
15282064 
20629893 
273422795 
145378129 
97441199 
4827883464 
525502639 
717874511681556480 
404774269 
2318993292 
296904185 
60871623 
19975787 
539038863 
1114680582 
2426368931 
14950946 
121234471 
2149675538 
711861874229440512 
3941240837 
522150871 
472777204 
93730971 
4067528475 
473179284 
49353240 
482163835 
2896307818 
41272346 
3044628604 
397361889 
1310116404 
2912483783 
106414010 
586521942 
2168430452 
80906313 
2832620324 
1410724009 
73041398 
809462749 
33896935 
253971199 
68648846 
561975585 
2541562428 
242496394 
1361693606 
2895671283 
2411534096 
601888277 
479631060 
1070939791 
1819990033 
2416339741 
619312440 
68714947 
949541401 
67408662 
266637566 
61533120 
419347165 
2549800122 
386605463 
13271832 
29354944 
224495471 
800836538 
15300222 
627734398 
303798678 
80878133 
718187129 
125985779 
564764031 
822952604 
167009218 
19645534 
1201273897 
323496528 
2350175120 
1568301565 
2228500290 
2199296918 
69232855 
836635123 
399689183 
180865187 
434173247 
2406463836 
460446462 
142699672 
221835336 
33474655 
15180315 
26583630 
317126501 
22937588 
2363974111 
733138352 
18389626 
19776354 
77314206 
7973282 
455035904 
1951739796 
123239496 
17784667 
539894768 
2281698046 
83870947 
15987295 
2287125732 
17949241 
2174980135 
16052437 
139537425 
40889469 
101778101 
217114581 
1412632226 
1622694540 
59526518 
21299778 
2170999954 
582161546 
886504362 
356203202 
21849222 
415418722 
350424151 
1964693936 
14159148 
230484548 
79518541 
82705598 
155236184 
19862138 
35038857 
1278041918 
416646214 
75322835 
29669400 
901776655 
1466836495 
252124716 
196607047 
16629477 
146978606 
1607338988 
337357518 
262365030 
78979659 
1277614400 
1947077328 
37963496 
16432203 
201522558 
373332713 
180273692 
1489776218 
66682604 
224557597 
8276112 
783869731 
818150114 
221140787 
191723833 
375875836 
619002667 
138753057 
486807484 
384480388 
256921454 
31697481 
740610750 
52261233 
19401276 
120206023 
60793455 
20732032 
527356752 
224631899 
96104097 
15134240 
132241469 
1045545524 
54953661 
160877807 
283687745 
936581539 
539478669 
262719172 
1198459106 
297947269 
14755475 
16947009 
300456397 
393919703 
21902874 
607224805 
249947936 
255676867 
23053534 
115472158 
167999681 
76780096 
248568868 
64795125 
1004075184 
200456671 
23128066 
86294875 
377998324 
54664757 
478491097 
141152082 
174732971 
295267698 
31932788 
253588542 
76296654 
281472162 
106730860 
58636516 
8653962 
381406661 
5695032 
20517668 
214200685 
23771696 
17049255 
20448890 
49944509 
47395645 
23265479 
17447528 
40522837 
39519921 
345931871 
142734864 
543700209 
22497729 
228635323 
94580096 
47355663 
53560219 
296160588 
409903803 
323777090 
93342726 
365941621 
296255607 
20539563 
89052670 
51719020 
14984811 
23479891 
158057711 
22394209 
64017773 
12984852 
873186943 
852781536 
32463503 
483108728 
20272531 
152866991 
471143047 
251076912 
757000110 
180476102 
41358714 
143500351 
311073414 
526057824 
144692356 
91879549 
353131927 
420245593 
20374345 
27102150 
596203049 
308794115 
278229268 
59846819 
310765483 
20439263 
54247046 
15551260 
193355706 
22039314 
40270602 
23561208 
188093906 
12432262 
222691746 
83011510 
14925532 
631404781 
73442845 
17178422 
20981716 
91255204 
6429252 
15056465 
40778603 
588586596 
86626845 
38531995 
283706793 
30291211 
14062221 
17843236 
20737615 
425723286 
187453356 
190337035 
65570828 
412127340 
11637332 
270900587 
35627258 
74732805 
70161954 
83809282 
22487375 
34492012 
285622842 
17108182 
264665952 
532550978 
22654404 
20373507 
168003156 
233358828 
132161631 
22367832 
303205443 
139173680 
16933716 
54246825 
482075741 
525893577 
42383845 
15923152 
149730739 
67164452 
470196395 
262907164 
27231379 
15165858 
27136797 
17885796 
303862139 
28366957 
185295710 
28487033 
18049661 
13865472 
210787605 
18941963 
87818409 
380816062 
127505147 
23948958 
59126394 
27916865 
21121491 
17226612 
235619298 
11945992 
30294468 
164731201 
453542196 
31484145 
141603000 
5988062 
15612308 
114523646 
20508091 
155202983 
15234407 
21576334 
135265904 
177459976 
23098595 
107561807 
25552666 
181894888 
177891462 
131154374 
18083983 
132125270 
17483248 
141947171 
119486479 
492996846 
36455168 
31129844 
176024190 
58795608 
82675316 
36451219 
18058609 
19705576 
39802502 
72843097 
41822696 
29943362 
50107566 
203152124 
128990271 
33829414 
39250316 
46342393 
105242077 
28083259 
13787402 
125614071 
42653087 
26719898 
124575662 
57387407 
246757406 
22127630 
33277722 
16385645 
107391777 
48564118 
16079276 
158006058 
23126875 
25344296 
130909252 
22474349 
173944475 
15497622 
1127651 
160279548 
10215212 
20323290 
36684314 
479447652 
420452282 
70611759 
135583203 
26308916 
62827433 
50088781 
103022812 
89517086 
20718719 
194344625 
140427956 
358225976 
453021527 
17133444 
20766581 
55203166 
17817210 
471880780 
128014357 
18942110 
16616061 
118828764 
357648167 
287568380 
82866761 
245465238 
333561131 
280548474 
386682375 
95753389 
20525807 
35306978 
34889448 
20187065 
17292623 
14062554 
16879321 
190307889 
142696563 
7558582 
47318212 
65434142 
11274452 
1940581 
21697048 
15755223 
59769395 
82270172 
66353526 
35842966 
58844947 
109303892 
31725704 
21200255 
7879202 
16245822 
48370227 
18477428 
29375037 
38489678 
21762776 
66688814 
24862758 
172280127 
271406481 
44315238 
17487733 
373424571 
121685027 
50076632 
27922157 
126693584 
29460483 
118747590 
27028248 
19658936 
14282672 
57579512 
85555796 
41380057 
21572529 
19177501 
296518559 
15368404 
39478054 
182994241 
277666248 
95938895 
28574460 
207536512 
43199901 
56564230 
15458277 
223560830 
16892009 
14441010 
21237486 
14243046 
23841368 
16331709 
56685979 
16633016 
46485024 
20699500 
17411532 
14461362 
18868457 
127530314 
472097230 
17278541 
65073818 
27629414 
86987988 
110397757 
16949344 
16649758 
175150751 
36066745 
347276297 
130241862 
57346365 
22750673 
53039176 
36078825 
25950355 
112799620 
6705042 
136058181 
20982609 
14138785 
118789551 
98188391 
127818145 
23922362 
420443380 
208988759 
210672830 
237666268 
12819112 
74474794 
14592723 
175691292 
88914175 
309006196 
56593116 
65134016 
39537053 
28567809 
360821037 
14617444 
20746400 
17813135 
51407841 
37921458 
36048046 
21751830 
19657855 
14499829 
16864209 
20693661 
299580552 
20746250 
15110431 
1435461 
39522692 
20429156 
29726578 
14647570 
34267043 
18700629 
423349335 
621543 
21581503 
49832877 
26832834 
15862891 
162088304 
19256096 
199597866 
34222024 
20786398 
54161364 
94562237 
45580925 
19837528 
46299743 
127910801 
19658826 
115039678 
41561657 
300922257 
