869124259 
1629978560 
41182444 
847090825221824512 
3669949632 
279195976 
745813766 
3181363783 
197899338 
4696728842 
425870394 
779061254082162689 
29013436 
160960125 
780821930983043072 
497326882 
22692039 
94522552 
900490806 
2692663161 
106221754 
822095390673666049 
2228448258 
2693435648 
19387746 
26473793 
789815372031545344 
53564949 
319873219 
1415130156 
3224555901 
4419552741 
3320843581 
2692749006 
3004169226 
757020872 
2800130574 
844639662438256640 
628759007 
374096795 
21318087 
240743338 
413149953 
769968882 
801722063199334400 
879171061 
841002100867784705 
2419544257 
210514107 
188852850 
764941116412047360 
130706129 
2805690924 
806311138581352449 
244517099 
703038008782524416 
1522917078 
1450723008 
3880904832 
835009279287513089 
15913794 
3341809575 
198302299 
1326807084 
169775701 
758846053223243783 
756222998944813057 
2168726076 
1168258418 
3662663054 
2746278067 
22918908 
3000553182 
4239365231 
722807334972424193 
775055836934606848 
2617244694 
4259673619 
3347593335 
757935023714668544 
21856142 
3281210928 
3284613756 
419823630 
4770644919 
143931005 
483841270 
3020379784 
43276550 
2786463316 
747839256345751552 
1362683066 
748534044074319872 
757571125874462721 
746395616377462784 
826382447885574144 
35259152 
818662656823455748 
53786796 
455851699 
3408247168 
15360428 
15301614 
2455502569 
811913062752129024 
11892682 
1580425225 
1933036584 
496794897 
14148125 
2862238563 
839143637015539713 
840668294550044676 
3353651812 
880554794 
27173438 
1155497149 
394879847 
425844959 
19870047 
3070936171 
3904675042 
764865353486835712 
831821306819706881 
837063645188206592 
557416511 
2363719158 
2562075883 
2541829088 
2827271255 
35229486 
452445727 
14968563 
20990898 
14632294 
18929927 
836355201908998145 
2291196909 
703031647201984512 
486896737 
36858814 
364410947 
586896944 
538508885 
798607230945947648 
623854000 
376144757 
21202851 
816315628609011712 
487752122 
261808028 
824332206952714240 
824270573203292160 
2563656001 
1633950396 
811731552962916352 
2269421373 
4882743003 
443989951 
16491676 
186384496 
58822766 
784030662953140224 
4489166658 
709163559540953088 
172418264 
833773920205549568 
2499615932 
834933845426376704 
784528147136020480 
520087088 
436973567 
109691914 
7119732 
1589297430 
22506161 
108656545 
109928640 
721732768925880320 
43303934 
3376247981 
581024326 
722480780 
321457554 
89832668 
295965333 
29731124 
1871605188 
113085017 
600423701 
1306738128 
803793171746590721 
1127875314 
314002712 
2923273367 
732704837935058946 
821066103120084993 
484515398 
827677049636651010 
1428811904 
1729526544 
829338177659863042 
3142685701 
1244622433 
2202163974 
2568956024 
2777400655 
1685884020 
2930027739 
230021492 
3169214202 
1193605436 
185910976 
2303603288 
257363661 
30883714 
16273131 
319186365 
92142934 
823027280 
531815323 
595593204 
34247411 
205838503 
826723242824052736 
3299797132 
385192397 
3938645177 
704319955 
3127547075 
2240228881 
721073439398866944 
538673916 
2862441010 
19489355 
2872614250 
45341566 
726757432588902401 
566738418 
486191342 
185390750 
817849918576619521 
16206906 
47886347 
791765417731694592 
714576838677372928 
2847904133 
36673071 
31636393 
619415837 
173861686 
3333600496 
217059636 
1012051488 
851730524 
475954546 
811070444560416768 
748895060788404224 
897861037 
3048907680 
116494763 
2967158088 
2179667465 
2651708803 
443589063 
826875969092911106 
28602592 
727276340576014336 
129276729 
1708196335 
2355291679 
2511107827 
935560465 
108540834 
2484686599 
2804963375 
2282404970 
567385033 
22819351 
462395599 
185750607 
83209197 
109477170 
822929445250105345 
789413472350056448 
2833453303 
257617636 
505850845 
361772508 
295701094 
755821730900299776 
64123730 
14897792 
1512144536 
3872452702 
1017795972 
350509998 
3002468975 
827909140127309826 
66230879 
780782067571306496 
2349051661 
2362479642 
3295269001 
96043010 
23526729 
3312936313 
2955181260 
2866476539 
3181676683 
406162937 
801320833457258497 
290524160 
610994783 
628831113 
99243286 
95881470 
98544794 
828992028788850693 
2562466034 
3226251783 
3070155953 
828626782827999233 
4843935136 
523379370 
2957720023 
525610144 
14817347 
2243284543 
235199409 
2835126861 
3073127326 
3321413827 
1548091620 
2203237903 
3306362990 
1480385228 
359037337 
32885966 
718142417128390656 
2586522110 
36248931 
753102630444998656 
7400412 
758058172951080960 
824020614314868736 
2944178841 
29369134 
710558768648429568 
3065982783 
1350733688 
4816926443 
827627266750287873 
710654891941765121 
620584020 
259143046 
1883990174 
16268906 
316808548 
53921077 
41590378 
94385361 
157294942 
2225913155 
2462228301 
542671166 
32785726 
2992261371 
821974585 
791620847211544576 
763445119169204224 
965275196 
751409375504400384 
824313317154050049 
3021697442 
606555938 
1252890175 
37799331 
628079321 
36777710 
14347789 
17535555 
4171207295 
824754520316059648 
920441784 
54960954 
787718609313214464 
183218923 
3816567737 
45486634 
761635329455579137 
348843518 
4009593327 
3930022942 
1157027197 
771623622062383106 
780827263977652224 
826309249315725312 
408515458 
41105978 
329229575 
769830560827080704 
1591957921 
219074016 
46335511 
3402861837 
2997790418 
633651699 
2513796798 
2862965275 
398991185 
361910269 
2834275325 
2967402199 
810867306670817280 
757922835872571392 
2523203126 
824554158187372544 
15815438 
3444755833 
23004495 
64570862 
727195336574390272 
22492232 
1100682806 
37722199 
4136381 
3856818748 
1655286596 
731175003908145152 
4002414802 
2497282117 
4033311856 
1445020782 
86774930 
218641620 
2593539962 
55269858 
2375952588 
2891604031 
174184167 
1581331334 
556072277 
18379614 
3138994528 
442178908 
2895209718 
3333696939 
4871911593 
4709584942 
111388931 
3240143771 
332273258 
200244664 
40718425 
4072544806 
2987377167 
824043701366202368 
2820250640 
2980058889 
823947709442904064 
60213427 
823774284757827584 
269344809 
767649305754800128 
404856793 
2938938859 
32993227 
13766492 
822517901294845953 
5526332 
77110589 
3409164190 
15651678 
801035395161096193 
787379154077437952 
338927868 
1713169098 
935205912 
757882162674819072 
1582853809 
3031435623 
3312285577 
3315693572 
41716167 
816635599 
3674682312 
1965121700 
380305707 
63833114 
65223655 
826826574 
991287542 
522845486 
472030277 
141599058 
952112558 
30798211 
2882761110 
4758703164 
962496206 
2182863828 
191125421 
2922703484 
48309651 
756088705501237248 
1160929572 
15246964 
2252850199 
3297771324 
19828003 
797563268986503168 
3303761749 
3316850062 
3037294126 
2939577663 
771873312024698884 
34686269 
390303306 
532555648 
73438620 
441210459 
3402040767 
187191185 
1031761969 
3384912719 
1409627700 
836350213 
4099171 
133640300 
486712693 
63179315 
64368457 
750981197417906178 
785294065 
2926378269 
796002045933355009 
798285953936789504 
38684725 
249615277 
303563782 
1961356742 
2243689477 
778002301004963840 
1177287474 
3304651528 
621353919 
494955170 
2603583547 
1151810395 
798472116 
28861341 
3358883615 
806927802 
43020461 
895079258 
371328288 
2550459180 
18920894 
1531270891 
617619927 
611932553 
2347028554 
747228337991352322 
29169161 
3513385637 
778522009600950272 
2567611404 
1618297772 
796530653315612672 
398525260 
753984763115950081 
2352226718 
54251975 
23344937 
886788600 
749011943223164928 
68306839 
95318326 
1153697318 
105860625 
615205006 
2303635057 
816321940206059520 
261472204 
486208962 
3169842881 
750022168675688449 
15684878 
2935065634 
720262195934683136 
244549504 
37054704 
19420186 
22478416 
225446584 
3526930817 
727131528199847936 
785928817995091968 
811596952760709120 
537347290 
47475039 
4194013692 
2413207837 
862483279 
2829256028 
2191367120 
174740894 
3231785284 
2994348823 
2897719928 
21091144 
814263123620327425 
790726546197778432 
92712274 
781358472 
3424005065 
241314338 
2217826765 
882498374 
2216576367 
1045176829 
345321677 
2979531813 
781822568730853376 
459650012 
788057265995653121 
868980474 
1441495080 
2214183498 
2401650763 
1675067046 
3356517509 
766611621003325441 
2407630674 
922533751 
18512706 
3131025706 
936869486 
323854120 
270683495 
1056775465 
14995355 
265551739 
2191368968 
4823835735 
1720040000 
3352308143 
811871368862199808 
808015652078370816 
745190162804645888 
66944727 
3730574535 
162534844 
287328815 
226127865 
3303653904 
15201382 
1149858192 
545264688 
6097872 
3192758343 
781173965796610048 
20702052 
703648327322247168 
772394848942948352 
787402572562849793 
278305611 
1721738612 
2770795225 
4881300563 
15907761 
613981407 
2678260008 
996020192 
110610806 
224890917 
616573748 
743110328397991936 
2904948021 
1675772708 
704104944668909568 
804622773486227456 
124429161 
121126435 
364697987 
634129420 
706859600700678144 
49270737 
1735608703 
386201151 
398754763 
270451177 
791702418690019328 
176575058 
791362452718022657 
724737936340602880 
804376151191732225 
322112501 
800737646343397376 
96170962 
798190837930672128 
3419329452 
189006256 
143227787 
783159081049612288 
2163011245 
481863227 
442282959 
805652719537192965 
36918513 
3361476742 
737672878481608704 
20857592 
1201246507 
536465090 
4107579129 
2960731808 
731551082825027584 
282846422 
727607095416262656 
629545060 
54964857 
793818595738411008 
2258690491 
2932738844 
3272881714 
1044022254 
868703400 
786675427532308480 
109901447 
776484980268605440 
2525890014 
2974862175 
1873706053 
41412650 
797037063405260800 
2677711988 
24805185 
3197854928 
327037186 
1026580699 
421077282 
3860480837 
1692637951 
783914925135654912 
743439804 
2878555322 
287459143 
4879633517 
730211981064445952 
2204365795 
59211281 
473011877 
760498324952743936 
2353156674 
87012144 
175095043 
2902039637 
19108922 
34285278 
885554533 
1905358782 
231564046 
3599926766 
113213670 
3689740828 
264286776 
2396802864 
75522016 
2371694893 
2892534250 
2971773471 
2508379815 
1516984081 
16120963 
434050353 
25852910 
538479544 
110098777 
597330065 
712768784 
80636218 
334798072 
1226458368 
236632200 
189949522 
144435555 
132523809 
712707313757360128 
236518277 
2328098353 
801639948935958528 
3067318098 
758951254433280001 
1245008893 
366205330 
1856766547 
766279 
581463268 
752066209932275712 
1979061866 
2903666907 
485356848 
4228610424 
2236296073 
70097411 
772923499665031168 
73393321 
26200772 
793421046556848128 
788727472506408960 
47583917 
3363122067 
580717092 
743425953230110720 
47792040 
3666075327 
822481213 
4851344125 
3597918017 
743170850216509441 
1202520277 
75974281 
50114655 
1177319551 
372569656 
732493507290521600 
3309149794 
753045163824513024 
34018296 
772186025036689408 
2567872399 
23420217 
25446380 
143115208 
17688515 
280601912 
791274967585394688 
627088903 
355036400 
86713881 
216854254 
768285056729133062 
35520484 
61876375 
1192968446 
2878590501 
843157106 
2214956617 
437699515 
3260585354 
3543931958 
617661822 
23942822 
5529822 
754598243170942976 
27527671 
1388370774 
76209337 
137180060 
238528404 
358654036 
14819353 
1551091062 
391845462 
220429417 
16733538 
19095849 
573623459 
629877726 
1450512242 
466835878 
423225862 
22129782 
577379983 
746107609741131780 
1907698874 
5637042 
14249426 
26463334 
1427306744 
16279661 
15761785 
76007955 
781544018853371904 
3981499394 
1346681994 
53070102 
4918795235 
715573452535496704 
3178746073 
3919107623 
3438875319 
601795738 
772129865835380737 
1592164885 
1438162062 
794659311561699328 
782912053690466304 
628698139 
20731652 
156125673 
784293443208028162 
41311951 
6480652 
1419352615 
16960439 
4635937883 
2722594750 
1019188722 
783258370409136128 
95306794 
739576860 
4568309363 
3402989824 
3953764531 
3369124757 
2182831867 
44133175 
3221092014 
929413796 
303597758 
574323098 
2825129316 
22200760 
790211745751113728 
780682490046320640 
704366887405137920 
734077157081812993 
524785196 
96059841 
196458749 
18208354 
220675687 
3325030439 
4035141 
64121613 
80173921 
713833915316834304 
2355608178 
2869053954 
779733126859726848 
3817693841 
2426026812 
9675972 
788064324032032769 
2677260234 
140352056 
4217407227 
246639380 
2154808803 
4685999960 
778475436925784064 
606772074 
89267036 
760812051371593728 
2598746202 
2162381097 
14895518 
112200995 
529561107 
2821205806 
67535820 
757902592492142593 
1571949493 
4692319634 
2737018013 
94357028 
2244306120 
1464989484 
116994659 
2263541689 
2466152923 
35061327 
14192962 
16411908 
342668651 
33071438 
302690890 
266762263 
15675258 
3189001238 
146708985 
23797083 
21872782 
1139716526 
708599308111765505 
2896833906 
495181977 
164912517 
166687093 
738762456487591937 
731193331447910400 
2348954618 
36101861 
42297476 
48742379 
758767712604684288 
83513132 
2693657023 
3304913886 
18085992 
785878050462244868 
21389314 
1375202778 
801284982 
718273846378369025 
2349134814 
721458452728455169 
1967789168 
3107442899 
134216444 
448476934 
66531487 
19191534 
2831805430 
20058287 
1198419673 
1671556776 
702900732 
731230965700251648 
1168142838 
4217028699 
226704761 
1367233044 
3283599456 
226301883 
363323483 
75890868 
778961269432918016 
116388998 
2227537532 
3329579891 
394413097 
2303199865 
86292162 
1379316914 
3687583396 
3903137779 
33343245 
3224605346 
2888194308 
1304213498 
874743410 
15145016 
771331005198327809 
1472835720 
735602559004483584 
24934632 
729124011511193600 
194051695 
1948250408 
742216875598192640 
3259350240 
45115534 
634852045 
1470518100 
846674270 
19647226 
773998349687066624 
899397444 
125324204 
419927046 
624048317 
148794129 
2683825250 
755886415863504896 
736530281432272896 
753052406636621825 
1385861262 
1628208204 
212463932 
58523743 
326826569 
20656284 
1105763720 
42714067 
31328814 
1146358332 
321698644 
3355065766 
29561202 
2999439357 
1655442620 
751374728 
723476098017857537 
762657729072795648 
158403296 
110431037 
3380852615 
606641217 
815680 
3380961148 
19685455 
91194286 
190030960 
29506821 
1396343604 
53659082 
2762408847 
2355732304 
742650500236075009 
3189582296 
509793099 
2590820124 
773066761574965248 
16106584 
704000591488540673 
2674176914 
4419407355 
2904572142 
2833952793 
3266258420 
2446027938 
2398262321 
2901995989 
3678980057 
773519195007021057 
473058057 
93604170 
776983919287754752 
197643894 
3421236911 
927428066 
2445211279 
14879825 
983713184 
78767466 
2488792662 
2895995438 
4902119238 
225415354 
882545322 
2943032537 
763836668617031680 
3207390207 
188444270 
107390811 
475093864 
1901000280 
702993358705135616 
777856225891459072 
276049365 
23297570 
778992451650543617 
2293573075 
1132461 
4203053233 
3065876356 
18586156 
1020395028 
2363228893 
2797948887 
703278415 
36908995 
113485898 
217104548 
540905161 
366014586 
2312290225 
1360931700 
205330408 
419306339 
2978671036 
80059140 
458974820 
298293085 
255545898 
262853831 
2784159969 
451236001 
322896990 
2482427622 
385072666 
60710638 
243802415 
2233288122 
1732472689 
714247012892459008 
600311012 
79284696 
3368064994 
366533843 
1477987111 
2215248510 
2725905922 
16090559 
37989702 
383289779 
14914631 
1892943842 
1734054396 
33773592 
318074926 
3156740924 
163397901 
2267411 
2523671059 
1198846934 
2974710532 
2398771466 
121790928 
745986253930307584 
1618662595 
763725540046073856 
3028280153 
3044564679 
737470720616194049 
327027592 
410945436 
191557715 
15526913 
964761966 
397537502 
757501771 
2823159899 
93383829 
774634993758904321 
2148009361 
824816599 
48372967 
704933158064693248 
2307527102 
550804016 
484913037 
2856174199 
465923932 
870477290 
1960865948 
2586040044 
768378134555140096 
511056699 
417544907 
2578548992 
1641346604 
267911290 
731927812513243136 
2974161567 
126270536 
3150945592 
17355563 
229071355 
798056173 
771359742556078080 
3996850865 
776953123 
954042103 
187240774 
766251002785849345 
24521433 
4909620015 
433857875 
723450591599448064 
4703759431 
768832213504884736 
772131308 
2833742555 
769602959848144901 
720632954666377216 
537812209 
749167881200529408 
347533629 
1281983022 
16267655 
983087966 
490535856 
2459479083 
725085496116912129 
733761616941076480 
97883819 
871766546 
1173623155 
771144922737020929 
727907116707516417 
334620499 
3091727146 
78271006 
771051321780736000 
2587477463 
1562642179 
711161389369446400 
560963026 
766208908532867072 
134533291 
2798873679 
3235437439 
39910969 
2914449365 
129653547 
51425482 
153726491 
2993657686 
753816652773371904 
19911204 
2716516619 
207070869 
582914453 
1481032405 
1892801449 
60846814 
129540152 
703260518820159488 
933982782 
95680758 
2745226392 
2532272630 
273122333 
769154593771192321 
734817138049986560 
768466746885931008 
3417953188 
2561449134 
349389287 
2679633092 
106381684 
3246808006 
120371237 
295365474 
823133599 
765758430476963841 
4809886943 
92144604 
102087933 
277580705 
3329598297 
1070119118 
109895940 
2587878488 
3472823242 
248402658 
2841795280 
2461845229 
753545149582639105 
1571291832 
11342242 
4300035617 
3382607938 
706133272569507845 
625534459 
4524510263 
13992132 
755123149281325056 
746483203716714500 
827721420 
2733001508 
1337292181 
28979793 
2850381365 
4063060595 
2369344598 
32205645 
1340658163 
434214221 
164008956 
2175251041 
2313056856 
2537867839 
2292797178 
147184030 
436061363 
2905828315 
217584883 
1694782680 
3063588198 
20446182 
4376908407 
4828240147 
749658221866983424 
764336933593976832 
2221323534 
728290080733933568 
2591695369 
4427317173 
540426955 
2949605693 
102397497 
298096845 
222154934 
205388363 
594869460 
49806445 
3108361252 
138467540 
141729637 
4921336084 
630133523 
2894472137 
3110811832 
2325933786 
2775639769 
325224753 
2911147764 
17108112 
2378717100 
465192802 
395022650 
1935925548 
732759469508071424 
1645696237 
3021550013 
209052707 
983341555 
2801993530 
3427289777 
637136238 
1412148031 
4836527590 
2910999702 
760438895494492160 
761100494529925120 
753586953199640576 
761306271219798016 
124159546 
3214724027 
2498880133 
2809041852 
170979040 
898012436 
709082105498705921 
720319322 
325075333 
77907514 
2805628165 
304392714 
130499946 
242155735 
3263566652 
221568800 
1359366918 
14501831 
705405752756867073 
1355366845 
3431374869 
230508595 
15327891 
2927239577 
759536419270488064 
704258769392422912 
289859486 
3429421661 
1077181999 
723062362027106304 
3057887318 
2827514410 
14473077 
3267380959 
3220936987 
278073689 
2479643306 
755601243825766400 
757192611568300032 
529249015 
756182495733743616 
3192923186 
755813962793484288 
3433576708 
307123217 
73626367 
1307122824 
19520658 
919846172 
1467644707 
357816281 
11461532 
146366133 
2973453269 
3925663337 
752704097241870337 
3700042756 
2579567365 
2855350344 
1264970826 
209176493 
2425489573 
1299790434 
903781519 
181366226 
28376011 
523480048 
3588113172 
280017958 
38838304 
2805923690 
30649030 
1327886654 
728301019734654976 
129106765 
2485825584 
751182401749954560 
752294446679486464 
1551101437 
718760889298587648 
2275883743 
742788191233576960 
449914732 
1513709269 
4823272548 
41101340 
983642814 
431118510 
36035935 
906158480 
553849687 
2893393803 
2785663088 
4928703976 
3765479422 
4243638681 
282710228 
731764093833629700 
22029553 
2737465695 
614564748 
1495710409 
384447226 
28081404 
66683145 
40739019 
4780982729 
2590259335 
257119149 
3323092205 
19863141 
269525415 
606451488 
275750048 
89337224 
44883983 
346660358 
117438690 
18217021 
866877450 
736311670683926528 
972249961 
718349216540672001 
3340923904 
789301627 
257232251 
3224784994 
65045121 
34732474 
748320164282720257 
351852145 
53157695 
3318299346 
3222853348 
34068316 
248294290 
19697415 
3268436328 
114813714 
47611442 
23803447 
27332099 
322649566 
362973509 
3138158856 
2625684244 
3841411222 
3936302835 
1283959477 
4870040411 
2999294063 
280976008 
3094904243 
1970191052 
711285617728966656 
2732842816 
227409825 
3239377142 
907309195 
833082313 
579091796 
7954662 
2693988320 
540573561 
2925294785 
1154150180 
2185158324 
14884555 
2887286395 
1325304444 
2823584339 
3396415473 
18396070 
1523671802 
962848782 
2374190808 
585551104 
76981621 
2477038759 
1109674706 
2782130257 
2668359810 
1364296105 
2772323634 
2318307013 
2429315286 
708758235306713091 
2870992104 
1097898625 
2317134145 
708020319764750338 
715915344733310976 
81859985 
3369451198 
737286416372207616 
705511879540494337 
70655558 
4026024082 
2828796622 
90076307 
259224297 
2931625980 
1261637024 
1340395070 
1875527335 
2405135556 
3008713792 
715107708551213057 
741270407311826944 
2270467808 
512718393 
23352131 
342517027 
1183282267 
1827716689 
486022878 
1452797940 
348388285 
763563811 
2830022213 
2901996996 
3232924232 
728148187186241538 
48979019 
706645349239095296 
2418230672 
1075331623 
127539787 
2889222323 
3383942308 
352515640 
2483070960 
4395074957 
615960562 
245581856 
39329288 
73355253 
26145339 
48756135 
4848608243 
722376904272011264 
3068102765 
814824506 
1183041 
3178145446 
1323330230 
50392479 
1480191648 
3356500029 
2416620920 
143765578 
2873389317 
1181010673 
21743590 
3697459697 
2993005518 
144975997 
236505227 
2911990989 
72834607 
178298429 
1961106890 
584677579 
189100457 
725080373135331328 
2224550306 
232304758 
502126686 
730499123086921728 
461224661 
22419487 
117931781 
703215793136386048 
2652192337 
550342513 
1595561010 
16345878 
531645292 
587736011 
3376257545 
2971849781 
3323628129 
735205027166453760 
4089078076 
3390618059 
708254248828534784 
734059989707427840 
127178830 
96802831 
4843164676 
291755521 
3042302390 
728313190010867713 
733229038123110400 
622475030 
4518947594 
3277553233 
712915056778944517 
725019562421436416 
26794596 
539573397 
1228325660 
3013636888 
850144879 
251181106 
15125585 
4834165595 
1386415584 
188971955 
97329341 
484415967 
2282279023 
730619766583353346 
722089408598396928 
3948479302 
17059866 
18924332 
3882301937 
727674125636935680 
18131650 
3066408565 
3834912673 
2440040641 
104897050 
769043400 
115647341 
728121149591162881 
59183399 
52000847 
2533303844 
362391189 
702771084156731394 
3383427881 
186762848 
2239757317 
17410243 
4271460027 
315954300 
3974559335 
4560569361 
540150580 
294390298 
236514009 
1098989498 
2952576733 
3428592737 
36385158 
829026120 
456348582 
35399058 
395355737 
19984919 
100366610 
2994002348 
17808665 
2150071304 
4680557850 
3238993858 
376810460 
1423547953 
4224599536 
3647519053 
3471643024 
568249698 
2899876894 
129843174 
25411122 
2319375978 
3589949716 
1061623501 
3086164933 
4849778295 
435997757 
43293623 
3305657411 
721559784 
20156224 
4832440823 
95523185 
2183385571 
766492651 
707626068 
30588028 
244618237 
2872278509 
147078588 
4261490536 
439968830 
2945453727 
3865631412 
1691821376 
16102671 
398938131 
3917343689 
2976859817 
721921189535289344 
25916739 
283592330 
924271236 
1356357259 
1155653510 
707320403253796864 
3073214237 
36452048 
389006490 
2905347827 
54720880 
2987147081 
2547007573 
2333587706 
2163207619 
180306677 
14414230 
253114253 
3226551510 
1011089936 
2798678043 
2951719101 
1684230956 
1378590138 
2235067650 
592144131 
16970490 
737575525 
2644902171 
3289275815 
6312272 
995075942 
162610681 
1481866783 
1374425162 
722109027640020994 
704814349 
722038699844734976 
719663414767960064 
164236961 
4927870467 
3152148156 
2704857546 
2518596950 
4053732263 
1413436777 
18334049 
1645072988 
275534781 
3728063834 
2857031384 
3719241981 
706265599702233089 
1477312464 
20972274 
173881525 
611278121 
287308021 
40385166 
1391657142 
19647952 
842400158 
1558045872 
20098015 
705828186630852608 
22231496 
1016613097 
2289993348 
15397609 
309604164 
43566027 
3243356006 
3843445574 
2305637239 
3795281 
4871077946 
4306997654 
2537428388 
3011929642 
3308427048 
3058881006 
4010482173 
17574764 
4832129196 
6363002 
15237501 
55356886 
102032113 
63951334 
15037669 
2311874364 
173740053 
33553702 
14690001 
15738599 
2330301331 
2775268210 
2371310198 
4923819489 
140951152 
803371213 
3299796214 
21137002 
18019105 
3345650573 
124600462 
2950535441 
16101082 
7724532 
711665304531824640 
59543966 
20794819 
263236237 
14757999 
193483797 
2763264732 
3243492486 
467085191 
416618254 
1629970141 
3233503258 
2608832424 
2252642910 
911563122 
90602467 
3939721109 
1315773684 
1578766068 
363010394 
2866801444 
1603141362 
102019392 
108745875 
27988038 
103925618 
255437490 
714196649065598976 
204890149 
18723666 
302599996 
104633406 
1148169846 
199276933 
3226303103 
613797348 
901668331 
4789065184 
3168247662 
559799828 
3238448948 
3310967752 
26858764 
3004926939 
714780053 
3147320535 
2887832127 
3289960457 
703973559320879104 
2822923440 
3403221568 
710121759912161280 
45621391 
3156529819 
3029307268 
3312185841 
632846306 
914505385 
2851559087 
95316081 
712238248106598400 
600922462 
31128730 
4200716788 
927986246 
90236179 
707161285562114048 
3072094782 
320268880 
3246881363 
4657915588 
4915417077 
2282292852 
85136701 
32258290 
157989839 
256212316 
1346487595 
110059863 
3654847993 
67780468 
126519853 
2590493408 
3186676451 
385078582 
1604444052 
1426496162 
2399066479 
32232539 
634613460 
15357521 
206275396 
1133854478 
60142387 
480394101 
3376657599 
2371115418 
2999819615 
211286979 
3673629314 
952354898 
3280294873 
1585217749 
772780843 
702210331809075200 
1532767034 
3009276778 
3282975180 
327120324 
1411767811 
4333874075 
1652975983 
152371113 
241265649 
2191095179 
26715471 
468155857 
32449768 
2208259747 
1544016012 
700432586720595969 
28880671 
14153806 
705839580835147776 
90412433 
2879825452 
1189995822 
912077304 
51045042 
2148061363 
787955930 
615148739 
3188826024 
4887535545 
4100476217 
18819380 
234309722 
3302048254 
14517537 
282014422 
453483191 
2901611953 
703559772675510272 
3300747363 
2800046647 
2967819999 
59033037 
92335718 
344768154 
811272774 
213274256 
18713314 
18671559 
3687721995 
2347867883 
4058480832 
3914772492 
749619139 
179215381 
297398929 
1370684718 
702704745 
61731318 
1334883864 
566226913 
2383485569 
4776695254 
320316891 
1969299078 
600664429 
3773430378 
31686241 
353324120 
31445982 
2215453235 
870006162 
93479388 
27244523 
4779815412 
381259161 
281510558 
175464033 
2558050878 
89316295 
774236630 
924112741 
19843630 
1666099686 
2544102668 
3125154047 
694658012724748288 
2327909557 
110724497 
1325951616 
4252668741 
2936443848 
1672923102 
1448709577 
248890039 
599631411 
3845261189 
2864057775 
14936575 
2501833320 
897317095 
195174942 
83366359 
1300137344 
3070339850 
2313775850 
326513233 
617784032 
52954562 
72687414 
875383045 
1524366572 
32378628 
23506092 
4827577245 
3190122504 
234527654 
3115915388 
913628334 
3244396765 
3189451747 
2516418480 
4862723884 
15831521 
2330396425 
2313867102 
2736396242 
375297468 
2688531696 
47285504 
196618926 
3337423847 
909900810 
4372992622 
597213953 
452100948 
519965673 
4633198937 
199444983 
1595414648 
390626775 
3158351586 
274063094 
1150434996 
913859462 
2982688325 
2278249724 
2327417043 
2213393515 
16486812 
376509542 
2910722481 
2335142808 
3034656792 
710929956 
106542818 
826053468 
2995646357 
2960609109 
2857480619 
2759095160 
256890208 
61367340 
1343132275 
4795913713 
3798140058 
3311066419 
3186124933 
3695162656 
3308448954 
47344197 
611720792 
2301725318 
902346499 
2214142788 
1615943684 
4808478762 
168793722 
2388484242 
62378186 
984925861 
410615804 
548655837 
271537440 
916957915 
228120176 
2858606553 
272569363 
745487371 
119388975 
3591945263 
3063808059 
2191246550 
609207695 
3208428959 
1446322814 
17054817 
1219521733 
23814999 
1186847701 
4858329351 
122034707 
7334022 
4736719694 
3325527785 
1708117382 
3730219515 
2953652225 
2529284412 
2332495910 
4852922163 
453501256 
156362523 
1297122380 
4028909776 
4787602106 
3310136011 
3007139824 
2399356466 
2634523877 
1341233137 
35418170 
2581556744 
1902897996 
2781313272 
2238040268 
72617655 
118191162 
159124769 
512390709 
1967447046 
1657726344 
832936244 
1510992662 
499396922 
118361246 
841671175 
88621782 
395195718 
770230812 
5907272 
824000078 
19644934 
125972527 
1060545835 
2736453385 
728352151 
46045838 
631621576 
2411283722 
4761392658 
846149982 
1141540364 
1096492201 
4822035183 
2875856896 
88185191 
1648009500 
4227110652 
4689372030 
804329083 
3609949093 
2368322436 
41358714 
3077486277 
2842793728 
1329863563 
2610596330 
2386204954 
4776113727 
3872136125 
249410049 
635604011 
106170894 
22270118 
424691485 
4531635201 
14287834 
581012668 
8923182 
393413518 
2354642389 
39254589 
13467372 
3774247457 
47163211 
108656502 
143086518 
2310797532 
294131696 
2586344378 
2704031966 
1606396170 
21056084 
2370520896 
326629977 
289601740 
296169574 
2826749071 
1369926764 
2345236831 
2904031233 
1069126374 
132843297 
162076153 
74287341 
2861223577 
3262309601 
80913814 
20458261 
198584761 
2686796508 
20386629 
2313624324 
4075802015 
3947774999 
250281839 
1938128660 
1386149533 
2280115880 
14709302 
2270776861 
1851517538 
2472576967 
318485472 
4480485981 
262422365 
2550725251 
3392244173 
4343319254 
3277172304 
1006935121 
187763403 
3372238852 
33162358 
1024971830 
224028123 
3485597543 
100255844 
389529702 
636216638 
538098578 
42934200 
278135366 
379813052 
40432691 
253162029 
1049006023 
337773036 
555452484 
2279375461 
2174732947 
74635236 
567335368 
2910350817 
102417054 
1920165858 
146810598 
3361077323 
13062172 
3956671218 
4258313146 
2913220404 
147351968 
194782878 
40824030 
4075888599 
1915336519 
360502304 
788197945 
3385459665 
262133259 
2333391162 
2565082368 
529571477 
3107789363 
24568157 
70784139 
18248148 
1287741464 
480819245 
3402909411 
38032035 
41645292 
2315361170 
84068026 
808987476 
44178535 
3384546837 
3390055271 
3367800051 
1469913643 
2305188457 
1328622408 
1145330779 
1548841759 
22597545 
18481646 
83910195 
224331457 
318514935 
1495940959 
3292101568 
915554510 
4461718528 
1977800318 
3261631 
543925082 
760772160 
401420741 
480037192 
2265933782 
313228496 
2468199924 
228324850 
2872961599 
2815827649 
2808704623 
816471540 
305966077 
2671474818 
2849296008 
80885440 
2246031618 
1520105341 
4213468589 
343203395 
236509450 
4533480619 
872343469 
3355590153 
4440816016 
3921120461 
1276583328 
34639501 
19505749 
104190367 
2174978828 
894518852 
910094054 
147734281 
452733956 
1358090378 
1169786318 
211882135 
1372497216 
2346705155 
3089141441 
2435334979 
1671505327 
2318888798 
67688478 
915864368 
2636724320 
1205810042 
2295165924 
374627781 
291531619 
1581121290 
186092483 
944013644 
222140985 
360013214 
25054528 
14611749 
2548351908 
4120490597 
99396811 
1684993824 
3733491985 
211266914 
4060510696 
16525482 
3578110396 
37832467 
3833654489 
2383847930 
1110153836 
261397265 
65048786 
2964223641 
95249670 
3888642875 
814392950 
19563103 
717725420 
3826483641 
18217638 
622762391 
4174628361 
3189709418 
3265970798 
316693830 
236530017 
3456170353 
4186836717 
4187058526 
14431421 
7759502 
3355137323 
727254918 
4179747675 
261162325 
2815199894 
1569893648 
3629607613 
817713067 
1203814418 
313360276 
337318821 
748040401 
326912460 
2375849635 
2207527682 
2954800080 
12026062 
19868934 
397948305 
207346985 
2201328306 
25266389 
15154811 
3256240549 
69063653 
58867956 
4127933719 
51046373 
276000596 
21016894 
3651519503 
16732326 
1897245313 
20813165 
1364111652 
1073805626 
90060414 
2484792326 
2375100390 
3371039878 
145867053 
18896867 
358384983 
37547775 
353139378 
303033566 
139407509 
27012251 
16291074 
219374179 
1083314617 
2456822965 
42338524 
2793043452 
2479254529 
115767017 
2313699698 
1143863730 
31686995 
713802337 
195716578 
30220862 
104762919 
3163146938 
156557697 
910574448 
4047783497 
3592513032 
476858281 
2753598977 
103017631 
2435144558 
16110819 
4028846059 
26590751 
3390825255 
3411337576 
3354335511 
2873892915 
20838936 
3684535757 
2317693147 
128900117 
2478729888 
70056149 
482426238 
43497104 
82123672 
26465671 
39718991 
225858328 
549333976 
2415182022 
3037878536 
164811233 
2601713144 
20872974 
14942684 
17006342 
36735522 
841799246 
3097728854 
18896814 
2316525762 
2423478840 
394081026 
3065589971 
1652586614 
433682977 
475232719 
872133518 
173865377 
2921262970 
2903119124 
323196738 
403007618 
2422447350 
178005626 
3294291047 
3201088725 
379499913 
14401041 
398449123 
2957478434 
31515607 
1289462797 
20516504 
3154586431 
1228324351 
1046647568 
2916305152 
260685403 
1951166706 
65292722 
2603445530 
363836944 
215453138 
3460333274 
3307114652 
1212496424 
1426850352 
866128902 
275370404 
549952862 
3295466058 
1385642702 
20448312 
2843029506 
191973996 
346591065 
208918691 
344562916 
2200677806 
2978372272 
3011754608 
162888125 
2284544814 
10039432 
17462723 
3320767796 
3285694916 
3318355567 
14239043 
3424303330 
16779600 
3044788503 
2891235607 
17604915 
176658883 
2229562808 
402224702 
104508221 
3035601706 
2802448558 
3255671017 
2303237390 
2218745125 
2999438926 
2806985873 
796398541 
32056650 
2444326938 
1949601277 
2468467194 
282202469 
2369860061 
1569180318 
425969333 
3294026870 
53560219 
24475737 
1574049330 
3353117061 
384098957 
2992506227 
3305249062 
2561407350 
1724204797 
46710576 
17938345 
2959212481 
3166937110 
15276618 
1684104037 
1076058583 
20992490 
19533817 
439170705 
605462486 
27927512 
2345408545 
1548063218 
532348518 
100583162 
30008611 
228057972 
410408786 
3062329100 
773170279 
17241004 
2198899806 
626592883 
406894029 
102232036 
3102393058 
15309072 
971392315 
77630050 
3311242761 
486533584 
166938195 
1300433790 
1531577251 
15052408 
3290587598 
2192727290 
2683828650 
99387505 
924505993 
2704352850 
2838057773 
2782485344 
2962386502 
50611084 
726399901 
49951756 
78873112 
586284452 
517885104 
292542306 
1019842800 
2420991696 
630307037 
561608343 
561372021 
2881283057 
3064891601 
16056371 
472420750 
2340543498 
32853823 
1079917939 
1205204419 
2823290849 
377554195 
2350775605 
2863459772 
2591911100 
2350189278 
381314257 
1206395552 
113069624 
869982661 
3158695989 
19409943 
2871040167 
898093159 
2357230213 
713593170 
1379461183 
1900629534 
3244454499 
3387604695 
3353501242 
28698351 
232303734 
48494794 
970800091 
149845166 
958364808 
108373657 
3197476224 
2364949140 
1431319406 
16867101 
23802035 
3064425898 
397501907 
632479435 
2743268854 
339831214 
28905570 
906248311 
20977701 
47190950 
70379707 
2164162112 
583873375 
3016150256 
2349857631 
403415303 
46389234 
246710011 
1966777524 
246710094 
3255997940 
2803811892 
2263441858 
366686296 
634391656 
3162434887 
50363443 
34398680 
2865906248 
961231092 
1395425863 
22156947 
61108354 
298780576 
105088627 
621070937 
46646278 
188791518 
3020683211 
776542693 
2363808634 
341762894 
1911131252 
2246346446 
3172311994 
177316454 
2279403330 
3070138385 
2371965618 
3044602979 
3253082966 
1252618880 
2383832209 
3118774398 
252784975 
1123765429 
1179265111 
3223736635 
10328012 
17978963 
189209349 
1430729239 
2838359432 
67742770 
824673080 
2910768862 
3066097336 
3273998647 
2411992226 
533762537 
3342568744 
1565839604 
243819977 
198738534 
101792020 
772565076 
849999588 
1296743910 
2865760400 
2345911615 
2398356840 
2899008055 
17180328 
220393801 
937276627 
151837051 
2435499030 
2894327926 
52562459 
58437399 
1098266563 
3044632774 
153956746 
1067130523 
172503039 
49108112 
33852202 
3266928769 
1607765402 
1642371446 
150996383 
3334332021 
2322024978 
3241628945 
18055737 
1369363770 
16694719 
838268622 
506606176 
464859542 
314158631 
899069378 
13962772 
42765016 
2999815327 
19088400 
616689091 
2962205353 
108070062 
20453084 
2422580096 
485880944 
2944953687 
544210150 
18588537 
143209430 
181298647 
14714231 
2197365898 
88978022 
202622656 
396276054 
2885012572 
25982688 
351401071 
2177663010 
1291199636 
1304259158 
196829100 
2830428420 
1536225968 
302769804 
1843791936 
3192827780 
15188770 
65452636 
355904710 
2994326138 
298117662 
14829396 
28406270 
2849588205 
3145596018 
525307378 
1094540586 
203340868 
241787677 
15713184 
48841776 
119952385 
290033206 
36742248 
589782363 
228462861 
453347031 
835499132 
2314668625 
265260144 
166929876 
14448779 
184866757 
531150063 
18809480 
166495192 
376530707 
167540949 
3150958306 
221076424 
844020306 
3319173897 
751852094 
407476898 
169273650 
2815412679 
2315977214 
334492477 
398284189 
12135892 
26888398 
14587468 
2309937871 
3129521259 
2546345466 
255597943 
180133563 
1177201148 
3101015701 
860350741 
1917724238 
2977605953 
969198162 
283160263 
208073809 
2462128068 
2248353569 
14940354 
14277071 
35821850 
233038250 
240507500 
2782892072 
104269711 
91676638 
98844505 
3041892654 
377403451 
17979038 
245609252 
2690114604 
1577609436 
22772169 
2997396564 
3027165221 
1729866499 
2869124520 
3240879006 
731360706 
19469974 
21099562 
21389743 
407315237 
259074538 
2860505813 
14987172 
920676937 
3220848313 
15140874 
8139822 
3200410964 
42861755 
19135993 
242481180 
25916465 
473281149 
1530096648 
1306980163 
19540529 
32507664 
748691154 
3091646685 
2802140140 
2270102616 
107732516 
596468339 
1504279734 
2168459394 
2305283844 
1443559748 
2827150593 
2436958206 
3317529809 
2350808685 
599694981 
2474498822 
3006033361 
1043626411 
2813560795 
2799569577 
225096034 
60354798 
446591215 
73366432 
413365137 
2980692716 
24396170 
3126403725 
987748351 
14118220 
2573045588 
251312236 
62051837 
2361381001 
325609828 
326145154 
1063076700 
1604909490 
950987353 
1108612260 
224495471 
1241258612 
2436874962 
1596904369 
161828969 
47966328 
1734765889 
16188864 
40865997 
1253867461 
152276996 
213856441 
14212227 
141166530 
281955965 
421387916 
3013510755 
2756283128 
2194880713 
67869826 
947991674 
276259528 
44903491 
83424009 
2164851697 
117783940 
814589791 
80971628 
3187877016 
843430015 
825314196 
3297449200 
3290815113 
3246347998 
3291688246 
2892168202 
2287115144 
976857223 
1526646114 
3246631444 
25472797 
24524990 
2978044529 
872059213 
2300627923 
1349176500 
453593698 
3013703820 
309126590 
17791015 
14145626 
14134254 
57625403 
3194584159 
48492797 
588421923 
48704028 
1226814872 
1135011900 
1592823690 
1286292452 
72656907 
1430912257 
930231571 
2675109888 
2977580734 
55498202 
60154586 
520379878 
2997937355 
2691415527 
3131191439 
309062304 
503279480 
467960622 
21439133 
1273287840 
590332483 
16895890 
1924858076 
985907936 
1418486006 
1575952254 
27415349 
25669608 
125302120 
6549332 
2317761134 
59941327 
158879014 
392311626 
2975806130 
456109958 
18167651 
379130987 
111379047 
264010414 
869685230 
22814195 
1127506958 
276563540 
611097187 
111629622 
1328771834 
400142819 
1548274490 
1268982752 
1667183557 
1683580675 
383565370 
3202312903 
518112962 
2542100754 
2841514481 
216547608 
3245121256 
783704149 
2872347382 
1574470142 
250361112 
1333892864 
151720344 
241120600 
471565686 
2736511861 
513452486 
407800694 
309685990 
802368444 
1289263501 
2835716677 
2363506767 
221834911 
238255722 
397655438 
13875842 
21595505 
404442001 
2846761457 
769846736 
25298532 
255769626 
342141066 
582677848 
1410885126 
3022586031 
22752860 
154858732 
3089367920 
940832767 
30697038 
107663858 
72012794 
1654244850 
179214664 
402817483 
158482123 
56778928 
2958990698 
19541040 
16025958 
38798614 
22406853 
2336098276 
769937094 
1448876090 
25480942 
2320346160 
2324319528 
824516119 
497350381 
5644062 
1435906951 
14447852 
235322323 
3015541576 
2450666744 
2302334690 
2640242604 
42886079 
229045433 
531901060 
241578594 
1289021750 
1577195011 
524655005 
956421763 
3002568294 
1160746350 
6198292 
181973595 
488464729 
3070250543 
16959316 
3111445661 
132133971 
2555883762 
541319730 
9235952 
2459838601 
1154767956 
2829150121 
2413640736 
2961076857 
2759000281 
192659552 
3130326569 
2848931345 
2926927653 
2743134015 
530980768 
30364057 
188954079 
3014049035 
3017428435 
2821417461 
367931721 
3065785040 
46831994 
525886770 
2361413906 
2283370375 
3147434469 
106516916 
1449807884 
2976436354 
332957300 
2287088834 
1879760742 
1872387998 
365438535 
506920018 
3166276870 
75301729 
223953813 
3083733095 
2476987891 
1544367750 
1833743900 
277114545 
15081182 
1872413551 
52659729 
3140914774 
597731780 
2811381421 
2980350507 
476980356 
3099613624 
250086045 
3105365294 
190645655 
46393091 
399150865 
389062210 
388503174 
349297133 
8711912 
1864525388 
2835396726 
2841884049 
16681111 
48165616 
187518287 
2641110104 
2358564301 
22953841 
2446362566 
17553095 
2745835322 
19647441 
2684366938 
3092246435 
324914739 
3063987346 
2483897708 
1227600794 
164945916 
1511952336 
999293378 
1195528902 
2882277423 
1469414054 
2841998266 
442866144 
2905618032 
513584690 
2154178398 
3027709306 
870870170 
2695069188 
52043521 
239050939 
3065266790 
130926168 
3016988745 
1517583860 
3064968154 
41582030 
3002745737 
578634300 
188333759 
15248524 
2543101286 
43002582 
61872472 
2519082305 
1121321774 
29292195 
458396362 
764889044 
2868218273 
38332618 
36124348 
2783160078 
1000734678 
17518775 
239885144 
3072976941 
2338578973 
186927500 
5551272 
32459604 
1174012429 
49738651 
588795991 
960385638 
15496407 
2805889842 
1028202966 
1585587896 
3030403905 
42262949 
842219767 
20612936 
44327659 
2739061191 
804470538 
577195140 
69710893 
1651003832 
2916229522 
1583573317 
123946100 
3046903375 
2811503196 
295391903 
2919772936 
168508631 
110031075 
2245288534 
2878501992 
2923139699 
415075929 
953540744 
378259736 
1260332023 
262956113 
2699223822 
14850190 
965520913 
856833596 
3041756424 
595982444 
101762451 
234094005 
1562709828 
989060790 
2735132878 
80388644 
521724918 
108579430 
375235135 
17513759 
827012826 
20342350 
250127187 
753137822 
310917929 
1619165023 
2800300097 
2576348216 
273120131 
50219804 
934048699 
949901322 
16031984 
2975453679 
16994966 
500544686 
381307248 
18171524 
206904492 
842669612 
227606087 
2276074723 
276425677 
389359161 
1700471420 
575253769 
401230816 
1228453171 
360488923 
183638843 
14163571 
304091781 
873624260 
1202027209 
283707885 
259871223 
283185031 
174221288 
269354102 
228774651 
17210203 
2866533605 
43516905 
274859783 
1369743492 
6580122 
18676162 
14792079 
7348612 
20715956 
18198603 
2803534123 
2793617079 
2348101724 
409747405 
2572633657 
1513329109 
733384837 
2348129052 
2381380914 
592358235 
1561646785 
1873775000 
1199351288 
289764637 
273885352 
395250420 
1731731587 
122493018 
622310080 
105565448 
2440759519 
213423547 
38602059 
93508840 
66310396 
2872657674 
2464659061 
524399146 
2690896417 
2964600069 
2912658953 
2331758522 
14879942 
912587275 
2395309999 
384986958 
198771331 
3001986177 
2357596897 
1624745281 
2976239757 
2989458743 
521509156 
730941150 
1879923480 
308260665 
29240390 
2728176068 
232840532 
98470340 
2745084999 
1723517599 
39559431 
1870144128 
2159258624 
2262466525 
2979611021 
2282724396 
62230749 
19646605 
19200445 
2589973279 
101473512 
118821644 
2434907336 
143761668 
56583392 
2324788620 
2726694792 
2771894656 
2767552191 
265122237 
19593184 
2327927082 
2205678421 
6598362 
2950361745 
358470921 
419242782 
701091818 
700078347 
9550352 
2987314989 
389119543 
2887301980 
2990181772 
1648405356 
2577247506 
501405753 
2857599436 
338110900 
91698734 
730426560 
23365188 
1069418820 
1286043570 
20956102 
1405966890 
2350957986 
104489671 
1573846778 
249110382 
776418014 
835104433 
73206294 
2283544015 
25661016 
2845776454 
2615335021 
1708744208 
2769843463 
403116484 
2645602164 
2164666838 
25345230 
52689387 
58869522 
881369844 
1494206268 
89859520 
390262819 
171617558 
30974159 
21441341 
2650617704 
771041678 
11757522 
380403345 
613714658 
138025237 
2835056802 
392987060 
2239712622 
173454257 
388058188 
44930873 
87902547 
2907852322 
566417788 
21517586 
587437673 
104173962 
1073328674 
2832060565 
234554864 
1324659498 
2310812594 
1520065044 
1326773444 
2216180100 
235246237 
2158287920 
2814360613 
1202793056 
479380573 
2703302716 
391087559 
15203186 
2889615095 
396968080 
2409636853 
497870019 
2871577261 
1897606657 
579398743 
1259906760 
754107930 
791999706 
210528259 
2790274099 
19970375 
31427662 
2804196698 
499970463 
81670220 
149071877 
64454976 
80533338 
533675092 
145397783 
31632468 
250171815 
2890802449 
20707149 
253005713 
1685202325 
115010550 
811389079 
24031859 
1212077382 
100979422 
2507865131 
2270632056 
1411589604 
284338456 
280354655 
141631649 
1247331740 
305385331 
2331144506 
2902254367 
633514033 
2331416060 
1662861522 
589486923 
2613545972 
100188103 
1969346438 
741397879 
592029863 
550390041 
134719060 
2829302898 
328622509 
1025287742 
2899433971 
855381570 
2462060442 
18717620 
31683794 
49042836 
1087495879 
2903470928 
60650034 
450975550 
618442805 
904623444 
21369740 
18409405 
396077169 
1758171 
15521075 
1868925908 
1891806212 
507048080 
248119301 
2253798540 
24264552 
125305134 
54389468 
485674566 
233278341 
41558369 
19370355 
389389931 
18782109 
63207159 
71556540 
2877800686 
248557341 
604880882 
2865493959 
2151352796 
61143603 
1098157627 
217005773 
856350733 
322550592 
740302033 
2881236430 
2889037989 
616171439 
2400256472 
2377958781 
2884048060 
426080991 
382945026 
1509936680 
302147399 
965912826 
742798658 
138477253 
1870227042 
410232198 
201783046 
198775697 
230602419 
389146016 
24910676 
1736490572 
17517485 
373014585 
2699500634 
1234835689 
1234627657 
1284757448 
623451194 
2812985371 
795001002 
1727466480 
247264615 
1730982649 
2452815753 
461691604 
29843060 
860391206 
257329870 
1573697186 
894853351 
274030623 
151725204 
566259442 
2846446788 
2819658904 
2595260136 
2247581311 
1457880319 
2687999594 
2844569713 
617429146 
1339659644 
1949689806 
2299905499 
1074708625 
994511898 
2865496997 
309833688 
208442526 
1689062472 
1895019607 
25039548 
1510823238 
1680944431 
2186515677 
2675298318 
21059342 
2584476295 
399537423 
50203667 
370763425 
2685323576 
407885505 
1058076649 
1133157248 
2673873422 
2518212522 
1849772040 
77220986 
76979926 
363399297 
280748468 
2863880869 
2281924184 
353598511 
387083690 
41143924 
2853475024 
1090311026 
1874504786 
421581745 
147511202 
285757033 
110061796 
2249757488 
2772188438 
23849171 
2156007288 
430143424 
1655594318 
1067370798 
1161618463 
2597653111 
1302093379 
2153940236 
2794311806 
526694090 
1383218460 
1344715644 
564750373 
739855488 
50035981 
267666014 
2860532260 
290460975 
161485553 
2699106943 
50578347 
307446834 
2797710909 
59969051 
86246052 
1643214841 
103240343 
1113439933 
18500628 
1729748509 
2678011634 
469291246 
1338950797 
2244738212 
269752330 
2176072198 
2881384261 
248003334 
1314835885 
454527483 
1227997262 
2358302612 
108852024 
377599520 
894203846 
467616773 
618288313 
2864117520 
842930455 
392355134 
2708598331 
1719628118 
27459734 
2201955277 
288809708 
21116456 
31999456 
532881359 
2321283510 
33972693 
1636987508 
324651381 
274642882 
2201685893 
601543254 
628812162 
44570946 
70781559 
2840770264 
2866986824 
961551055 
2473814148 
2749074904 
17947877 
37266225 
740572189 
170162075 
14601313 
1834740025 
948104532 
2214494240 
1291874383 
491472800 
606323664 
100047303 
538778092 
2344211519 
90541262 
98303365 
900201493 
272048890 
20745130 
2343416180 
1407307502 
51754277 
281355090 
2853639446 
855899102 
331603112 
1225200158 
14165038 
555744102 
555924568 
2789694031 
2253593935 
1049648065 
2828658528 
588690706 
2818111944 
2678410249 
54811393 
555601363 
2729939253 
26319140 
1103376337 
1028376642 
950644640 
299724001 
2363624352 
44562973 
1375035320 
2341135592 
633173 
128876105 
223935062 
24719390 
1855011 
58563548 
30404308 
612541739 
1176718992 
920925912 
1438490298 
285530973 
72407872 
6476742 
2543360305 
2200305589 
2484928087 
964744488 
10350 
29788092 
6698022 
393020169 
2442788502 
14645160 
277470660 
2789026619 
2761450992 
24141218 
1112357712 
2781125503 
217466600 
533761522 
133355434 
1333256972 
502597604 
31023370 
48388501 
25728193 
17690747 
2565746143 
1058831 
35323643 
392289729 
44230915 
2617536378 
110258625 
104524350 
1684105712 
779130031 
1419037717 
258146125 
2497161146 
2340894198 
14220205 
553046388 
52053878 
298031144 
1568476812 
2176302494 
2769724509 
289184001 
2326344802 
271331718 
1564412287 
203530201 
36333109 
152722527 
17042078 
182839127 
817069381 
56179493 
83237493 
2437502443 
2685321727 
829772340 
550740195 
18980276 
2695890457 
23034673 
364988422 
118084359 
2454074113 
7215512 
25983346 
1859892576 
184916257 
1554084318 
2203509619 
584072687 
14580192 
439872623 
2774285112 
226992258 
2511450098 
2296809692 
440985828 
2601493933 
937713890 
20649406 
1286475421 
2544598020 
2753003748 
248316297 
34032998 
1345431510 
1349787607 
19765135 
2343214374 
2305195022 
26376346 
76337854 
1949752500 
2381269967 
2413201746 
175258050 
38828294 
2735755723 
548145498 
29130603 
51027987 
326651332 
972255098 
23067226 
44274457 
243867407 
2710674554 
402020388 
299307893 
2702329087 
69195321 
38817415 
1495880371 
2468045881 
14681605 
1714038282 
1584202650 
276224295 
23546560 
272931538 
2205779137 
2671860757 
2577500251 
1909144214 
270149973 
18824066 
16158653 
258870463 
333325020 
2657374278 
14713705 
2580789216 
2677803649 
404829917 
2482911169 
2186051495 
298462281 
26074603 
222168477 
79570653 
14323791 
78717962 
194871638 
211754834 
835810082 
473866723 
31354207 
38581521 
142673788 
47966649 
1248768439 
627292749 
37903950 
773451331 
2594656310 
538935779 
469490715 
14612263 
2557165123 
557240269 
251100548 
622427154 
1653990368 
510282712 
57026291 
2545575216 
1347632197 
80915363 
40923810 
488929910 
34311257 
2602350786 
1325648448 
528404643 
40997767 
583922853 
20950239 
111615811 
24764773 
48542316 
234780903 
18817703 
1955262325 
2273549300 
176823024 
14628162 
842175012 
2423981226 
18967064 
69562696 
226775796 
237845487 
602317143 
104969057 
1277244036 
1892341062 
493629084 
796060100 
353899778 
408192725 
21579696 
351631927 
847628918 
306343271 
2548679048 
1288302542 
2193396625 
14746356 
625070495 
329064561 
485814573 
25786620 
19443411 
2563758630 
51898721 
581655771 
75427732 
239621529 
237854084 
2467795560 
2517897888 
500921738 
2435789185 
1250682007 
2366297466 
37589355 
20521025 
19584908 
16042396 
1938608077 
26880719 
248403329 
1944553351 
995045323 
43089660 
47993418 
234198704 
15907364 
20993632 
460927732 
87501034 
904800793 
496393900 
219702063 
780373280 
2356642206 
2235182401 
2238075110 
550317493 
15107301 
1673396222 
72337845 
2432088217 
744495986 
289254369 
65414325 
224759504 
2459227015 
276736172 
2494011762 
547168599 
53892341 
48317901 
2413216260 
2253962921 
21576964 
54979788 
2532104800 
2342817746 
2192592792 
2345211680 
296230086 
14277633 
1922700830 
89167177 
484416898 
581798418 
1205869861 
364508423 
2307583382 
278694373 
564259157 
761527314 
2440163671 
246097272 
153170218 
16404772 
625964220 
1352897346 
2432222126 
2195838680 
1303145108 
364432130 
871698506 
1399640347 
21301376 
577593904 
7564512 
79199981 
2414832276 
1727942791 
141673009 
47142979 
2415178111 
1370512346 
2340481903 
2280666036 
307220440 
556149771 
5783222 
2225566590 
1469896718 
411076507 
1968503222 
72814308 
222302211 
2259115196 
21099301 
60817380 
1871895271 
1830387565 
1433498906 
501477395 
274754192 
1315718658 
185612257 
711695708 
199928950 
20570871 
99387040 
200405814 
317187060 
302412035 
2269540970 
102971909 
16435797 
2231955097 
441560048 
2290299360 
479277366 
2156090672 
605760799 
193625274 
2183172642 
573446755 
153814910 
2349443505 
470168714 
980525742 
1195089362 
553630184 
2198194050 
2382159110 
200456671 
118704431 
48473838 
413457111 
403163083 
1608950586 
351028961 
1790537970 
18002085 
462220933 
2289935984 
614186998 
2335952911 
564428479 
45372777 
389975563 
95752637 
117135355 
54973839 
374697076 
19084034 
267161629 
2371040698 
1446004207 
297626502 
325633686 
768049658 
1914900270 
1605577412 
2212977409 
26505421 
14794077 
626347432 
808715 
548707704 
58161473 
312590919 
1377605996 
2358493154 
389616276 
379830162 
138862380 
2233482804 
629403300 
479840612 
21750703 
154586733 
426099626 
2242567519 
1096432166 
138389663 
2276774694 
129135156 
2336815584 
2243347640 
1660874743 
2340650731 
992771040 
1345897580 
30087717 
338925754 
16521268 
19720747 
23881752 
702159420 
31092688 
391171322 
50007200 
1282484426 
714183260 
1201340646 
300695215 
168396200 
211339307 
1251750810 
2203842980 
771207896 
1614956372 
336015810 
2252598883 
993809796 
364295529 
283273730 
2192559206 
322411475 
248640997 
244633054 
900970848 
44874400 
7076492 
18028249 
278332764 
14787727 
337357518 
209539315 
1144882621 
17175139 
138564242 
2298388740 
17156053 
1885177736 
330055239 
26099938 
297466343 
187555582 
1582483380 
2274160897 
60709500 
118616294 
13693032 
2161027910 
27438655 
2255903857 
484963255 
836370398 
141991931 
18926099 
1395033860 
409629509 
325153243 
1936919215 
612827051 
1448493367 
1626106981 
1443468690 
2276658074 
29525099 
216192831 
992085643 
2190673579 
282414691 
974583583 
375795599 
17038779 
40862945 
38723950 
27709008 
718703683 
393276727 
31398641 
742769911 
1000377152 
1673811972 
311407790 
210865838 
1668275161 
320549869 
22739493 
323992652 
617599543 
2164788541 
15232970 
2255903484 
985704439 
1097986856 
1399477867 
1084624051 
51259351 
56458211 
218028226 
1426551325 
366824614 
216979622 
636586551 
558148770 
360018706 
26467798 
538342587 
1942061936 
10172452 
1599586694 
269958757 
48078339 
16079276 
1363206528 
2168186364 
369758524 
24151485 
61145659 
1635778098 
1630508299 
1000476126 
1022866836 
405543136 
19409760 
1286147004 
1730561124 
1604459690 
328287799 
1666158660 
29179882 
599733645 
24259734 
484174088 
223986641 
20007477 
548655682 
54668123 
762530958 
195201233 
91176409 
29233977 
192946179 
216674501 
22482435 
278147822 
292813571 
415472140 
1878830466 
152713253 
709981810 
56302593 
220265157 
499327665 
1905427669 
28238766 
1873782870 
1269411020 
312263946 
79043124 
78903882 
1570168819 
1731278677 
1927771622 
1482686809 
17394205 
229509740 
211073619 
52632619 
1382230009 
165976004 
1510306616 
213575812 
976409940 
1880754019 
14243008 
559614467 
1876552592 
1384088774 
990497192 
85266677 
251269209 
856084472 
279224813 
195047805 
551112681 
8393312 
369181355 
795171072 
156268045 
343045067 
576330096 
227393831 
382142813 
493253761 
423565699 
772759927 
226849189 
372240988 
57797206 
384090840 
1601836111 
413396543 
1616922636 
1615925863 
590221509 
615592590 
490234557 
123209835 
35440377 
581684945 
1595621977 
807173707 
782255953 
186585181 
576328164 
1007905507 
153635438 
376790816 
15167486 
1083143204 
20635230 
298982411 
1078595977 
1265832084 
139050340 
1020952663 
1477791876 
1352113968 
63035222 
209745713 
787903927 
531472859 
497406692 
1483731624 
1307643499 
31533881 
837693559 
26709540 
41140546 
145136771 
328618640 
28768921 
989365273 
402527568 
146114840 
229283889 
1207790574 
545535923 
519683539 
137717878 
23586077 
17930419 
94984516 
1243565479 
234411459 
125928028 
13047462 
23521469 
596425450 
1172059417 
143139682 
67460891 
66680000 
237895166 
635263405 
374009202 
28377574 
1358923406 
76351820 
224715866 
78420357 
1288552388 
386607649 
576290860 
93950513 
132637182 
903782448 
132148992 
135527085 
1249852610 
40411094 
62940362 
14286361 
80143193 
256748411 
1228008241 
775535239 
101536649 
89228085 
1076815890 
10033502 
1217785831 
13918022 
402875257 
80616632 
304398597 
1101302814 
377985681 
290765181 
85379144 
91795920 
26396117 
29042976 
1180294045 
79313210 
18258945 
11391102 
429923438 
1089996822 
86913960 
350970114 
14915466 
84061224 
190635850 
20604228 
214479694 
26849137 
890997211 
241747976 
30799939 
334180397 
17143528 
525942322 
20493179 
763264848 
334048260 
42403735 
630769394 
20716480 
578991574 
239412852 
21333228 
956354678 
54843688 
76427295 
13769472 
60017053 
1058740886 
7830012 
101006184 
208769752 
81737365 
212404689 
1077436172 
19745335 
504639294 
811822338 
297898393 
991373832 
977383291 
941533770 
48357731 
479133862 
105873902 
6318822 
353500514 
85818687 
302883376 
331075564 
82544380 
388033513 
95802848 
894168308 
600288813 
37777139 
117431648 
917614105 
21208560 
105918870 
236414313 
225950142 
833300100 
565485937 
30432545 
44030469 
372405423 
245951496 
21126840 
15065596 
717392636 
121869155 
118345168 
91573438 
514727515 
770164374 
314806166 
41370216 
113128559 
259990583 
431981417 
971234126 
905747112 
263201938 
974741071 
947338880 
18467975 
187898937 
17371549 
389373481 
127454658 
11186472 
20243224 
28918647 
485352487 
183016190 
189900089 
15065018 
42621505 
705783901 
26203004 
215956841 
20707038 
83346373 
18346745 
869270318 
21244092 
19344825 
133483967 
306262645 
72804450 
14111062 
488363162 
13215132 
898952310 
139220786 
613291142 
531560179 
35152749 
91217312 
730129093 
240671068 
17869160 
317869432 
127289951 
18948541 
767201472 
44427667 
228121304 
16906418 
893575573 
20381462 
352033648 
63913500 
869772859 
21364753 
22653470 
415822027 
853592702 
19062483 
863798186 
760206463 
443808584 
559881032 
33481579 
843789470 
511140852 
207598886 
114166669 
35288350 
409518033 
50996858 
358852977 
218358762 
789014144 
64574122 
48306484 
284534896 
311052101 
210823694 
347964117 
311533910 
348329740 
209490205 
25633231 
584328028 
606549267 
1344951 
516983196 
761667092 
49856223 
430124690 
421274906 
177975812 
34648934 
56514501 
48417131 
19307541 
40081196 
148649311 
206071884 
426901288 
545643773 
145685544 
541826868 
110798209 
82588697 
58321335 
69123976 
442693951 
20086324 
20630115 
18625932 
63076720 
24026751 
28237946 
619106240 
595527970 
703853478 
17396170 
237331618 
20747224 
18713254 
635452948 
756475 
378728498 
21386695 
91416107 
17596622 
44944668 
17632266 
148764791 
26287962 
390828718 
325126593 
20692594 
19396413 
15439395 
27740227 
18895192 
58156549 
246357703 
175434956 
191004758 
204403285 
347987326 
190905826 
117591519 
260270479 
317781731 
141336598 
79937043 
15788126 
85544492 
29324226 
42282755 
194877569 
387914391 
358039699 
41096562 
35315865 
216366855 
216686324 
21186298 
15950603 
377558229 
95608595 
27627475 
21103025 
11045372 
611318385 
