166739404 
161756032 
19725644 
109387470 
75974281 
14982804 
130496027 
174110843 
29417304 
942156122 
15108422 
468001209 
801159713035612160 
3320745074 
2797166390 
808806102 
757303975 
13393052 
307548363 
28185163 
163297163 
30354991 
822517901294845953 
131497030 
810219551954702336 
892219807 
2800121770 
713217283246530560 
1477312464 
4530528372 
63262233 
44196397 
56436152 
741770449 
1051396218 
2332503391 
47475039 
364616586 
483572592 
3232765964 
568825492 
47216804 
16408315 
276540738 
2548644168 
2458256605 
14075928 
2846982741 
214978691 
4851344125 
145153732 
44600466 
24223641 
5162861 
41073372 
3240420332 
35305778 
9617702 
47285504 
133880286 
29634406 
22749632 
89898430 
610566084 
67819221 
72198806 
58369579 
258338711 
2910012928 
1633984034 
4166696473 
14462439 
22162854 
48269483 
21163561 
562381032 
77396044 
79783264 
26303602 
43464948 
77394327 
38806390 
370397292 
109018412 
367285520 
33650099 
546076148 
580097412 
391037985 
23990483 
325633686 
42825374 
18101713 
42982250 
24818008 
25629019 
456862468 
285694773 
283411624 
258483856 
392447726 
49909188 
35428225 
1139189364 
110721158 
18548221 
55117855 
31080039 
97071728 
215060612 
314153791 
41452006 
36381677 
22207520 
37387336 
2538115178 
15147397 
6480652 
23027237 
22461427 
18713314 
18671559 
88749392 
59949396 
1363148228 
10461252 
24708178 
22563769 
23297480 
25198464 
46964036 
36493924 
431765325 
18177317 
43950575 
250784840 
42384799 
1370200908 
102537831 
22542218 
22320889 
22672988 
14102905 
