4563594252 
811294075177566208 
9768582 
30354991 
179819314 
809742336435568640 
1666038950 
20571756 
15531582 
78619534 
2979430185 
74286565 
380749300 
123816529 
20731304 
804273139261865984 
44335525 
715860596307206144 
3639905835 
21436960 
24919888 
420514861 
1102977272 
54290504 
343525352 
727305385 
52129399 
43166813 
715580572555292672 
552582271 
1451773004 
17781165 
14091091 
52758395 
65585297 
29472803 
50115087 
16580226 
20060293 
28184452 
1636590253 
107172099 
8161232 
15519544 
25565646 
18194898 
19802879 
33602654 
467739426 
16343965 
137175947 
3031449023 
155891249 
1918577438 
4838098280 
29162590 
20536157 
718191811534196738 
14803701 
2890961 
15084853 
18731194 
15492359 
17217640 
38679388 
10228272 
783214 
14293310 
13334762 
14749606 
3327662920 
723349964852584450 
15661871 
118569451 
524487620 
18948541 
7861312 
1183041 
237845487 
15227791 
5402612 
5988062 
19038934 
91478624 
73147282 
4444072032 
4447289003 
4552888103 
2993230373 
19725644 
69011444 
4061966173 
188917571 
711146356736454656 
4835841920 
4184614212 
3968741837 
2851047758 
235348644 
1245078146 
14128992 
18030840 
3031876590 
17003260 
1355246442 
52672664 
13083622 
197962366 
32175412 
34732474 
4837939093 
50393960 
59830916 
275686563 
101073001 
696025468252897281 
15164565 
1344951 
142441412 
15116631 
15249166 
506990949 
14710129 
4817302109 
4868101960 
4764536958 
4765252549 
4822212397 
56510427 
2148233600 
4859060446 
38253449 
16714347 
4836099494 
37710752 
21209333 
19722699 
4708965281 
4343525909 
1159251 
4745460137 
556151596 
17188644 
4377096255 
4621978755 
4698759680 
4622701606 
4629135316 
4621425143 
4621977868 
4624963833 
4625232022 
4663492094 
3063417314 
93714983 
186154646 
4514033232 
4398626122 
4386265755 
4439845096 
4354036697 
4388625195 
4456722433 
3365098497 
2962753991 
4009057402 
4416182240 
22845770 
4327872021 
750302238 
2539652841 
4202579243 
3796397772 
104989762 
35815135 
3255786338 
4066481054 
49736166 
3185802536 
3751907122 
3469908435 
49758866 
1282121312 
3937999815 
15919988 
43920155 
3465002548 
2810627093 
3788289674 
3601210459 
3345145906 
33647963 
811377 
2327609341 
5699 
1305940272 
31957731 
544395196 
340937282 
17237540 
51114128 
1663639651 
3177379274 
2167706552 
1677284594 
3105064742 
2458594088 
3097513575 
2166672055 
3342137391 
17824922 
13298072 
2842068128 
11348282 
44196397 
1654188770 
34743251 
3330726521 
