226018201 
29429862 
1473743803 
810709142 
737073655004401664 
602893393 
95981793 
254200291 
15084800 
15489945 
290180065 
21786618 
2516342929 
1465068888 
2802198834 
343321866 
50090898 
13334762 
3033204133 
1489691 
4200716788 
16629477 
15154811 
824292426961408000 
1266281 
1702031719 
158445401 
824499601147367424 
824475884535107587 
824137712286441472 
824139632354988033 
824190260338954240 
824264707641057281 
823565852922576897 
636586551 
273578767 
325731969 
809500736455344128 
1961401596 
824320219866923018 
824270573203292160 
813829404065341444 
824332206952714240 
3240143771 
378643551 
255545898 
916735110 
552985513 
373373336 
29774968 
454313925 
36711678 
750331049020952577 
3321939708 
746359191540011008 
302681217 
736200843989557248 
2798470926 
737059004 
47285504 
1917731 
14412533 
2896327913 
1656978950 
67435255 
800725721521917952 
2238001945 
2255505626 
2244599779 
591017088 
200456671 
166330197 
490859038 
39633235 
16619709 
57625403 
1481084354 
3286639908 
19711765 
46386121 
708003265363976196 
156254348 
37722615 
2992615351 
61445206 
2831710385 
30225291 
19360034 
19666018 
21121491 
54275319 
4825217483 
131228204 
21436960 
24457744 
132236823 
821779579 
2639853499 
20739805 
123408154 
3107465491 
1115380970 
338007458 
526707589 
36459891 
91899366 
706307963632410624 
1330163316 
388585370 
700500283567116288 
811853760 
508874844 
3434114391 
1467510890 
4118974820 
47734273 
596520239 
4780337060 
1679103331 
337776644 
344871208 
1711055330 
734762714 
29417304 
1707854317 
4041542950 
608310777 
889086978 
2704421503 
3157402962 
14630696 
53560219 
136325501 
388345704 
96102210 
27596259 
158396052 
38530021 
68987936 
59769395 
124237063 
1620885366 
38311685 
14383482 
4158124251 
3072271129 
14883212 
15840909 
22090282 
25103967 
11702862 
14166313 
3350881983 
2375888850 
17176391 
1979372431 
44002382 
293609857 
409363723 
74544743 
2516262642 
23087228 
14431633 
2364361610 
178974461 
361406739 
172831663 
179539494 
524714829 
32160439 
2980388614 
2770775005 
2436460596 
382178803 
2819545637 
80201932 
111647445 
91216079 
89517086 
511740616 
574885641 
98490748 
18391232 
882455748 
563263110 
731101711 
1886909492 
45850621 
15416816 
2371059559 
404248035 
55101333 
14708762 
80634067 
28583197 
249797908 
90618162 
15937952 
30047683 
17975190 
17138039 
75316454 
3327144769 
2334321728 
8161232 
100188103 
2314419612 
67379250 
2228715151 
4119741 
83374478 
389359161 
3365550759 
2257488392 
223170394 
233660858 
3038216124 
1029839162 
485879605 
2717694091 
579281985 
1451773004 
18774477 
27742577 
1435764420 
65647594 
86977818 
180200031 
13746792 
15500649 
208442526 
740109097 
2607163646 
16843817 
26858764 
156920978 
390783272 
1003292696 
272416123 
1253455927 
3120717835 
306573463 
2344125480 
34286572 
122162380 
2936340464 
44777959 
86697288 
158865339 
2903488243 
2820213063 
2909388378 
3066916435 
23112236 
17054817 
88662134 
20608701 
46854930 
117795985 
927892405 
362109540 
26759915 
21793154 
1128945624 
44724324 
432662240 
1667860657 
211728861 
868312080 
2291384989 
376819015 
2820270236 
230492604 
112796409 
17351972 
95320371 
15763818 
1144882621 
59907577 
309909647 
28227443 
465716513 
2645622685 
2273972277 
1876113835 
771503142 
58683022 
488973420 
399509239 
1966741369 
373619567 
88425861 
119049214 
16843780 
336218991 
49686679 
30602016 
274063094 
15173291 
20068679 
2329395758 
77907514 
48463418 
25611008 
594666501 
280811825 
70789586 
20155760 
36759053 
189971802 
855985718 
10778572 
1702134540 
783750122 
143375046 
1680808735 
14786217 
107769150 
45439189 
100255844 
938218356 
1851134198 
273984889 
193625274 
145830934 
46319532 
22971980 
38516217 
15009735 
19789439 
17467699 
495153072 
78133467 
17877850 
12415722 
29472803 
138725262 
16029857 
390094160 
177448950 
14043142 
194347664 
133067266 
261293173 
115551858 
2712399936 
15684633 
718092582 
46959037 
66162716 
15165493 
321029318 
253536357 
128292609 
84351228 
29342640 
17042078 
4620451 
16619832 
80084849 
186154646 
30952967 
76348185 
13159712 
61854053 
21672185 
46422258 
24211863 
43408677 
23841368 
115777913 
41024430 
174302946 
339082145 
75016467 
6753242 
932222814 
66408053 
23689478 
16741915 
40343463 
14337607 
1652773446 
499830051 
89183429 
26007726 
10850192 
16529238 
66395780 
88803528 
61674940 
485990358 
90368802 
98955572 
14219877 
103865085 
102323621 
309066576 
33645850 
186439704 
107122128 
43430484 
112468674 
48497136 
28165910 
224359740 
54502344 
323319539 
57016932 
240790041 
138441815 
58524784 
50622198 
1009818320 
27650674 
15676492 
787750740 
19991186 
104201057 
9407692 
28114792 
26898420 
459927719 
994315261 
52758395 
13298072 
159588456 
875652024 
836294324 
353885857 
2270870917 
23949947 
961168386 
33602654 
34743251 
823357308 
143170980 
309925780 
188877829 
539206011 
98705778 
49666871 
189253902 
84653539 
90778418 
1603976503 
84419752 
15840088 
42883134 
478069062 
19401690 
55526996 
771805741 
92062116 
2202537732 
1543858532 
184649645 
462963112 
833938195 
713133224 
116059445 
54330192 
21316409 
122499477 
92316446 
97464922 
42867610 
524009775 
119482432 
17815224 
19707399 
16150136 
45436858 
947903743 
15099133 
427354643 
22865552 
374177211 
255288815 
755019 
1370334745 
19719380 
31443503 
310330192 
140136223 
7144422 
185640378 
23115514 
267841234 
44196397 
357568963 
234945340 
26779504 
532943731 
82918625 
409450462 
19360635 
21246323 
471609060 
136481411 
88256475 
863294708 
75351264 
197435771 
163848561 
479998051 
36475319 
274101424 
143381041 
20340917 
35029532 
198542837 
51246948 
78630270 
113721768 
183753944 
54306210 
16740234 
33976187 
126435559 
204467020 
18907907 
40239101 
22990962 
89680611 
109653394 
6238742 
17514093 
22996930 
64486228 
19168114 
28543386 
43166813 
2467791 
19927012 
15473958 
12702822 
20806880 
194235592 
807095 
49164309 
919820689 
12447572 
19730470 
192936564 
62861160 
56685979 
112017535 
215364474 
24944298 
27686062 
243705386 
36940753 
394646206 
12819112 
74474794 
41164651 
28901138 
18773116 
32422245 
31154819 
30987542 
30889884 
29721748 
29458773 
28495776 
28328823 
28108753 
27857304 
27731367 
27677391 
27400415 
27141086 
27030407 
26748889 
25923655 
25797372 
25572750 
24581551 
24101921 
23869110 
23820179 
23782932 
23528087 
22856987 
22657619 
22362419 
22017358 
21420377 
21409789 
21377405 
21347655 
21160051 
20920355 
20476145 
19837960 
19402723 
19241860 
19138881 
19085396 
18900371 
18760596 
15810963 
17093617 
90271595 
15076390 
19457950 
30258963 
34960648 
6705042 
15519544 
19850967 
6519522 
15459190 
17606385 
213732487 
57508148 
147675669 
18621913 
18429556 
18252414 
18202147 
18089608 
17980985 
17914737 
17898339 
17790663 
17746470 
17425866 
17242341 
17120254 
16564324 
16463237 
16369708 
16133436 
16129244 
15828853 
15805635 
15757952 
15739557 
15678678 
15238661 
15109000 
15107240 
15009468 
14901582 
14759107 
14744972 
14716698 
14483291 
14452933 
14299536 
14142031 
12475252 
11968242 
11637332 
11020772 
10266412 
6279722 
5461032 
626793 
623863 
30930531 
56475483 
19821296 
2735591 
23986228 
125771388 
23032725 
450137902 
24129206 
563212845 
10742132 
16578473 
38718831 
102423027 
320922867 
14678103 
18998892 
19614356 
426909329 
14470341 
39585367 
19041958 
16616061 
19541922 
18170896 
19837528 
56799371 
14441010 
30862829 
14592723 
146569971 
109290405 
8082302 
15859033 
44438256 
14755492 
132241469 
31742031 
19596228 
127910801 
17426156 
106895787 
67324224 
243224758 
25552666 
114523646 
17002395 
20272531 
88914175 
40047360 
41561657 
25950355 
23771696 
53039176 
140842302 
14499829 
56879674 
18736652 
26250872 
717313 
441065475 
398986119 
250341770 
83916835 
27172787 
17296792 
61853389 
15737554 
479732054 
415703913 
172280127 
15164565 
72842277 
14615871 
15480686 
14342564 
98289242 
22167056 
83899964 
433039100 
16649758 
15428397 
21034324 
23746957 
17783546 
15460048 
16866617 
273197054 
259403751 
16689804 
200219772 
121185185 
16161860 
102503323 
27922157 
273559844 
85818687 
14708747 
116213384 
19918353 
83836041 
407068486 
153992365 
12043722 
76757597 
45483423 
36719281 
89719937 
370116118 
208513803 
15431856 
199732904 
81165364 
177343439 
130250603 
14269711 
19657855 
20338124 
15938122 
39537053 
20214495 
742143 
30013509 
18726089 
86138642 
256584553 
198348350 
36955239 
19608167 
16953473 
31242824 
13872282 
47651153 
19701356 
24553155 
18490864 
34633479 
10585202 
113676174 
35020733 
35018182 
23769606 
20846539 
32512107 
16029780 
141947171 
18429181 
110748450 
29754042 
84600772 
16310991 
15185117 
127894726 
140912287 
37450101 
20159466 
71824204 
18584840 
40892919 
258630448 
293588387 
128658054 
246763047 
305086355 
317315484 
285765394 
242727646 
23450373 
24172618 
19325156 
21917716 
24313179 
19808176 
14266598 
15953404 
54641525 
12190892 
14315537 
47472885 
29804165 
631703 
160877807 
18999920 
63479425 
18000063 
89545649 
227344656 
17293337 
226011566 
112475924 
101534369 
18655567 
205685942 
168685596 
14555862 
81742165 
166022406 
31618599 
19767193 
14729597 
241569911 
156538059 
124941165 
243794527 
237544184 
16716425 
77305343 
97705149 
18414364 
252359632 
45579282 
97002407 
38239688 
22429275 
79043124 
40385166 
165622311 
24550707 
74285948 
241226725 
17385903 
256092411 
15432704 
91312237 
242910848 
269552103 
20580887 
193483797 
140856920 
261234671 
17396170 
224631899 
16683846 
14155927 
225571557 
15703122 
88978022 
186741261 
4556021 
16431371 
26784273 
1586501 
28123862 
14885549 
2148071 
15080407 
82282572 
9534522 
10454572 
50393960 
5746452 
816653 
1344951 
11518842 
23575322 
23503181 
14693823 
15234407 
48799978 
11107172 
19802879 
34554134 
39822897 
20038221 
17781165 
52768208 
15492359 
18148907 
17391738 
20258262 
103439104 
63726308 
44970026 
25338245 
42724842 
17217640 
23959074 
87899230 
15907720 
15484063 
293768967 
15754281 
41235828 
87798068 
68819587 
245874349 
13691782 
28390516 
16438248 
22944630 
46167548 
16630098 
8963722 
118975084 
14085070 
16568116 
8295072 
33998183 
22996033 
17526123 
20023854 
39284667 
169146823 
11976432 
39530187 
17939037 
83278056 
16343974 
115449060 
428333 
14293310 
188443744 
2836421 
62248042 
153728935 
27990174 
20516999 
39252793 
25527840 
35150674 
31610117 
20081176 
27990727 
23176144 
23462474 
17902331 
36383978 
20769532 
21352380 
20244687 
43312070 
61902439 
16429675 
82655933 
16539957 
31280938 
6450322 
20436059 
26810542 
6794502 
17918663 
18726942 
17787705 
36771809 
10235102 
8132582 
14412888 
44665787 
16550480 
10286782 
13783772 
5392522 
228136022 
227851790 
149332013 
25066853 
13829772 
97594395 
21994103 
6612402 
17374092 
19722699 
126664186 
42483514 
22333510 
27567256 
65165747 
20060293 
15165502 
759251 
28184452 
6595682 
131289894 
10716292 
23962323 
15661871 
37710752 
14702533 
18164420 
1769551 
39522692 
21581503 
19725644 
1046661 
15723971 
28160998 
15462831 
17918827 
17918545 
17248121 
24646005 
68753100 
15484279 
14050774 
23759291 
18244358 
8283082 
46710576 
28237946 
15987295 
15912113 
229118448 
133743162 
11317392 
16017753 
93890578 
115990469 
10135072 
150653767 
106795203 
173866654 
87289218 
222154821 
227421983 
15595001 
87236758 
47573857 
21658285 
96644687 
196635957 
9362352 
16821997 
109571377 
14848513 
22880030 
26853548 
211303345 
15461733 
93666150 
10915142 
14585446 
21667704 
219967406 
191159103 
258153091 
190905826 
250340920 
222028184 
19272799 
259600464 
10236012 
81141007 
32372834 
17292623 
95933083 
46983007 
13176312 
137320881 
20809019 
22028564 
246937311 
74463324 
15532271 
6017542 
37781811 
140079968 
31900793 
93041673 
76563363 
39582797 
31141100 
49588722 
27013292 
233634176 
19357137 
174222774 
175271049 
202362175 
113383025 
14336929 
223214333 
21892013 
17955507 
55295275 
15718363 
50732522 
65076069 
66821630 
116513560 
74313339 
24736307 
258778856 
165750659 
239253556 
259859219 
259547581 
29295002 
130241862 
48730290 
16284647 
131257838 
30034124 
258559506 
17596622 
14462885 
34659473 
174847568 
16878156 
13787352 
44783853 
11856422 
17842366 
28521141 
16895274 
14199378 
621573 
38531995 
7280142 
55633800 
50115087 
14944532 
14505838 
14207863 
17471979 
15862891 
26780409 
16580226 
124242448 
45905981 
55656003 
21968949 
39803436 
13787402 
18646280 
1435461 
20186316 
111053392 
16332522 
20397385 
17089636 
37608458 
29328707 
19658826 
26076536 
15134240 
15587500 
19658936 
14091091 
11348282 
19405351 
27779882 
14647570 
19402238 
15110431 
16245822 
16817883 
18700629 
18788502 
