355784376 
155987003 
1184768473 
26244297 
16247224 
824129460664434688 
824748128922316800 
824121747905581057 
340441440 
19034656 
5743162 
338240032 
23759935 
823565852922576897 
18650093 
17663776 
3065938371 
179980928 
118711768 
83860132 
84653850 
2170999954 
21242028 
543876839 
107174526 
14327715 
734866857103110144 
111876979 
2905407361 
596527519 
66455196 
3167964420 
356334842 
56388127 
28122067 
54290504 
18059285 
112475924 
35773039 
34781412 
1393164308 
375744447 
130273820 
325538925 
222543804 
19768118 
87215923 
2308715268 
379625477 
197108944 
250649831 
15023533 
17471979 
16079369 
97701898 
31030273 
33610571 
485109912 
17573273 
22382110 
5752542 
15714547 
3712590975 
198606465 
193473814 
9172102 
375566893 
906459476 
77306553 
15224275 
16407870 
2752775016 
3404241393 
4294960874 
60747383 
365017572 
2067201 
239527098 
2576444334 
14331818 
348082699 
3751368014 
87268782 
28838219 
3290364847 
545432826 
427900496 
146502086 
142320786 
16100480 
268829174 
205715759 
65125461 
3430093433 
481943972 
57047586 
343928585 
3392126651 
252786025 
17375281 
82706660 
486252818 
13194 
14109167 
1903859166 
11131302 
303598509 
1706129227 
33290906 
415208626 
215370565 
1452270818 
1547722903 
1131230442 
137712607 
115210837 
36171004 
79997785 
2294984438 
77810367 
16486812 
24211989 
82976044 
2348685392 
532284837 
15615271 
14360732 
22461067 
983159431 
16623719 
2444931 
14073364 
15087011 
14834340 
16369150 
8383592 
57411021 
2903903545 
329850624 
379357736 
636023721 
14404842 
2555273731 
20207956 
549153773 
140951152 
19416598 
35315865 
119625403 
291327202 
881284872 
57191565 
612035727 
243497005 
86640232 
50387337 
102440768 
2712339678 
1005454681 
275719928 
200176600 
108418043 
1221025892 
7209912 
73413082 
2710716666 
2746492014 
19269120 
2683155818 
454115035 
2558210098 
2579093407 
415798356 
34255829 
43593 
14420872 
23751864 
59747041 
2215918730 
2261261 
673953 
242539525 
15808647 
317750991 
913090734 
279028091 
314758565 
53025463 
481288361 
318586377 
21611239 
852071532 
15540025 
532207934 
1086485478 
23544459 
23117374 
84614552 
487673211 
21866842 
380816062 
774838 
19573773 
2227519598 
1513753861 
23085502 
19387570 
16017753 
18313204 
627683742 
30429590 
215955146 
5698342 
12089102 
1873954423 
17997789 
519796901 
1002868244 
2424151074 
24007000 
1571270053 
2308445042 
154016912 
32493647 
55006025 
22642788 
1265726480 
111339670 
19425169 
772178892 
221580114 
12902 
1456122079 
14366976 
2340558698 
82364810 
15728161 
17595439 
18955413 
15978412 
16809794 
11404752 
208687668 
15173859 
14606079 
495517322 
256277422 
114857580 
5988062 
1428575976 
17848293 
19728966 
17468481 
233336165 
24826852 
574624251 
103041418 
559997449 
56436152 
21066583 
29342313 
120992051 
18928144 
200293513 
146105775 
6637352 
633 
235157216 
19679586 
377403451 
661403 
1326144546 
2314351230 
1183729483 
14043142 
33633682 
2354249089 
1347797958 
1530953521 
1468151 
32288622 
116992374 
18510860 
204453433 
117932428 
370575135 
2239541713 
153814910 
45373841 
16063891 
13248592 
402875257 
263695739 
134610558 
195552864 
2175219264 
148117155 
20776190 
2290205502 
15642485 
73060532 
952740715 
124531391 
44678417 
48839054 
385944587 
297417855 
14556090 
202328756 
31035336 
265933099 
1484757956 
898287174 
525413893 
195897346 
14161568 
26099938 
19563103 
366824614 
311830293 
11113 
353308055 
83221061 
16227629 
2735591 
14800270 
16290802 
7786202 
32423136 
14647570 
29328707 
24862758 
22465084 
86065887 
185280748 
47336791 
245493776 
162686169 
14267595 
232294292 
26074603 
25013423 
21801907 
8790772 
11939852 
14434070 
337873516 
37563 
28172926 
332965020 
19349094 
20148973 
39250316 
116877838 
86626845 
59518694 
36814136 
169249504 
19084034 
135316691 
24584459 
479104097 
44698296 
211583400 
551534612 
83424009 
10915042 
28694307 
352673744 
55570400 
19843630 
43199901 
44438256 
77907514 
16649758 
138805593 
482305428 
2128391 
16536624 
14620209 
14620422 
17045792 
19375854 
14299324 
21809736 
309399287 
627923679 
30233007 
1733419830 
329048731 
33931483 
138090747 
16275037 
211055745 
16079276 
15313529 
270527418 
44903491 
15949242 
276259528 
20849273 
116297424 
68015750 
14437600 
175091719 
38539630 
299894471 
136083915 
11929312 
253152109 
46200798 
367931172 
24789175 
17918860 
14559196 
381150541 
290180065 
47226743 
935431454 
72338082 
1525024460 
15449070 
16713948 
60462205 
20112111 
50756605 
107911169 
14744749 
242904917 
559854219 
94817737 
299813491 
252250951 
83237493 
70706313 
320959649 
378259736 
189618679 
17396170 
27468198 
155748301 
183707859 
13746792 
14343392 
22054220 
16716425 
117576644 
49445813 
88727938 
22946999 
31671778 
250722404 
34157702 
1365585096 
153886406 
1096937983 
14950946 
14096666 
193063049 
1281581 
79885859 
457744153 
16562949 
16634635 
69671781 
128292609 
18655567 
121617733 
24759374 
186585181 
30013010 
228077059 
60709500 
619622100 
331803536 
20342875 
143571157 
17175139 
18481646 
19965811 
259401680 
79570653 
15205798 
14293571 
27047369 
71323069 
10842552 
16944165 
8963722 
59128257 
300735398 
146548246 
160751654 
65426385 
1385211 
23111209 
600803781 
1344951 
15248437 
87459327 
33933023 
22209567 
114517420 
13972932 
1833561 
14201924 
164089883 
83223036 
52319959 
159951505 
44776990 
15817979 
73939990 
1134349284 
1362913926 
2519021 
186974470 
20668314 
17160156 
1494655406 
17292623 
70951899 
19837528 
55236002 
852251 
563306664 
1222243322 
549773044 
18058741 
182747810 
521065496 
259317559 
34868965 
997629601 
116994659 
538342587 
1092204583 
48564118 
174740894 
17042078 
26858764 
69123273 
22213141 
19255147 
22931893 
53560219 
45586617 
8198012 
37547775 
257203642 
325719227 
407766714 
308151547 
101778101 
404442001 
114970757 
16105705 
39348006 
209309794 
33838201 
276643081 
122080635 
144266411 
13982132 
39721543 
56564230 
28912478 
780291008 
25734277 
268919557 
178785518 
121204594 
124237063 
281728419 
877817431 
23442503 
367873443 
544608164 
143912910 
1080753187 
1112553272 
4157611 
22938914 
1329262027 
47433923 
427397243 
43093791 
16017961 
95786879 
206071884 
8932272 
577337633 
877010317 
378272434 
11317392 
20184945 
21238335 
16132526 
72842277 
21218554 
18227814 
14801264 
56179493 
15684633 
29342640 
508933177 
1128132072 
344295386 
7494482 
814589791 
198020721 
465258509 
21576334 
84403641 
17393219 
17007351 
115702663 
305135655 
419056085 
22175924 
45516390 
26246606 
17230461 
97999837 
589535421 
213917132 
277997152 
18985501 
182839127 
79275123 
257224684 
211557401 
107225267 
106204123 
178363987 
33396367 
87321664 
158842667 
6705042 
88795399 
16645718 
316327930 
85605334 
415601652 
20570290 
90169053 
15125585 
38717507 
21626287 
525785424 
265179248 
209743834 
245564615 
24277376 
335461958 
407624682 
26000689 
28579026 
369480689 
204721301 
122480588 
142821259 
211520261 
65467957 
20539747 
44090154 
17808045 
83277772 
47471746 
513679089 
391214052 
21581503 
19781646 
36083751 
9207632 
52786408 
41383831 
19767193 
15862891 
16468874 
112548462 
17449143 
58489734 
21441341 
102420649 
15859033 
16264965 
18982953 
18089292 
160897328 
85721484 
19550533 
37238862 
22839233 
20491064 
118975084 
32302688 
21408610 
89421328 
20542737 
162535413 
48713560 
52238172 
11447852 
21134925 
68848910 
32372834 
19722699 
17567533 
49634218 
26793833 
58933427 
26233068 
63715436 
83179254 
21674530 
18198832 
18498684 
20214495 
15865878 
19164430 
15120110 
15768289 
83874770 
1536811 
7471152 
18994661 
11107172 
76558778 
17905977 
41182253 
15828654 
61798050 
9917822 
13129422 
14143950 
14740434 
81473781 
31877693 
16931840 
32520787 
15154811 
14835652 
33934492 
16866617 
1046661 
19078387 
25502100 
39537053 
15537973 
20278673 
16564324 
23176144 
16645335 
30275911 
18036441 
14085070 
22968049 
21237942 
21354462 
13171622 
19190358 
35783818 
6612402 
20806880 
14053250 
34018296 
16188864 
21120775 
34019407 
17089636 
22527025 
20784310 
15537007 
18896867 
17179406 
34020042 
17079375 
34120271 
34119643 
9697412 
17251787 
34122769 
24876649 
17522684 
34278838 
17851886 
31443503 
15429550 
22073621 
23760311 
21104681 
15456151 
16632949 
16633016 
17467306 
34157688 
22684987 
11274452 
15458277 
17382568 
18593675 
18224170 
19677167 
17221246 
16463918 
18705448 
