27611948 
326086212 
2325342726 
19341007 
15187074 
389355442 
2155202028 
180003372 
783356145670852608 
14375999 
2973453269 
102115921 
312006319 
14130084 
174847568 
20743 
2944953687 
85728309 
15440286 
802333405358735360 
1536791610 
97040343 
19568591 
28011281 
8653962 
939091 
813286 
191074329 
4248211 
1051396218 
21755787 
19968025 
17572475 
14981648 
290180065 
2607163646 
2910350817 
3092181839 
6974622 
23603115 
2225566590 
1226179488 
357916553 
93567698 
11412902 
240555156 
313727335 
711272149168877568 
14559196 
800942537083068416 
148593548 
4438818383 
37171680 
697849082400800768 
70736359 
958295827 
64512039 
780737765407272964 
254873869 
15473639 
140519774 
15764644 
980994793 
10454572 
61734492 
29417304 
2735655330 
14381600 
36823 
26858764 
794235930718572544 
1253405990 
770735350008389632 
766863587088273408 
2343732672 
157875409 
106149134 
14372604 
27468198 
15195539 
2971691967 
68914364 
772553738032713729 
2166764652 
42798834 
105831673 
17278886 
246635052 
122713107 
58645350 
20162581 
190857410 
90778418 
43963184 
38769433 
758314794982187009 
17221246 
206077542 
703872974 
4196983835 
273342611 
73109882 
15442853 
373399001 
299343530 
770688284791939072 
20147673 
2814398556 
9332442 
76894627 
76732293 
355203 
44089805 
14570738 
661403 
2466278912 
1439735113 
14129437 
704042582800789504 
238286255 
7615572 
1449726348 
1851658920 
758080228455354368 
3386131222 
3167496323 
1339835893 
242069220 
2827667361 
65104809 
793171789 
14885496 
323404062 
24817772 
24491345 
710823574773374976 
87419607 
4208544673 
1013200436 
150078976 
31805620 
22881265 
51757957 
43208458 
211448020 
19658474 
6027582 
260022048 
4837430654 
40853674 
63416827 
136415484 
221255986 
331750925 
365145609 
1694737105 
15711444 
2518330741 
603367602 
727147783396941824 
710432158356213760 
383466257 
318046158 
1556132462 
101608829 
236026761 
568747943 
4843935136 
16227629 
3278793343 
2402497014 
1677127723 
2834586230 
166593728 
571160299 
787736353 
1728313302 
708260750989631488 
3438974211 
29941616 
46096084 
9487972 
1019281 
2182822801 
14086367 
2601374826 
85295375 
90857966 
20184945 
806545 
14113734 
227831457 
95575650 
948430884 
194663014 
252761153 
229308403 
15200378 
3404710059 
242189933 
28457822 
262956113 
539607542 
27602127 
411681876 
234741449 
1373067013 
15414807 
48292876 
19520842 
146365761 
4746349281 
52853730 
2471326454 
41365514 
145784826 
14917754 
145749531 
14843055 
2809320838 
21060995 
4597853354 
1873322353 
4439056756 
2815691913 
57581493 
4388569762 
3364467014 
36203015 
440905600 
523339137 
113390590 
1708144628 
2497521337 
262519324 
54896883 
7663912 
28006129 
213869445 
18198832 
3405761217 
360790129 
2866489102 
860158302 
45463 
3386750975 
14249829 
67518134 
747231224 
16171911 
83996344 
329714473 
7838872 
82713840 
23544771 
3094420102 
17406425 
3987527873 
14277135 
14343560 
17396170 
10007082 
442146805 
165953591 
186529934 
646893 
3883416257 
468701593 
253588542 
61790128 
17710984 
15000857 
17673012 
35789770 
201892111 
989633635 
538198539 
568780154 
82582950 
82976044 
107391777 
21634600 
2556393734 
3102482771 
3406591816 
49012699 
2220118202 
41640225 
1410472350 
27531944 
224355260 
1424053669 
282122947 
711976507 
17364155 
106312034 
53779840 
582282558 
255561720 
597180455 
14622350 
17242884 
3202202655 
15843471 
3372348975 
1365585096 
1937905608 
2716367128 
16091351 
799164463 
231151730 
3028629862 
18686296 
3328749197 
265452065 
128292609 
72842277 
18102087 
318116167 
1114865460 
618002113 
18581544 
19662710 
24397834 
930881406 
2248481442 
225178014 
2690906527 
322719211 
1387970809 
14272193 
14914147 
40612775 
77396812 
165751336 
2345408545 
16198815 
763699 
13367172 
20256396 
34993560 
6183492 
18528216 
17852356 
27948545 
164206839 
17352715 
471911200 
1704585511 
3073402977 
17533332 
17137317 
22426104 
24225074 
681473 
16557883 
14767656 
5552492 
580187982 
13145012 
16388065 
1652270612 
1274566512 
13734322 
2868173895 
36081360 
181771708 
43412697 
22497139 
46743752 
48116802 
50885824 
2421042757 
75993059 
15528719 
495181977 
19657120 
68495637 
25294259 
419408706 
12206322 
415458509 
138090747 
23994034 
743982534 
44939979 
2830279756 
30205873 
14155907 
22837276 
1433652877 
80201928 
172418264 
1732180790 
78852906 
372054045 
20478716 
92694743 
477295249 
6627892 
519944852 
33857735 
817524271 
2775639769 
544547197 
193594112 
2755098224 
25057837 
89887215 
347339057 
22839233 
2184887012 
89212604 
15608926 
17574473 
44878190 
326540224 
262734026 
724662865 
2561385290 
612006470 
292036840 
625634108 
84386355 
929201167 
976764565 
30667108 
2602350786 
273753448 
83876527 
101474181 
2360412372 
1307614093 
95154284 
348274914 
2325578960 
520766752 
595679839 
84683289 
8412262 
324979155 
927719042 
66455196 
633166200 
277219019 
1620468961 
98303566 
25925346 
74435134 
15347596 
14088984 
36532996 
22723307 
255617445 
24919888 
15574548 
17175147 
360760315 
2347049341 
1335013807 
93476253 
208008927 
29580450 
301693985 
47711212 
9104532 
14898655 
9527212 
36720935 
46276118 
55677993 
46486816 
115689973 
71505643 
96152942 
11890912 
15781263 
48473 
48099594 
1530953521 
115359136 
2339733446 
18896867 
37801244 
281947428 
15180852 
142389870 
544105493 
196440149 
131941348 
752673 
14305066 
19854126 
14891581 
13745182 
1385704826 
226461154 
16947461 
15494202 
17818632 
14819642 
100074406 
146659083 
23556677 
14000542 
12196 
2281152260 
16692909 
613491958 
31443503 
387914391 
13693032 
437391458 
7639702 
12014302 
14898705 
200219772 
135942925 
945943164 
16789581 
804470538 
2268076370 
381677670 
18576378 
314428168 
203307838 
52341962 
19695949 
6490642 
155240092 
322282468 
37406217 
89296952 
2217015925 
82443473 
1260332023 
50183754 
10414152 
1905048540 
1708117382 
45595395 
31195066 
380324042 
18704160 
124274848 
14043142 
1528856905 
321801106 
947567881 
41137173 
14239228 
85506419 
15353398 
213030756 
137471526 
247872134 
370796833 
117636908 
15684633 
443206410 
601330753 
27047369 
2335431 
352644923 
28295489 
300735398 
340836835 
29739700 
31480428 
14836230 
389797969 
961458414 
61905371 
38245723 
85721484 
386994844 
15377617 
265158526 
1371907867 
119901659 
96497709 
17242168 
55247508 
5942452 
1371790790 
1173459337 
148871804 
1514440494 
281190588 
198020721 
814589791 
17220934 
20020021 
18807424 
34719469 
1340984659 
19237007 
405056781 
18120993 
101803450 
48399267 
8255692 
543787859 
1098593054 
15084855 
485109912 
1319471664 
592137558 
146712087 
1347494466 
274208765 
364704699 
74292666 
14935774 
13102822 
18215973 
740855066 
25151614 
250103509 
360651574 
15731598 
1080891648 
7865282 
384853021 
352296814 
889630765 
52735861 
35644661 
483273973 
23660298 
83424009 
61003953 
212376858 
17511846 
172363023 
428880346 
13248592 
49273885 
282587252 
33972693 
627406713 
46243602 
209262555 
589535421 
28645968 
1117246286 
17863 
347276428 
14875983 
15339875 
10047202 
33318712 
25707672 
19920203 
5674602 
39579439 
537473601 
381150541 
40144128 
19671465 
15029906 
8568612 
29467188 
54810639 
214653213 
20246015 
18131748 
19722699 
23031884 
522281724 
22512172 
17581976 
42136452 
466939052 
14207040 
15399031 
570243017 
3176751 
12377822 
9464552 
14258602 
38254620 
778446120 
94129050 
218083367 
475002064 
16623719 
21407531 
552321387 
436292480 
30975288 
16291934 
247943631 
18274904 
378209557 
14323791 
593968257 
563702201 
56681826 
285209321 
146105775 
154104280 
17025399 
19238432 
342983258 
216613646 
15473958 
28081047 
708151478 
242064251 
166596618 
16825171 
607351007 
74987950 
705082592 
561553429 
49917298 
28128198 
6146692 
367089411 
273197054 
24801108 
520778935 
166233427 
303687748 
2067201 
15184365 
8564482 
587636171 
325224753 
2204971 
17562082 
821228 
519769200 
17013577 
83277772 
111982010 
452617043 
18768802 
34599285 
23268628 
17083895 
179797676 
14420872 
15463062 
57191565 
34601473 
529248330 
488598456 
317838702 
249351969 
24785833 
45516390 
315962632 
11784882 
19375950 
465929514 
16079276 
21084111 
281496963 
478244214 
765548 
449998555 
150811312 
16373139 
105132431 
21695487 
116420646 
18541251 
143209906 
462389375 
17268874 
225138752 
450714272 
404895983 
380188645 
105569509 
261363584 
14446849 
25096930 
25567693 
19951439 
23127758 
18593675 
1366811 
13205612 
16332914 
356324811 
17159804 
17371549 
403567128 
284593852 
14624309 
16303106 
19564105 
14892191 
21032565 
21902103 
16112517 
19596074 
177507079 
18739693 
18255713 
267929298 
366665842 
269395266 
22466037 
54923865 
17374092 
4071761 
18336512 
259401680 
106912300 
137712607 
190564700 
21438902 
18695747 
36967017 
45092371 
54680395 
32889156 
48564118 
9761202 
14799224 
236635893 
82190568 
26074603 
14238165 
185345185 
24683525 
13746792 
26257927 
11885742 
17905977 
17677665 
35000660 
87968068 
152862026 
34570753 
34255829 
10699072 
86640232 
14109167 
29426685 
107061895 
284071322 
79570653 
14647570 
174740894 
