76440446 
335800766 
718191811534196738 
816127610438569984 
1098700915 
739084371110531072 
764086592 
2872661847 
36025571 
2277614143 
15560717 
1438943570 
364224436 
2391062042 
16793850 
287916433 
417098962 
123902837 
1552068546 
3252535579 
2529777630 
3898579553 
19344270 
782576753898323968 
24895580 
4714384167 
38630406 
15432179 
817111304087498752 
2915263783 
3307496838 
2387481624 
1840757556 
251800979 
810789167399665664 
109164425 
49328534 
3302712983 
626395120 
135918180 
5263 
151844326 
83840298 
4179179176 
1414256335 
44710953 
16935394 
207799137 
343005484 
783214 
20536157 
13058772 
258796308 
747509011289899008 
13837292 
1520105341 
34595991 
49629565 
6997712 
714456340345856000 
59762637 
4901855980 
4711717992 
765406267 
718558077797212161 
3018928639 
14376062 
23553388 
3150940290 
481943972 
125723797 
40926194 
22681340 
5120691 
373346471 
1685888563 
3035264968 
102808271 
500982917 
20103415 
85224634 
15529230 
2865541899 
20319539 
162034673 
340212738 
125512325 
46476526 
3160344543 
237376748 
816653 
3799821 
15734027 
237845487 
823905 
2645602164 
15521075 
1891806212 
583506897 
19722699 
16045862 
13787402 
591202090 
119411882 
224703237 
748543945823633408 
143401492 
76060246 
16402022 
76711645 
138781058 
14235142 
1942899073 
234590293 
748885228492562432 
835594501 
19395039 
15859033 
2381087190 
19457950 
2476968788 
23602600 
549642213 
315172540 
18515031 
15836200 
23485584 
838718714 
16812515 
18676162 
14792079 
7348612 
16404772 
63866788 
15346219 
20715956 
14714231 
31227243 
16471432 
70479083 
29731124 
43327155 
221266574 
132203530 
2479875504 
422192900 
702853537361952768 
705673647508332545 
57579512 
1433393066 
20523099 
58431280 
19837528 
28567809 
716089051 
845030058 
233741638 
3388855593 
244941993 
2804625400 
2295812502 
777621549897486336 
1115439212 
2858344310 
992921305 
786138688547807232 
23084493 
541811858 
1589784277 
1959584426 
101315853 
394889839 
42150996 
1225689908 
85607018 
55511302 
707957760697212929 
537143032 
216303854 
162693918 
252124716 
476100749 
3444976463 
1283005633 
2186315633 
160154782 
795939878387286016 
776955320044101632 
20600313 
313140358 
2446831610 
632003260 
1095670098 
126602395 
242312499 
452987804 
16709688 
2919328038 
31465017 
428039491 
76051271 
585914508 
19192207 
820039651 
1030269355 
4797585994 
101206764 
57615764 
31650488 
247521457 
216068842 
2881381038 
725394089357787136 
133355434 
1410437030 
791301640582201344 
237650650 
583864399 
1018962877 
122294669 
494303683 
537138480 
360580596 
17339768 
133796480 
2900430125 
1427429168 
78607550 
125207311 
1161203622 
26254137 
210787605 
842669612 
22674400 
2697954097 
2396037342 
2783717714 
379704500 
54528491 
1203782107 
328376586 
1230943206 
4105400200 
1933558350 
17871298 
334705313 
1620349903 
2732241937 
588308841 
1142760997 
285165232 
2869434123 
47999622 
352940883 
142981992 
3143763525 
53560219 
2283463274 
637087464 
23630483 
48788647 
725359831012511744 
4194940223 
1886996947 
2509841538 
795957214162911236 
3687308121 
2295886370 
593567255 
121522841 
555808825 
115524123 
280201821 
3171013788 
3447275477 
23060611 
3096496414 
49142615 
2517904509 
25436102 
3157672413 
462400641 
108023145 
713114445203943424 
733327473228800000 
370290271 
314437945 
276609173 
563860771 
116795063 
34736573 
462677170 
319159462 
732028392619577344 
176452018 
761936097735745536 
3310590669 
740294621511745536 
422107857 
56776483 
102704965 
506025735 
2285423581 
611594770 
320822468 
631650534 
310514853 
2548306344 
792486057564577792 
247840860 
2293292886 
424965214 
1667596134 
2155856494 
51409391 
973844233 
783993014100328448 
1919252886 
789074306579980288 
776469136268468224 
3198343844 
302577695 
361872976 
103141424 
91582327 
253098981 
307065654 
760256595695661061 
605543247 
525366214 
221103114 
293098094 
62587490 
24682957 
422185738 
3077312242 
4888062395 
42261176 
3289106028 
162136777 
772258340353310720 
163518437 
375082796 
778292860684763136 
2577129043 
960275935 
21780038 
2544314256 
2230080559 
28639288 
766074036 
14832750 
299584772 
3012073793 
2925106540 
491458514 
737340773126033408 
1962190754 
2351875297 
330271720 
378127727 
4858120547 
3131330961 
28400383 
22630815 
2326722109 
1525711002 
255450317 
868250622 
52005367 
762953276837007360 
2471539186 
1068082453 
319436319 
83803324 
234400629 
30963681 
406398257 
2971849379 
3000606213 
35118380 
78018497 
351506039 
3427334255 
2841759418 
732078502355177473 
232065732 
998422764 
731295864174575616 
755656506 
715374322198548480 
2508843889 
51175972 
249326966 
353846622 
167919018 
329704402 
788810721152884736 
356499143 
196176331 
794152836028362752 
150050899 
175156608 
782970767982166016 
786544740019818501 
619231475 
74479345 
534788664 
749989561321881600 
716150929 
22809190 
757955848182398978 
759125026096414720 
132046158 
2479135675 
782237707229626368 
3000994599 
2855557492 
450908847 
779984275214966784 
765543863993982976 
364718545 
774810240566988800 
786204219237765124 
256535830 
383108021 
1318637221 
172449081 
1442308897 
33644418 
132844334 
2241310171 
170581233 
777600452502388736 
3404624417 
766977290119045120 
2572811575 
2513964066 
1117542266 
2209152404 
785439582733107200 
2882682509 
4908700432 
787988028832751616 
709780635 
3001354294 
789997368154349568 
83675496 
791361101409714176 
790172786530586624 
216300527 
793157376065110017 
1533732073 
781149234255060992 
794576107911651328 
796085692736552960 
94372403 
1490346848 
15308643 
3247221397 
4689856213 
105060568 
791260649854738432 
2385630697 
2302026794 
768224493609193473 
787612147392077825 
574612649 
430255190 
58875985 
983052924 
30435742 
389433521 
717434197745467395 
2548523179 
35764443 
3997360312 
376801610 
731621403255013377 
237090231 
400294010 
3510823393 
398247040 
4894076393 
356145320 
2805757166 
3385143039 
159485911 
765983988091592705 
520254845 
4177573767 
3173550749 
320849470 
486693068 
303366005 
378645641 
208617799 
794792376367714304 
1467482485 
583233410 
166378109 
748273703402749952 
3429894585 
711358748 
2798075887 
762407578051682304 
1388373691 
3317756074 
90412756 
2845309105 
148016238 
369143483 
768449565297143810 
2841767663 
770553298764062720 
4092385805 
180786661 
20539716 
775015062218080256 
776435938423701505 
4384198342 
1080594216 
1472277654 
1053379838 
274730808 
158445923 
783387092835569664 
715726809183174656 
3646087943 
21327118 
495396373 
582127004 
197455491 
780439938399662080 
279207278 
207223801 
783595960538652672 
197122141 
166968171 
791368154568093697 
1853655540 
239308627 
1263008346 
702799822210867200 
2390944266 
53986768 
733990810044239873 
625616951 
2457310042 
194631397 
439761854 
2933432471 
3144939663 
89176878 
119754204 
2668278716 
395134852 
727457258532134916 
583536663 
713295400 
383987969 
24430870 
3148130585 
1864343796 
706088489918533633 
2540979810 
2493534994 
3363111850 
788124749452959748 
2874375591 
857723184 
85959685 
180615099 
299913157 
422065670 
861965670 
26541705 
279227170 
2303817553 
2172103837 
964503020 
379784149 
201882186 
262186236 
2927222455 
38304940 
19756957 
745000701890170880 
2965751139 
2217731576 
619300365 
3334364662 
68770707 
926279946 
351161902 
1409673907 
2358319476 
498356086 
79810545 
740865759199404033 
2753190791 
721181481 
3407755294 
3144014896 
3058970334 
192933158 
52109649 
2788582668 
323416793 
3345181372 
795008441093935104 
769843017503039488 
245284981 
2371216468 
581273770 
82637400 
238689893 
136846655 
333397387 
3066775632 
81266884 
331829886 
25514600 
626649583 
1071343242 
286879277 
1556511648 
788927430865989632 
1177302223 
218373048 
24074001 
740993287310413825 
137024216 
483831666 
120502839 
629588092 
3092498849 
3040373315 
280540247 
49109612 
755505242142339072 
795384569092419584 
788661100673900545 
3070482475 
2534531050 
823605186 
1666159399 
4152141254 
467863687 
2915511186 
795534649074286592 
1328668386 
2238909122 
366720607 
777606164645187584 
2462379295 
139242182 
250756670 
81695254 
80776088 
65684777 
1601457624 
16103304 
465945184 
242909660 
5912232 
176699252 
32116488 
786835291319316480 
65027445 
2732659038 
11168372 
91222070 
86779446 
745571996495417345 
2398660980 
61207257 
619219587 
24375795 
1725410090 
526628973 
2207971261 
715184503707205632 
18082862 
771120566 
200456671 
22750673 
93910123 
240721274 
613117666 
720652467621466112 
2281942820 
488043475 
1278605634 
889858975 
314069545 
4339067734 
764041085916057600 
132082705 
609521818 
1191241981 
2992578419 
782248523290914817 
51861945 
2287203073 
742698216811028480 
4912874900 
569408184 
112461674 
144755762 
56883193 
106701366 
728035328607424513 
728929431662657537 
3029903699 
729651645550710784 
2283843877 
741496991864131586 
619085606 
2242596344 
117399724 
4094841732 
703313771402383360 
217414440 
731153458351513600 
182078087 
180471212 
768984714451554304 
771573437110157312 
162209991 
768254793185845248 
158708499 
778914300266151936 
29952382 
523098444 
298716836 
2358215748 
2383833434 
2904059188 
819851 
25161569 
528671075 
61492602 
561774319 
325088778 
496094137 
22914116 
307368835 
67131827 
850958094 
3043281130 
108420646 
270906129 
1950674814 
1166263909 
382867112 
2657625932 
764023261336219651 
29620091 
2892473735 
3355009120 
760553359376023552 
2255330526 
467521035 
327499387 
4103006543 
398229111 
53721419 
70900045 
250744876 
31363997 
30597144 
4468779327 
848978216 
274478550 
1148283924 
44949890 
128960879 
569482506 
11195532 
4719738596 
755765742503600133 
259613933 
726552444625408000 
248795646 
250641756 
16511274 
29328707 
284071322 
200219772 
458546043 
1388076674 
87182088 
3596672543 
21609326 
205581120 
2438144276 
578365660 
30862829 
61445206 
273935884 
368939960 
733801621 
72527814 
468436674 
426588201 
2600325254 
128045880 
728221422158516226 
41176329 
8742642 
1332708642 
3908791276 
384550829 
714418874 
18741724 
792845747704258560 
98703000 
347188522 
223430081 
83893557 
150383840 
3422404036 
3513955703 
41430400 
1001390960 
97689034 
207853588 
494363461 
76329706 
69074039 
125991841 
257727892 
2352078128 
21185158 
54161364 
199597866 
34222024 
95972239 
27024872 
318053222 
43199901 
35306978 
835828592 
17053944 
26348226 
17074680 
27553603 
42341973 
19022052 
76963627 
18250336 
321509053 
361302333 
36320714 
19393236 
48676963 
242770970 
77962173 
48673005 
17129326 
987383491 
15807837 
86117950 
1569180318 
217140632 
21994103 
437591452 
1251332575 
16515488 
17047046 
190246525 
10012402 
13918022 
1428575976 
531697681 
404946566 
12432262 
12984852 
15137538 
426816916 
109839156 
375668090 
88936048 
93950513 
113653403 
28543386 
80618068 
46299743 
330860720 
171753220 
787300813 
2870836119 
84307195 
2881373775 
700779655414964224 
2275134727 
126348763 
1017429942 
213274909 
2561610969 
21799699 
39585367 
5695032 
18036441 
5694822 
117171240 
17631078 
17842366 
11348282 
13214462 
19658826 
16895274 
487833518 
19402238 
32372834 
136325501 
88914175 
388345704 
791005045798084608 
791318951968043008 
96102210 
184931891 
759574495 
2724733404 
409526911 
78115180 
53121043 
1262282887 
67060449 
274000611 
252074645 
1479292129 
41818686 
15254487 
17414143 
1587045942 
101773407 
1015733604 
352650591 
16071524 
20792726 
1892057845 
229224677 
750321536985366532 
227248705 
531333752 
22478366 
3239535098 
532115122 
41822696 
397300402 
397344385 
20298671 
208988759 
748018813 
1307614093 
74591556 
856226875 
121497010 
66392518 
52563809 
218601716 
4456157958 
26207038 
19536353 
26441031 
1278991616 
17874544 
14417215 
1305940272 
2208027565 
21933240 
27712593 
6169802 
735102833440260096 
182251200 
2277400008 
47311697 
380777876 
183674248 
1357370060 
48463418 
3039504459 
437804849 
743627461 
64456342 
252248187 
185682899 
912803143 
54243837 
14309674 
132698610 
36346494 
121291606 
1037302568 
733704319833346050 
3431005967 
264116927 
28962963 
139779296 
3252789558 
1114269338 
588035005 
15803034 
34960648 
83836041 
15825547 
54290504 
22832997 
1946971004 
76983632 
19452570 
55158413 
19776354 
324896218 
3061255931 
49588722 
95972995 
50998548 
89421328 
1321882591 
89256517 
443424403 
381733859 
322172045 
56744104 
68813601 
252900809 
1472638129 
287406953 
19657214 
2228466859 
1707876558 
187982680 
291707563 
478826593 
152052584 
56245875 
303596175 
237893933 
2575351538 
24241923 
95430323 
33642739 
125640115 
65654004 
206375063 
244157119 
66436490 
240712581 
135020709 
1694146999 
39765594 
499003625 
23232821 
124154741 
67420860 
244210438 
19726230 
50676075 
216772711 
173998184 
166750545 
22078875 
85664113 
588360385 
181125377 
586459921 
442687450 
415493563 
761795814 
6241952 
3351708159 
1228924321 
712691511532642304 
38515560 
779563062 
98709754 
2429190492 
94063285 
284547647 
298785229 
277295633 
416998156 
397306055 
268470247 
86292908 
71320992 
17093617 
44325507 
3269460114 
799710618 
2165787805 
3245862919 
98877698 
25950355 
38489678 
87715935 
16949344 
27013292 
298029693 
39530187 
25483560 
3164880701 
165367317 
1379662802 
2317634400 
591776330 
2176309836 
732393726933241856 
169171972 
2589793429 
781278711261892608 
194094378 
30047063 
3224063257 
118689933 
526624220 
604416116 
117376676 
1433601674 
1151537048 
54856459 
26751089 
177222469 
10330212 
252069689 
224268051 
128316780 
19935575 
15258320 
255790053 
33200012 
151019768 
220020817 
68507139 
256985617 
22008985 
52482525 
260283921 
94112527 
130690145 
2204962711 
3297833260 
135998539 
14332186 
18216985 
22652834 
80940254 
163407341 
18815110 
403530301 
289311562 
185550577 
19766166 
711909209730785280 
2979836014 
4653391515 
35247186 
349881551 
1402434060 
19022161 
4697243592 
108601010 
2195785868 
902349074 
222301341 
582986487 
2235490802 
790911524 
3266407620 
456713831 
2546942672 
55382578 
2512604281 
747441761128189952 
4818030580 
41308320 
839549586 
15862891 
14647570 
190678954 
2396547968 
3907382243 
1860665467 
25997546 
1246397209 
962997733 
82967815 
1292020495 
373236286 
376019079 
22038701 
2650100144 
9104202 
1578043165 
2714983898 
2216245224 
463053348 
14066087 
397317974 
211237746 
277478106 
148879311 
370111399 
36673540 
112386661 
167518379 
293957925 
525667021 
125656432 
3301524675 
417108507 
28085576 
417028546 
806545 
854932032 
928474448 
1450773104 
67941602 
29093157 
144972081 
27596259 
380816062 
12819112 
41561657 
262665364 
59126394 
158378782 
402875257 
160877807 
148815591 
350424151 
433664531 
15237935 
854581958 
1588854877 
224631899 
185667152 
119401334 
44553548 
253588542 
20513353 
14420132 
22474349 
4742714607 
