74486139 
976041738 
368602969 
757296962739793920 
762547678387408896 
1860480558 
3019340890 
21373491 
738617959816400896 
23504870 
21111883 
491825497 
53058714 
27055887 
67454437 
28778611 
2678163216 
263885358 
2696442295 
130997057 
253253039 
22650211 
40539779 
2480693664 
15846407 
334053327 
17696167 
27311044 
36968838 
2277847605 
17416081 
15888142 
2206117968 
18009781 
18429258 
1027822574 
152347265 
354977177 
2371361225 
18326837 
26090319 
32340023 
44039298 
29613807 
1467717373 
253813094 
277596528 
239696640 
208892002 
49878266 
537793876 
47460952 
88712073 
862483279 
58166411 
19602869 
29107434 
24291261 
17328856 
165445446 
386244525 
27825390 
94113060 
256409561 
117093671 
17597065 
59360329 
21837943 
37785221 
47720230 
22839066 
26053643 
15479484 
18560210 
165912715 
20617476 
63525534 
80773930 
40280830 
32378913 
30673508 
36141681 
84230368 
42782091 
5660532 
29787675 
22574906 
14075928 
35577173 
29344169 
53817916 
29132213 
61374927 
19637934 
23680913 
16144620 
19932404 
16579345 
23089953 
40768837 
38259087 
15227791 
17074822 
14790899 
