736417956 
179829897 
1479568758 
89005644 
1653530443 
79045500 
17328030 
135839250 
151008804 
2860160796 
17019152 
130159846 
39927901 
1290082680 
96851347 
34192959 
369583954 
30602016 
1183887576 
705215780 
35026720 
79827261 
153156412 
39538010 
595179319 
23151437 
49585215 
20015311 
709540733456224257 
38531995 
50145722 
262172582 
28206360 
573459961 
173721593 
17087270 
442523449 
46757455 
124261043 
2872661847 
87070315 
23541684 
303535030 
18948541 
918346674 
984413802 
1078287655 
79671917 
581579728 
64496398 
2549647958 
291547392 
19575777 
37000209 
176965463 
225818852 
82375422 
16305330 
67197351 
83265346 
508086493 
22584256 
12728672 
111946118 
18588279 
183022206 
348058612 
25570524 
33323849 
1019464058 
103565377 
468471298 
366075731 
267305045 
110365072 
6741632 
167781199 
34507480 
2343994460 
15769327 
9890492 
323872736 
2606527448 
2994622307 
348682754 
1327645560 
2796910988 
109195237 
476199422 
718495181914316801 
33787936 
25365536 
74169715 
717871045970173952 
2625176466 
46476526 
33923443 
100563581 
281146676 
376495795 
236699098 
98199951 
26250653 
834988327 
527702422 
65289126 
2893511188 
68497896 
520180883 
264498030 
19212009 
4389940215 
407137170 
2908575324 
275697180 
1649633971 
125786481 
2177420990 
1446460165 
1121163822 
3158128076 
110398012 
2655830472 
2778537414 
38935952 
1426620505 
1209309782 
148760908 
87284779 
1416443976 
123757534 
296623811 
2257133672 
398420337 
27466653 
958156806 
286742737 
2982751277 
1512429584 
147305691 
472967330 
2501274093 
1022245675 
1635979987 
20008093 
174953869 
95319180 
345808170 
978908012 
1546270652 
284441324 
786796010 
1463880866 
615214819 
1681324362 
28066028 
66699013 
59754793 
34900333 
2223592103 
250083780 
34903803 
2896294831 
1520006918 
2385749072 
120852219 
480511557 
1895791195 
17565514 
115700178 
149760844 
1209342523 
166739404 
47571031 
1438162062 
118024094 
831584965 
337883118 
586189030 
557455977 
1322319715 
424177487 
97078296 
15339508 
133867955 
2326246340 
84071601 
195762277 
1157093671 
1358728615 
78693749 
114423418 
233924133 
70957640 
328918379 
357830160 
1498628336 
79708561 
130496844 
67602060 
850869517 
133880286 
33933259 
521739932 
830398214 
17525171 
33332944 
135973690 
15014405 
85970738 
18040878 
120175536 
134936026 
37836873 
224958320 
18655891 
227121370 
538761714 
349157263 
39932652 
21761627 
74626521 
32774989 
246247684 
268574796 
55445383 
16966162 
258620242 
264058981 
67335911 
551149727 
28096105 
282795638 
45468548 
34663865 
226997663 
210684204 
212711543 
32688098 
18548136 
6176772 
24929621 
21040811 
30279060 
112921153 
73443014 
24429243 
2232132846 
1960283150 
1273619570 
35472060 
417565340 
47285504 
47786101 
105574103 
131102007 
78505360 
235555412 
336136111 
382561193 
1264788474 
176224244 
175605389 
390860562 
843112550 
2212793833 
81001513 
99859985 
495605961 
23613479 
1269414228 
237634998 
95023423 
337502808 
488908367 
88856792 
527388125 
25215221 
24716740 
292042032 
145107843 
247799741 
744463010 
199110089 
1400837108 
525821517 
400770714 
82939583 
1401009632 
139399835 
176566242 
1305995330 
605778097 
523512145 
539346121 
227626917 
525312787 
487843424 
265696487 
210238655 
375383001 
487736815 
30930236 
127245578 
206052014 
940149631 
145125358 
874368012 
265554862 
784680583 
476234589 
312230865 
555928038 
68210284 
101311381 
270369094 
93167589 
86968317 
29341990 
96013710 
17467600 
28272626 
281766200 
27750964 
70803866 
132774626 
236738600 
461247783 
429385529 
568825492 
27022925 
407261533 
488242107 
55728361 
204887235 
302974524 
166747718 
485854360 
749952350 
517680491 
525060895 
30735072 
629097517 
149915877 
513159565 
139951730 
266791973 
321445166 
61003804 
524962944 
416983726 
142371311 
302281442 
330088095 
227501629 
257799442 
203021499 
268414482 
239161478 
73970649 
137099011 
296723507 
126990459 
64019328 
280157793 
297714195 
272055657 
61484151 
323634172 
456371141 
73593143 
102325442 
27260086 
