1171555668 
45903251 
62552214 
2422385298 
3045181092 
3082163842 
963161418 
46188654 
275567659 
2303751216 
55472407 
465679742 
180651505 
1626139567 
174519340 
15666380 
199409161 
1008730105 
16307380 
144820539 
2317875296 
1120041709 
1416200185 
2253763670 
398124207 
532074746 
2312304942 
1087183776 
520513994 
30747788 
28477204 
17183435 
156195389 
100728306 
966318440 
41683371 
17554752 
726034975 
753863899 
86632728 
167796962 
87208839 
121890898 
108348897 
117896469 
281036255 
346207393 
20715956 
991166178 
1267538365 
1444929457 
457046820 
1285681616 
1238847458 
7196812 
405033226 
635604793 
322776043 
1586752603 
949362182 
402125623 
39669597 
127976972 
197533427 
135789579 
88928528 
163075249 
39369366 
61634217 
253942007 
132549515 
120096918 
96559370 
132503423 
140143853 
590953619 
71234465 
16176754 
33852840 
474876211 
196680870 
162844788 
71522553 
473289197 
10461 
47359057 
91333167 
220145170 
220139885 
25524787 
93494670 
109958517 
175334166 
199284530 
250648713 
92614042 
215219636 
149449715 
275028829 
473904886 
33213660 
393621632 
45960281 
37710752 
19401690 
179308706 
247289558 
109958944 
19725644 
100394466 
94119909 
75167900 
100076513 
171782897 
19443418 
98705778 
2305311 
29131614 
262210345 
20779255 
84653539 
20946945 
604758573 
161609480 
597061662 
53336041 
35786102 
1116336738 
16909733 
5561882 
898908457 
130502962 
123096209 
96641321 
102452881 
2181502076 
423366032 
373523855 
52399349 
1973078870 
47342249 
161014915 
17058267 
1388903054 
375722579 
1450491685 
42750158 
19402238 
19658826 
14647570 
8963722 
541656550 
15110431 
21581503 
1435461 
403270402 
130677815 
88034090 
26115476 
132782503 
12097402 
993772788 
78361116 
27925923 
10783332 
825542593 
358279052 
26749788 
120176341 
1320595622 
50417871 
321330058 
1312236666 
1338736646 
1254531013 
237430509 
605528266 
1179579128 
24930609 
220889164 
24135157 
1228624747 
537814293 
17830396 
20476450 
67011962 
50023846 
1124018000 
23175265 
22809805 
252947321 
118361909 
22785224 
31611970 
200958004 
82285908 
173818884 
41257576 
1295984204 
960377364 
954534900 
336949847 
16912500 
1303430538 
860244798 
39817231 
595507746 
187375788 
29616796 
1048835720 
40521684 
18150127 
355744080 
69676771 
630668584 
732894217 
210944453 
240767579 
1494349940 
256629271 
1556624696 
1548972145 
1550637030 
482580408 
11747492 
1452297414 
576329110 
1244470915 
18327139 
1444776440 
253603966 
316518255 
1618469432 
303349881 
84057434 
1410323406 
1135252615 
15810838 
18190885 
561748417 
868871905 
54576200 
433589697 
1109997607 
1691991799 
328217047 
714577849 
288886923 
34882598 
556894422 
67703399 
1096960177 
1930089624 
909023670 
1699397096 
228415471 
1661829043 
1544020176 
891972517 
219954066 
977338388 
1670274800 
44442541 
35648240 
2212843999 
1923397754 
63499964 
1286118920 
1469680898 
117482111 
2209311162 
2246561532 
22199352 
445021416 
23259627 
2256486061 
245310632 
580427015 
148481733 
603367602 
860158302 
1403263087 
62640737 
222622997 
1102381872 
240840811 
564930438 
19331736 
22272053 
90778418 
579299426 
142717373 
516662125 
11050032 
42883134 
57542239 
306246719 
480493093 
577229163 
203479775 
275364002 
278688410 
280319775 
233529559 
49022240 
576449920 
169210024 
348522881 
143170980 
412518278 
18871681 
322814200 
359600011 
107563743 
413263746 
393033324 
94642927 
119802433 
79969564 
31292265 
17093617 
89036871 
49666871 
94111457 
