720799154 
165121800 
2962753991 
487736815 
20962019 
843771913231093760 
29450962 
36686040 
2530947115 
19595532 
79923701 
15191919 
459932105 
109477170 
14662016 
1657647558 
780895162499117056 
242426145 
333831270 
30820181 
19405874 
49698134 
205864193 
158426909 
48802204 
104989762 
2253142422 
93714983 
1429180754 
2784810780 
243632280 
256556167 
270528767 
33090431 
18084959 
82413577 
2371165693 
117511679 
40221971 
36133536 
20790187 
170541102 
19750159 
271505240 
31611298 
113471773 
38259937 
15113324 
3430165582 
43186982 
160830980 
426962930 
4949561 
58054106 
23799349 
115485051 
113897988 
102488708 
38086262 
16825573 
844388588 
787436784078688256 
437887448 
3622668254 
224459059 
118105330 
1400662604 
288005071 
487833518 
790554156830457856 
829056922133336065 
1969685005 
827876098595766272 
897861037 
89956896 
21814671 
3340568303 
11174412 
814417015079321600 
71448265 
85042073 
16485116 
824876295607554050 
28931314 
26085218 
13070362 
3530911 
806980619863552000 
166252256 
716468639050760192 
1037321378 
15461733 
824320219866923018 
3240143771 
800942537083068416 
55937988 
1286289168 
1711016023 
1388664121 
709589785 
343407138 
19290523 
111271190 
15066271 
337199716 
718541935 
62413708 
27808538 
146954414 
1901740932 
21001534 
19117286 
768965604 
166203500 
2940962304 
1096316610 
2882413844 
248703148 
1747588158 
17188138 
1016454667 
29005426 
4706364672 
197301721 
798207164141731840 
14175549 
804883120193466368 
44353971 
109422210 
21223333 
47902921 
145670588 
756700090123882496 
161360957 
20783 
3041324620 
384316868 
2269494788 
3911216058 
769569643 
809460693342646272 
59371610 
363597002 
24578794 
28935553 
803445394520743936 
4700210473 
36676117 
29442313 
17220934 
537585766 
342845258 
11229232 
11229162 
8623332 
11229332 
42096654 
18928764 
65360193 
2354943566 
203060129 
490098353 
66253118 
125770289 
18436350 
15976705 
1705865744 
2587658342 
2507575169 
25007611 
27960197 
2285728958 
49736166 
539184000 
288452305 
130617778 
525579309 
91145174 
17663776 
2926733024 
365708650 
14278608 
2596914176 
790006494146224128 
3152112661 
271725689 
118961890 
719578493504212992 
1477312464 
29867399 
17628446 
46696817 
28221296 
34387981 
17073988 
373157754 
19515424 
14630696 
2202129271 
594666501 
704414709051580417 
77123276 
17000737 
10938882 
20571756 
570369724 
2979430185 
106109075 
2795845802 
3047869921 
776116344391602176 
17424107 
738377048926916608 
39651952 
1599329664 
355738618 
18725815 
746315791650459648 
169590547 
20900546 
2468886751 
14109485 
781186479921954817 
15744859 
31208184 
581281519 
3685103662 
3685179383 
4455979400 
3424829663 
2279844522 
322409481 
236930610 
702822719646085121 
2970447778 
2708097140 
17004618 
3803675113 
3424949529 
4836998533 
20686733 
22060294 
1349849700 
356395610 
431765325 
782299603454480384 
66623612 
20518193 
2852243215 
759251 
2240756971 
2238460903 
8953122 
9140752 
19568591 
405291102 
234062645 
116801673 
26328718 
14170924 
2853461537 
2306083502 
164275834 
33152005 
3433028235 
22056372 
4327242015 
559772384 
86029229 
1943929633 
779416353019203584 
2332617303 
2201496073 
215207998 
32004130 
284602545 
124003770 
25203361 
3529643783 
15407099 
3286687784 
24764532 
700419639822716929 
14836915 
759387338241875968 
104798321 
130177606 
18908906 
349247641 
4923886082 
537793936 
3105618722 
1480981692 
21331143 
181995347 
702985733393371136 
1034261 
776731928569319424 
209283586 
37676815 
59346212 
4744044582 
757100975609917440 
15852860 
3131670527 
85794542 
16264803 
286061372 
565559846 
767838602071937024 
5575022 
2688671438 
32913110 
60040821 
330093 
702147673651027968 
138624623 
16689804 
43117170 
712499828 
25853904 
14669794 
173450331 
190138306 
106790147 
3011739366 
551042176 
752027731877957633 
2332346064 
750750336046931969 
926674290 
2753252552 
721876664423026690 
9300262 
1592358344 
26657119 
20818801 
14717197 
55355654 
22267908 
13493302 
2737555908 
1632375415 
55117855 
180506171 
701034195833851904 
571214272 
61863728 
19030270 
2440596769 
351634860 
233981463 
3187850010 
14467793 
2163177444 
2634375324 
27035611 
5974442 
714303679290060801 
756268925629845505 
2674981758 
45792701 
23504870 
2751438144 
467047460 
400854464 
2223688086 
47216804 
757303975 
409486555 
27830629 
196476301 
199095219 
2318650362 
82282572 
3106082619 
258933876 
366690534 
183861078 
143539739 
741587984168849408 
738025052378013696 
3927422953 
1661076360 
734068281103941633 
741349442465320960 
251933260 
455247714 
14944566 
3321423083 
32538020 
1689552968 
570071573 
20237809 
3420477195 
15808765 
150078976 
172858784 
38314522 
46335511 
55471903 
1868171930 
103652294 
3266441400 
1335711164 
26388402 
373616988 
279485485 
2800376528 
70555661 
19313479 
186361471 
14617783 
18765167 
301560818 
304738826 
3983336054 
2326165710 
2165822131 
2303751216 
16017475 
291386457 
4096924456 
128656953 
937453657 
737702323078766592 
2343779964 
194701813 
1265456449 
3073145506 
730111145139273728 
83562646 
63796828 
18130749 
728436164814770176 
16151835 
6771712 
243320098 
46666103 
72122954 
14066358 
41187534 
226563301 
970207298 
1287043238 
363234690 
3065618342 
24296208 
2582916834 
38051709 
44670484 
2784527984 
68328039 
342368848 
128378162 
357606935 
2184844117 
3039154893 
102171805 
9210392 
2952709850 
726506042272538624 
522381584 
2569580123 
4374437189 
3369198335 
2248381364 
32577801 
232141499 
976396477 
121135592 
4515525254 
31098756 
16267655 
25341604 
315694496 
3053338062 
2654808228 
70421986 
33029059 
4970411 
55134984 
9184682 
89276694 
14367425 
15492359 
24908105 
705457003162836993 
3309064867 
140074826 
29612281 
239776804 
33637947 
207205601 
14545580 
13238242 
3166953201 
132071541 
631303299 
91009752 
15987295 
12418482 
21442019 
15946668 
709829883065724929 
173833011 
59085460 
92564998 
711909581392367616 
472468784 
327672977 
168845254 
56510427 
2321403703 
2328954416 
14074341 
25709257 
2348390814 
4706221216 
3303600730 
40018901 
361842370 
3194847035 
555610095 
2744002243 
5120691 
35982022 
22513919 
150772999 
17970975 
11350222 
3003268005 
17469492 
215060612 
20461139 
9624742 
19291479 
541158674 
263988829 
66369181 
599871033 
1183308564 
80965718 
475176711 
1475477161 
188363175 
1149312193 
2496592292 
15221459 
132501275 
17334356 
34619600 
4531940473 
52518089 
16817883 
2377357742 
3132360687 
78406492 
68451311 
2163791179 
27531390 
3404297319 
1524976560 
3431790028 
1024391197 
2316155956 
1533844754 
879153462 
2284053980 
707339887 
40683302 
28419211 
3012520675 
80933030 
52678124 
59862642 
66472036 
56443882 
383057324 
579006169 
21112703 
1032741 
328690856 
316731468 
143264018 
4914911667 
32977765 
866880764 
814304 
255640122 
147401895 
210527703 
1117145024 
1282121312 
705113652471439361 
52168389 
324188665 
2854567114 
414488432 
22322730 
68219213 
253022577 
437776298 
16422679 
763719786 
3349945421 
2358221006 
81290806 
136771561 
3014889545 
2355279740 
14385307 
14997156 
2912827242 
3017800264 
2902039637 
2569683911 
2763138615 
21463449 
95094652 
41980825 
33537142 
1561705681 
804683322 
522538187 
2628002279 
30032828 
1581922746 
41073372 
3244112573 
4212888317 
3599159962 
37074061 
19834403 
3040071559 
189271022 
1143964736 
2251325004 
4781730912 
246343268 
3232941096 
15000857 
15927843 
1033054286 
885276883 
555167804 
393351090 
3289115789 
38880009 
3249140587 
546420274 
15306907 
182096351 
255979502 
341364098 
43963249 
115979444 
14466538 
16789970 
14676022 
14377605 
899902687 
60828944 
242836537 
2994987351 
15939889 
476256944 
72198806 
15442036 
17494010 
247334603 
1115269770 
87937244 
91180720 
4207961 
27927169 
38015668 
374098382 
3336478179 
3826935315 
2479087773 
19185005 
45862504 
1606073480 
605797064 
14269660 
17202417 
801671030 
257902279 
498063239 
49793447 
412447461 
52775726 
3859287628 
1197461928 
38245723 
23890475 
14516920 
57675502 
60784126 
182954380 
588425671 
196870484 
11364772 
14628574 
177101260 
3238205112 
334738427 
62075866 
1327734084 
4036464924 
102769739 
132278386 
76456274 
540458083 
1904836118 
803665045 
606517190 
3687721995 
2991340725 
25280477 
2998762651 
4503820214 
17730840 
106774431 
295965966 
34973447 
110075039 
28049003 
1939696088 
122876314 
150256656 
1116725156 
920925912 
320134516 
862483279 
421944319 
15143478 
15506669 
4223445695 
18393545 
14446054 
400772213 
1660820522 
24937082 
26110037 
2806539482 
15246993 
15852140 
351432593 
1949364050 
84308835 
564140394 
1672821 
45341566 
275096678 
385554143 
946974264 
14763324 
2937561109 
39600392 
3109013634 
91389277 
822215679726100480 
1536791610 
822215673812119553 
30313925 
14075928 
14563376 
1632553748 
21111883 
3424446287 
7765612 
2286979250 
19425328 
3376852415 
1705171262 
1431157219 
3232054991 
15764644 
78161396 
77942339 
44513878 
347356568 
3024375403 
19006522 
3148490346 
189253902 
28123862 
1327265455 
111778335 
27976174 
6328882 
300774820 
16475194 
47133964 
19077150 
549766215 
39429397 
86084908 
15534499 
15089415 
348968125 
39455887 
27933580 
62584402 
236185346 
276912001 
269732133 
139507913 
3342152225 
3073871212 
3447352888 
34113439 
57427456 
995730049 
14963150 
2876337090 
30364057 
19697415 
500042487 
2317351705 
316389142 
297422541 
1073677789 
3384681724 
3048154071 
354987954 
3064199788 
3167223209 
321319546 
244627772 
39933 
21163925 
14761795 
1456122079 
2252483512 
253582818 
606357050 
865844180 
872276042 
1077001968 
2327479022 
14496538 
23991290 
15458694 
1385596117 
15966494 
3079399590 
34908116 
1730530886 
1019909521 
78961309 
1687064828 
143134601 
53975095 
3307599503 
2176731084 
66727905 
15169176 
138725262 
180200031 
15165493 
15500649 
34554134 
28016036 
21375309 
1568471724 
602813224 
7298592 
578497634 
17781165 
14647570 
19402238 
19658826 
1357422229 
2958864772 
15007113 
17939037 
3111935387 
1322201035 
1919001 
16958346 
1278451134 
2233795627 
3247103250 
37977796 
20479813 
558132736 
2832231410 
127582945 
472132412 
3119923423 
3164445762 
907365997 
2451433968 
60173249 
266369226 
240843592 
28206360 
2933871992 
343357765 
9542662 
681813 
21060414 
481039712 
15828527 
515771933 
267923746 
2329024951 
22179835 
6345532 
24585498 
146315993 
1594625916 
34695670 
72644483 
363976433 
437520768 
1227517303 
2562509436 
2543629379 
2459541229 
484991854 
543582293 
2325202999 
52066462 
41441873 
109571377 
82453323 
127958577 
87520051 
284616690 
274151347 
634561043 
290876018 
351640699 
386915587 
537588875 
497139188 
390287262 
330921167 
35877766 
11232732 
104517739 
325830217 
818910970567344128 
1093090866 
818876014390603776 
292025404 
2832307861 
3131534429 
15026654 
2957697697 
2742923252 
2233626818 
38955381 
2233154425 
316117753 
2427818234 
95034053 
3072141526 
3068758269 
65289126 
14349513 
92356429 
371230439 
520680837 
205019662 
43366650 
31233851 
19937350 
59524045 
467739426 
376819015 
22845770 
399694528 
1160184949 
15015598 
2185159123 
124861439 
83820762 
2431984819 
17898494 
314724279 
15846407 
62513246 
33773592 
816556332 
32782437 
2478412411 
1678265455 
48133872 
228593079 
2480232330 
16178922 
6054912 
1095991 
21634600 
2323087748 
552582271 
203654782 
291651885 
1514232522 
16889710 
2434527086 
83261311 
338444460 
24595743 
3011669413 
20690398 
47374533 
115018983 
1352558239 
250805573 
19738805 
17064600 
268333627 
780991 
2614204280 
817386 
158414847 
751210663 
437215316 
249165540 
579986204 
540411016 
290147834 
712741374 
62824222 
2524080308 
1597131410 
2165590241 
33446440 
2285482363 
782255359 
47667972 
23913114 
14818167 
26019761 
29821266 
2694038449 
46655109 
22114561 
17137628 
166739404 
2327359038 
14874637 
597950643 
18435372 
15300187 
32430393 
23694956 
104969057 
602317143 
341218443 
82853372 
71502330 
843815960 
51622946 
2377300640 
2745814000 
59077428 
192511759 
22151193 
1542533869 
14584200 
399695036 
14983833 
2799643209 
1463788003 
16866805 
17905585 
37674250 
2916970306 
16581604 
2902132127 
202481257 
868323517 
167511427 
2855224246 
17503180 
2797582312 
18525154 
93957809 
2915380440 
2906550264 
29472803 
19802879 
33602654 
133512149 
2813530168 
96997907 
20060293 
2830247624 
30529011 
14848513 
243293725 
223608689 
993805004 
14174897 
1451773004 
17384099 
401651305 
785377020 
208442526 
2865306802 
1253218484 
286452835 
253536357 
922981224 
249710733 
594750433 
2842060839 
63485337 
12570132 
617776908 
5971922 
767 
411495519 
2795864307 
22521914 
1325475392 
194347664 
14807898 
217900600 
237417499 
89549802 
16939270 
19560044 
17298365 
7081402 
90778418 
2484616392 
43166813 
1299995892 
1115148079 
337886919 
557994355 
23125802 
16465385 
1392561704 
50393960 
11866582 
15402623 
2820082340 
312937997 
260306257 
2485487425 
1971796172 
2589618720 
146538068 
30953170 
37965564 
2732159899 
2481259705 
13656552 
15180686 
1248010915 
245548093 
1666161774 
46449970 
567665280 
15753894 
16711778 
35749264 
2533456616 
28361545 
16630098 
153784150 
17011177 
22162854 
2425465064 
280841036 
2375721396 
14589257 
394216985 
1666038950 
19103481 
11150432 
4767021 
21240991 
17824922 
338534212 
344538987 
14171401 
18755518 
60813201 
137699869 
1523464957 
10433802 
2290329104 
15249166 
16870421 
393655960 
21982720 
2470106107 
2463458419 
15880163 
2452675008 
594617548 
310804819 
13198 
975207246 
251259054 
41712825 
351221537 
48150931 
14903310 
752493247 
16920675 
81381725 
24167314 
10099732 
244794558 
46660868 
1629106706 
2302891130 
1270727232 
2470025095 
21436960 
1220052860 
330307628 
72675862 
2339590873 
130694712 
6280722 
47489753 
54300251 
15730053 
16887429 
14100273 
23664532 
15032761 
6474072 
18728980 
11420652 
470939544 
1202831161 
362286999 
73147282 
2155418436 
20383181 
29936685 
297065901 
1583811 
1096866086 
44177383 
125499355 
70632318 
2195887807 
348426046 
2314435878 
14224219 
2319550663 
1227573751 
93115130 
164183695 
658353 
2358943320 
2369419501 
2280544636 
13394572 
14457872 
33989322 
13490452 
65948622 
1330457336 
20342244 
1339835893 
340613443 
17325846 
135080186 
122542959 
56768257 
1921222806 
383518962 
27102630 
1344542779 
32718488 
15857826 
357312062 
394155979 
361289499 
851668080 
2358696937 
205826282 
69330760 
14500711 
1469101279 
2735591 
1618719721 
2206608234 
1252155103 
164430244 
332376551 
1437963260 
49527270 
714758552 
107872211 
14775006 
1398412014 
799383890 
16085367 
11232892 
611714212 
1134868981 
68143335 
995947675 
20309401 
29143283 
23631859 
290287413 
889129392 
53569692 
28292591 
15116631 
92492153 
54206230 
80202068 
68575152 
1183232918 
11758862 
16280091 
784304 
13298072 
19389037 
249376785 
16257994 
5548212 
1372383062 
166273518 
522353233 
18396070 
27557141 
15813086 
26635942 
14116807 
35686156 
20434390 
19474777 
1595615893 
314762910 
404914804 
316572729 
270946281 
1333467482 
707471022 
915465450 
574032254 
1643500784 
1426204208 
1380695610 
1413332510 
91478624 
46837700 
27760317 
234053160 
1557008785 
337341113 
490748160 
18733427 
1636590253 
32522234 
75316890 
1541753622 
1917762037 
1064858047 
209130540 
167357509 
249887374 
1683676064 
68912189 
126628622 
1877921340 
19194943 
179657772 
24222556 
250980843 
117111005 
1692155107 
1350439620 
956652830 
24670677 
423940083 
1571171270 
107589725 
192231853 
36782237 
373727589 
1245078146 
235348644 
48370582 
20321789 
18774477 
978944851 
14645160 
517094361 
469593131 
22275457 
64474365 
420912428 
376251975 
734555118 
21901726 
1041442471 
13691782 
15724103 
75641903 
304679484 
22461427 
15249156 
128956175 
378171907 
15661871 
7861622 
36765490 
3923761 
94342627 
610109660 
89879653 
113439399 
6708952 
7753922 
40426996 
14238465 
14402248 
211921304 
934681 
18148898 
95151650 
17456146 
12413822 
17440111 
113211856 
1176887138 
120067311 
454340464 
9961632 
418898423 
15531582 
1214155938 
16186995 
586671909 
34217525 
329575144 
475165737 
1183041 
465143733 
15227791 
1007905507 
1609312910 
36719499 
41134266 
14514242 
444047846 
8835652 
52129399 
6374602 
437142910 
1326418243 
16129920 
31353077 
90957491 
7434272 
14824849 
57073296 
11232902 
14749383 
18393773 
20119483 
370345656 
26906309 
90420314 
1081962504 
237845487 
44570946 
407440512 
406529359 
261180188 
128535715 
555928038 
1306309046 
1290281077 
25249814 
26208862 
36171035 
18309656 
803542770 
537441310 
15431856 
168707476 
50115087 
8161232 
15293735 
1113541 
65055803 
17535901 
15608616 
7145732 
17657037 
7057512 
158892855 
45652524 
81882200 
55041448 
22979442 
626295071 
28519941 
22938914 
46981821 
175624200 
12650332 
545566636 
156263152 
234888589 
18895794 
518056725 
57635837 
729070262 
19224439 
118526374 
58028738 
18791654 
5277981 
31181568 
133188015 
91628200 
469078405 
41267896 
205388571 
19011725 
599430842 
24676931 
33850703 
25602014 
20567743 
23492385 
454246582 
190025382 
336136251 
315463539 
323934218 
293161995 
453647266 
537555179 
16710946 
15032882 
15662133 
266464616 
14070891 
506990949 
15921173 
19725644 
86336234 
23503181 
188046098 
21770611 
14208982 
7861312 
3669121 
351621695 
225411266 
85891683 
65647594 
15473958 
128333707 
16106135 
173116059 
183672041 
14511951 
37710752 
33998183 
11312652 
66029408 
207878118 
11348282 
10810102 
186154646 
16303106 
194703864 
70795230 
54712148 
5807512 
44196397 
224287785 
18735150 
22143082 
24167333 
58561993 
58560480 
11348722 
32406021 
15486950 
19366651 
18558094 
34743251 
273312327 
384848172 
9967392 
15944875 
106170223 
68506041 
111417054 
15612654 
339417167 
15318717 
156981152 
15919988 
37005976 
180419242 
11232742 
17217640 
16580226 
16378486 
11180212 
90694129 
52758395 
16144125 
52768208 
91409081 
53175445 
14061092 
133548197 
6456482 
65707359 
7682732 
20609518 
153944899 
37734366 
102792727 
127584754 
28576135 
119897041 
111572880 
14807853 
46220856 
82113175 
41127809 
5408852 
74201997 
17844829 
14217740 
59532329 
19942635 
62964627 
62829259 
52002456 
813286 
44161500 
7395782 
37788181 
47007892 
14710129 
15619821 
12437282 
44111806 
32520177 
