17431697 
14647570 
46245904 
513328122 
574544149 
110190547 
1859511758 
269599140 
715580572555292672 
16491239 
3333507717 
806737346 
4698759680 
4817302109 
696025468252897281 
333463699 
548225907 
1320482592 
2997324103 
17476667 
180035296 
24175686 
628501137 
16001276 
2436261571 
121947320 
760033537 
318620011 
237774171 
2773375441 
259116777 
1599039475 
2355295488 
14857413 
82670164 
324095750 
15079673 
43968258 
23587146 
4714721003 
3968741837 
1879795843 
4753316780 
4835841920 
4859060446 
4764536958 
17237540 
4621425143 
4444072032 
119120977 
278680615 
360398512 
2254222754 
2882254061 
4447289003 
45960001 
17416707 
17374056 
4511716826 
3185802536 
4744629202 
4745460137 
4621977868 
4621978755 
4629271522 
4633156755 
4629135316 
4625232022 
4386265755 
4184614212 
4514033232 
17218582 
33647963 
4343525909 
4009057402 
4439845096 
3345145906 
4377096255 
2810627093 
3751907122 
3465002548 
3937999815 
11348282 
1344951 
44196397 
13298072 
34743251 
1654188770 
