834988327 
2388931039 
255335896 
2954644933 
2485800751 
1675176944 
1146728694 
1092777318 
581312437 
862069657 
2498960456 
734622752720736256 
2549647958 
2466467903 
562266134 
2632284821 
3164980015 
586254277 
862121720 
20949503 
2717557345 
989429790 
867047762 
2916242880 
353133059 
1432114224 
1335951494 
125361168 
596767263 
370419168 
1050820447 
2394828897 
4769420115 
1519073424 
2349942974 
911142252 
1105455990 
461989664 
54360288 
24818581 
396086694 
228515266 
1581241297 
284969224 
966927354 
1573408398 
1698040651 
810483626 
2896405353 
2210416492 
2369153694 
499758610 
314285408 
2325621853 
1320073344 
1629569760 
1567120171 
2327717552 
2329606734 
167555974 
2927292614 
16933337 
2165651892 
2800971444 
1478955368 
2351600765 
926114798 
2727553743 
194352680 
2787938431 
1089746396 
486973088 
524730072 
2470325805 
2359717144 
807535836 
585937668 
163006467 
757712755 
91411059 
22068704 
2350727587 
1373368608 
2458481173 
421195810 
2201060436 
485370684 
2436129961 
144529232 
1018225862 
457026966 
2887124302 
961747664 
2486151379 
2538320492 
894537902 
1060642106 
618906390 
302281442 
2269130208 
157127270 
19090871 
623581581 
32128600 
1701044448 
1645975554 
2911323440 
488908367 
2787199064 
2922266132 
507265907 
1643849389 
3514240823 
1253397445 
1258398914 
2586788898 
116170745 
1446896970 
2600568907 
362559925 
2446047506 
2434039380 
955602331 
483352158 
3143003737 
452748588 
315622616 
2196891614 
2848149332 
601298466 
2565473791 
875607744 
2272856978 
1113388932 
2251495428 
2918015942 
4029222215 
1236601488 
2453536076 
4146532588 
2739992415 
2841620877 
2905726521 
101860691 
389320269 
310369406 
73787224 
1244421032 
207426991 
898698553 
874368012 
213773056 
930108906 
91020409 
894355597 
940569967 
76908416 
457692129 
2521182678 
2381286187 
2772291476 
149915877 
705674170 
1481073828 
2191456231 
1963890170 
741702152 
899271805 
2563734218 
3226260414 
1399489645 
2602973341 
1664115324 
615900983 
1568373776 
897189992 
603269472 
3131368200 
2868194670 
613913776 
544447414 
2752942779 
579342963 
2778842292 
914045449 
130765107 
139757328 
2858427224 
81001513 
924066169 
2731816889 
2292558995 
2272839091 
3256182960 
2786666684 
428665209 
1678941206 
1031599578 
2422742947 
3147024002 
141695305 
298027175 
2794441796 
2845857403 
244018192 
2293864124 
877998277 
925389540 
2716997492 
1109164374 
2903337401 
1648125986 
968885815 
3317187865 
2632716033 
90252217 
3102503535 
2349119682 
1369807202 
36013388 
578990250 
518573575 
520180883 
2315834778 
426494716 
170157266 
1730308896 
1414153369 
2588754918 
1441093243 
2987620812 
1408603196 
1891280354 
2266209018 
221197757 
50618718 
1098364164 
462636532 
1034119346 
4324213336 
1963823209 
2356154482 
27266362 
319861696 
2650603803 
341658039 
1483237772 
624556771 
344443602 
1469132198 
43042353 
2511936913 
619602908 
2728723623 
306311917 
155068208 
2478045313 
2368289594 
1120654448 
995642455 
393456494 
3375148312 
2977419094 
581033983 
2238552619 
1222875848 
541772949 
79688612 
1326941466 
1584742680 
443449421 
93776473 
1027468086 
1012353787 
2205082777 
3233178816 
1665731966 
1863807403 
29077464 
354139571 
2463262094 
3975447321 
1414112568 
3314121438 
2384819528 
627627518 
212104608 
478381421 
491830200 
148208049 
321633283 
210522059 
2617242450 
188230263 
128473630 
548006311 
1240491098 
424399010 
821276 
2369312762 
176224244 
233614681 
3001718591 
66714703 
1395988206 
3399224657 
2346263246 
2313227480 
1093124360 
1900408932 
136051143 
825558378 
552505227 
534362261 
1254944101 
1345881386 
337038376 
855847824 
437848738 
1013851650 
1610671057 
586242124 
771083455 
169719009 
2267729769 
152778479 
2501274093 
1271224669 
904918116 
991401038 
1430981016 
600388202 
1154754404 
4021047856 
2502086889 
790201489 
2234457918 
439662743 
89304457 
2401292358 
2785793167 
2413826444 
224142817 
2645713380 
582546081 
358155712 
746935735 
606856466 
227513889 
586189030 
786176419 
2830051135 
103432674 
98288395 
2720177156 
2325445944 
1099302192 
573028287 
599060358 
788110982 
2358923490 
1261249778 
1439194116 
2316464970 
111931751 
2971444075 
2309552653 
2381193289 
1589266296 
495605961 
2620038301 
1581875838 
2293347420 
201892982 
732069193 
2580527803 
454939382 
581494085 
2591587895 
2767466961 
2293514730 
799358136 
130328346 
521593942 
234406080 
2205211224 
549856434 
1433628480 
166630377 
1649633971 
74622741 
418707217 
1251417968 
204887235 
1635979987 
2900426395 
607467211 
1380826081 
1602866498 
1155660415 
1256551418 
2396685889 
3146413624 
537684550 
883223264 
16926413 
1674124387 
1003794630 
551149727 
482658470 
753805616 
780881828 
929664925 
2616179544 
1681324362 
723274946 
1432138212 
1435811695 
1356953600 
588730194 
1269873392 
1358449622 
280187951 
525312787 
55728361 
213009133 
525734705 
524962944 
235555412 
356025421 
270369094 
296723507 
271111031 
523512145 
131102007 
347899465 
345811633 
390860562 
203083495 
301186634 
323634172 
