59283767 
256881576 
119049214 
765742880946200576 
31641658 
46296304 
25060424 
17093617 
2857400713 
41259253 
4193909652 
27750488 
16116288 
17888589 
65412757 
205302299 
30157620 
10886522 
31360279 
34828488 
28245852 
139285190 
786293766 
6446742 
35112839 
50567219 
608682237 
887774809 
112963672 
2568443468 
256883252 
188962593 
23494080 
20255162 
51202632 
6427882 
19279990 
24967668 
20830370 
52404116 
2811990684 
33452466 
210921551 
2793425680 
107392258 
20652971 
19777398 
15485441 
227060709 
2680833391 
2332974810 
2717254872 
14267426 
109009420 
472309814 
92717138 
84358766 
59624844 
2293537484 
2724625321 
19028953 
589358067 
169203701 
16228699 
2666839646 
248862634 
20611194 
22004362 
25203361 
30447805 
1242572917 
1902406740 
29861904 
14939981 
18278629 
2473430923 
73716850 
208944290 
314864509 
23335967 
105164603 
189775478 
501973262 
1948294874 
115109457 
228079384 
1128218821 
72568426 
60972923 
53723931 
20911036 
22416023 
65163785 
76256268 
53153263 
26784273 
82939583 
18103148 
18170399 
68330103 
27697207 
60257871 
27368199 
34906343 
229943617 
1173831 
35787166 
21723437 
535231696 
575432023 
1532124397 
239484251 
16419713 
1123106460 
894018134 
16463853 
613088225 
140574467 
24503334 
128990079 
46252298 
65705589 
65316470 
23918872 
166607821 
423431996 
954713844 
277180205 
1158918746 
193542927 
31483387 
22549966 
18812301 
258994433 
26548315 
38609800 
409486555 
48269483 
813286 
274980319 
567512600 
15122826 
746259230 
249902490 
30122109 
17983854 
87783471 
40255499 
618645192 
17298881 
74755679 
160857180 
34759100 
449622855 
407912092 
445064467 
24909606 
103734037 
14634265 
39271463 
191191655 
154688160 
364932819 
21323030 
31179862 
83760362 
39348730 
611956032 
455347529 
21685953 
519199669 
20659839 
19510039 
342327238 
374754851 
35094637 
48410093 
54951973 
22063870 
9051482 
23125412 
74821841 
301119650 
154033209 
24621955 
63796828 
301008786 
23376596 
50826280 
15846407 
19397785 
254274083 
262794965 
185739738 
