65997785 
26527734 
39279821 
37000209 
3223426134 
3157928906 
20744708 
15857462 
635608354 
52529345 
15976705 
18025377 
816066355 
87322414 
449929865 
118047066 
1640929196 
2421067430 
24889586 
74669397 
26053643 
96205284 
25341604 
19418459 
11347122 
65513 
106182754 
521747968 
32871086 
28185163 
55355654 
26657119 
29770501 
216776631 
51241574 
1537558634 
113420831 
1917731 
9300262 
46335511 
2317351705 
5741722 
2836421 
316389142 
130617778 
38481817 
45869342 
64874291 
313979251 
342770193 
499073990 
207785745 
214589342 
32981735 
386056280 
2922928743 
24165761 
824473943931293697 
7040852 
130496027 
352548417 
202415747 
20733972 
61346761 
2503165899 
755835576 
80366372 
29501253 
36686040 
86129724 
93069110 
294327965 
595515713 
17494010 
15808765 
776198324747575297 
820585 
821199162821603328 
892219807 
28395645 
2909434459 
29450962 
20444181 
19834403 
120995738 
17011177 
50310311 
402957663 
22162854 
17006036 
21308157 
44988185 
65698096 
13393052 
15442036 
232851192 
23031094 
165511377 
14962779 
215207998 
44134773 
1106501 
59031230 
97474887 
801159713035612160 
139162440 
29238979 
67147681 
796431971891036160 
15463671 
15220768 
158426909 
18978610 
55117855 
21867341 
42995067 
1071777608 
3153892631 
2461810448 
787373558 
16092470 
300135656 
564814516 
33051095 
2233154425 
17495574 
19444865 
19394188 
18916432 
432895323 
1249982359 
359069723 
50055701 
38309286 
21879831 
14412533 
50325797 
60919240 
4207961 
49698134 
1643218550 
1134531883 
389643429 
80096621 
1881225786 
1207473092 
3038295012 
4892945159 
259464025 
163950604 
1128218821 
101613166 
113047940 
131204770 
475988505 
818284082 
598540507 
555548903 
29442313 
357606935 
970207298 
23864373 
15878113 
15969172 
1027625414 
43963249 
33756947 
31711523 
1281405877 
93908298 
621396447 
24922222 
567877155 
567873282 
89820928 
22734571 
3178783680 
32411838 
3349433536 
21148783 
759251 
21366532 
1707333000 
2467791 
475212144 
1343066942 
18924291 
257126765 
395589480 
602993818 
250295256 
29478416 
38426861 
241382835 
1536791610 
822215679726100480 
27457788 
1023096199 
325830217 
939091 
73238146 
14377605 
15764644 
857512826 
1932493237 
226220799 
1292376426 
41571006 
33385260 
240976980 
1588944614 
22599807 
1038857780 
733182572 
569887335 
12300502 
21706124 
844422474 
195814782 
75974281 
574168493 
228794007 
618300542 
499271809 
140233086 
180509355 
625022363 
903162031 
501021667 
319830121 
52324728 
1349787607 
34579454 
37517004 
233222781 
339239168 
90964854 
22679419 
15222083 
29758446 
14922225 
21158690 
20273398 
18927441 
22258315 
19758982 
613732476 
86573991 
49045252 
229636313 
69490632 
264306059 
142014045 
1505043817 
73224228 
78587229 
616049446 
29702052 
274498914 
1373334764 
1150929296 
414353208 
1197721752 
1000922048 
83434571 
58425211 
28277625 
517895373 
61413898 
206160500 
242663993 
474588825 
29648562 
567268340 
563986020 
1684256202 
705549699 
1360158396 
325050336 
1531519818 
81190667 
21217034 
478846365 
1898765678 
169228524 
366423794 
705689722 
596230846 
39350793 
22959410 
368794163 
29417823 
371065606 
405793882 
581162295 
750809550 
19608297 
2154126571 
16423770 
149590738 
50393960 
14083947 
518557386 
1203751488 
954509634 
300354212 
17437511 
16573941 
28206360 
184703109 
74867249 
503420681 
1339835893 
278093318 
16126572 
92423860 
392814541 
258493819 
366630843 
33096180 
105541906 
396941574 
173964455 
329746058 
48802204 
91180720 
818876014390603776 
1093090866 
18587457 
200163448 
757303975 
251496825 
205302299 
32309662 
158193814 
398092540 
91441711 
253809805 
1330457336 
1345654148 
20645490 
16027638 
32135038 
22389700 
1326336512 
171353108 
158102645 
16206688 
105676651 
20866038 
16017475 
12369372 
17602896 
127061747 
36722004 
336851461 
465179921 
313091751 
66544351 
43269420 
22811937 
20536157 
244655353 
74755679 
928488518 
7334402 
255747911 
1321693513 
166739404 
1229200182 
154280902 
58529612 
14388022 
34238944 
128021160 
18713254 
365869857 
5865432 
37005435 
257236336 
86373400 
51369515 
386675402 
308161335 
104969057 
24807616 
33990291 
22601929 
237845487 
90521461 
301111070 
175940138 
29136725 
328167568 
208301374 
29283877 
22227035 
302328722 
17275113 
18124790 
28654732 
627949093 
822215673812119553 
30313925 
369091302 
20344826 
17525171 
23603092 
158414847 
193968620 
369692162 
91186036 
409486555 
18676177 
50826280 
40760584 
17368405 
82939583 
500042487 
978106183 
103368348 
21127908 
1084110842 
92899455 
344900045 
17350250 
52181976 
544517731 
17220934 
27365313 
58707391 
16402111 
142157505 
19798578 
48392109 
26667184 
53807788 
41404978 
19362341 
51344650 
916351663 
343464115 
288813286 
75674174 
30395398 
196917975 
21982720 
713415020 
267921808 
32169040 
150120631 
27829587 
38536306 
243835805 
277832353 
24980246 
151739057 
51520765 
103099657 
21156271 
32004130 
238319766 
40255499 
15485441 
44215023 
229219088 
31312972 
37019708 
275754574 
130894721 
284602545 
115093438 
84092181 
559933975 
254673343 
326621963 
262463930 
40093174 
524905898 
401161557 
15564786 
248917209 
92464299 
53238154 
19329393 
114546595 
65468720 
6446742 
400448353 
32156068 
188940061 
263292498 
29555251 
20479813 
253338715 
16112635 
28857253 
285282053 
15439395 
807095 
256573865 
507762718 
180463340 
40752044 
22685200 
274426480 
246481013 
20609518 
31184208 
251224826 
21131816 
22677790 
47285504 
113425681 
17017636 
281390508 
22650211 
16660662 
15635604 
111257202 
25589776 
110827653 
17446621 
16303106 
14511951 
20015311 
163755960 
24331833 
121277641 
21542677 
397610743 
75069067 
55050269 
44163738 
30333898 
63112528 
256524968 
310005412 
49717874 
18420140 
114610602 
67920551 
30503160 
34212917 
38887838 
35172509 
79016103 
365998557 
365801285 
16222584 
90334660 
26149716 
24133713 
322457711 
32213049 
109660695 
61355746 
27989078 
15451591 
269852626 
20095845 
20755072 
174166962 
17093617 
182709202 
227413986 
261337347 
25889980 
242997491 
196143455 
239958133 
197518793 
133880286 
29412327 
24795163 
33342154 
88749392 
15458694 
288452305 
17681513 
187747076 
21692297 
39097715 
17736137 
88376643 
31641658 
19413393 
31583882 
15693493 
139823781 
18583722 
112508240 
19697415 
206506117 
112824083 
90420314 
50374439 
14824849 
201041902 
25545512 
13058232 
18149190 
42052422 
15224867 
248747209 
15730467 
131351549 
262799542 
37331081 
57371662 
23199697 
103130238 
22406410 
18291469 
17219499 
15846527 
46694102 
15085498 
14790966 
86422542 
149103331 
813286 
20166674 
10810102 
23645599 
229721621 
30364057 
13740652 
75641903 
46475424 
23779324 
25140900 
124003770 
62513246 
24595743 
19562228 
21148293 
17475575 
7157132 
16312576 
24447643 
14515734 
15846407 
71876190 
62591681 
25478796 
177400207 
16305330 
77365000 
58503485 
20106852 
89504138 
21969745 
20720530 
160817572 
1434251 
43283406 
198713796 
245975878 
30941659 
24457979 
15792387 
189962188 
163339990 
18654391 
19616327 
20600084 
182161200 
19397785 
25203361 
11856032 
11857072 
16129920 
13850422 
9252212 
127357611 
106510708 
