2382765547 
217400402 
419647754 
1242205638 
203879364 
138728598 
3294119549 
1898815243 
37836873 
166199716 
2597498814 
55334208 
2549647958 
788429080190418944 
552011578 
2369312762 
1849352546 
456901717 
37912007 
26644832 
111946118 
2337609794 
1443730951 
789614223538135041 
1013851650 
488908367 
525037524 
2200995272 
374170012 
27022925 
24047919 
4043893096 
995642455 
1561145676 
3423634317 
454939382 
2272856978 
469517478 
14675400 
66738494 
162695606 
549510165 
4509233062 
66714703 
243800816 
41719882 
16725256 
446839505 
2501274093 
4100391622 
2800971444 
4459665706 
443449421 
353133059 
4289728654 
240745422 
790876645 
724223456 
2580527803 
2987620812 
2919197934 
2671829047 
3426368735 
2624520023 
386788466 
197264075 
319861696 
221197757 
2785793167 
274715985 
2513545184 
2716721012 
2613214742 
2970616323 
2313227480 
160694892 
3073572286 
1012353787 
2767466961 
169719009 
3378228717 
2581750098 
1879978364 
341102954 
312608048 
278561768 
2478045313 
1681431577 
3507283336 
810483626 
2177420990 
296528940 
564398499 
2922266132 
2466467903 
581579728 
2469605695 
233924133 
1301611110 
1239447194 
245957977 
700753731273363457 
483466770 
33868638 
316987907 
343547084 
2764468210 
4212061 
3075570364 
2655830472 
427836838 
396086694 
601298466 
562266134 
143654480 
834988327 
2923180944 
134689198 
153966123 
1127543780 
2266592731 
33630006 
340408298 
2832451299 
930046212 
754939684128591872 
166630377 
460959006 
331716665 
118527732 
2210147192 
359227139 
141244141 
17881816 
574023889 
207426991 
988231904 
85124669 
52351621 
334842287 
263905869 
135235142 
115160353 
387902998 
3375148312 
1698040651 
1536488724 
1047199152 
3145541059 
18500852 
564000560 
2193607094 
133880286 
53088528 
64144208 
123287206 
261845714 
1944681536 
1313315958 
705928670150467585 
3252949797 
2361957049 
3145797245 
2766131278 
2901892703 
555556314 
2352764882 
309848622 
2465436362 
739784130 
19965751 
17571636 
1896176474 
4721556775 
532009634 
441120320 
1436064884 
1561737782 
96219204 
26245496 
111871312 
293163102 
2279652608 
999470034 
635053388 
291161196 
15081182 
98923817 
733843285 
264654787 
2615368044 
232675588 
1884529722 
3354068477 
30414789 
26518339 
312230865 
4867252774 
171372017 
244019419 
2613358347 
1414009872 
3148605698 
783031055796273152 
1118617760 
355665520 
156994284 
769290710 
74750907 
184378861 
26548315 
325451111 
72610934 
24105113 
222691723 
724278510244622337 
2388931039 
252764352 
1349082427 
2357622716 
4495607414 
2547370942 
167989418 
105274463 
2789778270 
2258169600 
462338626 
4483261113 
194063453 
300108594 
918346674 
2905442897 
43622587 
89669859 
970547641 
270218936 
361362115 
760632907 
16223529 
742567484 
4423337056 
2368562678 
3010174394 
36229347 
333505287 
327555798 
2728488134 
415004554 
28650983 
138703392 
1411902361 
33562752 
26493787 
1449798163 
177134089 
2830051135 
1274553054 
27962384 
346530482 
380841084 
450129483 
322126263 
42921700 
2359717144 
197224205 
1282187923 
715063459 
1183887576 
1935827826 
586242124 
360661279 
2498960456 
2469871650 
3160646900 
136123870 
323266137 
749952350 
337502808 
284441324 
520180883 
2351600765 
547607608 
32128600 
3013690866 
2778537414 
1099302192 
89423854 
1066142084 
2564923532 
597592645 
32688098 
2411488800 
320297405 
746935735 
1093124360 
395149823 
1320073344 
2178074516 
3166469004 
2878131799 
239850181 
551149727 
127245578 
3179100847 
2786666684 
2205304780 
581494085 
482658470 
148760908 
1703499732 
66339576 
1322319715 
1078287655 
348058612 
843112550 
598919816 
518591762 
78492982 
3007819555 
525060895 
2578552033 
237604436 
2848328378 
1121163822 
1446460165 
345811633 
523512145 
121213242 
1960283150 
2519907885 
219049532 
400770714 
825934369 
573459961 
2632716033 
382561193 
1086485478 
1598644159 
1244421032 
43042353 
227121370 
2485800751 
17874544 
103375058 
1373492430 
449919575 
1635979987 
130328346 
1599171037 
2523327685 
476234589 
257799442 
131102007 
102325442 
2615918492 
517680491 
1092777318 
214162237 
296723507 
2816966826 
1251417968 
1463880866 
79688612 
390860562 
487736815 
2654808962 
2471064858 
557455977 
2740399322 
1478138376 
132797342 
487843424 
506134047 
19273104 
615214819 
521685752 
1891280354 
786796010 
175605389 
298027175 
2393070427 
457026966 
2692758295 
1901426832 
418707217 
1863807403 
1356953600 
2616179544 
52292874 
2266343932 
1107613844 
2650295295 
958156806 
586189030 
286742737 
507265907 
593749376 
525312787 
134164413 
1665731966 
972651 
112236047 
78569316 
392092895 
2439045562 
19940190 
883223264 
1335951494 
138372303 
140070953 
1658692615 
1027547971 
89304457 
735259969 
253968294 
1433628480 
258923616 
73593143 
634714422 
825558378 
1264788474 
717122384 
96013710 
1057903333 
456371141 
1546270652 
273028600 
419127019 
999639157 
981057535 
199110089 
929664925 
252432268 
1113213564 
2150558203 
1649633971 
1520006918 
255335896 
1014760268 
832471260 
485370684 
1154754404 
1650215384 
1218191126 
1289658361 
93208569 
524657792 
323634172 
519688893 
2371558466 
1086000746 
565780036 
455036984 
600282350 
730267476 
1003794630 
598413507 
353806453 
420572123 
1242421142 
203083495 
1369807202 
347899465 
270369094 
496120710 
1012640989 
1667654144 
110550244 
925389540 
19208782 
911142252 
1137066696 
524962944 
370536393 
473176231 
629097517 
1240491098 
476199422 
1887662756 
974624352 
1469132198 
161452925 
1030711922 
1681324362 
1435480466 
740027058 
1624984470 
1675910197 
1696506992 
40246348 
1683720572 
908626872 
831981271 
1895791195 
403861895 
1975717441 
525821517 
1096488703 
985840849 
495605961 
1976954138 
253544925 
801106064 
1830525626 
1372726615 
538031518 
2223592103 
569873676 
1226185070 
1433318972 
1326229634 
741702152 
1581875838 
727427724 
