64384590 
819416595424493568 
312230865 
103061572 
2401292358 
525312787 
2577686406 
2576238121 
244684447 
346669936 
2747259456 
2830051135 
3576743898 
727651561833291776 
710169944315531264 
2485427360 
169243528 
703041277 
352102757 
1282187923 
284441324 
2625176466 
4388629823 
4469922926 
4048295474 
4377601047 
2269354847 
573459961 
488908367 
2602973341 
22673748 
488751763 
17525171 
945885871 
203068930 
103550181 
1299403057 
320873824 
835474357 
2764696248 
2746926775 
2765240810 
2881081560 
1324765802 
2757197768 
582426583 
843112550 
2880625670 
545599630 
947346722 
2784704258 
55121922 
3070784225 
2806151875 
2778537414 
3000835078 
19743731 
2665825446 
3129923567 
64019328 
16895274 
3027540655 
598919816 
369515882 
2181493465 
286742737 
410582796 
34269402 
34743251 
412937157 
2881183466 
211722410 
2900426395 
2752449207 
2319494544 
2632716033 
2597498814 
978908012 
2927999496 
487736815 
1443730951 
2854306598 
2823744847 
2655830472 
1706450917 
1446503533 
2847646308 
1860220441 
2467057448 
600610971 
1546270652 
1305995330 
1958569866 
45786304 
251873156 
705871699 
1244421032 
42295521 
173727516 
1222547948 
79688612 
1441093243 
925389540 
2902840382 
1092777318 
2874673282 
2266209018 
2485800751 
258923616 
634714422 
2196840571 
1900408932 
2148540054 
2429203406 
179683958 
2272856978 
91182615 
2836776798 
1635979987 
224200628 
2835915890 
1093124360 
1357246860 
334842287 
963213337 
521685752 
1587560558 
2340816320 
874368012 
2382484718 
1519073424 
1681324362 
2826747828 
565839400 
2822850265 
1960283150 
380369476 
82647069 
1279792723 
1076465383 
2192831167 
1218191126 
929664925 
2234457918 
2350900645 
2381193289 
140193263 
834988327 
719760768 
2762664990 
604688228 
925360826 
1858497169 
325451111 
315622616 
1059157682 
341562552 
2485695210 
719352925 
2754587144 
790876645 
16926413 
2580666366 
261715501 
2471064858 
1446460165 
518591762 
1716384152 
2223500513 
991401038 
1599171037 
615214819 
2412835412 
174382902 
132774626 
267844771 
73593143 
266105421 
407261533 
253592290 
147230590 
162663934 
123757534 
47618909 
214648261 
178442583 
153488709 
180236394 
1681431577 
1416443976 
27022925 
130328346 
1870099063 
404916846 
2731725052 
2232996836 
1518955447 
98981062 
2670426438 
23696757 
2266343932 
1962571117 
452748588 
393456494 
594562154 
89304457 
488242107 
457401160 
157127270 
1335951494 
2223592103 
621881006 
2351600765 
2192464466 
842331998 
319861696 
134164413 
382561193 
131102007 
1154754404 
2432417994 
2317316620 
875607744 
310730506 
1414721006 
864586585 
43042353 
321445166 
320297405 
68210284 
332788870 
409503871 
131752870 
148779151 
272055657 
55728361 
341102954 
73970649 
126990459 
517680491 
345811633 
337502808 
237634998 
296623811 
206052014 
417565340 
1438162062 
2438386315 
2432869801 
2438342798 
2337848636 
865298551 
631899713 
2185054844 
810197714 
2334512498 
1317342931 
207426991 
177134089 
984413802 
1962782131 
212629710 
1271224669 
1520745421 
800711749 
2298311473 
1445109108 
2177420990 
217695382 
2418014502 
1242121112 
2217128820 
2466467903 
2317157554 
1727086531 
1249253766 
131962317 
227121370 
69080331 
2267323507 
418707217 
1107613844 
1498897422 
93167589 
234092838 
227513889 
443449421 
232942852 
233614681 
1206103616 
257799442 
499758610 
2288569566 
197264075 
1121163822 
798234950 
66339576 
197224205 
1863807403 
2201060436 
1332719653 
2450495372 
543305754 
1463880866 
1433628480 
1653509359 
1268404226 
627436907 
1129386732 
472967330 
586189030 
26455013 
1027547971 
2323945699 
268287205 
1665731966 
1264788474 
487843424 
1851487976 
1078287655 
213138862 
2445185196 
1520006918 
214162237 
828369354 
1649633971 
782056772 
1891280354 
588730194 
821276 
130372629 
933162342 
258965512 
485370684 
1251417968 
879032779 
420062670 
958156806 
136123870 
243300398 
236738600 
412948496 
1269414228 
175605389 
1570131822 
911142252 
751363542 
1907697024 
552011578 
733303040 
1650215384 
259132164 
76908416 
1714930544 
1057903333 
1913459688 
268647941 
1338443666 
314678674 
814538114 
1411714243 
273028600 
629097517 
525821517 
714299900 
405513404 
620522704 
771993060 
710707610 
396957509 
825934369 
1049062592 
918346674 
533055000 
456371141 
93208569 
547607608 
582026916 
350206580 
71465523 
102325442 
96013710 
81001513 
1582678051 
422557777 
199110089 
741702152 
110550244 
197962366 
1322319715 
593462706 
285053309 
122311487 
249917341 
103375058 
518651600 
1478138376 
436872532 
520680283 
600282350 
570694159 
316292974 
264136018 
18839785 
32517647 
244018192 
551149727 
352898773 
296723507 
914949624 
348058612 
344443602 
362462151 
593749376 
347899465 
21931363 
280157793 
525060895 
101978972 
634499903 
485854360 
458590241 
323634172 
524962944 
139399835 
204887235 
749952350 
32688098 
111906894 
148760908 
121213242 
266791973 
206388720 
213793065 
358155712 
495605961 
565331161 
1317700538 
476199422 
1207079119 
626534743 
387264667 
134163973 
244623208 
516386589 
840056664 
1048596890 
1153947356 
339106313 
1422876990 
629255830 
196641459 
139508953 
560628725 
1054530114 
1409110843 
465379232 
337231948 
1438845769 
1437793688 
718479259 
904734253 
547240878 
774370062 
1402756879 
1420668768 
1182446442 
418377323 
972478050 
1434404875 
974292386 
1358535632 
1137702289 
1416185888 
100775865 
155346331 
407938403 
495143914 
493073437 
1426467530 
722824345 
973288946 
567636608 
429655076 
1346927474 
1362297955 
1035224558 
736188732 
1112927047 
1112723995 
1316991804 
1376154151 
833956848 
597767793 
233156694 
374373330 
1067820451 
1104302659 
71616571 
68883807 
1214493236 
1401311383 
424218863 
842441724 
1411159826 
912654481 
1312920848 
1416780324 
251816577 
599346312 
1438005025 
1222741471 
1372648820 
279316988 
80243497 
172750756 
1360692469 
1074810890 
1439288455 
1280278393 
305031239 
1331932158 
1434143226 
1395258655 
239088779 
1400824170 
999124346 
1311035965 
758441832 
1314402943 
242132792 
701958061 
1278209850 
165865996 
1313949254 
559601045 
1337705804 
1308981456 
319669426 
1206903680 
711667266 
1403766235 
161054891 
562134190 
1382785614 
1409106313 
1164743533 
1295230194 
1268717136 
1395839353 
1358095518 
1324608445 
1438024100 
75555242 
1357873824 
946461986 
808668481 
128092986 
1347926328 
972758767 
474583372 
1038712063 
326851908 
938826810 
1382820668 
1391864300 
1346270587 
906198805 
1115136734 
1420803218 
364334831 
1428922634 
947113172 
599547215 
258922130 
74005633 
387266897 
776427835 
941595308 
1433980676 
911886439 
635407609 
430151154 
453583940 
459916431 
1424265894 
798430346 
864487219 
1103757247 
1115312214 
821472253 
50545469 
1080092352 
723537162 
1115622960 
622443991 
170193930 
998918312 
562326017 
1317726030 
1186495717 
91370761 
1101768566 
394286892 
1422923024 
1368721410 
960594907 
625325739 
1056032420 
1383798817 
453708507 
1241994120 
951929766 
397063781 
1099828652 
459020853 
525563819 
1281781386 
1306998518 
99775104 
1343071346 
1373196300 
1349390726 
624943874 
1362121772 
595769440 
1166266040 
791809964 
241993597 
76664738 
633869143 
1434313934 
351406070 
148073849 
982385479 
813609252 
563939363 
358905727 
537406061 
533791930 
1437134089 
1198534813 
547467310 
1260723493 
1419480912 
1416812820 
1037838649 
552792762 
319936810 
254643206 
88925003 
323123423 
373021607 
1433172918 
1418831040 
138845681 
1392850771 
1392161047 
341049160 
1055952902 
1428152306 
965498192 
1170416106 
340479712 
449777597 
358127312 
722555838 
594878555 
1371253044 
558852424 
1434936583 
396964240 
1305684458 
1421102210 
385834093 
178365745 
994298640 
594169864 
1037900490 
162274728 
1206092306 
1391571116 
1411500709 
452882780 
1264946334 
744040063 
1140777132 
991347746 
122713139 
247554314 
226934564 
582340243 
1251855462 
1429417856 
1030861656 
930971270 
54871984 
251383334 
1265285233 
1315562857 
725092562 
621736843 
1328234636 
1124040997 
805785762 
455405541 
1070114137 
25495250 
121923289 
803146423 
387031322 
1026933061 
1099769197 
1408447574 
779683980 
535816457 
177155302 
1410721322 
1305417102 
925837105 
1438947374 
1415581285 
231966941 
445770534 
496522024 
458119473 
851812633 
1286879138 
389118847 
1350506359 
500104084 
132160781 
1230552799 
909814106 
497873381 
636579666 
1080962436 
487317702 
1403346487 
556220465 
423754719 
1395421194 
500403615 
1315407002 
1264480531 
545208676 
163614498 
367349914 
1423941308 
1431671952 
128755701 
1046189364 
1340351354 
631413727 
594029851 
287103947 
1437601236 
905148799 
1387726484 
1311687362 
1366168741 
1436410982 
1438596822 
583144264 
562210429 
763469953 
1320029366 
229282263 
136913342 
452814632 
1330722992 
906039709 
607811992 
1371507060 
619591330 
624958068 
744316064 
989368008 
513599532 
1327850604 
319415998 
300657060 
294890157 
174560928 
140921916 
290922554 
501539346 
1098294025 
417213982 
940143218 
1419321792 
1274236694 
177097338 
326619625 
1365582530 
984982638 
546402673 
1330176252 
119916281 
1084426254 
212069822 
35618260 
362938542 
1262694834 
297163708 
362455731 
1438293950 
104463421 
1333578013 
210633800 
608801405 
326070787 
272347225 
292362379 
902667026 
263681373 
469883056 
1225729676 
161873416 
1191247471 
1266077857 
1416458342 
1041208867 
1225515704 
539414173 
933767983 
911128064 
1383310202 
214872890 
350099123 
955035522 
1385215544 
434527119 
327447271 
1061764544 
1431105152 
1384836283 
546028911 
1425816236 
540381452 
589445570 
1216342082 
917981683 
1289504467 
553853906 
380147273 
381273455 
752222455 
928863223 
335708245 
857586403 
1325601674 
1350963385 
453961783 
1316489060 
1437283562 
627279355 
1426145665 
1215544902 
239582153 
1432786368 
238536370 
1169777240 
107279193 
876853928 
1364507215 
321621606 
281457278 
240618482 
36137717 
1213400419 
1366579776 
156739266 
824698430 
608770641 
866772060 
240277024 
385148261 
1017708656 
745627254 
477139421 
427352500 
456876287 
421191823 
805433418 
623061101 
323569149 
574252551 
379209793 
1377466686 
353821568 
1347894883 
122923128 
83074442 
621130409 
864928783 
1413221480 
1128688424 
1035071544 
700337942 
550648946 
108361084 
337957942 
1385804184 
1048869217 
1107782551 
988003087 
1059364368 
352577086 
921987024 
1272289514 
636332880 
1215792302 
179439249 
608675379 
546467962 
792364034 
1342917536 
864712700 
1099295581 
1399841245 
544782957 
701927461 
331369080 
1031424470 
745524786 
1047509312 
703308504 
544726955 
995613072 
151010997 
40290283 
454383504 
454939569 
608664575 
228124881 
1052128226 
997920770 
505457438 
1429460335 
1419687762 
274365543 
1395518706 
1047815582 
1296597036 
383818003 
249935892 
1123519922 
434689513 
276712607 
557386703 
948824329 
1330161606 
1375908914 
87050518 
215859011 
1049231300 
1158434754 
549632648 
1429332858 
366252515 
970548138 
402984541 
591623588 
952843446 
851815272 
1289933089 
1429426897 
836619769 
1423714909 
1182811100 
1411561237 
1345756208 
1369955622 
1409129472 
69353665 
721332367 
1347920426 
301849484 
992330288 
497358223 
1330472689 
1338022195 
1383646376 
772332416 
518323048 
1136133704 
1372211418 
604624210 
163486428 
556105445 
931394946 
1158538999 
927260022 
1430928121 
255615267 
1345599649 
1089658874 
723315966 
1341867139 
72534853 
258938593 
799934004 
1437748446 
1068798732 
1250274522 
230299396 
547639607 
924388657 
318276390 
1197708186 
701617352 
425605772 
42060552 
618454211 
929003629 
453611913 
766726746 
1436710590 
635607451 
501235942 
477072260 
348881004 
205612574 
495612045 
1086515402 
800369233 
810323863 
446828626 
1106731400 
546318618 
452179114 
800519106 
839544390 
119561738 
200110179 
1428612090 
64394818 
205967091 
1438562424 
1190396335 
1289671814 
296777434 
1129434914 
637433244 
284225690 
1194938088 
1438630981 
1417334222 
503611435 
1242237216 
1035306277 
45054813 
465263783 
837141074 
470339693 
180815792 
628805505 
1306122176 
1435927094 
1371035070 
471593398 
165346376 
1319705635 
595637382 
958124162 
772881704 
1380999024 
1052234820 
382857848 
156906731 
236036320 
989969588 
559086299 
842363306 
40787159 
1061064456 
1193872020 
855770557 
548971035 
496512956 
1226492760 
400500383 
582375583 
1412584794 
423180936 
1365758940 
1021918890 
469837859 
847976503 
458960339 
1390957694 
138309468 
1149047364 
1426843160 
232844936 
823465632 
1344226165 
491920394 
543985451 
1347860383 
1414836163 
274778800 
265676147 
612091832 
508659262 
422016002 
1137703932 
537461944 
419148896 
237392940 
1314844328 
379952808 
1120575156 
588558807 
1378559486 
48340240 
1220585239 
345075969 
1366647192 
808860180 
616638615 
1012330074 
610000593 
1278069464 
254681901 
952346012 
1087809236 
1156284252 
966616146 
573285114 
941881368 
536206108 
267873831 
565723733 
1267832550 
843585961 
1423880707 
713410910 
718271599 
559499891 
812209760 
1075475654 
1417174704 
294937044 
635605477 
962139282 
1362801968 
531381255 
319878772 
740530148 
574274060 
798196261 
636359696 
1104934752 
1300442606 
463417477 
482644898 
1335892824 
338481576 
766086920 
1424246161 
1432100216 
77176436 
1290629863 
269025558 
1321183603 
483326072 
95168416 
425489402 
1139359501 
510754622 
612175970 
337107235 
385601783 
361153435 
1164237408 
135240325 
1432128092 
1193588647 
245273854 
1255911642 
1384483392 
1143478219 
520873988 
69095381 
1180781323 
1426386512 
413623080 
637328350 
83147407 
25492633 
1431844801 
295003311 
1430493818 
1038635916 
387626027 
243992992 
283498385 
175416912 
1343325332 
720652778 
73059395 
512101189 
1427672072 
599715906 
514801377 
1221923995 
448278370 
1063822308 
1354308667 
955748276 
101344529 
1013563273 
413355196 
1340725284 
1263525678 
1437679946 
1425691190 
541058051 
238952042 
627559828 
403099136 
1029316183 
736307444 
279701883 
796949580 
863400523 
1255840310 
1071827126 
592306200 
347203195 
113794304 
362940050 
290165383 
717104869 
1163823698 
1379773722 
1040341872 
1435426507 
1295741826 
1200349321 
308645320 
882582522 
1074872977 
829932554 
513376595 
558326671 
1035853946 
474146854 
268356410 
293200383 
1005828398 
1045461109 
1350812714 
410038495 
491262662 
18041954 
575046822 
164421992 
316870999 
554273288 
730463720 
560355947 
1227124554 
937753874 
873489914 
616755073 
499766228 
577487717 
1101422689 
533097392 
516266359 
1407828048 
1414124533 
839695412 
555280634 
1420032116 
868152979 
248793411 
843601760 
82929585 
624861740 
387503253 
261601356 
1344933162 
177066132 
473625261 
316733150 
872641921 
129104371 
239287489 
584144817 
1383966264 
308849333 
269202458 
455231557 
167706616 
924040003 
800596646 
542080332 
492528376 
1435942598 
1434524455 
519684123 
305365545 
1115013103 
860321371 
538179260 
526641354 
400240385 
1137528350 
367227904 
326876389 
591371774 
1431927320 
217119725 
1379136134 
98199951 
1435842014 
1190529366 
1337900466 
584196971 
372987253 
1436247248 
303336741 
413635168 
1157639653 
404633814 
728693180 
619968091 
1371685052 
1086586495 
433370280 
1381845512 
921670662 
28702104 
188886584 
932622344 
213337214 
244922173 
633251739 
1094025012 
321364141 
230410330 
911670306 
381720233 
927212054 
624614356 
1029124675 
998227740 
164397951 
842005044 
1432997720 
502123300 
21694458 
855406514 
231263429 
227626917 
1428399416 
211661376 
364539886 
1248837102 
542231501 
174626420 
859664185 
578075830 
365822847 
1154207684 
115428555 
360395302 
1175955570 
187128762 
99956813 
300820599 
1393149414 
633482567 
479974354 
358255708 
1187850553 
311313783 
534086908 
1328238858 
366723949 
461444944 
410713464 
565099159 
299940034 
1416396271 
371857145 
1105046809 
1389747912 
1169901996 
1349530440 
1056281652 
1434381060 
285270493 
1396049628 
330172296 
849480432 
358571387 
1072993662 
1398842016 
331724275 
135029008 
1305063949 
322185802 
197904614 
1177942435 
481642002 
563937536 
838211149 
320301856 
1354453296 
1018562618 
1382122711 
995238606 
970339650 
511259722 
594695599 
970343610 
615323593 
1055027348 
118730752 
833957546 
1290651300 
730607209 
592036549 
1436121758 
1262162700 
1292055685 
1098159954 
1397911328 
1415839789 
310604204 
1327831704 
1340831892 
617640824 
1436210562 
1271348719 
1434704059 
239955496 
447424488 
547933744 
875597281 
1431404202 
131794479 
580115812 
1130739710 
1265533706 
1389994442 
205238389 
937745365 
1365330738 
820574652 
1040680009 
1435686301 
770151390 
1398951392 
1025644824 
327553709 
563983093 
1375129692 
942642307 
1295562962 
1312117452 
123325065 
35437208 
85472147 
327510385 
534702442 
612634380 
950337078 
816307555 
398938798 
177333628 
150859555 
186926785 
1319876750 
629532492 
1422229974 
330845376 
614102019 
1027877006 
137829374 
1256818789 
912667094 
1059984702 
1161744342 
825464407 
433639314 
94539398 
1019247234 
549871719 
233735182 
427880456 
727228952 
1146205711 
23499441 
586678169 
1338772777 
213332140 
315830991 
1241454961 
1073960658 
884724602 
337453086 
1304526386 
1175429838 
1360347463 
342479437 
634356831 
1329950718 
1187259584 
870327768 
535086296 
392925958 
340418425 
820341992 
156568180 
881960636 
313607268 
874705207 
1145230382 
151041687 
1435863295 
809581520 
938378282 
319746888 
603185342 
92097603 
1296926815 
479976569 
81241025 
1205166853 
1430983388 
620192118 
1054607497 
1002536844 
1112692982 
1372826412 
1377408138 
623686006 
1198230307 
1396917120 
1288545492 
306566719 
585044622 
427629092 
890155440 
27510550 
1404986935 
397199974 
313869400 
866753184 
1362906156 
609490625 
728419314 
274139037 
65645415 
1255496474 
997347667 
1387522730 
485009300 
1427095002 
1056561733 
262107986 
1040715528 
105514855 
896697194 
1365757843 
367757116 
1315012574 
277296694 
255203509 
1379772968 
895710997 
711356827 
566181610 
1003195345 
443370087 
1402937917 
557297122 
1398579667 
1392260574 
1373282161 
1261094665 
87197198 
750989652 
771980826 
1321951590 
891170810 
1259823253 
1038549528 
1078071943 
464179047 
1126133030 
147150368 
1395085681 
492489631 
917860086 
344946548 
1308935113 
254654251 
1427730236 
1317122304 
478334188 
1335745058 
1290695419 
1029454940 
1426934353 
167024869 
1357211850 
1433564018 
1366977552 
142719037 
1378407313 
1218668923 
1408175268 
489186800 
149633979 
1027304682 
1428897474 
954151076 
390187769 
1189845278 
618325191 
1002693193 
1022330148 
1207472546 
635882182 
1344809767 
370271736 
554244061 
418170913 
743526422 
386910900 
78444321 
919767206 
846273050 
59392510 
1350150408 
277986700 
1436180617 
1151036358 
522931162 
517745175 
1331793966 
305527376 
829632523 
235305225 
196338589 
1083073914 
466974562 
225969918 
127848266 
397916853 
1295807232 
493540955 
128411174 
1138856670 
514150479 
611074747 
454110181 
1407969343 
254410602 
561355006 
334392165 
1405144184 
1034597484 
1428849162 
719057646 
729475987 
121818192 
973356110 
625834885 
174025323 
1144694738 
1395100962 
407043351 
1421723292 
1433878038 
325466540 
951608029 
897950659 
1412207815 
1396067748 
1374798446 
1367647950 
171781638 
1380513440 
166095116 
196555585 
343843070 
71355342 
792528523 
1377036757 
472620712 
552266213 
209088741 
1107886368 
1042696208 
849864739 
1401972247 
1316778534 
1176706872 
253213707 
539506623 
891988268 
851859198 
967816868 
1430799884 
1313917872 
933616746 
1321895053 
188202346 
254689913 
122223477 
1034291472 
1425719838 
467409667 
1244335056 
629068871 
1072434014 
539900477 
218325515 
298146949 
1176732320 
843864667 
178239587 
1188340609 
1085719770 
1035189091 
1042282112 
300635652 
603723865 
1119676159 
1423382378 
1295973300 
478394528 
123306600 
135919969 
630242276 
1120631731 
1162127834 
977243096 
1325002734 
1329567230 
465796362 
1426380738 
179188792 
1308625506 
364331055 
633094591 
893238769 
996126133 
1283391258 
1410642979 
1365256268 
866328055 
1314557118 
584865178 
1262843256 
1092512748 
812692166 
447407003 
780726301 
1426438730 
461910808 
1169847739 
230050274 
98027045 
444626281 
229604742 
480264156 
471777751 
828667628 
1018076286 
570839182 
379436626 
1003458332 
323003590 
1288894796 
1316831010 
1335629377 
1433838378 
608183053 
38956753 
1270293570 
838689144 
1283849334 
563071003 
1411022334 
1394859913 
1167113402 
841632716 
1231695234 
1434353426 
622510321 
1435436418 
447783958 
484504095 
481405539 
961903392 
469125005 
1369863642 
1104635162 
1356561948 
1117060603 
1416920922 
1284034717 
952345820 
40589647 
475002019 
166449823 
261771569 
1306493150 
1353018775 
416266369 
1216964456 
1273736238 
1329528596 
1263055400 
298260089 
1005739489 
1423949838 
106513051 
1203533216 
789884029 
1436135641 
720294751 
1151112648 
831890346 
1358392184 
433464557 
581112428 
414403288 
831204822 
136282734 
320642138 
1387685358 
277711269 
1130740938 
1391221549 
1244531462 
81442678 
89098108 
1433444510 
525738456 
1269886286 
325171069 
1397486653 
919777064 
200210114 
22403662 
881602057 
780901892 
873052561 
1392729912 
609356386 
1346611004 
513777051 
1315236668 
110042268 
1351215564 
1213643420 
1349353291 
1104641064 
826913210 
1137722281 
482989448 
337928747 
243891976 
841949988 
427521798 
1094659722 
417068406 
248287909 
1053332664 
230227643 
567735147 
1411365703 
1163443513 
1167816144 
846517460 
78946906 
1031798065 
626944340 
430901335 
552564195 
1308362509 
476584790 
984338239 
1350181542 
1329019274 
618630928 
436838036 
1344206342 
300582890 
1213766179 
490585095 
895988226 
73720534 
1009237753 
1431544315 
363866185 
143497963 
84301577 
799537100 
416040293 
553437398 
157911662 
1040637596 
860352354 
294317829 
567141329 
550888947 
1063351850 
1109055751 
87652806 
1109971878 
18623956 
1042476764 
524312443 
91838705 
985848348 
539969342 
1404364278 
743211380 
1424233268 
895394438 
457254629 
1339043796 
1419541891 
870371652 
351343177 
359697115 
315132744 
632795084 
369138109 
407333829 
1429792736 
1281204145 
54832897 
1431551695 
1003756717 
848373583 
271300372 
846747247 
822344544 
1425709105 
115798137 
1328252347 
1320363548 
1354933962 
703290319 
1422162494 
530900192 
618541422 
593652762 
725368963 
1105171460 
152536480 
350411535 
443076401 
620435120 
1235439948 
613118103 
573844334 
275200230 
325237477 
910883240 
335712305 
1198771382 
1345606856 
1269157422 
487736154 
105536563 
1161532939 
766975946 
1307852066 
269175018 
1315707794 
628979617 
628557378 
586276949 
1108207705 
933566984 
1080717440 
1244625187 
812140447 
737192143 
1252230505 
1367365536 
765277380 
475254156 
1315261988 
351733599 
225616363 
1234879760 
42049624 
1312384052 
276859035 
1431521834 
92552825 
1258823340 
767246832 
48780864 
636847186 
1276004113 
1042672154 
338501120 
1355702738 
326599830 
472674093 
67892835 
304161918 
115563082 
937167314 
404988525 
1051648975 
529640248 
1429007136 
547423253 
36843648 
84149297 
276110027 
1276089205 
1351295102 
52115539 
743969575 
354888509 
474609010 
1196078720 
1364673540 
486485405 
747304556 
360410968 
1265263518 
730090200 
344908313 
581422581 
1346239752 
708858398 
1406230518 
1040396281 
362650965 
299011393 
73417900 
516052540 
426758261 
710168365 
346119185 
1385248122 
1324960328 
749106259 
1292131771 
405925910 
1420408140 
482590597 
618159794 
438851395 
946503660 
321716744 
717985741 
118690722 
1093674817 
620475579 
942591114 
861880657 
295274226 
831325897 
576263759 
53336763 
1156403089 
375805866 
358204627 
399856086 
1286066618 
453576649 
1387183116 
355058694 
1405798795 
1326798528 
716271246 
267869304 
157435976 
706885555 
637222782 
560569693 
716698824 
1216416872 
61235564 
852645794 
1318915123 
1418641206 
448558664 
169285763 
65845698 
476185636 
825594446 
213006037 
541772949 
852518768 
811239301 
311308164 
227783300 
1409388692 
1362504930 
325339875 
246907294 
279218403 
563588086 
80182560 
851287585 
267980358 
629754861 
590504897 
1272687241 
785179423 
158209767 
142800568 
141264395 
266975100 
522209450 
1166446490 
1252095132 
591726047 
630418436 
624477421 
1308110258 
1332427824 
281099096 
729557532 
1304609360 
535902446 
352759079 
151749795 
1366169996 
1163596044 
562868050 
1362619171 
783016058 
1400200710 
1418519365 
509086419 
1223292912 
1318877239 
351714591 
1358520846 
573226359 
803307541 
536241987 
1325301776 
1225916544 
598622035 
1354863036 
1382353748 
861531337 
1035717240 
1073897144 
220809697 
369083645 
25774261 
334278320 
48224163 
264117766 
1376867646 
379109258 
358704522 
345299628 
149563138 
852538788 
303563837 
625101366 
878705748 
1380359234 
951065562 
128935570 
298395272 
1262788238 
1397567934 
1271610186 
517337503 
176252060 
181239091 
238905026 
1151315010 
297395284 
1320163681 
891207644 
597953826 
1427728284 
1389563167 
1313402474 
865329397 
89882044 
1202891178 
745748870 
311524283 
1270554444 
1387621310 
1433659885 
1268383639 
1384367750 
426839090 
560682145 
1121890424 
1048571406 
1425677108 
1032435895 
266110209 
1125042907 
1264478262 
448887043 
1417393062 
358702741 
211631966 
921049964 
1432573568 
916162898 
321638680 
212891007 
1384252724 
1244266105 
1375740236 
1394377524 
1415679127 
1404090320 
875879040 
601214181 
580079644 
605865715 
1400207040 
1402760360 
1198383044 
1205797820 
497817254 
1417101302 
440127536 
352536841 
373380635 
1398280964 
1361888431 
574973642 
557784285 
854840298 
1290300776 
1326040374 
1101976980 
1374604070 
442997487 
1274098855 
303747622 
1359984991 
609893994 
118118349 
546294929 
605767019 
17728899 
1246701511 
1008260058 
1425736280 
1375302553 
1027277808 
1363202334 
1387585776 
874053577 
1105097594 
957158976 
474705788 
829445808 
1228222712 
588068321 
58440320 
1416377606 
1328931018 
924888684 
186045291 
46371956 
1042555110 
156063191 
1411078644 
1011128497 
200864289 
135150545 
900985243 
1415617716 
999731875 
1165585927 
941748488 
1366552579 
578725280 
200625886 
345462484 
786330565 
919709066 
1422543860 
442777496 
1338373136 
602960849 
326639975 
1031679450 
815320501 
1331651766 
735508638 
930698785 
1415747510 
274025502 
889023361 
962774292 
867976136 
723807265 
1034571481 
383713890 
362375320 
1045920032 
352855841 
456693949 
481883645 
878250522 
1269667740 
420775600 
786476720 
518439567 
1426372184 
1109721721 
1397999052 
1061985655 
579396197 
396946589 
609323170 
1124475001 
1385468874 
857111160 
710713854 
1325562498 
628677745 
548972833 
925835810 
1396655162 
532209195 
1393184234 
233246360 
949963638 
703954302 
547767332 
282720808 
724104932 
30329394 
154031496 
586536272 
947955649 
1029384242 
130251572 
253322158 
28192991 
1104244958 
556105160 
87247726 
239375481 
1025689908 
160531049 
481401688 
1328986784 
873799328 
541045994 
1400114534 
854867971 
411705890 
758812771 
1431455700 
393016981 
1219309123 
358309504 
287403802 
269797920 
1360208976 
1426274965 
1182534774 
102412217 
1423341282 
1274830992 
950600954 
814517611 
1349877901 
596375653 
461407903 
244924712 
874990657 
240693368 
1391964582 
622208489 
574684178 
204773268 
508900162 
138817967 
215553356 
572916643 
223054785 
319989468 
1433586241 
303777830 
411554384 
1059171992 
474970837 
116519352 
883016562 
454765321 
373250228 
974580138 
1300420980 
1433368867 
1109660634 
1431097129 
431128020 
363695069 
1121771562 
606904570 
764907180 
352261469 
1090697424 
42239925 
706578055 
222001863 
620462453 
911177485 
367313728 
117311639 
606009640 
1430598206 
1421746003 
1129297370 
588187271 
262215254 
985869127 
454215034 
628528749 
1050944568 
384733607 
357944642 
306850254 
460350767 
1427628450 
940675664 
791001738 
449459752 
1154571974 
1143618998 
61802338 
613128116 
347383525 
859942063 
17960484 
391864893 
317087391 
533778410 
545286920 
105072983 
741183600 
1350705660 
771889207 
1162643294 
342450186 
1148562738 
301641969 
1224643326 
78953300 
898862064 
1408511588 
968851560 
356264479 
1327942909 
1411123069 
389248182 
108724716 
1431562483 
1336858676 
1423672050 
246777687 
366612495 
1325287946 
552228436 
392106614 
1042072165 
93441032 
1002553292 
44188932 
252168395 
1364573330 
28872294 
331977958 
92679449 
1095607992 
134805282 
117545569 
95637154 
169323712 
1224988712 
263119106 
232032259 
534525417 
106727332 
149118324 
457150999 
782111395 
941720089 
174324594 
1104533918 
393299632 
1066404048 
337870830 
106438528 
119667870 
156251921 
1246543663 
349687441 
427928940 
156691536 
1115388638 
1348179458 
576685578 
555448847 
376403615 
90625006 
1249263098 
1395125322 
1111939794 
57748165 
404637849 
549668011 
332520390 
159747003 
283516390 
1035768422 
1240368186 
1380351066 
487331285 
374688863 
401460875 
362166568 
62220446 
606579197 
1172417694 
915026929 
354763409 
626387912 
350469648 
259839732 
444506315 
161312490 
1127117360 
544724918 
1357472826 
732386276 
145521739 
1231592934 
603741274 
946535719 
366314661 
931513609 
1018349174 
885141259 
386063539 
630086680 
350263007 
1334633508 
26423104 
891740694 
1040991242 
407699027 
120151753 
49888178 
626438772 
1269903146 
81383349 
1357884685 
68098890 
430236784 
111261970 
831491551 
885358212 
25395027 
824012406 
146817751 
1015540698 
25160970 
765456031 
1002668083 
521743984 
202907579 
29991241 
607584189 
730673592 
396932191 
74586346 
497375007 
1138930544 
1177618302 
189518601 
362847525 
824916576 
550766311 
436733754 
335156281 
299267885 
1080106272 
764419669 
1315631618 
575551151 
235595707 
897967920 
94232786 
221256298 
1077141576 
455919703 
299701905 
537389705 
401194964 
242357330 
864382387 
1077828360 
157060208 
489486646 
113549679 
1430629039 
886019456 
322289924 
1416257287 
916919340 
845753312 
807343886 
949035475 
1393620811 
892135802 
53892171 
1366094732 
418359699 
218516948 
464570694 
239504530 
304641529 
440790043 
749901714 
1339806097 
274858028 
1257590209 
455697282 
1277030172 
1292376108 
163003644 
409053116 
329688580 
520842569 
950357240 
472553843 
533322362 
416694309 
1184985235 
1071600446 
980662656 
1389961970 
1083441746 
968864053 
730994180 
578482926 
304395321 
24095260 
175568178 
147651004 
1194756846 
1428752881 
912752928 
1246972748 
271579316 
1237809602 
176910662 
1422720096 
1042873488 
798980850 
580176574 
591098426 
67220325 
1278375860 
404599699 
175559056 
931031167 
900940494 
858113942 
394657308 
383193207 
224005484 
617567519 
1431279774 
841924982 
1157731952 
95786064 
538346786 
381740242 
1359801288 
103766573 
970340995 
932418391 
1424021988 
711564428 
35896117 
893347092 
912675307 
408345312 
370334276 
1138424366 
595467631 
1402549021 
218630146 
1211759605 
401287801 
1189530156 
605816741 
1009731854 
565758660 
165823564 
813201726 
1428776905 
1034675701 
1342674794 
1418836825 
1289301872 
602440730 
755427649 
1167111392 
336597647 
1390842642 
310342010 
1355386682 
1264382594 
225269644 
1175156352 
419908288 
625865806 
397628077 
1395332714 
794300335 
1341837834 
1061379020 
1021875217 
454839418 
841850064 
27903319 
1273895605 
1105005745 
600181888 
1158900944 
1186292454 
484368297 
506825207 
1061544246 
1197198756 
230408582 
522369884 
1157409025 
1009748070 
203943528 
580823347 
1338505171 
1090737392 
738991062 
798862602 
467038894 
423478499 
490876986 
980253458 
760928348 
870396499 
411485300 
281763754 
288739506 
736911235 
968759070 
1391010150 
110507238 
418311558 
487067718 
31599515 
560247686 
512253080 
902207922 
142978318 
1276087644 
246384816 
1415764993 
1071195810 
1130846612 
1079757002 
556490462 
1137968418 
183374659 
1049197128 
112465407 
455557670 
100672478 
1121382402 
315337681 
1407901530 
377047287 
406065932 
846477493 
1263226093 
591352286 
606834414 
1403127588 
32433400 
1168627129 
722319463 
1376416998 
465893013 
1412377423 
591991221 
1220484493 
503810343 
342464865 
325160350 
514482893 
100886258 
848433902 
941621191 
540471547 
489073001 
720320984 
793617186 
1427164411 
610954897 
769056529 
1428701695 
591946780 
1400999047 
377224939 
1365801428 
1344325945 
1374864564 
1072337594 
139804834 
807788497 
860217554 
156124667 
520564691 
112773820 
908156730 
920517889 
1215758041 
1029200082 
470701086 
730297968 
1244875848 
530793953 
223413517 
1211492510 
1423899102 
757448132 
709197068 
904586354 
243468490 
46061391 
916055582 
45833703 
430879758 
932843370 
350604517 
403098213 
444974591 
80243050 
1125609895 
258558027 
1318791404 
1012479260 
708774962 
459654399 
380626811 
1088830716 
1069156969 
349281690 
428002061 
1062434833 
418925001 
349935366 
1056592123 
820528501 
449479748 
530913536 
983654809 
784577540 
1024178431 
1095269690 
635382276 
467987920 
1035285108 
181285247 
26126124 
1234480826 
173989132 
271747699 
1054030700 
481608395 
453373465 
374182597 
435473538 
563254857 
621253222 
585292548 
1363096068 
833598229 
609958793 
1352537545 
451969953 
1259117010 
1365409549 
1124712504 
1372549915 
71205993 
1184874007 
1430557316 
240844021 
281132049 
276649764 
1401539419 
705693032 
1114278613 
1352104748 
552568833 
1213035680 
600816052 
257659954 
1146545622 
376004795 
171889628 
1112713688 
1128812736 
706664960 
593210985 
288334357 
328040152 
606354360 
241632571 
1257280579 
119840463 
363583346 
1349526524 
1056656143 
630621906 
1423967790 
1069340216 
1025905820 
1421395644 
483133688 
531904612 
1071983250 
746937625 
969059924 
1038272604 
797774551 
1111932336 
318739940 
442138822 
1245246038 
1426464216 
1134727735 
855928944 
474699141 
1290124946 
709283082 
523478230 
752793919 
862350014 
1361285774 
834465456 
635660287 
1128100730 
1272711336 
448647928 
576982098 
34997310 
320019601 
1403266603 
587085459 
577239151 
603760048 
1367548813 
721041306 
297590874 
1431208483 
740113572 
552944512 
305082650 
1265100300 
495898939 
785931546 
1384532774 
597492110 
58836994 
571391241 
965829294 
1355113700 
474294157 
1241761076 
771670496 
521303722 
1134433327 
322004405 
30889677 
615049093 
327792149 
327770767 
1423277323 
154838372 
839350334 
805354682 
476702177 
928906171 
1065486948 
1431259051 
1421336328 
844789195 
360172139 
931526768 
952281960 
998380266 
1431265243 
446276614 
145312695 
861737028 
1421947903 
1052866196 
959572933 
1105758019 
1345567614 
886506661 
1415056376 
1281880771 
945039324 
1400632940 
1216931136 
366452438 
1146818634 
127308725 
1427032866 
155514515 
763971090 
348252223 
512747720 
1375261550 
439419709 
1143950718 
1137636920 
1081871047 
201170816 
960433429 
1066967406 
222233185 
77109199 
930519943 
239050971 
315956909 
240756608 
1262438360 
1063584308 
943765812 
477266261 
1205675095 
1269389251 
1294855676 
482295454 
238370313 
337661350 
520807147 
1226615449 
606527669 
41898250 
215905869 
579932053 
604802042 
1087106342 
1144478826 
993757902 
380244988 
1355123844 
882755402 
764093048 
1431240824 
142531793 
1391685242 
1353022651 
1158923894 
966404683 
485940179 
493721685 
135231820 
1321612033 
746004548 
560657781 
1426639542 
1430878898 
364623495 
1260481128 
1114838768 
1202861833 
1395720972 
849974305 
1263456492 
1255995918 
1316978040 
117790162 
1027869691 
1289064098 
820956816 
450287655 
862468482 
1415047944 
101258649 
434549715 
879937820 
1013562002 
354520160 
1058348413 
159169215 
1163655198 
203377254 
1015987266 
535726476 
458100902 
392633082 
1425975157 
986885725 
60485930 
526081152 
434115071 
324476430 
490970609 
624987275 
581487528 
281277117 
1118182657 
23535654 
456442020 
829524792 
264741747 
1345128823 
1334371952 
1360160780 
1109381516 
1368237710 
952719350 
1401325260 
1035381636 
325702902 
1307776670 
1431205164 
1222672256 
565413705 
386604933 
1421072617 
1014088728 
59663285 
1223324574 
956904511 
1005141865 
518920720 
1419673040 
850238766 
564120294 
395708893 
388409898 
555087199 
630295218 
1416063067 
1068345775 
472111533 
160429776 
207182880 
1389716516 
310381121 
1021257128 
1045187550 
1392257545 
748195291 
1352472866 
519183522 
570140816 
26825669 
288467650 
847885790 
1286768444 
610018581 
565417886 
1014056018 
376815580 
1423245373 
934065770 
560294687 
624910344 
312678411 
237624199 
64522671 
369240464 
1138161324 
1196338308 
365634788 
381132488 
420695743 
1381653535 
1129546790 
1206095510 
56265202 
20167731 
376923808 
824055788 
432755757 
1332800053 
247871758 
1390390236 
1336873645 
1252365852 
1133692134 
1423683074 
1336742047 
331286421 
1397693767 
403488720 
1238455794 
565252986 
1077599971 
833971819 
1093852603 
1180292360 
1289729786 
1421105023 
39921597 
468214607 
1062746066 
1411489483 
198993494 
579938944 
194280832 
28448141 
1413352776 
586128951 
575629141 
519787045 
411795169 
371083096 
103993478 
1387330044 
24960790 
1281899868 
329650964 
1212348798 
1402667726 
36847278 
621262599 
1317081384 
739589582 
62747104 
588469980 
1398381019 
418041101 
396397745 
507667679 
756531068 
50278482 
532717082 
228115073 
589889461 
1418567930 
982566324 
737196416 
513364481 
1255804549 
310816978 
368847010 
289088950 
1225982143 
230352615 
469931555 
777462548 
322409340 
547589196 
1431110646 
285434693 
55585897 
726611712 
521001483 
482543416 
550375293 
1414890794 
1020395114 
581075691 
960797220 
29404521 
311339608 
1278304663 
1420614434 
414504845 
1010111138 
1312680109 
572140329 
353083469 
946489682 
457873491 
1303157642 
1395012702 
1429553827 
915734197 
291014435 
410896084 
1120064804 
287765757 
238322935 
1429116888 
1421305849 
1250082348 
1107329150 
247435922 
1145109925 
1137206431 
1329602581 
447447564 
1059779226 
811283576 
741033428 
107279288 
52926735 
50102329 
1184853098 
538390462 
600911173 
806728645 
1135780488 
905021461 
304416885 
220131309 
982555897 
121292117 
1089075788 
1057570508 
1430913636 
865860240 
329265075 
1413586430 
1315781773 
893060022 
634530751 
1321354507 
1246664624 
341692427 
583581511 
346517712 
578084681 
1330929427 
1417054681 
1154822004 
1291608536 
483127038 
320874224 
1177076000 
101814700 
1271659854 
1387620512 
340564518 
637101983 
1277409955 
587475015 
185958361 
823624795 
142922085 
46684204 
260033192 
68717214 
740978946 
896028902 
797643696 
391487075 
1250137400 
527850785 
64117167 
89394097 
786031214 
445156369 
580381764 
1414906160 
418322733 
1352978454 
146921109 
636554039 
64959752 
1429080031 
166380243 
76009165 
553199229 
482939815 
1338114614 
297754052 
329592820 
360391656 
452759649 
1186414081 
1401613254 
156994957 
1112432774 
1352680316 
1081253892 
387205535 
1423096182 
948155240 
1096414212 
344567378 
249985600 
1157291191 
358977562 
833469324 
624233598 
958822226 
468321865 
805694472 
1419408877 
41110496 
964718918 
908033774 
348254899 
139898721 
1067033294 
144032923 
748645380 
1217212850 
978373752 
279952246 
1121677710 
58110221 
201844217 
476789421 
279794930 
772729477 
783275130 
1177575854 
934727911 
277402313 
1129693710 
1056784458 
1385440790 
1231425308 
218121609 
506208790 
850083362 
602092543 
228135787 
278065159 
1011210522 
1086668352 
1404783734 
1400040620 
1352175463 
606733510 
575611100 
1422834708 
1097322721 
422274415 
1203015900 
128604067 
629458184 
197750026 
1423216086 
166680073 
341153181 
484003600 
1406925386 
1421287530 
1401871448 
751273892 
50315148 
1401608472 
1198948201 
1327167350 
1264441819 
536378778 
856228976 
978155708 
809488183 
1259760072 
1120478058 
1038485563 
104939511 
359774817 
41131997 
974266254 
596884369 
631649807 
550418601 
264409095 
524891513 
1420761414 
283598132 
732562074 
1360608980 
600175898 
1049965940 
703838306 
515508023 
53145834 
591995457 
612082318 
235900419 
410327691 
703625827 
1098308340 
1035018516 
442291986 
1166111012 
1252629744 
1387016647 
1369655005 
1350647250 
777368706 
1404257888 
1030927290 
1337697284 
1272247350 
1106133427 
1331151612 
574376256 
168385805 
1101731155 
30672854 
153443752 
1422505202 
322605719 
544308534 
1066241461 
631144672 
1414210562 
1378719360 
372528122 
252683145 
1111005824 
1419004621 
1024325382 
68959013 
741007500 
266473083 
1401894001 
1358024042 
131819666 
536605665 
1114938804 
273201481 
1430330700 
547211033 
369760662 
1216760936 
926282575 
541155413 
232178708 
304388518 
1293700417 
509262441 
1152405325 
1003761632 
1017176924 
1430208614 
502248770 
1253436764 
1427845717 
989867910 
55678592 
30196539 
475215894 
923195876 
1133627880 
380970861 
1349676626 
560754841 
1059149976 
701113842 
91843498 
1001642120 
1351819669 
561136507 
1031110026 
636500730 
17759387 
865159068 
1096326374 
460954215 
708935089 
1052310060 
380124723 
1095617508 
1320566179 
1336621687 
227813554 
525022742 
633498110 
1348713427 
913844088 
992877810 
1273530738 
272326962 
1281088525 
160988816 
559288422 
1357404511 
348713869 
586092480 
1370822462 
832525988 
23234041 
350275412 
191980444 
336076599 
1307785400 
634673806 
439074400 
867134905 
1331612137 
1370219630 
299170613 
1400551506 
712888015 
625812354 
1386165840 
892562078 
315266439 
1090290746 
1330083596 
354999028 
627526241 
402095422 
573517290 
1013513503 
969645096 
364056576 
845538458 
832110481 
99109142 
514959344 
48545141 
737340474 
304111978 
1252982743 
1125076819 
475353134 
570045094 
577204309 
1270467277 
572139442 
468853778 
540433355 
53222091 
408445721 
417905792 
1221477799 
619494582 
454522296 
864384696 
486462981 
266959911 
1343644998 
833996174 
1421042839 
336427105 
101097577 
422223037 
632178021 
39696506 
176636030 
1065987919 
376943344 
1336758668 
1428750356 
874110060 
735840698 
960911634 
860716374 
1302494053 
1282263877 
505196364 
944598386 
452864067 
1329957134 
1424605050 
1341825444 
270126067 
702205370 
1007643386 
508105221 
494804507 
1317857118 
136991165 
939764256 
39955530 
1428269744 
860807172 
429928417 
383193679 
988298119 
208369833 
202939155 
1248289633 
228930966 
1272812580 
916106696 
1269273818 
389947260 
275875432 
50562641 
415659538 
1406321953 
602994212 
232772203 
633752121 
437101361 
362562819 
456072628 
884675346 
1375558009 
1143199291 
1428781231 
181408005 
750527539 
51235483 
604007266 
573088025 
189665349 
1392505039 
461307983 
1253289560 
1332797581 
1086870259 
1261510458 
1221683616 
417973354 
955451538 
1337112037 
607095630 
475673229 
1201522802 
908465125 
777285998 
1359408631 
958003754 
473795784 
317709628 
1428450368 
315458748 
1315389961 
146184268 
765177823 
1374693078 
1001523606 
296441622 
548329717 
238160921 
488676579 
829866596 
64464597 
720323466 
597373687 
187092736 
1399825806 
240751500 
1354039081 
34632346 
627556549 
167368791 
1290078078 
1106718602 
27190721 
1427436349 
339172160 
969473246 
1151545262 
1260383390 
258111989 
1427374232 
1236197340 
482186452 
573578986 
1280222011 
1111874696 
590268863 
1309134092 
756387314 
120386411 
808538490 
538455638 
1422976099 
311688312 
1412462946 
1420347523 
1365423613 
110097211 
606478732 
1424662196 
194345018 
1422176192 
1423221841 
287385192 
272488985 
386606108 
1428613921 
1172510522 
426612296 
479247460 
1425932491 
1107141510 
916096291 
1413890922 
930545875 
58673399 
143883572 
31538624 
337177400 
914052086 
1343906498 
104240256 
576985848 
344124845 
113234852 
187060393 
1267897500 
1337667223 
1112262558 
1257198558 
859831622 
857118763 
1176546355 
78537944 
165187821 
1345101115 
1332652740 
156466794 
168606359 
251504436 
1368674503 
1000329060 
101204462 
41623292 
306412120 
57008687 
1147928624 
55587261 
581963217 
342130581 
635672690 
317156300 
21123716 
268004399 
23551656 
1428515976 
1053597326 
1425318540 
1426342123 
138502308 
1425176288 
364910675 
316924566 
1424899886 
472067560 
1413022166 
1425722210 
1338015108 
58447271 
501815605 
422928465 
1388245370 
20319456 
1410730009 
1392914976 
1410583004 
1395361220 
823697138 
1024571954 
1011891174 
1330400756 
1330203745 
151189306 
548416922 
1025806892 
324454022 
349526159 
467705982 
1382196938 
21724781 
976770487 
1193480232 
240348674 
836375798 
118773311 
444137019 
1328711089 
44531421 
296709789 
334577166 
501078260 
1335056388 
40711178 
241316500 
1348216466 
58863209 
254868369 
485968501 
135641782 
888489456 
267113500 
1289278956 
845113946 
48050970 
1426636033 
71091316 
1428298092 
1281352944 
53955040 
296433730 
560274533 
833967157 
287222205 
1097545381 
1428545732 
244955086 
485002984 
23660370 
1424458818 
838556888 
78877591 
83907148 
1090030633 
1385373199 
1125105692 
1064482620 
308315715 
1420870446 
1112901626 
1296516128 
788034949 
1428257162 
494232834 
1228559910 
1428538140 
835301215 
1413724315 
320992685 
1368049938 
590663719 
98082349 
54081866 
1397330725 
1038215670 
187274699 
1377095898 
459606332 
1428550825 
1387763245 
182360634 
31288364 
269166665 
144324824 
624855321 
114865977 
633781892 
356599727 
774500114 
705901160 
234343417 
319758945 
410159495 
240777302 
601123944 
398194058 
1378692072 
110605947 
1096671517 
67253096 
361381843 
282309785 
401880212 
114736613 
1260326546 
1426096104 
788678750 
527439685 
489631520 
1308879120 
113241303 
429470516 
1296242311 
18578647 
86124091 
1219572278 
1421491640 
31353040 
1428569684 
621588047 
327501253 
1335710432 
562887641 
1422010945 
447873026 
1428426931 
1250869094 
446550737 
751963399 
128145940 
1336149804 
1063411723 
1007610116 
1363740565 
1362455923 
1374005060 
208971750 
575725816 
279670173 
1202606796 
65290673 
952425296 
490093856 
1381843082 
873952891 
567653218 
281925815 
1270907485 
1428590215 
845416122 
1305044858 
115068108 
1249624092 
1259211613 
1325134572 
528568965 
372529098 
1422147728 
1390959973 
1387271791 
1421386662 
1365235081 
96567552 
1350691945 
410625853 
1270719722 
1426539672 
525687606 
56732659 
383575259 
168420136 
485067249 
1127500554 
351652959 
379316654 
451865340 
350611044 
790695684 
1349417047 
419839262 
1403247145 
401952024 
391275576 
1078542198 
617193956 
282675900 
1296042199 
1315056146 
1080153691 
979137355 
1410979489 
1328628548 
1335418584 
465041845 
856742694 
1348754762 
716575122 
1324166599 
1334581836 
463978338 
418102436 
340608117 
1222610623 
240724652 
1229234072 
1347384036 
1378883833 
358867982 
541105578 
379892711 
247476901 
1004638525 
528753718 
563917201 
1165789573 
1421971232 
1411527206 
551095922 
474204175 
1423280557 
726657655 
580267935 
1428537205 
1316654300 
457016877 
1415681491 
1426083235 
1428178866 
1292770435 
558613702 
311877162 
269199211 
1419875246 
1101185797 
1400831730 
995720155 
302312698 
397037548 
519045152 
605109006 
415851803 
627969762 
1289144270 
527894914 
1405230044 
1413893624 
627794084 
394911264 
1428025446 
417352079 
177757741 
1383376693 
1425875082 
296152788 
39828127 
72405864 
29523326 
1040377952 
1309638026 
128050623 
430392206 
439709019 
498877024 
114379421 
433116600 
1342695986 
969346560 
946419282 
1061258203 
1406105635 
1424222136 
854088392 
374803358 
536179409 
1379822233 
1296330324 
877914199 
723889952 
276234154 
334771491 
125164689 
1326852168 
349809928 
1424529236 
1336746277 
1394477868 
147153573 
31058265 
307988391 
213007617 
147368955 
401885686 
66362203 
254674633 
1428534722 
1423369453 
21486536 
636903135 
418174915 
780756601 
842341506 
1366541574 
836303011 
343631127 
921731714 
247362357 
1169741527 
35468123 
820633370 
475009352 
896205337 
1114758096 
1379843586 
389027505 
398305741 
550624723 
1428414480 
450243356 
1242180990 
1396314180 
1134721327 
1276780806 
420788627 
358885439 
319582083 
1340151229 
47285727 
1134857208 
261876942 
980101243 
549004233 
891889308 
191486528 
1003694292 
1055806633 
1027576057 
1090327970 
491835460 
863126132 
629196754 
1017327889 
506110975 
41310326 
1421362410 
1374140443 
902347098 
71111766 
810119671 
904837052 
365080694 
1352373282 
1423700239 
400569330 
1351284212 
743739816 
1289979685 
471613282 
479802255 
1421335038 
1234076136 
1061562487 
924001561 
1071902208 
1398133471 
1281493776 
1421005560 
229437369 
956361624 
1421479550 
331847537 
1033029386 
70224731 
1428221772 
1275995796 
514580318 
95710780 
242218515 
1133935645 
300801893 
626046183 
1263811736 
565496085 
234389570 
445284069 
705039192 
287861686 
990043170 
543063141 
524400308 
1237262017 
595220230 
388020075 
1402275859 
174925960 
996449376 
312860822 
45305636 
1421685331 
1021482368 
1221012362 
1398811411 
914539884 
1397133902 
1285829653 
785633581 
271826485 
891411036 
974791190 
1408467744 
560747798 
854955613 
256243268 
371952999 
869061488 
1372914716 
1410756595 
1389923503 
256667635 
519211746 
624750441 
1080342174 
344871253 
315161854 
625017763 
335500008 
261703317 
1427996942 
210085020 
247765059 
605486182 
590873818 
251006684 
308924317 
162680624 
255432785 
338434599 
359120371 
1206053665 
1422594734 
326244419 
300900310 
1423286287 
1344578166 
1423775412 
804360294 
403648905 
1374538664 
224813501 
1412351342 
405395644 
1406129461 
829422612 
476106782 
16341095 
442531829 
271892872 
241827682 
1428004028 
1340498838 
553479779 
1344586938 
209913181 
1061442204 
137483529 
1427654617 
1427812542 
1101938036 
94027058 
39302918 
458815477 
1427473518 
1397444570 
464693225 
957594780 
1425063835 
338017308 
46890685 
239300513 
1357752517 
1309893314 
1418461980 
241781275 
504524502 
538490553 
1380448945 
506764438 
1423994160 
1278378228 
1425655560 
70229553 
1320878557 
117290232 
1012342184 
164282116 
1421257338 
1397377982 
1288036992 
81443674 
553820177 
82469053 
1393080895 
614330150 
1422250698 
61180431 
1303926468 
560608983 
562050505 
994103360 
1349311111 
626011318 
1102538876 
567546700 
1374475657 
562450298 
1056310394 
1318433568 
1427857796 
1336465112 
1067700794 
198685602 
166599311 
176096068 
1156746534 
576654255 
184362548 
780566701 
711454508 
395656125 
26197341 
64623431 
550004431 
258058427 
1417982071 
1394316270 
864424178 
704874774 
1066637456 
403738473 
140469223 
1066902374 
285587116 
1427812801 
1090021189 
1427924774 
871439088 
157575195 
1412045408 
1427958451 
1030887972 
1252041835 
100351188 
107864524 
1423340046 
850863769 
97782305 
556150746 
389061247 
305926849 
599094729 
344529847 
481435382 
1119568938 
1427848441 
1234206984 
1397190398 
727197540 
27260086 
912946465 
1336915664 
1360141310 
1425776557 
1382162994 
1417010412 
390489596 
494590274 
1342181173 
630532834 
354477156 
1326838237 
322532843 
305361595 
849965725 
1385328174 
1127338238 
518044363 
1212220344 
90717007 
1299086364 
185935740 
600691574 
188218886 
461360617 
1364204568 
599221267 
246499750 
1411849819 
1092262508 
804697398 
398388949 
1193036960 
357333493 
25320268 
1420695008 
924164053 
364921787 
321896845 
938559036 
1051580708 
258565276 
735496038 
276917327 
1427813292 
299674342 
55031485 
758574438 
1379424079 
821919252 
392938792 
1128055424 
1425342655 
554288601 
245860123 
248859608 
1422508448 
1404419653 
1266804859 
1423540754 
1308298405 
131274626 
839894840 
895732590 
470775356 
26999249 
306168079 
20169548 
486639570 
1426571011 
1407050372 
626141452 
216784952 
1427884597 
1425660493 
1105114818 
368194285 
72185664 
760299456 
127575737 
1134435624 
1425517632 
1347251425 
852258690 
165676049 
273152960 
793574346 
634231255 
348556428 
1372290926 
212737663 
331228222 
1273175371 
1172262090 
814324952 
967599140 
425305016 
1246228388 
1017660223 
866110315 
1258995007 
338763950 
1407733261 
995320010 
1360218516 
1167019530 
606393102 
65373760 
145125358 
19691643 
87946729 
1417966717 
585991764 
602889341 
1091501725 
1423078418 
87654642 
1416089532 
1311651504 
743551848 
22415002 
863100330 
1362970993 
1408229828 
1420168668 
545901032 
329834839 
435272585 
1257830053 
1402002918 
629845923 
236846310 
440834270 
1420323630 
1420570346 
627711107 
473198875 
704059735 
1420579524 
918827942 
1419808398 
804601562 
1420789790 
865491085 
279954899 
425970193 
568339743 
1095863622 
1034126846 
1421111228 
535213981 
1264772809 
1421242747 
1157646368 
1345589450 
722142836 
1343332074 
169968089 
1306618189 
1250855179 
928268738 
1420442185 
425574931 
380501225 
345531358 
560614839 
1320610722 
924035929 
855205447 
420553417 
477253931 
1322916919 
1395955130 
1093727282 
631633885 
104252779 
1421229812 
915396194 
483305388 
1306250366 
232033414 
401750165 
1400973415 
595782923 
778864094 
419990377 
1332255282 
1099630700 
1069377134 
344558886 
1141813885 
1368033295 
1416623527 
617758027 
1281551964 
202768661 
372484850 
419333435 
366932570 
355256805 
575211718 
276059372 
347947948 
52769442 
1405836205 
150113050 
1375131402 
1285097304 
908610727 
1317668214 
987354997 
977355900 
142935875 
124843417 
479544542 
332909807 
272597547 
1412336467 
417399504 
1412765419 
1421274920 
416609588 
404997848 
477963442 
179781986 
1117830132 
1332776154 
1167272154 
1263915578 
733842078 
609443133 
845230291 
849743888 
425533858 
1385916174 
309863968 
1368233149 
816899738 
1281673464 
127573530 
315800205 
1419437898 
970282926 
997097034 
1359384199 
1384110487 
455725437 
1196804095 
381927403 
1221765956 
24960070 
469449494 
536690535 
1107724201 
632479351 
962672196 
232376023 
1404221569 
1419580674 
1134614324 
156570198 
859328636 
563949307 
1340025582 
1123418875 
1420801692 
268736042 
284133894 
59544902 
50492222 
1418994420 
765263982 
1421101513 
1417095037 
482428221 
1419041934 
1350591432 
1416635376 
1306007466 
479607321 
34612651 
534680921 
527863910 
1277436487 
1351181485 
441715692 
314617947 
269462280 
872289228 
433508717 
376615332 
729783138 
1085496139 
1418213731 
466805140 
36735182 
1420358400 
423041433 
820724227 
1413869455 
1043210287 
324198714 
1381318135 
158752675 
751953734 
305723612 
586758442 
1405809289 
1022017034 
400827410 
585931745 
881222191 
1400776567 
1405960693 
1323199315 
322582750 
1114997306 
1258624976 
1413226922 
1421238992 
1407675307 
1037998219 
192728923 
583261249 
488767859 
1045938624 
1314444288 
1259864234 
1351995301 
294890032 
400121080 
525162820 
1319341891 
347195351 
1353028962 
1418719782 
288509108 
439203425 
1414055628 
1330672734 
1325569026 
1333455426 
747444511 
335313311 
354668320 
385833912 
1419253784 
1410481346 
717386444 
1083648636 
1420308379 
538233184 
1249828561 
203124225 
415211245 
537404406 
506998005 
861533420 
1029494113 
1330326486 
1106765556 
576138933 
1039135962 
42990007 
1036269037 
125635500 
1282534956 
727963795 
1413650677 
777370976 
1421061008 
623551131 
1184515760 
942579252 
1139166356 
195653866 
514115968 
338761989 
1108965631 
1332605646 
249618067 
1421246958 
1418298240 
1406365196 
1397684078 
1418845406 
1420996088 
1384821906 
1418624568 
538539886 
357202101 
1382811667 
1414079540 
747877518 
1004885821 
340436194 
583654937 
882987050 
1168279243 
1421276437 
1418296885 
1419069816 
1099652528 
706302613 
1147134216 
721173542 
134445667 
825325112 
568331044 
421294944 
292257136 
1412925638 
1367635999 
571304118 
16192998 
985256605 
547711781 
50205525 
1384748988 
1063331977 
1419909794 
1073712325 
868776102 
907123302 
419674334 
776638392 
470488118 
1300824740 
1409153814 
1093964911 
1411428854 
1369859916 
601319590 
1328286314 
605641221 
929426521 
493388869 
1420704776 
1414261454 
924630890 
862555177 
845915773 
1394451751 
134726158 
455260982 
1363292173 
997254812 
1048684916 
539498400 
1408449253 
933105116 
845718973 
861680437 
1409006593 
515338840 
1395987042 
419712572 
100025986 
1392518784 
1308373327 
1411553336 
1386074154 
1420440794 
1417790016 
1305836118 
1092560389 
1348220700 
779430492 
1352875466 
1421276822 
1316543690 
1421211438 
410430919 
94592785 
1328246000 
1416540018 
1418747851 
1367841680 
1418225198 
1408624662 
26225408 
603724642 
432796057 
1018048982 
65782511 
1420330020 
1232794699 
166144095 
858785366 
1414364768 
93951457 
1421151012 
1419385374 
233053239 
990012924 
1420805276 
231397793 
51825693 
1270656596 
1328148794 
1322090839 
1411769664 
473243219 
537825378 
1421199139 
209612926 
547003895 
1383227766 
211627444 
1029170299 
1404794538 
1345356912 
1282099214 
1402521558 
967243418 
880480813 
811996088 
411987636 
1015707188 
795520908 
1336437048 
1419078228 
1418534875 
566594409 
589585685 
501020770 
401541537 
89973209 
415993144 
60913013 
299746616 
370277168 
1121958428 
191121372 
1402336381 
943818110 
24575421 
334069282 
148975943 
1125736524 
1406010163 
360788140 
275466228 
1113617010 
198985853 
350976277 
1421107549 
127572946 
466879483 
447680415 
1232722730 
1420988594 
204417153 
162756098 
1142555978 
