2312790650 
237845487 
2955539770 
23489140 
256796349 
1265431255 
860715570 
111266861 
300735398 
16518439 
4376156842 
17096835 
313562350 
62513246 
459872442 
1236367723 
240569603 
13393052 
14606079 
823565852922576897 
11347122 
304392714 
36771809 
95468980 
819321827289874432 
155784594 
15464697 
15154811 
5637562 
59514202 
18686907 
14647570 
288452305 
235573486 
18878010 
74155837 
1537696610 
12465392 
174770559 
61734492 
8668862 
3781883655 
17159804 
30013010 
460272173 
439928778 
549316468 
15816098 
818588 
818605 
1416646166 
59128257 
15218400 
479097024 
166022406 
322658299 
22547819 
66802271 
316389142 
75069067 
109025212 
20252406 
2937550630 
197423425 
1343169625 
121444458 
1330457336 
102071743 
50325797 
11620892 
948104532 
3181073101 
874916178 
465158654 
16224319 
39800314 
17027378 
824000078 
1390399466 
47014253 
282328362 
21179303 
148376661 
2474749586 
556151596 
71673599 
1263338160 
38612864 
606838476 
3046664095 
140136223 
1536791610 
14849816 
343203395 
2984644966 
3131597297 
169767894 
917105330 
72103163 
468800218 
98958172 
459663438 
145540393 
29753988 
116879477 
33893221 
18248783 
62617459 
543590899 
602755000 
20805463 
21821423 
121625094 
44438256 
1069885550 
2968989617 
38457600 
136310943 
14489465 
14103189 
20280065 
31561562 
861124393 
740081851 
485811402 
610659001 
2755713602 
18655567 
17062849 
1470850280 
1648885332 
49413866 
475246630 
95740980 
26571599 
2497242884 
43353950 
519677124 
1216795250 
2494473072 
274365008 
15150453 
17773720 
129671656 
14914631 
19725644 
15472700 
884491777 
117882437 
14324284 
508720317 
92183278 
1339835893 
2344030220 
1498515470 
2290190402 
14323791 
27664273 
18613271 
77570910 
153535819 
378643551 
17766403 
273552883 
15458181 
200219772 
182839127 
77907514 
182438581 
26786596 
195897346 
126750134 
146548246 
17881345 
395501428 
15355986 
31080039 
31213485 
18088309 
755886386 
319198241 
620237668 
14867070 
33977598 
3714971 
6877642 
14963150 
34119643 
1026321 
494637724 
18560524 
12329252 
18569484 
72352262 
13825272 
472594280 
16044065 
71180562 
104070525 
32372834 
26858764 
19843630 
36109143 
14238165 
355665348 
384923143 
45708132 
14106829 
33683331 
27234566 
46213956 
19416598 
59031230 
37675003 
6705042 
105810697 
9207632 
21040785 
14629948 
175772376 
310673079 
813286 
12331792 
12246512 
213299895 
14201924 
214200223 
19808176 
241133253 
18622869 
3217101 
14315063 
163887468 
71654283 
22408900 
18860105 
14729597 
5845242 
105973401 
61844057 
195501134 
2157691 
26099938 
14246001 
47512804 
17981537 
138151145 
16486812 
65946380 
15862891 
13746792 
22931893 
7921742 
97532053 
16250929 
6418922 
18788629 
38764853 
18464266 
16303106 
175062698 
17385903 
171198994 
82186838 
24939473 
168793722 
24696522 
65909759 
14638851 
72842277 
53082555 
161939929 
53435986 
21664633 
15084855 
118975084 
1807011 
15317615 
26277608 
125705137 
17293337 
88290488 
116877838 
34317032 
16828819 
16564324 
21917716 
14343392 
38762773 
7093352 
15636291 
96213157 
16951956 
15537064 
11348282 
21866842 
14043142 
19025992 
11178672 
35549780 
6612402 
15474432 
6713152 
15484063 
16817883 
55005387 
17004618 
631703 
19767193 
15480686 
23962323 
19084034 
16473271 
48435442 
35315865 
35304791 
17690747 
33504087 
31443503 
11317392 
14085070 
4620451 
17567533 
17156053 
49164309 
24319762 
