386788466 
3365056168 
817965869003403265 
3414195111 
2320031040 
3467253496 
549510165 
1016021178 
53441870 
745737894950768640 
177134089 
457692129 
348058612 
2642438760 
2201635304 
404916846 
1721812080 
2794441796 
2785793167 
2778537414 
752705668117778432 
947346722 
2333082048 
476234589 
101718053 
1053367598 
1349082427 
103550181 
3086026040 
132774626 
219049532 
296623811 
319861696 
167989418 
2549647958 
374170012 
17874544 
255335896 
2219270856 
1121163822 
352957992 
2498960456 
825934369 
2830051135 
2478045313 
56773228 
4423337056 
783214 
4088500393 
2625176466 
213539531 
1093124360 
1546540932 
148760908 
1446460165 
3221697469 
1363021195 
523020661 
136627335 
999639157 
136123870 
1703499732 
2900426395 
2385749072 
1342713913 
749952350 
767344020 
843112550 
918346674 
121213242 
459267294 
337502808 
224200628 
472967330 
2390553224 
243069951 
1078287655 
345811633 
134164413 
482658470 
1322319715 
2501274093 
2223592103 
1681431577 
981057535 
1599171037 
1520006918 
865298551 
1649633971 
286742737 
320297405 
518591762 
615214819 
2541999782 
586189030 
268287205 
227121370 
169719009 
93167589 
551149727 
412948496 
476199422 
45786304 
96013710 
586242124 
273028600 
1546270652 
73593143 
573459961 
259132164 
396086694 
488242107 
958156806 
611959284 
1264788474 
1891280354 
32128600 
139399835 
1433628480 
236738600 
911142252 
227626917 
409503871 
881662382 
199110089 
552011578 
517680491 
81001513 
302136938 
487843424 
925389540 
272055657 
101311381 
54177550 
1863807403 
598203859 
485854360 
495605961 
325451111 
1305995330 
137099011 
64019328 
1863428329 
786796010 
18681139 
1498565142 
370699216 
488908367 
315622616 
206052014 
211810106 
145125358 
1359166309 
131102007 
142371311 
630103322 
525821517 
26941178 
101978972 
429385529 
258923616 
111164497 
284441324 
523512145 
266791973 
126990459 
390860562 
102325442 
89304457 
734989392 
43042353 
629097517 
296723507 
142722336 
401765853 
278722931 
323634172 
253342708 
203083495 
339733345 
95373836 
179344889 
524962944 
270369094 
