1305995330 
537950795 
310986819 
145125358 
167989418 
2438386315 
2747259456 
2576238121 
2830051135 
221648522 
537085518 
26170990 
194038143 
555856395 
282204990 
376039982 
145604011 
831225444 
704622706793123842 
610179261 
331359305 
2232996836 
2498960456 
1282187923 
2625176466 
981057535 
37387024 
3167402549 
2655830472 
421725703 
115682368 
112915037 
19397785 
50393960 
813286 
168767461 
141664648 
155659213 
28201743 
2367911 
268414482 
79293791 
44409004 
21447363 
26565946 
457554412 
254830969 
128023009 
196795202 
84279963 
403246803 
403255314 
439125710 
264107729 
176566242 
158314798 
247822490 
162152212 
991576112 
482658470 
316681070 
2778537414 
395149823 
1324765802 
193090013 
1305657895 
1034937114 
136123870 
36432569 
1520006918 
312791493 
771083455 
705871699 
2485800751 
520180883 
1121163822 
75536941 
1355417622 
2900426395 
121213242 
417161222 
43032508 
2745276962 
1204925676 
2757197768 
2177420990 
111138307 
321445166 
713942936 
337502808 
274134061 
411192890 
60827013 
259132164 
2806151875 
1416443976 
165637961 
396086694 
206052014 
416983726 
93167589 
1607548064 
476234589 
139399835 
46331649 
89423854 
978908012 
39960444 
2190293496 
251873156 
593370001 
335278809 
390860562 
2501274093 
1252771182 
1519073424 
476373622 
523060215 
1863807403 
82686857 
618880153 
1960283150 
2223592103 
177116491 
320297405 
269661382 
2902840382 
135180139 
45786304 
2272856978 
2597498814 
999639157 
111946118 
1446460165 
268287205 
2196840571 
2266209018 
1599171037 
1093124360 
958156806 
936286848 
1121193241 
568033330 
224861334 
89631304 
1081878726 
2459337139 
1185260372 
345811633 
176414674 
605865585 
2266343932 
1681324362 
1463880866 
236738600 
598400327 
1681431577 
207426991 
2432417994 
2520060224 
1330734030 
2765240810 
1244742991 
1175662753 
474632448 
918346674 
2746926775 
133682123 
1735618152 
227121370 
211081766 
1269873392 
521685752 
606237669 
298027175 
131752870 
127245578 
64019328 
148760908 
203021499 
149915877 
525060895 
2731725052 
208255039 
142763432 
2410461943 
991401038 
147032692 
2385749072 
1438162062 
2616179544 
1665731966 
472967330 
586189030 
631899713 
793826533 
842175548 
1206501108 
333523221 
2450495372 
10650592 
43042353 
114370052 
890376152 
1157526014 
573459961 
187473311 
204887235 
506495948 
2432869801 
2438342798 
373988230 
89769885 
131102007 
487736815 
1660208000 
1324863536 
615214819 
1133891532 
492384097 
299048333 
1433628480 
404434048 
449653855 
64384590 
543305754 
2161261964 
719352925 
2246571052 
1094540311 
103375058 
1003794630 
549510165 
524657792 
1264788474 
110550244 
1002657601 
84071601 
801281178 
123757534 
874368012 
1155660415 
463442646 
343547084 
2337848636 
821276 
1498897422 
623584562 
100594404 
26144491 
1340692447 
1408603196 
1907697024 
578360949 
2293864124 
1270143049 
32688098 
2333813415 
253065991 
472532307 
724223456 
552326182 
93208569 
994348968 
198766210 
922976910 
588730194 
253364708 
1347251328 
1527044292 
1433318972 
940028725 
426494716 
384056706 
488908367 
265696487 
392092895 
106560769 
511059332 
322609445 
302765328 
49053413 
60276626 
467239287 
404916846 
1891280354 
763759764 
456750021 
476199422 
190115598 
126990459 
1650215384 
1458460778 
197557325 
1053250524 
273028600 
121174507 
316208515 
634714422 
149655776 
201885911 
534362261 
82647069 
886207832 
456371141 
255335896 
257799442 
858230149 
1539728527 
291970828 
875194944 
31674010 
481921284 
567480232 
1234582736 
780881828 
910828603 
854512956 
595588306 
254306187 
204600563 
582026916 
1367246742 
873268544 
323634172 
423878912 
213009133 
455036984 
595504958 
1126209121 
610646751 
261336683 
236503112 
1546270652 
370699216 
598919816 
325451111 
1573408398 
517680491 
270369094 
523512145 
296723507 
865298551 
1244421032 
1435811695 
280157793 
243905514 
137099011 
284441324 
116409573 
333680988 
911142252 
552011578 
1356953600 
199110089 
1400837108 
202961710 
102325442 
733303040 
929664925 
1441093243 
457692129 
497261985 
2166896557 
1667654144 
287168172 
601066439 
925389540 
984413802 
843112550 
825934369 
1078287655 
89304457 
111164497 
332788870 
203083495 
286602462 
148779151 
315622616 
1649633971 
1057903333 
488663469 
314678674 
396957509 
825558378 
600282350 
96013710 
1322319715 
593749376 
749952350 
296623811 
1705823946 
1726630602 
163236007 
29483318 
814159519 
1726645633 
24776181 
568869486 
168920414 
1517774996 
1067461788 
540896810 
449144346 
1713759416 
485686181 
400346700 
570237268 
555306875 
346747342 
390205389 
1716542653 
629977984 
566382150 
344280084 
1169040458 
587823070 
452062196 
253777393 
33806254 
637102554 
762626028 
25542004 
129909263 
252670528 
1600916035 
492777912 
1409769488 
405825180 
1098247118 
488586736 
94672090 
980413352 
606999168 
168793054 
1664233608 
1612265917 
1715794158 
1710535190 
1661331234 
633130881 
22234388 
370995734 
1344935120 
1312259648 
147672037 
931275720 
51310691 
232426523 
865228722 
139189986 
635540861 
230640125 
572435279 
407403929 
469439407 
452346444 
460192822 
1074845132 
58323814 
853813044 
1322459084 
1084463502 
18220818 
54320287 
477233740 
834403933 
825141624 
398039305 
483056084 
132071553 
945877440 
198041404 
122240304 
89788329 
111090187 
843263972 
105394582 
253733808 
373626404 
1639358449 
550764525 
252801741 
1030049274 
175116860 
103603563 
464527877 
937517227 
361854514 
1109609646 
473418879 
1697075766 
494530428 
55896547 
519929459 
1042890192 
958606783 
195911578 
262504856 
93008761 
160270743 
1705064305 
327710975 
599732822 
279029601 
62143634 
1202555198 
462709408 
978931933 
219031924 
290661121 
1191932959 
103765755 
1692206322 
380736883 
630383104 
308745895 
1634791135 
28145773 
922130190 
193380221 
434218526 
548134915 
237794111 
148700874 
1276100076 
173371839 
76217800 
338672145 
1240450292 
300763526 
1549557853 
253325744 
606268611 
322259221 
183281292 
457592545 
569711904 
166002169 
137126259 
1202527340 
772554211 
405685081 
737759240 
255658359 
582318639 
150058020 
226429828 
908307912 
405847099 
1418173975 
466042050 
432857242 
71001732 
176620427 
33904220 
253675042 
289970512 
201835121 
373593322 
575768471 
895027448 
1260595735 
1378291393 
1621415215 
536850939 
559080591 
456979044 
760912104 
1656103290 
53928767 
224647307 
621645149 
1265846892 
1687224943 
479715887 
579288415 
378308920 
585091694 
219774531 
290917853 
427747075 
284650324 
137486352 
1167014300 
410082744 
393029476 
315844144 
350041804 
1550828101 
954466676 
334513652 
565810966 
609942898 
51171458 
137539520 
1467895261 
720138098 
487160635 
1214666124 
1380601448 
427623531 
26844415 
751629080 
277898601 
964205466 
363238643 
320941106 
1474743168 
325941460 
441008519 
1339934425 
212299546 
1053795438 
478349816 
768177918 
399617458 
1554741194 
266785587 
535731777 
1701316544 
1096597687 
407207596 
994201525 
1326052687 
453047617 
1008165452 
58715228 
404096791 
488028705 
428568527 
975142344 
839879845 
1681536559 
715536511 
440699139 
436222679 
523476741 
161038926 
754039346 
86122751 
625032184 
634897148 
418171685 
392432540 
405552337 
913070780 
719918546 
19013647 
504573155 
26631404 
284797006 
356673585 
226216814 
1387709034 
59650027 
1109495222 
542645883 
167124372 
587564070 
33255309 
1597672698 
132730840 
450012341 
7966682 
389766903 
811947595 
51583723 
1029817255 
421140140 
1215968970 
1644188022 
456325726 
185486862 
1026208910 
422426122 
67169255 
549918221 
342219559 
702690518 
1110445914 
188162167 
509349101 
168944878 
1564285651 
219494822 
446678312 
544744394 
306709247 
264310465 
930128474 
114884917 
234911052 
114567946 
318389202 
37998674 
320969027 
65174910 
30129547 
719815567 
474261136 
352933404 
387102529 
1249463930 
61194433 
504692355 
1561932416 
889556779 
36205262 
259405905 
337258488 
113709701 
193558028 
359948127 
68082652 
1055874541 
627709621 
1666811365 
451050915 
254566817 
394106251 
142579603 
1360777484 
476383096 
174895038 
160038100 
195244872 
297666746 
1000642158 
1049771034 
1002363775 
1370487187 
1398438758 
266333589 
303394663 
432167192 
196855663 
298941853 
1172572610 
75902103 
288835661 
342333110 
1634897389 
1378306626 
480499154 
1370599441 
1463419808 
411815473 
51947498 
285773242 
1549259911 
1704558170 
166263327 
261283546 
838664910 
1634979510 
1703600358 
1595120220 
1225935630 
409456176 
503388794 
842218297 
509370000 
1565631079 
536626725 
379774567 
223599065 
413250531 
217096625 
869089496 
379364245 
577725526 
332790608 
278270789 
443959436 
128270230 
1412079031 
210326520 
127712702 
160572104 
541869802 
1330498837 
341237300 
124753714 
469230600 
977312934 
463618983 
336644594 
513591368 
1385799120 
554691814 
1217501912 
504937076 
1661192318 
773569044 
131058138 
987586178 
303254245 
492693487 
280993213 
291651578 
739710666 
106570076 
48245194 
1481991211 
331459075 
218606952 
332999629 
438309215 
167794792 
198702710 
1406662296 
314948550 
611086461 
119556144 
394941399 
92089407 
452436706 
345644747 
225736024 
390293453 
284050735 
336129711 
450325330 
439552831 
174779787 
594434333 
1320881425 
250937405 
1155969583 
601508926 
1338081739 
366421372 
240941380 
939705588 
844628778 
38773303 
316232234 
445598656 
324557676 
838684790 
1703644544 
236940685 
161658195 
1630575199 
900982951 
1041244478 
523081674 
94820258 
170987122 
353918488 
108079392 
847004695 
1704492001 
262162762 
721704444 
204791543 
1258614829 
286558065 
226931773 
187066704 
225703996 
74238085 
587385273 
67991647 
570906888 
1008121614 
415741379 
1446721700 
467149869 
603950870 
575917436 
99943864 
328260064 
1065904609 
196964647 
99981284 
1012824523 
1599164754 
1009029637 
1680490164 
176109134 
293794570 
72254160 
331736709 
145929755 
424531910 
1013770092 
77883971 
239363097 
153189392 
1140840853 
1601571302 
1209253952 
201557236 
816351732 
336156037 
1376797260 
988538312 
189033239 
107247651 
399896124 
557284840 
853396806 
597679550 
908822882 
134577032 
771419658 
358267357 
1481352464 
520353770 
849985669 
628748893 
216509572 
1259126359 
343216361 
22149539 
425662817 
801380034 
722575836 
545449691 
889998391 
43978978 
310618389 
934518697 
340698914 
1046232926 
969951516 
1569566234 
323629878 
134068088 
66240266 
253718482 
1365789637 
430350319 
350301734 
1382374886 
543343418 
48254895 
263874952 
481358816 
414501728 
234737554 
181572531 
1336680818 
567190637 
572013447 
1695738932 
440552392 
332903757 
110555159 
497428160 
546133085 
521473350 
716403518 
634438557 
321637648 
1025084623 
722763847 
777654853 
769059097 
47977619 
429668476 
446700777 
120657288 
421196086 
946833673 
247573631 
251434525 
1698104496 
1265779568 
1059870444 
183700289 
367675910 
596445395 
345827190 
557056034 
1697547560 
589822578 
410550047 
1114457136 
277024034 
427374075 
165253606 
165526955 
436248158 
1698995502 
600133631 
1568346133 
576314167 
29586348 
436705097 
615221889 
174699094 
707134854 
258382610 
490393606 
171357722 
372929372 
606618768 
1291759526 
352217320 
919882537 
572026601 
1637905441 
69051731 
468164558 
1271842298 
293300046 
488634708 
634674919 
410582796 
515847029 
1699431344 
1660285926 
225559973 
348244912 
1698523621 
211159044 
310146169 
212613379 
838867915 
250887960 
703884270 
1446457688 
345498856 
410404434 
1567698973 
56622289 
425112948 
1638653714 
1274853312 
1684512253 
259581970 
424304061 
339623604 
1033776283 
1223375486 
824845400 
575666943 
184780275 
228087931 
1115715332 
448858159 
180222057 
109789296 
157362084 
561849835 
1560175526 
1575280405 
1285780610 
594436879 
1034894083 
1591335150 
1057320462 
755767465 
478196177 
1497103752 
1615152414 
1363355526 
626861248 
397681076 
626755102 
1036431948 
106550198 
1377136657 
323325989 
275227286 
1610845555 
1109256451 
30218558 
140482274 
611068914 
865836618 
1555541137 
585248399 
189731586 
428667908 
263945483 
1022585119 
1666176050 
851198821 
94681908 
448378505 
610100299 
269429216 
166157650 
1062233226 
364010011 
1510047494 
848039840 
338754799 
835771416 
72247943 
820670612 
544568854 
544627267 
39398756 
1688126468 
46260801 
1054106852 
574356309 
1371432530 
333586263 
963505874 
1699600866 
544657994 
454256164 
1388144413 
1521572300 
243508558 
543874786 
628715231 
1424339515 
370228431 
1689977762 
796057147 
958394773 
1347493446 
816417792 
14448173 
1462684878 
501944651 
610246898 
1659705247 
75287169 
231454098 
261234178 
126882013 
330635502 
525743363 
621973908 
498079919 
573616884 
958822686 
1078836018 
1167170052 
606426703 
116125969 
1008416294 
383514132 
261535124 
630683931 
625938996 
286647845 
602342354 
300902944 
149011029 
178109202 
364996520 
400227573 
20184765 
211902991 
1191163057 
1524946346 
717010531 
1018010096 
968318348 
1186686433 
131295787 
463624966 
565994532 
1143132822 
287505983 
36478403 
362154269 
361439314 
1240309374 
280838153 
1610662303 
1558734314 
450708387 
130292076 
286921546 
323221405 
786176419 
258914146 
291349221 
226463312 
1697164724 
304752739 
570465669 
117306447 
719118936 
588865990 
19572710 
1697372137 
40666068 
224128944 
625580654 
717151086 
402142673 
705881480 
449433448 
256543228 
568699443 
527339112 
390874180 
213350764 
1183227241 
722900574 
916252152 
94574237 
1580417568 
1363344835 
165994177 
636036677 
377027713 
140710131 
358284604 
219250829 
445446807 
619569480 
125126792 
967160929 
856176876 
153209491 
612000124 
94908364 
428383430 
630501729 
1332719653 
1676379050 
98091899 
359913180 
121888237 
479998601 
102178135 
1684736892 
971222960 
29897416 
531470706 
293570712 
18815605 
334794169 
1370793218 
141111014 
121772668 
85970738 
336652475 
126698135 
291458069 
404338678 
89719787 
187893930 
286781897 
160416929 
243837429 
481737758 
47367819 
216168890 
566267950 
188684410 
1021325280 
354109156 
514685458 
142931196 
23812140 
1679649428 
524851930 
602539329 
113443240 
392673334 
100139412 
539191450 
323275818 
559626329 
1593048625 
166202533 
410456158 
602845607 
351913108 
1618344156 
204125325 
1183342482 
946125360 
539193389 
297299426 
147930289 
393465307 
634574069 
603978174 
51017652 
30086540 
158554453 
124869156 
940267609 
708805207 
1173955249 
1350605071 
1036305194 
403886205 
163008383 
14772544 
288835095 
152418281 
1693374306 
260926851 
402824123 
67739279 
41479568 
535746024 
1002608312 
1523280216 
178678932 
233320158 
400364870 
587250867 
809079942 
1068700128 
563264812 
117179966 
480957822 
230636650 
91162084 
1604984354 
31471317 
325694071 
1586985445 
254894150 
70791707 
174410236 
29125310 
88851520 
765203588 
280055815 
483914913 
53230813 
402652246 
1532208894 
1066769599 
482383801 
867207296 
182443236 
973201992 
1208257062 
432523536 
233312787 
220790279 
1132908660 
433392088 
40370700 
232378184 
983710628 
322718466 
566217989 
37789542 
1642087596 
1264377739 
49459184 
483965555 
348240084 
298363654 
477881256 
1127107512 
1428771344 
227887760 
235821654 
239047722 
294319051 
1694177258 
119228939 
293035938 
290981483 
1660169442 
1650310130 
1669877119 
631038428 
405962392 
362908616 
231884048 
403954235 
630319260 
1063663872 
1650888265 
164618527 
521626626 
760800768 
132865155 
397604442 
308843404 
148208049 
28507777 
141628013 
36753533 
1689372438 
312894603 
189873145 
1183770092 
490822433 
1480345076 
178818503 
150864797 
276273932 
527957523 
632450368 
1155035634 
1659830886 
348275716 
183760472 
167019023 
71165327 
336177328 
862416919 
493304506 
514606460 
1169901996 
626773519 
635531605 
317290446 
887977836 
41751392 
627834071 
798639025 
735337832 
1201827068 
591026114 
116901235 
200033716 
1282749919 
1442054130 
1339709174 
609680469 
591252620 
52255737 
87939513 
327828496 
759921792 
490714094 
224445032 
1090738424 
293570303 
820382658 
615715606 
557821499 
559395380 
627635577 
1665880412 
890968027 
43712585 
545207140 
1672154916 
1441938564 
613973571 
595602376 
174237896 
235567919 
542792579 
40984482 
313536005 
1228878548 
401788358 
333078057 
1025218626 
51442748 
1050568746 
275762637 
399964974 
466408223 
1385446698 
1657404576 
1126569474 
895217053 
606515446 
1597416439 
422042118 
584076794 
387315516 
513842660 
824136888 
549349219 
38692775 
1223112655 
604055201 
269468724 
386107247 
106248833 
181815977 
1691857321 
484371159 
506495894 
147277237 
391603475 
1360482284 
364631944 
588703661 
988082419 
87679804 
516700041 
203560349 
418410766 
351125823 
101819732 
341109487 
74030040 
306272422 
1102947655 
570963734 
360834267 
239669362 
190025869 
825370843 
31103946 
9980782 
358349497 
1092639409 
399066122 
404998629 
69313123 
1003121510 
313900293 
217451577 
1364457234 
451497352 
326278170 
468495465 
298719919 
479125559 
567439059 
717040830 
79330605 
259565379 
114628033 
279437944 
323691687 
25429253 
371781814 
1089754765 
360771144 
95051964 
396762175 
142371311 
392574968 
525734705 
285053309 
58165895 
18548136 
400770714 
59142708 
1411714243 
214162237 
1359638676 
73593143 
101978972 
606856466 
358155712 
243300398 
252432268 
741724375 
1630419757 
1630927392 
81001513 
1624147795 
237634998 
1531680211 
95373836 
266791973 
134164413 
197271949 
162501326 
130372629 
810197714 
578990250 
1615674678 
256986185 
1321123585 
470393000 
1599521012 
620522704 
36222493 
586146158 
567519615 
1596389690 
1604333755 
27022925 
1549911132 
227513889 
1597436394 
106028207 
1102056092 
1562266111 
309331444 
524962944 
1575619056 
211810106 
347899465 
50565215 
547607608 
297692168 
189955012 
1541660766 
1556566645 
1551812101 
1530252607 
164466971 
495605961 
66339576 
258923616 
1544746477 
206735576 
131962317 
786796010 
872723234 
412948496 
525312787 
993692160 
1534002486 
240990050 
1398170786 
1517382241 
1390143816 
176224244 
1254630618 
945141318 
636489826 
398036427 
1506604279 
625950856 
156656318 
1322467172 
1271983753 
382561193 
1489066874 
1408748575 
1488965881 
1430771539 
539346121 
1089746396 
335578188 
344443602 
220849177 
1469753131 
120619596 
557455977 
348058612 
188230263 
525821517 
206388720 
141695305 
425966773 
1066086217 
459363109 
126732585 
512669769 
71465523 
1387982220 
120500211 
586242124 
316292974 
286742737 
221227652 
524957772 
465014289 
881162124 
475010945 
185357982 
607250018 
458237961 
363640677 
1331420934 
1320460280 
233614681 
1317037038 
1081264122 
1308762972 
1311657241 
1189787875 
914949624 
155864272 
137073849 
433473269 
173872327 
581226241 
597265736 
36823519 
1149216122 
595805978 
286168377 
284649323 
1254911292 
51271929 
317606559 
1242896084 
1223165460 
1168924488 
203962217 
175075017 
883223264 
1159685552 
129106891 
306148694 
536087812 
600197134 
615974294 
336001140 
302281442 
331313724 
414967039 
256241800 
712535588 
422280971 
172451646 
40246348 
950500759 
93966959 
731929537 
632338242 
527301195 
