1605129174 
10228272 
837001715429732352 
1187330941 
3176708871 
46788269 
816711729581158400 
2882505281 
2835498826 
284416080 
1138339212 
312247361 
3321559356 
18306142 
1087348778 
709162893766434816 
16475194 
16619881 
2999703069 
10503302 
250950300 
571206183 
105291993 
2718010818 
733337408 
344538810 
4747836015 
356541836 
3065588622 
2763841410 
3307233375 
479092521 
4062436638 
28048857 
3593432669 
608418415 
291015650 
18995373 
275882512 
18755518 
95980722 
58543261 
3300594994 
1931992236 
17778269 
102137866 
73019162 
2749161480 
1323775747 
339894505 
2400531912 
539570549 
6674012 
2778952080 
467690130 
596622485 
2305603543 
24967749 
3170029551 
3028352708 
425016714 
3189832497 
2999862408 
551473324 
2344209337 
2796460260 
2342880032 
414995075 
2787586246 
2349120332 
1244238200 
3065801661 
496012442 
57142771 
568780180 
1299470724 
118277370 
262028312 
2382386612 
1278947124 
1220791675 
1436244871 
2870994311 
19656227 
540668378 
520680837 
922294303 
288362978 
122475256 
3031250546 
2387111334 
1861393146 
5800582 
145962126 
353897129 
2997658879 
2853641871 
2472089628 
15539347 
13149322 
438124586 
1029142980 
1158468355 
76622099 
286505380 
250921910 
2383242300 
2970282146 
424780993 
206023137 
33446440 
309366491 
2447968201 
2189192912 
199023346 
37444945 
2169005785 
878325354 
190649525 
144701884 
2814242641 
370513358 
2839548051 
231074946 
93659369 
2214159667 
1446313386 
2436022880 
2258182524 
2228669526 
376242600 
314756534 
319311380 
293413226 
331908924 
36984408 
2751980148 
2280525847 
188551928 
273515759 
175479505 
586314970 
1581049838 
1362525619 
437210567 
2337820580 
1285489813 
16905329 
2321127806 
2417649182 
2536458018 
184958971 
29004273 
566662738 
1084334311 
25719962 
492981803 
2493740371 
1209608880 
1513002752 
2195887771 
282353281 
2251279068 
1034268901 
860402178 
278142809 
1962297120 
2369126940 
1713959575 
399305315 
20818625 
234905133 
1409082714 
1869322766 
20240002 
76907571 
225125248 
557633469 
