411639296 
249835532 
4127365179 
363864657 
3292963881 
4350252197 
3437864147 
19074134 
158128894 
3098797108 
101908434 
2775012062 
97082147 
498941890 
46873339 
2787873434 
46167507 
2182356058 
2365363921 
15907676 
224295155 
2440906235 
3073393600 
245439302 
450401018 
20763062 
62419339 
531213918 
25654108 
1239401322 
278298747 
861223368 
121544172 
2765612097 
349237203 
884260344 
464079722 
121468550 
1724044520 
560184361 
481454372 
46921852 
524576767 
41418766 
75429550 
987660271 
160305261 
1818843871 
35805029 
215965686 
2534567084 
52895498 
21867080 
180505807 
1046102472 
22968833 
108374641 
302171630 
122211547 
51762456 
19112245 
1449432727 
70651448 
16395789 
19464245 
266673183 
523986372 
1330803000 
376061443 
2382881911 
440203263 
49051185 
493314866 
373782515 
39458646 
605954662 
62734022 
1934487079 
107700492 
928091676 
501442242 
589656810 
236430768 
102195653 
110002191 
592694733 
78084813 
20449691 
1962166398 
1410744786 
17093617 
74594552 
2188168796 
1227678122 
21323268 
97086949 
28635233 
112240656 
112236047 
972651 
14511951 
41329637 
338084918 
238918786 
184910040 
26053643 
166739404 
332683606 
21447363 
15439395 
15485441 
19777398 
1092919494 
59454817 
302691599 
15846407 
10228272 
95465386 
21955058 
6761682 
163755960 
21111883 
15451591 
17350250 
19555067 
18133405 
121316090 
26207922 
279319647 
56518880 
429005626 
1229343619 
920557896 
62760327 
269958365 
1076720563 
25203361 
30028228 
277546340 
537115640 
621177828 
51260772 
