4903784954 
2671829047 
2768018597 
2902033120 
486760134 
4859142401 
240738046 
2813693810 
4687623691 
1006237058 
61003804 
436411543 
1681431577 
2467621014 
2549647958 
2576238121 
16955612 
2401292358 
1066142084 
145125358 
1275331532 
240745819 
607727322 
3257927839 
2541999782 
76966092 
2158121408 
834988327 
32867314 
457692129 
337502808 
1519073424 
20593022 
786796010 
213793065 
136123870 
2785793167 
130571043 
2478045313 
2272839091 
22099513 
177134089 
2625176466 
50618718 
3160646900 
1093124360 
237634998 
508370809 
2794441796 
2498960456 
520180883 
2830051135 
255335896 
14258807 
194037150 
2385749072 
57024049 
1057903333 
2655830472 
1121163822 
1446460165 
2632716033 
999639157 
111946118 
2778537414 
416983726 
171337448 
2900426395 
288215711 
404916846 
26250653 
395149823 
78492982 
1242205638 
259132164 
48623391 
139399835 
1703499732 
25489670 
418707217 
345811633 
396086694 
1078287655 
825934369 
874368012 
66699013 
541772949 
2501274093 
204887235 
227121370 
2485800751 
1099302192 
1599171037 
73593143 
981057535 
43042353 
89423854 
525821517 
1251417968 
270369094 
148779151 
611959284 
257799442 
573459961 
227626917 
476234589 
525060895 
482658470 
487843424 
517680491 
749952350 
2177420990 
412948496 
1244421032 
518591762 
207426991 
17874544 
991401038 
1305995330 
1863807403 
79688612 
1681324362 
629097517 
258923616 
89304457 
45786304 
2212793833 
33868638 
85970738 
1003794630 
487736815 
586189030 
1256551418 
2266209018 
296623811 
918346674 
472967330 
32688098 
597592645 
199110089 
1891280354 
2223592103 
1463880866 
102325442 
634714422 
1520006918 
552011578 
325451111 
141864252 
134164413 
286742737 
476199422 
1264788474 
523512145 
1649633971 
213009133 
1650215384 
958156806 
984413802 
825558378 
1322319715 
1546270652 
551149727 
23696757 
1498897422 
929664925 
214162237 
347899465 
323634172 
96013710 
348058612 
221197757 
203083495 
547607608 
127360861 
137099011 
390860562 
27022925 
525312787 
68819587 
