25073877 
161515067 
131837246 
472993981 
14543569 
28722356 
1310607152 
42900116 
50380676 
14955908 
140555541 
131331731 
2427425755 
144909618 
247796897 
745476127 
1161879818 
13787352 
41602160 
68702544 
32446490 
140093395 
83922884 
105242077 
43166813 
18194898 
33602654 
159588456 
18164420 
34743251 
19802879 
189253902 
16580226 
497139188 
50115087 
517651844 
2169236624 
31518990 
216070654 
16045066 
5392522 
360174177 
252122082 
265449148 
26953478 
132295107 
732044064 
17644000 
3088903947 
43181366 
22803113 
35014201 
85984193 
31115215 
789687570 
19984396 
54662544 
159470527 
138528419 
26808676 
112808018 
21430370 
36813714 
166355068 
56789465 
191601019 
20247234 
23008414 
43335005 
47782054 
36098568 
16932848 
103018203 
18901340 
74539063 
20685982 
22511871 
472267749 
27745484 
17394793 
3039709662 
25180871 
63567221 
17846546 
39805456 
1977537332 
1394572879 
3110616171 
16929301 
18907371 
15738974 
138658724 
36408451 
1225914595 
18036912 
29289157 
2314344200 
270708767 
15468275 
500250351 
16524544 
78002555 
48788453 
16337374 
2755560997 
1157498474 
90422822 
55306612 
20750406 
21207086 
20813165 
730418762222968832 
2491608925 
3185364144 
214969375 
278057094 
20180101 
223560516 
349199740 
167434451 
226282312 
106217193 
28366407 
61426538 
191861250 
118251928 
29529509 
98938308 
745441932 
27834920 
78685011 
151689073 
104201057 
159065451 
556136553 
1135613557 
97594965 
1228480416 
2914163523 
11274452 
172779883 
23799310 
66453289 
49716013 
83938964 
71279788 
166405793 
32520240 
707116214 
351168359 
128049882 
94573248 
78023289 
38230247 
31852548 
16513277 
149554492 
217427903 
2167097881 
42679599 
14462885 
633287684 
19033464 
738818512945176576 
110771229 
216030559 
39523386 
350426737 
2232299834 
270462899 
16949344 
1305398258 
19259132 
104576097 
331054182 
352462753 
180465764 
22975967 
15235829 
342872584 
512355630 
826209922807377920 
94173317 
18816480 
15082241 
65339733 
3248694077 
305862018 
484992636 
763090464899796992 
2907913446 
589013243 
3433096756 
32678822 
19991186 
17076353 
1455347772 
25129903 
15431914 
161775383 
973203944 
15294598 
5820642 
30077231 
300024489 
21530025 
404370559 
2250845527 
31746175 
19940347 
1647671376 
449030179 
36747038 
1485029462 
331233870 
19120852 
393615360 
819992522109894658 
48098677 
120206023 
2964877294 
822191111414444034 
45445747 
1862012424 
714441955 
268958079 
38581957 
3317799825 
34331045 
1364269153 
1850969846 
69084023 
2219874457 
64733210 
15210670 
29426700 
25056239 
151805556 
90289733 
171260200 
724519770259861504 
56589967 
18854230 
3026622545 
1024492165 
516877036 
516715026 
3292337961 
763977163 
9890492 
15769327 
166182965 
482106551 
416038610 
1350919063 
3355127009 
20745057 
2716119988 
36359791 
66482863 
1952388331 
529013009 
36975564 
309220197 
2228427912 
103209708 
23457739 
267280117 
59449288 
12494562 
501887415 
270386477 
84708371 
19777398 
29286254 
18073623 
97354038 
105178925 
205826299 
52049661 
486933781 
22835259 
149504518 
335109205 
15730030 
106837463 
22990521 
26613954 
59002196 
22491831 
222246139 
20190989 
17969401 
33073685 
434717685 
21442028 
14663358 
293473801 
17291393 
136360401 
621187615 
142117393 
95424915 
18708066 
17522099 
80060273 
1530122682 
280557152 
873828446 
79238164 
16419529 
2208161586 
118942377 
267331531 
25321854 
125382460 
277165873 
607289206 
17424053 
128256742 
251771911 
211267810 
27903170 
2335706414 
113134752 
3439831 
32958227 
1134625074 
17791512 
19038475 
263750607 
16932962 
66892168 
325167336 
213026528 
82169284 
16246788 
15496526 
29724467 
21769127 
23518723 
9917652 
2869531 
2287044144 
346523993 
1362165181 
2826513758 
2226928315 
137721068 
2931482406 
104921182 
43928778 
195140055 
552985513 
14124059 
15123912 
59544851 
2468164530 
4528769533 
57043553 
188444270 
1648615328 
766451241778081793 
155686316 
69036975 
1330149048 
109376334 
33669915 
20593889 
31639623 
21645304 
39764029 
47279525 
64954756 
78489442 
117388701 
58743813 
82306946 
61442211 
86029229 
88956373 
58451369 
91046596 
131031879 
132323196 
19981036 
267916987 
133164421 
1415609592 
631661989 
29448734 
143063451 
113738845 
128993932 
365366817 
74352554 
18723181 
154546909 
75021126 
460613182 
74986671 
504065766 
546381548 
29738476 
394115947 
19112923 
2411397367 
18221780 
15079924 
1360432832 
64405754 
308573576 
71036395 
583082221 
21678449 
2372689254 
2366056164 
115180072 
134149607 
297112640 
25726636 
185817496 
47719591 
552725668 
26317297 
21315031 
48204643 
52199699 
48398586 
19082313 
80680473 
25390350 
20852178 
581911793 
127539363 
38733200 
15839174 
18246347 
27638312 
116877154 
43970862 
169963553 
1677452204 
3029579697 
2384903353 
232242473 
23796815 
35336963 
2459484864 
37388405 
258839152 
24511456 
2420613002 
3352393912 
2915531195 
56392389 
1351337719 
17001435 
321178562 
70638743 
160891738 
92291383 
102061279 
81661065 
34618434 
21247089 
20456357 
2291602766 
1131637273 
2930619279 
2498901252 
1241168023 
85867670 
1561164668 
2839971981 
218443914 
79267291 
76868633 
59565746 
200969056 
79221251 
36356491 
111045742 
94592178 
240763645 
29970083 
96061621 
126114390 
138524673 
73132121 
21840691 
18993093 
140059824 
9669122 
17543497 
103080181 
39770024 
82933323 
237816577 
34022451 
96211627 
378026710 
69373877 
64748159 
115402375 
279032856 
80662018 
108019247 
431199694 
234483092 
340630337 
106430296 
336073072 
31642208 
62126497 
64835047 
36264632 
33259143 
74938245 
22538873 
176835864 
38205368 
28156989 
40243888 
39314145 
84662546 
113439218 
40244132 
125857864 
50407365 
38833974 
319349933 
7313362 
38211356 
59482330 
364981032 
381882959 
346569891 
98916591 
499887280 
372474781 
171953423 
356429740 
112710287 
17838033 
29982238 
94617521 
17847111 
15675441 
19219374 
31213978 
517940197 
337864638 
148348333 
34646315 
129905831 
115417512 
22857369 
49746479 
81169237 
329945065 
369690065 
445689822 
49685323 
78642150 
15675138 
64448274 
38682800 
117735401 
153817175 
44895695 
23173382 
90962313 
59870481 
104507400 
69743934 
227815145 
807135120 
389598012 
22919519 
67358777 
260430476 
43160782 
112099557 
453872719 
299258001 
16704048 
116490969 
52058036 
375858726 
1221471 
215627267 
21540725 
18588116 
73457013 
417727024 
155920760 
256237842 
23834147 
15836048 
534754696 
17022814 
18616735 
304016767 
764384082 
302368531 
24696405 
16183601 
870092700 
870165824 
212366946 
129050122 
25371220 
272154752 
1362496771 
275725571 
53661644 
12886922 
48456397 
17066782 
523696890 
467463712 
14078266 
564780178 
26540349 
182424614 
31451145 
38244114 
142214762 
525575961 
132662835 
131548450 
109302025 
59787465 
57749753 
300868924 
82617893 
390435278 
21696454 
627479245 
15342216 
124575848 
413263746 
9252072 
263212285 
423630200 
15935591 
200225220 
568336763 
607569534 
544881279 
927898116 
269896114 
92162698 
1548826651 
77035063 
16264003 
231891960 
106765253 
846150961 
555308124 
44394327 
48149896 
102431847 
294137765 
15351784 
39492456 
304588450 
144916975 
106776691 
46443739 
164045545 
377950232 
148450001 
93175728 
612896910 
51351712 
563250507 
132683355 
321536046 
36698342 
194591833 
233954383 
18908222 
36147039 
195840785 
44403624 
64429296 
2327350430 
484379263 
266006481 
15599154 
377185142 
2305315345 
453893556 
42924035 
196521046 
145265163 
2535166003 
20404078 
820173752 
486564203 
633772459 
2423915738 
40024095 
250273767 
98907041 
37015903 
178027341 
30849562 
1491281426 
2203187665 
1315288968 
38509501 
2861458865 
2405972594 
237387560 
47768150 
35773039 
317699105 
14677919 
16752235 
146297987 
452521774 
1582042242 
87602778 
190347123 
24399191 
20402945 
34713362 
18949452 
5988062 
612213167 
91478624 
14353841 
54574249 
23440628 
1242305191 
2779717002 
270379099 
405033226 
506139040 
2860639065 
49943918 
2532976740 
370808273 
52756637 
960757598 
2189233292 
1026800533 
748185914 
2462258845 
3148523352 
174665387 
2792526443 
266593162 
197561788 
3249947168 
2327303695 
2411306238 
38467084 
2203467656 
557824295 
425941102 
1342259204 
158490445 
263313059 
492220733 
257041027 
216016310 
1653216145 
4855368210 
3010506440 
368711188 
516776664 
57156475 
2355190873 
2356624562 
11134252 
742143 
235153517 
5402612 
7587032 
16343974 
612473 
16973333 
14293310 
16929600 
14575107 
16588095 
26329195 
87818409 
114589771 
322285980 
15682352 
22843068 
81107658 
104630046 
51643837 
83069345 
98997127 
103130238 
30855079 
148496087 
33575373 
61483986 
126146818 
190592520 
18128265 
113509194 
97240764 
28164096 
16422358 
1774391 
335331533 
197177555 
54638092 
38601171 
564000560 
35664799 
21295141 
16929520 
15222806 
21415998 
1767741 
3015271772 
114870386 
17002395 
17796018 
17026041 
16686144 
13837292 
86328927 
353847680 
714697231 
22411875 
1099960304 
1775731 
1325262061 
1074544400 
20661539 
21324258 
27091468 
944467345 
3221998361 
2304121598 
15380717 
80943051 
180066380 
18913121 
18694861 
185809250 
921759169 
1372754112 
110365072 
20710809 
18676177 
16145224 
30278532 
25170188 
1260833287 
23344212 
104358108 
2314581338 
142737555 
296851062 
3290743476 
130033510 
230321342 
20282100 
2421079436 
9973392 
217285438 
16032940 
2329724714 
823240130 
863989298 
282712119 
16347234 
106982827 
2839374404 
152408891 
23148645 
371554493 
14097091 
64342649 
27890198 
846157033 
1227617617 
24885860 
17215802 
16438565 
14630696 
47902921 
46220856 
138725262 
44376180 
65707359 
14062180 
811377 
3342152225 
1524976560 
238285207 
3447352888 
22845770 
133898780 
1245078146 
34605187 
20536157 
386915587 
718522225 
575612397 
2253142422 
2734713482 
19789439 
905764884 
791348956588539904 
269266434 
634561043 
11211372 
163908442 
449206661 
707339887 
1451773004 
1567125469 
44992814 
27845025 
600759546 
601715758 
601283082 
602065304 
594961323 
596438734 
618162545 
24898621 
57111966 
576520843 
595485457 
601808209 
921637590 
620189409 
602339630 
597473795 
64515959 
576454313 
209745713 
600086429 
596725119 
601043605 
612061767 
879162199 
316739289 
705497635 
605691600 
595625778 
1571411364 
590028170 
593774844 
593949710 
594573425 
317330534 
509214916 
2276369112 
587767093 
1885115232 
589304873 
2590171562 
592209984 
2398436126 
588221921 
595854486 
587826955 
596687292 
153797524 
349150443 
838686812 
1886575050 
596964216 
288352566 
3554721 
45903251 
161023696 
34941589 
106757216 
15518969 
44992488 
1325043421 
222516924 
714782540 
627799297 
19636959 
3882628515 
39575580 
217813436 
68889891 
158474145 
3846425777 
4025816355 
321888268 
2451908772 
455024343 
10751402 
20106852 
242426145 
1395082716 
3319657702 
19881931 
130649891 
719525040849567749 
721387751757725696 
3099993704 
2445809510 
65647594 
2786648042 
53175445 
274151347 
284616690 
86336234 
225411266 
84717566 
82453323 
91409081 
28123862 
266646078 
3247141915 
22650211 
722148054716063745 
372575989 
7744592 
958435057 
14856951 
21921364 
12044602 
1601814847 
2282667775 
3872669232 
71028773 
140508934 
18061386 
112821714 
820236583 
60828944 
29741175 
1522468057 
187993109 
747469422516932608 
822135812083085313 
15532765 
3040284751 
69011226 
3001660079 
46173011 
816181091673448448 
322648292 
796736612554117120 
18950681 
2899672599 
2852998461 
753692879499976705 
25155290 
66435090 
2891210047 
1068481578 
600463589 
5558312 
817076257770835968 
555474658 
22012091 
2598264480 
2815763286 
371338381 
2566291619 
19062186 
2595087967 
159566702 
1286354371 
2773452351 
365950499 
2814387404 
2816851015 
36874599 
2815557876 
2817000816 
22992115 
515426317 
13832182 
2770953086 
2466768242 
518929719 
2778424977 
2803810620 
2828724163 
1967564713 
208931294 
1535006467 
56884083 
2813498736 
36498374 
38508440 
87284906 
111113061 
17219108 
356987081 
7573792 
16191793 
2873810602 
70636581 
50034138 
2841951869 
412303032 
3056802046 
3148539689 
2615615486 
128645212 
1536938744 
3085835595 
376502929 
2962337680 
20600214 
3669044302 
3907577966 
3061756273 
3881000536 
4842482921 
720999142986792961 
3911934273 
718628542259417088 
705487043955130368 
313386995 
144986277 
3006258669 
2362693321 
21248379 
735139327601037316 
189236384 
78744813 
46669448 
23407415 
57430197 
65634311 
18459813 
16631821 
64869451 
528949429 
14984637 
17492858 
768176804637147136 
2722716295 
822127086194348032 
826065858548133888 
836305915452272641 
831482588246196225 
828997388920619008 
829782369670410240 
830128820447539208 
828613457020870657 
832672006113931269 
827258161841135623 
1906282568 
174780760 
2257811070 
17787705 
31471188 
2324419500 
156427983 
18775362 
177716773 
153882465 
171659857 
348158993 
39486632 
69970248 
74222189 
308654286 
28227443 
173939851 
596164164 
126762377 
980592547 
161705350 
39633235 
46180114 
17831464 
1585995000 
15302560 
110200479 
2983206962 
1262205895 
525492132 
281915900 
19711765 
92108017 
41404597 
393502713 
5031151 
376916031 
23698358 
140457196 
813256990113660928 
524409922 
2559913490 
299803861 
1071039888 
633759479 
342788984 
584126658 
16396588 
15427776 
18938912 
15295015 
14437161 
14238142 
21231796 
91127176 
22628061 
52059918 
87227715 
26022905 
74164455 
37986651 
24032168 
58113278 
24948659 
1460699100 
31522400 
115497237 
1223130229 
140543774 
3264597693 
2494657170 
1283670829 
9300262 
123925485 
355071023 
132184996 
37775162 
43263488 
29750872 
46233546 
26118743 
43436821 
43425401 
55556702 
47444258 
31144661 
38441341 
36169756 
23916046 
55623467 
20020145 
38665899 
14789493 
26577432 
28152510 
20607024 
44706959 
23610667 
36185296 
37952914 
37066930 
20605733 
43421744 
48144050 
43372040 
55430786 
26326051 
44427293 
48476526 
21342515 
35006031 
112821996 
68470058 
66724874 
50458664 
47669705 
47646847 
18556218 
119479341 
51099043 
95440461 
112918321 
44915776 
14220964 
234659757 
126059232 
234657565 
228413071 
112922521 
234274247 
234658678 
234263786 
211651660 
234655518 
234656740 
228476766 
67070174 
246067358 
242796327 
27054552 
16349715 
19357859 
132197630 
475942577 
478853119 
54898680 
11278912 
270473255 
280793837 
278136071 
398433565 
290132749 
48688852 
321546663 
115114343 
557015086 
563838268 
41390382 
80247224 
47007466 
17918545 
14662354 
112751561 
96828828 
720859135 
586894835 
286362036 
16584522 
72575785 
347534159 
423665646 
33051111 
594774290 
192956672 
30277174 
385586117 
501794095 
182501216 
16526459 
2992751 
278211533 
23075284 
101802390 
41445718 
14804281 
23777152 
14437914 
18012291 
390230978 
22427824 
1365178280 
27093057 
17045060 
17374418 
62307588 
47709372 
109041907 
36184220 
24016767 
18209334 
20565876 
28431019 
312691199 
59604142 
32062804 
425978513 
74768410 
29730065 
16581734 
17086831 
285872649 
22045438 
21662482 
138471877 
20060293 
606625312 
39824409 
17539497 
1691228233 
21035542 
15199325 
15309804 
16739711 
62867014 
48399119 
19556383 
552851321 
222539938 
151543424 
308723501 
81593962 
408022000 
1436222558 
197261484 
97227617 
164385733 
545355142 
462994648 
59184319 
281530541 
390222153 
344143210 
146541046 
359990098 
386638525 
833824045 
250363904 
1001906756 
184668073 
69719381 
454313925 
53796731 
14980820 
13918492 
15391102 
17906632 
2196784676 
218951054 
305697832 
2305371079 
2342952632 
146191115 
389581806 
29785300 
87783949 
195897926 
235086193 
117148064 
1470319741 
206258157 
2434125132 
2363068254 
1095760334 
385037555 
211934537 
275149069 
34682633 
3028464559 
487637762 
31774432 
174647475 
377935877 
122103461 
65165747 
17998609 
17366486 
18169053 
2985988412 
273579797 
1169397440 
2589561090 
68781502 
3094491626 
335475573 
377625058 
2612102592 
235180346 
906608124 
3005840787 
19705697 
525364778 
3353173103 
264400255 
2598668832 
3070239917 
3219802436 
160946337 
95966741 
199798906 
1444322420 
278600941 
2494366602 
2398620631 
18260437 
54959494 
18009561 
18956073 
362039468 
322189705 
3377867170 
288903082 
306279912 
1517188441 
618273412 
2347354946 
21208560 
932840654 
37770102 
75121951 
63746206 
514033223 
29467516 
229474478 
977168989 
874172084 
200138313 
455052840 
377952788 
168473864 
3416113651 
222175177 
787533919 
48524435 
393433344 
323368473 
38440600 
633209741 
1545712284 
377647170 
2332208684 
2548638937 
87301529 
26759991 
288925783 
17237540 
29556786 
86958943 
26278736 
202350999 
17369110 
16134525 
15946400 
5695032 
248795646 
23450421 
2796262618 
19934409 
15824098 
224367026 
48385604 
211258879 
13399402 
41346792 
23444864 
67497155 
17068492 
20545040 
18743414 
52487302 
1450226815 
16011832 
728542214 
17631378 
182384867 
17416707 
22080148 
29447487 
155944167 
17388410 
108021968 
29252906 
105814154 
28585586 
262535090 
1020399050 
65372895 
26000876 
65714635 
20447988 
241648599 
37950155 
6995942 
234018462 
570232108 
18553450 
512174178 
14159148 
3195405612 
137845989 
174793500 
277015712 
3235149708 
2359926157 
115749048 
14625398 
17409240 
18486243 
18486746 
18486586 
18486881 
3438033800 
27999156 
16132791 
392733003 
1161527798 
46480087 
580322424 
1377220027 
757638016454299653 
369527014 
22185985 
19781646 
41584672 
29312780 
720259753331396608 
3629529497 
544422603 
2402302206 
164670414 
316652530 
135931182 
52779839 
374014172 
730095938123890688 
23272358 
15012486 
14173315 
1652541 
3237311383 
1667940247 
14957366 
2847982184 
1367531 
759251 
428333 
20733972 
14345759 
1917731 
27250191 
22203756 
54943732 
803703725730779136 
202270507 
39583871 
2467791 
15754281 
54246944 
14511951 
38441030 
3108351 
18813482 
113382970 
28785486 
234573331 
20454896 
51241574 
807095 
2806139036 
18489620 
783214 
625253373 
438776203 
106597684 
15113565 
31310158 
19611483 
65045791 
2353777994 
703302722632593409 
71679872 
378722474 
3366161116 
20064236 
3024072907 
17629860 
2827000747 
2798574089 
2432234233 
507489516 
2965114979 
3377408529 
1598979864 
23092890 
61583656 
278649643 
1444183922 
15722647 
21249970 
208120290 
19215993 
23818058 
29845916 
63262953 
17526123 
62563028 
111125168 
21872782 
24233902 
21790656 
17596622 
2546605262 
2328937074 
3309420328 
285444430 
44650798 
822215679726100480 
1536791610 
992447941 
818928162449068032 
6794502 
757692338 
39524364 
288337914 
57625403 
38516217 
36771809 
413223602 
259403099 
30231097 
82208992 
33933259 
16027546 
16619904 
16878156 
14499829 
17904241 
31453604 
441938188 
347311488 
54885400 
10126672 
66369181 
122467925 
23434446 
393562221 
47954642 
1260176245 
415599503 
63763973 
44695563 
1128790308 
897457670 
94642927 
14342564 
256318338 
18178876 
37926315 
27860681 
203332110 
107201301 
343267635 
15311039 
46648807 
1281405877 
44124662 
1093090866 
818876014390603776 
46150233 
115666916 
17974739 
80834534 
414331122 
39384517 
20957191 
61762853 
34274380 
15647676 
17451742 
120176950 
19948202 
381705175 
374019904 
325830217 
818910970567344128 
33657625 
49706919 
22506222 
426909329 
461697741 
339840959 
61847314 
73417273 
18227519 
21619519 
254117355 
41830590 
17695016 
15467422 
16186743 
84406725 
21868620 
209636904 
481519707 
76449921 
21772005 
19989172 
161811364 
85606078 
434945237 
352454490 
335996055 
485924782 
304003172 
259329306 
44873497 
115911638 
32070022 
20680850 
10880202 
334809340 
106816456 
75375556 
319116513 
189244145 
341249504 
91615781 
222953824 
426167673 
144932016 
376836211 
74228505 
16977023 
21903435 
14261617 
49862982 
110541296 
100601004 
38508305 
61909977 
133454698 
222666657 
16613128 
18038892 
14199378 
20437286 
19109172 
15649433 
16669075 
15170346 
14505838 
9109712 
11348282 
16245822 
59204932 
21783950 
818925774493405188 
44615672 
76348185 
78408666 
76936279 
54546430 
818927131883356161 
67378554 
66369206 
18990471 
48706233 
166252256 
153149305 
234826866 
49992096 
24959108 
39092982 
19649135 
43849753 
27830610 
277160419 
21186125 
72631996 
233696188 
28471924 
15134240 
36683668 
70054088 
70708541 
28115679 
21690980 
19568273 
19368765 
15587500 
56387781 
78941245 
14616022 
97072406 
18021210 
44697004 
109371322 
34964065 
30021450 
26143624 
74849943 
121626486 
9624742 
76733474 
146569971 
156969952 
137454693 
44777959 
39812424 
48807974 
69027629 
19780355 
46719689 
80113196 
76420529 
42912024 
14107459 
246575950 
242797971 
221135570 
26810542 
16028241 
73181712 
8775672 
39250316 
14073029 
8082302 
7152572 
84387689 
20179628 
6450322 
14615871 
15091978 
163973699 
156121420 
67766355 
86697288 
7004382 
18020120 
124196924 
66185823 
45663323 
6519522 
78977078 
33998183 
20867568 
78669790 
14463848 
44783853 
50339952 
60654735 
39657463 
20065440 
20050047 
16616061 
19658936 
18058609 
14287409 
14074515 
822215673812119553 
30313925 
18023140 
20436059 
