37991418 
79923701 
80203745 
18646108 
169203819 
133880286 
235157481 
840751825296973824 
701725963 
104517739 
1330457336 
1339835893 
12044602 
140863851 
22129280 
15808765 
15506669 
1152279248 
3663157512 
17908435 
512336426 
1908078548 
779416353019203584 
17686316 
65079542 
389035182 
14989395 
949645952 
16516063 
709015022203068416 
3145889921 
16580226 
21872269 
2425151 
351086007 
246837516 
71099570 
80702644 
44908387 
260907612 
1114642723 
253712142 
19527964 
153080608 
16112309 
586136477 
33235771 
1570621105 
16523795 
20571756 
14745450 
17967925 
24728408 
1967216306 
15007149 
4103657834 
1935087769 
125481462 
3230052541 
37997708 
1900694785 
113799598 
2715115656 
279169434 
6273552 
50325797 
64496398 
154444406 
20015311 
23362301 
18812301 
1093790749 
613088225 
52070270 
46241448 
293303534 
97971271 
3342152225 
1115148079 
1536791610 
1451773004 
822215673812119553 
30313925 
15726728 
860012472 
20109973 
2929491549 
337886919 
9534522 
1392493334 
455978461 
2942226411 
132332780 
127958577 
18948541 
19725644 
204832963 
30272229 
2359926157 
322603418 
2543629379 
378299304 
18170896 
1364930179 
8839632 
21918310 
15279429 
93957809 
19397785 
24736925 
35877766 
20055358 
21436960 
24129206 
15431856 
1598979864 
189253902 
158414847 
14677919 
18812572 
469593131 
255747911 
391494900 
108376299 
1704266676 
336116660 
27114180 
733199479 
33419448 
165530336 
11179192 
64666954 
87348895 
115979444 
216299334 
19077044 
52803520 
202250830 
131948686 
776469763 
1396967720 
42153840 
50393960 
330921167 
21818737 
1344951 
38745861 
15013234 
54885400 
201998584 
807095 
14511951 
23696276 
8940342 
16247383 
14063426 
74231747 
20609518 
15224867 
15485441 
502281810 
16031927 
69181624 
41814169 
500704345 
813286 
15762708 
44196397 
50115087 
19877186 
30364057 
29807044 
18870078 
24992454 
20565295 
18336787 
428333 
44177383 
11180212 
65707359 
11348282 
43166813 
