90275200 
15793444 
182438898 
824137712286441472 
824332206952714240 
824320219866923018 
824473943931293697 
824315778866417664 
3240143771 
824270573203292160 
553843626 
3587032634 
22708797 
11856422 
13787352 
388621413 
28160998 
10791192 
25562183 
61533120 
15321886 
2233611907 
14323846 
15755223 
4226927423 
19983050 
499073990 
476258341 
3198196673 
18926455 
813286 
121445794 
25073877 
204920378 
24236494 
98430731 
17471979 
552151606 
346605991 
213838211 
372025456 
3290364847 
17814938 
19889143 
19048865 
17372405 
16619340 
338069208 
4531940473 
110397757 
4859734734 
1388585534 
38927264 
285852327 
16949344 
27013292 
25950355 
11274452 
286696162 
2733320850 
480886613 
17509945 
9348562 
51241574 
23818581 
158788504 
100215373 
81048495 
15169405 
10449682 
61155779 
102296197 
149495617 
15012486 
67253558 
25021468 
125944392 
49495015 
41602160 
15723971 
1435461 
17918663 
1630896181 
190249089 
57551989 
15807364 
50393960 
2676559460 
20739133 
32487867 
12341882 
13189422 
65289126 
304679484 
3187824193 
55874399 
371017223 
17731532 
19908607 
502024361 
1656891 
16066596 
963038778 
2936543049 
1629244514 
148492704 
146569971 
35206553 
150774780 
233364902 
585085377 
370489880 
17071048 
16129526 
67323801 
27567544 
95070702 
2401883418 
15839517 
2199672295 
2174795677 
20878335 
16471432 
183303095 
823905 
15235829 
109310784 
2249382674 
14618493 
162431426 
404104450 
9226322 
2308726886 
82192102 
455118168 
55612052 
333203186 
31288050 
864199609 
21058807 
11579212 
14813320 
1650826514 
946714572 
62532337 
18055480 
234786845 
135668046 
75737620 
26858764 
15164565 
205090111 
16214896 
234508558 
176434844 
159509125 
234498838 
48947848 
47475039 
14519028 
14594305 
49445798 
22283403 
45631575 
18697461 
20465881 
2265108889 
38500684 
30284449 
164574148 
200692199 
27029537 
24167460 
244192752 
19311047 
19040864 
19562813 
168511060 
15599377 
14677919 
256634043 
155669731 
4898501 
14944241 
1117836660 
506484466 
286236855 
288947408 
1431157350 
1170299030 
19849635 
948476569 
15725922 
259536311 
286281216 
35240968 
18949452 
34713362 
219807531 
44268956 
20271926 
14116807 
3108351 
871043119 
380285402 
18935711 
16042794 
87818409 
6385432 
236026761 
34607648 
39822897 
22739318 
14085070 
11317392 
5988062 
6017542 
16153562 
15897147 
15230646 
419155706 
448307254 
19254593 
51837775 
13028322 
529556635 
14634720 
16012783 
13348 
21736388 
183483991 
15087011 
15120110 
14328066 
7517272 
452365544 
201472107 
78226200 
25395376 
46760351 
31443503 
53122252 
10876852 
219700923 
325575737 
9534522 
33229367 
21237045 
8287602 
10977192 
27010196 
4556 
137159326 
22091213 
76710543 
21611239 
16629477 
1652541 
20038221 
8383592 
14433444 
15705567 
19767193 
13171622 
15522057 
14114579 
14211605 
18985501 
38598050 
4641021 
2481141 
40191643 
38372614 
8124052 
15859033 
18094839 
53992343 
49903173 
32277346 
23017279 
7161172 
9605322 
9780512 
16034548 
10397722 
14343392 
29100243 
15865878 
6114122 
17559749 
13452642 
2443051 
21599056 
17230517 
15098559 
18578073 
23552853 
15900344 
16212988 
18867146 
20187037 
15079224 
24496399 
15784302 
19000387 
22495896 
17327750 
22046242 
23929563 
18076957 
20193452 
21368060 
22360606 
18843227 
26091499 
15241350 
648 
18839225 
18148466 
23592717 
16340585 
13918172 
22030867 
23084207 
17211299 
24214358 
19188848 
17953908 
25106559 
13084122 
23831779 
19101218 
2241411 
24626270 
14252957 
15107965 
4192041 
16970099 
16440720 
22554368 
14957139 
15936291 
19834459 
16453193 
17771941 
15964196 
20666245 
18807347 
14224719 
17081874 
17155379 
19191326 
17194296 
18892965 
9366912 
15292252 
16139049 
16063891 
20775039 
18088416 
17566596 
7629832 
16590125 
18687864 
7004052 
11489102 
15232078 
16442124 
22278303 
23345682 
17369832 
15429550 
23388683 
14231321 
7376382 
7905122 
780457 
22994293 
14472002 
22773895 
22587706 
14228811 
19752092 
21777950 
16468874 
16284463 
11578732 
15186983 
5165901 
11679892 
15565115 
3935601 
13185272 
15865260 
16647361 
14019992 
11545652 
14070772 
12455302 
16991614 
10159762 
6267962 
2239491 
20608910 
9805322 
11435642 
3817541 
8825152 
2234881 
10419 
11178612 
19688451 
20668205 
20430881 
16718387 
15420900 
17799880 
22914240 
16387124 
19242977 
13501922 
1772941 
884301 
6304662 
4916651 
2000001 
13957392 
10135802 
18363783 
19074375 
14666053 
19303368 
14270757 
15737459 
14713235 
14287286 
12657192 
7846 
21401691 
17799318 
19082879 
14774895 
15704986 
17567533 
22011465 
18102259 
14834340 
9464552 
22589449 
20791157 
1386571 
14629547 
19035863 
16829490 
19686446 
12986592 
18911592 
19366941 
8413962 
7763532 
9159612 
12504732 
16877196 
13365812 
14271123 
16888532 
16247688 
20813071 
22563296 
19154280 
16047900 
14134419 
11918032 
2336001 
12505022 
17611447 
17203389 
20415010 
6532792 
18632593 
5654712 
16539573 
14591033 
11104772 
18822574 
16692771 
19349216 
14376012 
5449422 
16788288 
15295503 
19666110 
17351810 
804455 
12811952 
22658445 
12615912 
15586341 
14519903 
15359318 
15365997 
17416221 
15281404 
15673697 
12144232 
17805861 
14422993 
16094099 
16429977 
16307887 
14228300 
16635398 
15849907 
17017716 
16150075 
16181186 
14213491 
14720411 
5388852 
14389132 
14062221 
14669398 
14311992 
17594530 
13436432 
10546442 
21021295 
16916369 
16899075 
5508672 
18346202 
15091876 
13148382 
21679465 
18353561 
19400819 
18110686 
16104602 
13749282 
7313362 
805817 
19615034 
14647570 
14573548 
15514759 
2091641 
19238482 
15439882 
18838640 
19155328 
14554752 
17975933 
13566292 
19042769 
14258369 
16511917 
14579511 
13407 
809159 
15750388 
16020654 
16619988 
14433144 
14679655 
9457262 
18171991 
15504419 
15817979 
15391377 
14178674 
17173515 
15427431 
8171562 
17471010 
22241568 
20082004 
16377431 
1857101 
14957318 
17066391 
21119636 
14965819 
930061 
17573273 
15977794 
16955462 
15719962 
21360924 
17991744 
14372143 
18656604 
18331782 
15985017 
15231758 
17711824 
16366543 
8495422 
13370462 
1293241 
12619222 
11376672 
14299205 
15532448 
14785806 
15206921 
9761202 
758247 
14630757 
4509 
14514137 
13326872 
4185 
13346092 
1450531 
