97110381 
1896176474 
407469897 
1173994100 
2814085479 
1183887576 
2562756069 
2763352039 
3592010423 
486760134 
2813307901 
2238576858 
883223264 
250346728 
2716721012 
2954644933 
930108906 
3975447321 
2890257359 
2845857403 
166040813 
1963890170 
2602973341 
2760125603 
17536486 
2563734218 
2739992415 
1214006592 
399583338 
2458481173 
2205082777 
471875378 
14763734 
93776473 
1670923255 
1107326988 
21360280 
2496160255 
2435429610 
387174019 
821276 
4184640927 
268522341 
2272678587 
285086921 
33923443 
2349119682 
2772291476 
1568373776 
461989664 
3306398252 
3226260414 
613913776 
623581581 
58469846 
1432114224 
3252171673 
620445782 
177134089 
2189561935 
2153702508 
298027175 
274715985 
2466467903 
2760668843 
1240388840 
380782294 
2320096212 
186931935 
439662743 
201892982 
252432268 
1050820447 
2808663432 
704278267 
475433600 
975126066 
586189030 
1031599578 
541772949 
537684550 
930046212 
1446896970 
2538320492 
227121370 
2750628274 
1408509804 
1326941466 
2710467352 
137573705 
1546520995 
46978126 
2329606734 
337038376 
362523468 
1597482762 
1538550344 
487843424 
357585294 
1177629037 
127883506 
447015121 
430119549 
1309529094 
2165651892 
1945501982 
2434039380 
2235043819 
104543711 
188230263 
1567120171 
552505227 
927285830 
341102954 
2234457918 
790876645 
2401023024 
1148718895 
1918532582 
123757534 
24964967 
1249253766 
24429243 
1435480466 
991401038 
968885815 
1896867624 
24818581 
587770470 
139757328 
1421767806 
18548136 
74622741 
2388013107 
2393070427 
392785641 
106170894 
27821980 
183005550 
188548733 
1141329229 
212629710 
371781814 
1414046192 
1621196761 
1645975554 
2293514730 
2356154482 
131962317 
457026966 
149655776 
2191259876 
445860350 
403861895 
1195576008 
603269472 
771083455 
805589209 
1602866498 
84071601 
985840849 
1674124387 
312881077 
904961712 
1239979596 
341564005 
985172054 
16926413 
1667654144 
1947315842 
794399022 
472967330 
2210416492 
1002657601 
509283913 
29166305 
479711009 
228497955 
328175351 
1367835900 
480400738 
211722410 
479709882 
557455977 
554791641 
1581875838 
1904263880 
126016806 
1326229634 
161452925 
37836873 
1477897386 
1002499189 
615974294 
522526329 
309826849 
1598129100 
221377339 
214162237 
295828718 
296324070 
612525284 
427102882 
1842504757 
605959985 
1033048501 
233952512 
583082560 
701732472 
1292449110 
1177582994 
622301533 
331313724 
1401049626 
322533935 
215775857 
106028207 
569873676 
101857419 
620522704 
1242421142 
494136100 
22175198 
588388624 
142452228 
203083495 
270369094 
71465523 
918346674 
364922032 
315227949 
268783568 
785916180 
592397412 
585726644 
910828603 
302281442 
847996980 
587378343 
323634172 
1236601488 
604205451 
172016329 
347899465 
1317452611 
536087812 
272138566 
66046590 
495605961 
1217210286 
933644216 
277137795 
1433318972 
611841784 
40246348 
23696757 
1156820016 
559465029 
