80123679 
212376858 
3163233549 
14645160 
459872442 
768632 
2876742314 
3240143771 
823005152860745728 
180000404 
20157504 
36203015 
299343530 
58645350 
3634897695 
2470087386 
13393052 
18244358 
11348282 
1769551 
17006157 
200219772 
22708797 
115689973 
13787352 
25562183 
11856422 
41602160 
17918663 
28160998 
79570653 
22162854 
18058609 
1636590253 
185345185 
3167496323 
107391777 
204938136 
15808647 
14091091 
785808991 
305468597 
15935383 
1314604885 
18094552 
45516390 
487833518 
13787402 
19834403 
600803781 
3372348975 
930881406 
17393196 
94129050 
21581503 
32372834 
14677919 
621573 
22054220 
520766752 
37687633 
742143 
759251 
55338739 
5402612 
1652541 
29580450 
37683414 
428333 
51241574 
2467791 
807095 
17918545 
15143478 
34868965 
1096682274 
18948541 
18274904 
16076032 
813286 
50393960 
44196397 
56223278 
1273559780 
300052090 
17159804 
2830279756 
14238165 
550511973 
4843935136 
209262555 
44939979 
18739693 
1132994426 
1340984659 
19888804 
370638564 
208008927 
38245723 
15649433 
234270825 
822215679726100480 
1536791610 
39769510 
14342564 
149249831 
204832963 
523339137 
22270118 
15237501 
36823 
29328707 
21438902 
1066929006 
1357799893 
16145875 
26074603 
26257927 
2268076370 
24683525 
273753448 
137471526 
438897828 
346605991 
16651784 
3290364847 
23544771 
25663510 
962997733 
1482580741 
1941332684 
1582341876 
14078637 
2559182084 
49035989 
468843101 
77318869 
20012063 
2388299365 
16017475 
19711765 
18696996 
57097104 
2790192691 
14345441 
19156565 
15846407 
133880286 
133093395 
2730575330 
9207632 
152862026 
89579475 
24223641 
25393674 
13298072 
2535529680 
14177942 
16378267 
17596622 
19402584 
387254653 
53178109 
1382661823 
180200031 
17874392 
17002395 
1515045553 
711577915 
17057271 
19965811 
16929600 
32423136 
37710752 
440362326 
351221537 
52608993 
1435461 
19722699 
23174526 
2228969066 
1081982948 
26303602 
8192222 
14847506 
393671534 
818873658 
6539592 
102773464 
606421429 
485109912 
73939990 
259317559 
24688755 
127025649 
28669913 
21221630 
129013021 
97532053 
20832730 
366631688 
124237063 
564874467 
20551303 
1339835893 
479775174 
40046123 
18198832 
14323791 
17471979 
14647570 
14085070 
72842277 
18089292 
8653962 
17162523 
14328066 
346276932 
15977916 
15859033 
174740894 
249373189 
19637934 
356614013 
915585306 
21602625 
15492359 
336116660 
213917132 
34942703 
291886343 
14506253 
19725644 
269253336 
31080039 
13693032 
115190619 
18341276 
23528959 
126000232 
18753325 
1507651 
418329260 
726631874 
87055107 
32303435 
185017873 
180819561 
363897276 
18513315 
34457263 
225539878 
25615998 
30031547 
847123669 
67659115 
15704313 
15690738 
547938228 
621557724 
85314300 
48269483 
