18737305 
2575205850 
1436138173 
84445191 
140580807 
290276805 
140070055 
171346034 
532779460 
226011566 
450254096 
252764352 
16961399 
94596011 
2612760636 
1044241 
183745932 
3244305970 
355036400 
3240126936 
208008927 
555239997 
3526481243 
29278059 
14747221 
552007089 
79031518 
842501287 
15592486 
646893 
224759504 
11744152 
16785742 
735867876922392579 
2882847670 
20180089 
23600122 
332993870 
21372250 
1288552388 
41223126 
164327432 
809887021 
4181734883 
529778146 
1288758828 
425356523 
17742722 
1474945586 
132434300 
232235048 
48068105 
433439383 
787736353 
1328324106 
769914000167604237 
205582315 
299343530 
53990004 
14344140 
2214406417 
807310362 
39911169 
3515085202 
550511973 
49635504 
378703672 
1013200436 
128321519 
738058909617913856 
34018296 
18494242 
3306375393 
2446198909 
1344951 
4843935136 
97353468 
113450686 
449462207 
267512876 
36203015 
2780867496 
4840704659 
54430133 
127739478 
38835081 
7120172 
7140572 
778446120 
3372348975 
294694062 
22054220 
247001354 
23544771 
35304791 
195501134 
40277679 
73292940 
47839975 
2524157686 
377654414 
3345739821 
91463842 
1707427058 
3402909411 
139617012 
6541402 
6591872 
137798584 
112463759 
1655532608 
2408916805 
846675133 
145878872 
105644803 
17042078 
577294377 
613712440 
258839819 
38762773 
170254080 
930881406 
17275913 
68810491 
18713552 
720228997 
2731876593 
24420947 
37031517 
26047896 
2918995944 
15454346 
299853203 
23818689 
19266899 
19984919 
38245723 
2268076370 
92694743 
74904505 
78400475 
17845620 
2295443676 
88082364 
1149014702 
36472670 
2817546806 
40836962 
785808991 
1565908723 
1321204417 
228077059 
164633284 
17677126 
1614057440 
2186051495 
19652823 
13693032 
15908898 
961887900 
199247714 
2544138708 
140655959 
27087844 
119956011 
96213157 
49211786 
2542080930 
24001758 
598997848 
29580450 
987937177 
600438948 
562585357 
635532311 
2517988075 
11896092 
6480732 
69123273 
360792806 
23043922 
2415946118 
1498515470 
312211119 
121489431 
2374037234 
169627405 
233336165 
20113366 
16469647 
1365606414 
77810367 
100859077 
94813832 
23889019 
367873443 
2336939017 
2150041849 
257893956 
1290351 
5809062 
336195809 
25838635 
424498331 
483657883 
366631688 
40273 
252791434 
389669660 
1340803771 
279270074 
369278149 
15757880 
158008591 
603367602 
364290706 
14771122 
83424009 
520766752 
21634600 
15949696 
10126672 
20522053 
1378210771 
1340984659 
1004836381 
546844616 
1398439915 
34599285 
230025585 
7144422 
383966347 
928481 
1292104674 
1206079586 
1304996504 
556151596 
183370869 
209262555 
76741852 
718002775 
97474887 
15833396 
384507734 
98685536 
740905255 
103925618 
929201167 
362051343 
38271276 
21906582 
781651411 
24389878 
1364081 
575476922 
283588403 
536931549 
392973198 
600803781 
581053112 
3069831 
325388699 
14117307 
37774152 
42673970 
15237501 
525021913 
381119370 
66182591 
166152235 
34792516 
66379182 
462389375 
465811838 
83665853 
762397 
438219977 
17900130 
169273650 
409563362 
212590401 
320404737 
85687469 
296830599 
17757686 
16312035 
29342640 
18737212 
381868890 
36814136 
370800760 
18982396 
181272163 
162501671 
344955115 
138787319 
214212539 
336116660 
334969657 
212376858 
324263972 
19230183 
183707859 
13165832 
80603341 
208687668 
43860827 
139828509 
28030038 
29429862 
29811763 
21438902 
52699545 
84249568 
289352159 
74231747 
286674601 
20174643 
17007351 
44939979 
11178902 
274649460 
21440132 
281496963 
48994882 
24683525 
275565615 
20713051 
47349506 
185345185 
65108529 
52499546 
113419194 
263292498 
250722404 
17808045 
226720938 
79366215 
237845487 
22324642 
19840123 
19840191 
15862891 
18739693 
250316005 
36842079 
23153051 
211004186 
241278137 
20246015 
26829280 
17243554 
15661425 
259401680 
26257927 
14406567 
27247475 
137471526 
61531093 
247336430 
20282100 
19364978 
14010882 
26324566 
42682151 
19084034 
31451473 
14238165 
122112318 
156411211 
62575859 
14924233 
48103665 
16848539 
15084855 
12011422 
27479039 
21099672 
10810102 
246837516 
159589430 
246481013 
18691746 
82134568 
242911974 
9037172 
196700020 
14903616 
106560379 
25983346 
15684633 
38205414 
14729597 
19826509 
235273615 
14914631 
233364902 
74732805 
41626609 
20531361 
10333972 
15723732 
59293302 
28838219 
65172056 
15620875 
8653962 
119829799 
92183278 
96851236 
122716308 
87778499 
22931893 
661403 
213917132 
17567533 
200219772 
25295123 
16302651 
16240267 
196917975 
30065770 
22970458 
174740894 
88749392 
24789175 
70992330 
200815566 
59227604 
789927 
16866617 
102410279 
96444937 
29442313 
115153599 
23501022 
16082271 
17079375 
201419073 
189315742 
16817883 
17159804 
21995408 
114669858 
139823781 
21131816 
20457323 
18274904 
70813140 
180000404 
14824849 
16033525 
53159373 
190359580 
24871090 
66263785 
127655330 
104330302 
25071402 
18948541 
149891841 
12506972 
16989203 
21707702 
84388888 
28061932 
15484063 
127305588 
125481462 
18104452 
15125585 
44090154 
22938645 
24696522 
34556109 
24843232 
94710817 
29964675 
131497030 
19542638 
18102259 
23428171 
42301087 
24931027 
122795357 
52488565 
26912872 
6722 
14849377 
155033035 
107325601 
32517808 
25749993 
22268645 
18414364 
33669217 
42645903 
14019792 
17089319 
28422142 
35960001 
20479813 
24212723 
19249062 
34408828 
123972707 
19300648 
47359057 
100024711 
71273952 
143571157 
20038221 
112029689 
8105022 
139162440 
23023236 
48893889 
18124790 
137848152 
111379452 
15522664 
139276176 
26074603 
66504422 
62709299 
54943952 
25836508 
14464210 
131570276 
131430039 
16002804 
114776155 
124337626 
130617778 
44438256 
27866537 
46593413 
124232296 
22656534 
16906137 
14478260 
41017380 
19767193 
59524045 
105570240 
10642472 
36163202 
57917441 
19964097 
15120110 
115485051 
83374478 
1047021 
21080240 
11435642 
19242750 
90420314 
50374439 
24431892 
71256932 
16470495 
31035336 
41596136 
14552720 
28161405 
116109573 
88290488 
95057641 
95049422 
28413359 
22028564 
112796409 
16291865 
17453527 
14680984 
112508240 
18833257 
14043142 
19614344 
24730927 
92623 
21035409 
22872643 
14343727 
28576135 
30364057 
16090559 
6449282 
9534522 
1263091 
39097715 
14089370 
19118613 
13447582 
54275319 
102773464 
21664633 
97018666 
19725644 
97035908 
14085070 
42437497 
97532053 
23967554 
72842277 
1769191 
29328707 
16869849 
89501513 
28078635 
16480987 
42097354 
21611239 
9279652 
16828819 
17006157 
17004618 
17004139 
59157393 
15439395 
15157971 
15290180 
41706498 
21414576 
41187603 
14176997 
14480835 
16978136 
17220934 
24705178 
15489945 
15463610 
57211915 
43412697 
9032112 
21124286 
17293897 
30451813 
79797834 
52168441 
34317032 
15458181 
15429550 
23760311 
59842124 
19697415 
22737278 
14323791 
14455069 
28562317 
8005492 
83757593 
57518974 
22419487 
1468401 
37689091 
36498980 
14075928 
27910580 
53435986 
76977679 
18766687 
20710218 
18479513 
18955413 
18655567 
18689000 
17843175 
19053113 
17165909 
86336235 
14677919 
15025738 
34868965 
11885742 
16623719 
16079276 
17371549 
11178672 
17040452 
48173196 
16402446 
83883736 
43104516 
15235258 
31012968 
14343392 
16888712 
34353208 
62581962 
813286 
26534249 
19624836 
20370766 
16129920 
25915354 
30313925 
15879286 
16752898 
18336512 
20053378 
14647570 
22105603 
16843817 
16465385 
17905977 
15859033 
40927173 
1947301 
23680913 
6539592 
48564118 
13746792 
33478349 
7369882 
16303106 
