315490964 
2352239539 
5518842 
38962746 
18130874 
103422803 
9655282 
20643907 
39191312 
28219278 
14066006 
6655612 
10476462 
13041 
16477634 
7667442 
26389359 
14365791 
17826835 
29330966 
14100237 
9571702 
532406707 
24617301 
3349531 
24358412 
16917881 
3497470817 
21266194 
370418635 
3825931 
13263 
6323442 
26819104 
6981492 
6629912 
18318677 
13461662 
989151 
57172253 
294099751 
688483 
158106469 
21983925 
109323518 
14626496 
17198424 
254136706 
13919072 
6044272 
12131132 
28917111 
14515799 
80335962 
355866075 
15526110 
770550 
1336231 
36623 
38975663 
57203 
17514022 
949521 
12831 
1717348572 
6145712 
18749271 
12514 
5727392 
8259712 
14597808 
14245253 
61135090 
13895242 
807360 
23556252 
109617683 
15679924 
329838136 
1522927399 
65845659 
17611064 
4034271 
14232711 
48615835 
18944490 
6148472 
14240056 
15126388 
14850356 
22160397 
43176741 
277618799 
7407282 
16207941 
22589449 
18206161 
5232171 
17726339 
82544380 
18994034 
94143715 
11294 
59580078 
8917142 
18247541 
16076032 
13192 
23566038 
50745599 
756278 
197263266 
3475 
896221 
9410952 
4234581 
25614274 
9650622 
18021826 
192784466 
2499061 
66476989 
5885772 
9891382 
8632782 
806975 
9892692 
10032112 
60308942 
749963 
36768736 
65233 
13081242 
14541402 
970871 
17669682 
123060735 
7015112 
33239421 
372910226 
52378533 
38708874 
14474225 
13824412 
28807412 
765548 
247866275 
6449392 
4216361 
2182641 
44196397 
45645493 
8161232 
17547646 
2226061 
15931605 
85623871 
21982720 
22937232 
635543 
50485184 
10638782 
12416352 
14079576 
17657037 
36020201 
746323 
2565 
1009690904 
2278321 
14248451 
3145151 
5768872 
15066958 
198179597 
7856562 
324 
691593 
150723226 
10350 
1075 
12528 
8315972 
12696 
8287602 
963121 
21416467 
20610473 
20711021 
182086979 
15752235 
13590972 
20188434 
446719282 
234765685 
162124540 
261342880 
41603960 
5413042 
17163639 
46666492 
24941044 
8885922 
2458844640 
8491 
899701 
61009451 
23272457 
5627542 
6431582 
564842634 
514613499 
27046692 
14411797 
14188906 
13972932 
17071143 
785388690 
139362186 
391560579 
15180311 
19145255 
3961541 
2575811 
14922908 
90142504 
92095091 
19476868 
15810008 
13418552 
149144909 
15081317 
24724740 
18919970 
16717239 
381739821 
154016912 
47726356 
14411731 
207420832 
9089942 
103392633 
164400667 
81965252 
26377478 
234074680 
14663698 
17163064 
18944486 
182326011 
51233328 
372548499 
191700876 
447335163 
2986 
52379675 
14575846 
36232059 
391146189 
21094279 
74244760 
16396118 
28876514 
415798356 
709313 
14964767 
16404418 
25115027 
228768266 
277853976 
198324177 
31399121 
36702394 
1007377021 
20966075 
14804903 
207579675 
12793062 
37025150 
16317567 
16623443 
85981713 
253586885 
29811021 
42934860 
6642152 
12773 
17027590 
5959342 
18601763 
13404292 
15009761 
21331804 
14588748 
646533 
930061 
767 
14428289 
6585222 
2513671 
3980 
140872924 
817083 
17241749 
92585251 
6475722 
14614648 
662323 
937961 
23145378 
22301442 
15446531 
23628186 
7385622 
18525497 
16407251 
6911662 
29795220 
818071 
12193402 
18983429 
33416342 
16099291 
15076390 
15524875 
291 
17877122 
1318301 
11435642 
10952962 
24254084 
1159251 
19430233 
17797951 
15453 
761628 
15506669 
14260608 
13146722 
337801323 
168674628 
28057954 
109589477 
318218261 
27281534 
18252252 
12373242 
780991 
3452911 
901651 
2178012643 
804376 
7184612 
4239551 
6204 
149763 
10779412 
86351835 
14805740 
5215 
16261707 
8622212 
56640837 
22745680 
21846563 
12217 
15827690 
11666332 
14834340 
78453 
6331462 
1835951 
1374411 
7852612 
749863 
14253109 
16095572 
16440354 
133715734 
14160121 
181395652 
90407034 
5874452 
17925409 
17029640 
9395832 
296338717 
14366976 
4711 
1235521 
9549942 
795649 
15934340 
30098016 
11791512 
5062341 
636923 
13341 
5708292 
2829401 
52247685 
1179471 
15290730 
14636374 
1421521 
18083070 
3639301 
49793 
5676102 
14192329 
13862172 
1305941 
14344469 
811350 
16353245 
788673 
13479 
24167314 
61133 
11666142 
16228398 
9534522 
14161568 
59143038 
15228003 
109058897 
1502 
37340599 
4071001 
46223 
898371 
668473 
62316970 
8584 
6484412 
4558 
15158441 
662423 
14230772 
15105000 
138805593 
6825792 
14222615 
14957252 
30923 
102800191 
14137885 
65375759 
6527972 
1394399438 
2857721 
15475999 
75246510 
113138090 
47191293 
123666417 
14342000 
11818292 
15734027 
7386292 
121248327 
55643029 
274991683 
83426327 
19575406 
16275037 
1186 
11107172 
15913 
17463 
47509268 
740983 
19225408 
13171062 
6385432 
11582012 
5418912 
1501471 
6476742 
633 
14372143 
9532402 
2729061 
657863 
109968678 
24421464 
14767730 
15246449 
7125712 
15199539 
11375732 
785 
24500377 
8315692 
16472748 
15823784 
43553 
74523 
14707266 
81961201 
15300995 
14616957 
10064382 
14837184 
18327902 
763699 
46023 
1010181 
661403 
15018214 
17383707 
5502392 
11768582 
7017692 
12199652 
224079521 
1051171 
18655567 
17698956 
7380362 
818340 
1835411 
816214 
82243 
14096763 
6730222 
16399949 
1175221 
11740902 
726393 
17977475 
14531315 
692023 
106234268 
15985111 
36823 
997 
156407255 
2948211 
14439168 
7982802 
2158461 
10194392 
6645712 
18580432 
763893 
27941766 
21540556 
13889622 
47539748 
252370778 
110520327 
17468569 
19116515 
1832181 
136688224 
691353 
14669471 
8548612 
15519999 
24622734 
28386584 
6611482 
16350505 
26757704 
1137701 
13986572 
10051 
756475 
48511236 
15818962 
6140 
922011 
25190928 
22747624 
14600116 
10069172 
23275456 
11336782 
6182852 
1979921 
17106845 
13349 
7589582 
18695891 
817268 
418 
4503491 
15414807 
5965332 
13461 
48431093 
133188015 
781293 
4488 
992151 
768632 
1497 
7354292 
6708952 
24296208 
17201709 
21271771 
16801053 
36783881 
33333620 
22026934 
1071350252 
14669799 
6036422 
9533042 
17595439 
46709686 
13299972 
13666 
158135219 
14363893 
5017 
14620362 
20482837 
1190051 
7456262 
74130577 
43201218 
13293162 
14339542 
11417802 
14225267 
17801384 
28506038 
243847008 
19219421 
31178767 
7426632 
110755266 
10755542 
735983 
44282335 
14546264 
8479062 
281800967 
3080761 
17001663 
2156951 
19744978 
14887150 
13416712 
13535762 
4517721 
22387220 
6439702 
127062637 
41754227 
2730791 
3714971 
1102 
14505546 
20904050 
12798452 
19478716 
15006743 
1090141 
73194395 
14165170 
20178419 
3034251 
15823646 
13418072 
22843337 
989 
1769191 
23976717 
621713 
166617624 
98035778 
15705567 
76133 
14577594 
12460982 
16370204 
18816166 
1006521 
6370862 
14367669 
784912 
12439842 
3226561 
6535212 
14480299 
756129 
15293504 
23409407 
13521702 
824157 
14368074 
191098143 
44771048 
2494 
42826771 
34526610 
16242081 
5251831 
116988614 
46825221 
14326765 
224 
14115912 
20263710 
40273 
2529971 
769254 
7517052 
150185852 
13348 
7745472 
3839 
9866582 
11774542 
577490455 
1717291 
14062869 
14417215 
6160742 
1236101 
2436389418 
15469101 
5520332 
858051 
14269152 
16026783 
22790881 
1045751 
8834882 
63025801 
6132422 
808627 
49465463 
171567873 
12273252 
8865882 
2132641 
17261311 
14150736 
359425864 
21662638 
683113 
25160944 
1270191 
15227849 
3283901 
3382 
46063 
14278978 
7095 
16120265 
18453278 
15756974 
13475802 
486864604 
5637652 
15948437 
14231571 
652193 
2195241 
19563366 
15827269 
16296057 
19312115 
114602310 
1586501 
69426451 
19040598 
108432404 
33423 
202003 
1634629316 
5746452 
8962882 
3496641 
1422311 
16246929 
8362412 
862681 
37570179 
15958614 
5763262 
3829151 
6267962 
1536811 
5699 
4939401 
914061 
11094232 
230287527 
353789193 
819999 
6145622 
5968272 
591185779 
17854419 
38267932 
16002665 
8095292 
295 
16227673 
1081 
745273 
42226885 
3291691 
17493187 
3713811 
2384071 
3754891 
1237411 
21576543 
586 
3439831 
197505545 
20832113 
1605 
7746932 
5252591 
20 
15921173 
113963 
19506790 
49736166 
1000591 
10078 
1945542410 
22255654 
598232506 
84351228 
22938914 
50393960 
93957809 
17503180 
20348377 
15241557 
58560480 
15828408 
183749519 
12901712 
9729502 
22330739 
12 
3339261074 
20733756 
16810559 
250722893 
595822244 
20749410 
14130366 
20571756 
1636590253 
