152778479 
1977141019 
829288272 
74989932 
826984664107773952 
324870752 
4838233443 
1433677386 
151897734 
176892657 
157345730 
2272739412 
124453213 
1266623533 
703608575223009280 
159483463 
172433813 
1105767572 
95047530 
2979983411 
2878218862 
96553757 
185983812 
808358558286938112 
1473855624 
805828691884462080 
605750552 
345268925 
759134877698682880 
2921101209 
87665531 
3218742598 
105783005 
1438635092 
2909522530 
810536328152707073 
3190219421 
3426729700 
95623958 
36389786 
320849349 
1166403420 
802156753416757248 
244792180 
32328361 
266623112 
101332572 
103627518 
48130912 
36275170 
30201677 
2275128104 
3073191263 
58452546 
217879240 
1300767132 
455267454 
2872946380 
75351612 
555127984 
2717195215 
318073919 
2808508957 
1475694482 
2793759829 
58885524 
266418935 
28402889 
1438162062 
717305072271638532 
3097976235 
953278568 
1367131862 
598325186 
580905959 
2232996836 
2835524727 
2572849704 
2186367906 
1739409919 
936674461 
52027541 
761147176537980928 
84281796 
70161674 
1030426116 
74087708 
381640725 
2298438210 
35739643 
197732333 
27652087 
755713396838952960 
122073414 
72521185 
746432553310130176 
1675173672 
209018392 
27041765 
2812532984 
74971076 
177352139 
407621638 
1583008183 
796933789 
856329325 
307840355 
2828827057 
3357056771 
162997852 
4263230799 
3019726569 
23742474 
201166016 
86039180 
208648549 
102672167 
101340181 
72556130 
77241361 
115082680 
225913958 
380207517 
725417247041269760 
471615728 
2967462670 
3065429605 
2611452540 
2342790655 
3072594359 
3069569290 
231444830 
3236956392 
2932638273 
3165979276 
2850945902 
3230177622 
1608471229 
3396215061 
493880821 
67608145 
65957347 
4338536501 
152226411 
292904456 
586189030 
330906577 
68805060 
703674861126881285 
2789778270 
43352794 
28967516 
2336534148 
3029104239 
376699162 
141170291 
297419739 
383680779 
414719715 
138840055 
324297956 
705093 
2811189187 
469133704 
2911329223 
4288354155 
2222497690 
461685714 
4836146188 
3678425302 
1572335766 
308153568 
1358520301 
34743251 
44196397 
2813493487 
1632509222 
1322735690 
2830051135 
69554502 
176349038 
4002014542 
2975361969 
2223592103 
137815912 
25937737 
62396183 
100281806 
583144564 
2273362006 
3908960055 
101698334 
151505392 
88941373 
285994737 
554709684 
154280892 
193315151 
2876878477 
497394537 
4344401068 
198248291 
78661320 
234485184 
457692129 
228026652 
103082122 
1695733044 
3375148312 
1218871032 
2177011965 
1719704100 
160863241 
2700916328 
2520202381 
380684683 
443932531 
737243167 
21435728 
252709673 
145002302 
386382228 
3205578250 
476199422 
1066142084 
46721978 
2423289337 
26896165 
2596591429 
2973635871 
364790224 
116443766 
22549812 
19114743 
288205018 
1923596461 
306413915 
449849732 
1525201662 
2441831348 
1605354990 
23496171 
2910994685 
87335170 
3379608370 
472967330 
429138264 
1904824219 
340784856 
521594852 
39271212 
131102007 
258923616 
18972140 
249207949 
36139712 
79194034 
81469967 
633563794 
3234033298 
111032286 
295538123 
321269225 
807608628 
242355083 
54387680 
280441274 
435342992 
2196840571 
482658470 
256679093 
378492644 
2333082048 
2329541820 
98365689 
371413088 
21584475 
40293333 
301147914 
116562141 
3309104387 
126933954 
80531038 
133623295 
34378611 
769476152 
257471095 
2584149892 
294275050 
348414752 
110182029 
2532821389 
33188316 
483873339 
107859952 
88936775 
2220215172 
434126251 
211819255 
104935056 
512246514 
213664384 
3022875066 
1536791610 
822215679726100480 
1330457336 
1457478055 
1093124360 
19758072 
2160431270 
166976420 
383458221 
17881816 
149128223 
461345380 
150566311 
104624417 
78149918 
101724163 
3056867805 
1933042237 
2459563454 
309583519 
22748403 
2402203968 
130634920 
36095984 
1930724299 
83597669 
554435291 
127245578 
567435956 
1670330113 
2243958368 
126987613 
130535022 
3219449038 
234938127 
240843592 
2774749037 
295896858 
101088987 
112838604 
2570874992 
238475531 
63110096 
124723733 
95999856 
183619134 
126571977 
2902069710 
2213812944 
2271413437 
165630669 
245544279 
1399713846 
3129377872 
86665649 
580914351 
315796225 
235184577 
66789442 
1191088902 
96504784 
295328664 
1507403894 
218112550 
218092077 
2189875682 
218078497 
1875114319 
50029224 
2910051876 
177884455 
99768161 
81377507 
301379989 
367735724 
217232703 
581146746 
66337425 
360281751 
377455866 
100446187 
51883344 
188104578 
52620818 
113350753 
172068718 
108282128 
388012607 
187989492 
2981424215 
347736777 
209688207 
121881179 
2188406743 
139710715 
2997728007 
1390101907 
130963849 
68725673 
454385107 
2260345147 
1956963488 
75293774 
743786622 
2323229425 
139048144 
930078608 
2327672161 
413936774 
190398990 
189528098 
2248953838 
99620272 
79855511 
2440203618 
2814837002 
135076919 
199110089 
258520982 
256665334 
154100114 
268950955 
2828377500 
1550184474 
782664504 
1527177355 
339070702 
51407173 
31087723 
525821517 
219786827 
409322090 
2632716033 
251758359 
23930303 
260149844 
273979351 
225536306 
2499082339 
415699150 
2353000886 
603090408 
240601558 
2919273016 
2429035772 
749952350 
70407300 
47762252 
355437660 
333716756 
65152832 
107223061 
123594543 
60861852 
2510935153 
2878099235 
201278324 
2192030256 
131104643 
390342611 
194634136 
69127767 
390860562 
51695178 
234053160 
37740301 
2844289835 
208501856 
91800152 
117687446 
2829848901 
474978137 
93408350 
164616643 
2802279079 
1183138272 
31372205 
2318768490 
103684732 
446944434 
2563993634 
488337277 
2559927665 
2304589314 
40139016 
16538407 
81095507 
1034145734 
92702292 
94989247 
332960102 
2714348432 
232137899 
2655830472 
1884139543 
2272856978 
73593143 
786796010 
2266209018 
25096930 
573619882 
366128428 
226219898 
2597498814 
97178604 
1649633971 
327578285 
952034779 
17209206 
337703238 
22358168 
88525380 
45819962 
70994346 
45383906 
117078816 
116829099 
227626917 
82070398 
843112550 
286742737 
2161065953 
263766171 
1264788474 
2760851152 
1520006918 
462953682 
118488448 
88907010 
279880817 
2759654942 
541624761 
96311097 
1002375524 
460332502 
28104631 
137630414 
78373376 
94870588 
2349063537 
1096467980 
190171522 
107220142 
227552464 
218048726 
2616142874 
607436174 
424924597 
18867338 
292822200 
982593980 
2341941923 
2556781184 
317840863 
2314452169 
2461193255 
98409905 
69990188 
263710865 
66199797 
2605474975 
461606126 
2236139178 
117496763 
92242282 
2571645649 
2430364902 
62936536 
403763383 
1371555236 
2546495047 
2539764084 
22475139 
2570707124 
493263252 
228361479 
109989715 
347751788 
2561607193 
863290080 
428947294 
1354113637 
960455030 
49953884 
2430819758 
1560015468 
88176931 
186910078 
111408801 
42666406 
26203958 
96092405 
20617905 
5765452 
143598239 
87020265 
18161913 
183976519 
2455283300 
534162244 
246181702 
2440631828 
48168973 
24355095 
2433457332 
851102696 
1264137066 
285032821 
182317200 
1564016852 
1131723451 
2229801932 
114452171 
1006638486 
2364674906 
273883075 
1927671576 
225772769 
281124751 
1081962504 
90329081 
77029207 
102441170 
2354804863 
26463075 
221825946 
78411332 
710786821 
37213186 
204794566 
33972649 
139702752 
224614420 
2354700919 
163082695 
202266404 
1625817211 
1479031496 
165046258 
767631360 
233457234 
217133632 
237429727 
123791804 
2340758401 
947570408 
1388994110 
953186984 
79598863 
2342565566 
1965924740 
280479186 
29156419 
2319922198 
2270877277 
2334193116 
1433941358 
1479134353 
74416365 
168445630 
384252296 
92117360 
999470034 
156699933 
60212414 
148820613 
456920142 
600105871 
228534953 
108138485 
271452947 
125643692 
95546298 
199349169 
338084918 
207923746 
857811966 
113167042 
249364701 
211318288 
1122755462 
587243500 
348377290 
596752116 
1510845800 
28107369 
19630331 
1360978896 
19997751 
25057200 
115317811 
1582853809 
29263975 
64760815 
141326053 
26779967 
133273395 
33155235 
61415399 
2250260084 
20225875 
624093850 
1619794352 
117235000 
196146562 
95428099 
19529403 
15431856 
813653268 
596349784 
65154861 
720867808 
2282375539 
285235326 
439092439 
67292232 
126652520 
2221096082 
31392893 
1857624506 
789319778 
1277461759 
49446652 
183377535 
389509774 
990697952 
2196707392 
65324742 
156306739 
193208148 
289237096 
312908606 
133444967 
78959746 
1236985848 
2236623042 
181182052 
586671909 
241027939 
280411634 
84729044 
96417927 
252001598 
2176615057 
75145776 
75522072 
131098358 
252272148 
174944751 
228288187 
233217521 
204731351 
90388366 
270290086 
403125888 
869399383 
26571549 
301403024 
1485566288 
2181795121 
1630750560 
2210700330 
448405597 
115948371 
77153838 
262063267 
200555920 
1905860496 
62241187 
383077559 
43566027 
23534970 
1607990154 
2160693962 
266265292 
102350175 
106751588 
569964029 
738332587 
1431706615 
98701454 
731093604 
182536597 
32750439 
93418924 
70542134 
95634381 
370167039 
269389630 
257853380 
1560532260 
72389725 
425182983 
1886085126 
1120462668 
612770220 
195717023 
228016815 
176541304 
171566175 
1827840181 
25255841 
19934262 
1035339668 
619270714 
98765275 
217518231 
1017584510 
306229934 
204489416 
314792669 
548066441 
1611175928 
192471633 
130507393 
168516515 
226139278 
121541115 
53759128 
118483749 
27760317 
28718939 
74712538 
36293631 
174593833 
103890509 
606264558 
559808578 
122216533 
197117628 
24963961 
184803043 
980920526 
765726019 
242439201 
97316295 
194782632 
1879521570 
323697903 
99606731 
56698486 
222953824 
19907027 
125122481 
18525524 
1710128826 
14868909 
280592309 
25393817 
170990155 
86013749 
943821996 
285220836 
1484281158 
1855965463 
306400881 
210903844 
338449251 
61463903 
29995610 
756699578 
166733736 
255750661 
162664235 
1495429370 
1503700471 
187617339 
87040312 
2467791 
179992356 
443644013 
19081001 
139644646 
285612067 
172264000 
91134100 
344143552 
47591302 
392150253 
17074738 
37625145 
301345413 
126623402 
56764903 
435905227 
502756526 
275663381 
78523568 
258304495 
591266586 
1635911880 
1638231860 
499975070 
52352177 
620380549 
240703224 
53333911 
398563442 
286712900 
90804634 
180717573 
106612651 
75235195 
105812160 
619767275 
582857561 
216656351 
943751780 
221294857 
1196230897 
123621459 
114703943 
96452145 
112454130 
1524724970 
1049795635 
367967682 
206174606 
280921458 
144209845 
464669526 
59123020 
614331387 
254607478 
38841226 
94444521 
1478771384 
51001691 
288913865 
1473246265 
266644093 
587697362 
335455570 
109981978 
26208862 
34256731 
863405239 
299559143 
37100358 
292924439 
72259945 
54894224 
397962232 
347405000 
184989534 
62263092 
1035338268 
226153494 
55217312 
15234407 
50115087 
186154646 
426578708 
494944464 
295674527 
85932332 
22832029 
277508455 
393187089 
169863234 
339304584 
578371840 
337006757 
95876430 
949449984 
142775105 
126027771 
276821658 
213879966 
1114318142 
84620024 
82606148 
15565190 
53717630 
250391204 
481145523 
1002500562 
294644925 
519895893 
121501966 
157403304 
154252186 
286958506 
206807137 
92289278 
79520825 
266559835 
108440686 
176180797 
134069513 
93202257 
193366900 
10228272 
23037064 
275568944 
430878414 
142003006 
830655102 
51692463 
376931369 
843714638 
745675524 
227493078 
294788649 
8295072 
94638861 
46193097 
781961438 
17450410 
405015059 
270380545 
588574219 
106479571 
502892655 
147391516 
481966231 
104815477 
98703182 
103713183 
112512937 
142344451 
50973807 
289620520 
20702052 
67767910 
119169602 
472873538 
299636234 
590063789 
429057472 
206125946 
472199501 
74236871 
450612611 
83236233 
27708549 
85054503 
284563245 
428541604 
535681811 
36193570 
80537270 
53060970 
425638928 
249597830 
540005255 
501265111 
475398586 
40728235 
176436043 
44879846 
326184125 
48835896 
306962241 
202756453 
285655042 
19966557 
327696651 
76346977 
478960902 
90401620 
213079479 
147615588 
46293434 
93698890 
433892566 
123343630 
222589806 
107544554 
262673613 
247874487 
289154291 
30071684 
471317861 
468470720 
121415582 
108279873 
424230138 
354958368 
102263405 
429194039 
89410414 
142330580 
67292851 
91451833 
24118218 
87954443 
109754957 
105524258 
70383811 
344355355 
168096187 
77960192 
41124200 
43513715 
376984335 
138758638 
69683823 
356161049 
265691571 
142791736 
235073214 
33212110 
58166411 
141946398 
61430977 
76686572 
95736749 
298788619 
91092898 
69895856 
91996131 
307382263 
31098952 
99310527 
14780915 
16660662 
35865024 
207650884 
19878288 
183439449 
189947175 
109963420 
71776505 
65410872 
15131778 
102944998 
86848647 
224349386 
52361363 
59185752 
64378829 
62890569 
29701516 
83441034 
94056619 
110503714 
152695294 
92302386 
166523603 
95741476 
90413714 
72252183 
280674514 
71336653 
285745752 
87751397 
71006154 
20348773 
111952454 
199325504 
75098756 
83148402 
72378123 
44386197 
49381990 
39213681 
51701366 
30631061 
21446427 
63796949 
79087518 
36643948 
62361601 
36304709 
78508867 
69117566 
14932515 
262573289 
121845917 
80794760 
91625394 
64491008 
68984295 
59496708 
49654175 
30686936 
94074773 
103534820 
22231561 
76180643 
85292334 
84704742 
38160015 
62360542 
14218600 
73997523 
23926303 
18527356 
73214942 
43682174 
76380073 
73490262 
29206129 
15310372 
14963696 
69485192 
34211008 
48363004 
21864015 
84664733 
83726977 
