736304685020262400 
257526848 
3240997994 
4879812052 
66167704 
551097194 
39175107 
3020331449 
786898723 
308655439 
592848274 
771228908 
2848206734 
741893791284527108 
180667856 
320660997 
798653519041622017 
25014830 
2621411447 
2665006084 
797595548446507008 
354621590 
3120469083 
3426006400 
3067878968 
4237751774 
2326733883 
107904601 
599078550 
386830172 
1027616322 
764581662 
462548850 
800708861959118848 
723676418 
3374252483 
1902629281 
145027585 
548081125 
90595259 
1038639361 
715294086354321410 
1152245444 
615784831 
2281522063 
789138502642458628 
791633737041768448 
1023098462 
380753742 
791402369665736704 
256950098 
2288693747 
347340056 
2400588553 
800132257029582850 
701761081 
2884983097 
771706025141530624 
798199716286644224 
4847264285 
799042694525882368 
801433713032761344 
738208428376522752 
2530446007 
2861982679 
756946087869644800 
812098555 
3035895214 
795696327988494336 
783094316826816513 
794889268334383104 
796140623971618816 
799583386880921604 
3394871338 
308311248 
1955366258 
470719880 
2865378571 
623153628 
1151214547 
800707159432380416 
1218535650 
2335035160 
596675002 
3399019503 
49890325 
3191335522 
941872244 
1158102722 
866854826 
3241944805 
4853501741 
2608656194 
274202469 
579466673 
3941838207 
1043959124 
801510509421985800 
2151668300 
148723839 
2386737639 
154551197 
2337874352 
149516215 
2564113591 
3819875243 
744144194566946816 
3996030378 
501801725 
2750721215 
2878033179 
1228354759 
769033955442065409 
2157542640 
773603147398938628 
478197098 
3270300294 
794037303824056321 
3137974675 
2372501118 
456802907 
3146696419 
3399464267 
701015905392721920 
713373392724856834 
2996944708 
1442953585 
748541125342924800 
716182548024397824 
24185624 
1597493046 
739215533803986944 
4839694714 
4159009635 
1862691085 
3037722022 
3009538004 
2409396895 
367954530 
3041934989 
1317795768 
784388869055737856 
1330910023 
540237025 
1405510392 
763105653200158720 
3084730371 
2561840149 
3015172587 
783302910 
1323466735 
791466801599246337 
3313453445 
400751162 
3364600941 
784644346482130944 
788876642164809732 
2782450268 
4647658635 
2911839814 
4862083877 
2876006425 
703738894899154945 
705094413605806083 
788198448659099648 
3174335646 
2514574712 
775935916825206785 
742315615 
2795585366 
776689670281277440 
783355224882896896 
2801651967 
3020672974 
568351920 
785224207554797568 
3270045612 
2994703540 
792121609838555140 
3010364957 
3411039737 
737283191245918208 
3048607481 
1695568987 
1149382326 
870876247 
3004260818 
2332409561 
2427069409 
755200555677388800 
4777092366 
3164210697 
4813046354 
711401962323861504 
22193030 
3311184872 
2955324296 
3316492671 
338541362 
3885641493 
758515516113846272 
713274859678097409 
791835813860421637 
787483478166163456 
743251216851828736 
2975395827 
469753244 
751504614755794944 
550625301 
725343316552769540 
4851516380 
2505542461 
607077819 
2546226067 
2278282932 
751807394246750208 
792771664270372865 
2200888435 
4091371475 
459872700 
1717241582 
700061337154498560 
2748433091 
700639407464804353 
2841573304 
716597278 
766468905548312576 
4324877014 
713499508 
3809412672 
746141967348797440 
1598913126 
3353614845 
761063673775349760 
1438541736 
790379086313029632 
2294922211 
794275801 
3242080044 
859083032 
779737374301556741 
762156661 
55061282 
720585512 
548168283 
3863345723 
497925563 
3219720750 
1468778634 
569611394 
189813187 
3222923978 
3387691953 
2446210129 
2571344975 
3327108244 
398168657 
4625985320 
2674442691 
2300701966 
91322255 
2706013399 
2322208360 
1957937424 
616334754 
3399523509 
2827789990 
1663405268 
408159376 
553361762 
786682175215329280 
338801308 
96277253 
2365495012 
3031919963 
774186229 
1482074802 
3419327326 
1957833048 
782692755336146944 
4655996422 
730193320610271232 
1368349152 
2539992537 
2482573943 
1967989904 
2391964765 
752928321114087424 
4909521881 
4209314832 
1483174255 
976709299 
735689185458159617 
2516937668 
1865997020 
2405065262 
3029058837 
3027402567 
216127419 
1480906584 
39735225 
701552586 
2238130657 
416356368 
725051381296566274 
2271417883 
479230638 
731292824067407873 
2339714974 
1697093965 
3404203648 
262899320 
2729872666 
370304631 
3658712123 
4711144572 
755543333506785281 
4071687976 
741336087096754177 
1024518710 
790511660 
2299646342 
952187894 
3312765686 
772847610826809344 
42374659 
424683232 
3103704602 
20309613 
792122837742026753 
4046856794 
333051965 
579061659 
196744313 
3127597133 
879795098 
757636146 
2444508452 
2606554224 
2744719451 
3289026727 
194404732 
394514518 
4362603262 
704422152909488128 
1058725574 
4625448725 
713476664152440832 
3742607958 
349788322 
767753548893458432 
948874322 
2949855070 
3243322234 
217544959 
2188330110 
2521163122 
2879289154 
75491063 
3185772002 
2332804495 
3013252482 
2589791736 
3161342213 
1873034868 
1973531690 
727566427591446528 
3241433490 
4836862984 
1892946072 
1668822156 
49642933 
2715333288 
766504015286898688 
2276367349 
2207040031 
2680686651 
426025872 
73001733 
373988448 
4426734134 
600487026 
2409405908 
3330299713 
3319613743 
1166485399 
4913988980 
1265027959 
818704812 
3371070027 
520475784 
917723347 
2940985073 
449045836 
767534263927320576 
605916372 
505253270 
3124367703 
4865183045 
3170538810 
3429165617 
736567246391107587 
777307378546978816 
1948412299 
766401212690337792 
3385199687 
2587836751 
712681750602715136 
4882432386 
943005378 
716823432357421057 
2558072407 
476953113 
1011755106 
4202240052 
4688063605 
746180237470269441 
954393458 
767337545566818304 
219835515 
398633869 
567757653 
143415608 
2981251162 
2390704998 
1575011132 
2332806295 
574026980 
790033384839839744 
3952382292 
614160879 
775027635839705088 
365204280 
2757312590 
4605805521 
524798643 
2521218799 
60811543 
2931715626 
828054913 
104136587 
720023146854813696 
418347223 
3321784285 
1976006383 
568724284 
551557335 
2271165360 
1540111525 
618621609 
70031624 
3304046954 
4851325904 
374051769 
702870467527495680 
792054782605131776 
3110880533 
4635701959 
2885037179 
3270463740 
801808944 
3825234612 
1023172362 
2944180001 
135053628 
721890593090117632 
2254387596 
3247030185 
2976367033 
317628026 
753176122263691265 
3272506332 
780430601354485760 
617681531 
514997698 
788681158947209217 
735143350848757761 
723507967216091136 
320140212 
1372931808 
722478451 
775899351147216896 
2361161910 
226008849 
787383413787484160 
756407730362060800 
484547047 
2741473519 
3131648747 
632605761 
780826462672650240 
4833213201 
3865030102 
170220377 
706313987755896832 
2841620501 
2839637278 
950813264 
2468428112 
2228679338 
109763679 
2923983792 
64087086 
2584974288 
3326666006 
2236503980 
999008173 
3025970457 
3820102222 
2272204886 
4257411153 
3433770736 
753907460612714496 
3554833093 
2835387607 
703430122922242049 
4036606512 
1594698859 
769606394106540035 
1403363437 
38323266 
796343185 
3745376536 
3346190860 
762130006562643969 
2996671341 
3080784961 
3798408327 
2671179278 
227079551 
1004722147 
2995434991 
2919036895 
1263521113 
743133513440858112 
2428094796 
708731512665944064 
760818608587046912 
1649403529 
3929302693 
2188020582 
3300028050 
744496206760583168 
3116714211 
2378842046 
1287172004 
2511737242 
1281719622 
34118227 
1887374172 
770408649479057408 
2206003022 
441348765 
1040661488 
2278079441 
2350463220 
726527281 
2543881664 
2183466606 
603308021 
2349437463 
849736669 
3038431416 
399051905 
276193799 
3297424096 
4787835802 
2329173111 
286471832 
3180858546 
2383683504 
1386729086 
736527648604585986 
2277147835 
2827249070 
566898888 
2917134376 
2598566851 
956660725 
2411854886 
722180810401386498 
2617622063 
3570368543 
2871830930 
730775810114654208 
549189077 
302824751 
277195232 
345292072 
2758435601 
1479966806 
2681029042 
501347854 
2360008284 
728465307036082176 
3181101907 
608384270 
3977676013 
396170849 
1604757698 
94053243 
790105822147653632 
710674322935914496 
1421491418 
716614062436691972 
404054562 
750170782240833536 
1287051372 
740217480 
2774670046 
613243346 
2322988276 
154421147 
3247570754 
1077995084 
540936700 
3087469448 
523097966 
4837405018 
2526567904 
194337784 
2962381761 
744737791532109824 
610316220 
304711649 
1687693640 
395830797 
4472073554 
2189628854 
40398571 
3193756405 
530837863 
787685447770275840 
1388148926 
2221719098 
3392542953 
487187851 
2711532532 
3083321522 
2577749111 
747221888447832064 
717115730685132801 
395602362 
1099475864 
789469364080771072 
1434502638 
79745371 
772255862685564928 
702996259913777155 
3775407497 
3322549588 
1747726406 
725489468854116352 
1056361674 
3161038805 
749555437830344704 
2805141137 
790561536771231744 
788825171314343936 
3748692552 
1437850010 
1000533902 
2477809099 
4185703640 
4146931339 
712968677000364032 
494758574 
3103316853 
1406184362 
86949656 
2746675338 
2398568456 
2920969774 
242716888 
504919397 
784573380125192192 
907707986 
4729483572 
2757180383 
3123304888 
735116413011038208 
3433144180 
2878847125 
212854383 
3226688744 
4327021452 
3393620952 
775202739772989440 
118650457 
505180683 
3290676699 
767950739310190592 
4387514361 
2771664757 
4060773075 
783936660274749440 
262892824 
736443238156894208 
4003243282 
3227045478 
763251917908643840 
3304492270 
2839212883 
773660531609726976 
553274050 
3258488283 
787691260748374017 
2716417145 
786522348308488192 
783714673 
86745694 
706396808705024000 
2268004954 
18402094 
940998338 
2344395751 
394160411 
738814942837641216 
1928528970 
787692199110709248 
2642880910 
3387937763 
2951910466 
1216840958 
4837818807 
3545985042 
763918879374532608 
756485626007027712 
3077368594 
784851420457623553 
1418302159 
355308191 
711653881629925376 
745544802603655169 
3019994425 
18737037 
768399340998123520 
787139320888963072 
390515126 
753746879582699521 
144169124 
4709204274 
787697646916014080 
787699233990160384 
766798955501858816 
787194043637702656 
372197749 
2215134946 
787302340659470336 
28940766 
2731384237 
458919876 
784401428467056640 
787690311703113728 
760660143415492609 
2755372646 
780616208265601024 
787696135343337477 
768898264150052865 
212296503 
520872457 
777358180879695872 
779061486664704000 
784471470101495808 
3637666813 
1008546618 
758461565217546240 
129602450 
432707249 
1393014074 
312369800 
1499107183 
787705645604671488 
766938395738333184 
737775285513244672 
720485607 
773329863671369728 
782345579212869632 
395288279 
787707003682582528 
2184794570 
2645913684 
2907577317 
360977511 
704261505261375488 
786496332471103489 
4775849787 
757760151650656256 
787698741322973184 
2324567892 
787704499393564672 
786238837638832128 
4481403433 
1717537302 
785559952949665792 
996447008 
784708850339475456 
781384158496956416 
464366262 
2270724508 
40165461 
172762984 
2482049683 
785120027334750208 
131021016 
3057629617 
748899745406423040 
787690279071604736 
2197936164 
4327192995 
4505292863 
710809954052120578 
2888780423 
1219103196 
2451013280 
368336041 
2945546600 
2360338706 
773190179058102273 
2882144561 
771623758473797632 
514974485 
165878019 
787474205667229697 
437091177 
222548500 
436161201 
787718186749747201 
4160315194 
787655821316489217 
763816012168978432 
787403577677545472 
728443734 
522526329 
197807757 
1349082427 
556043599 
68210284 
2432550306 
339177719 
4520578409 
4118164274 
2390022078 
617566686 
2373301170 
2411793892 
742439932698886144 
1000902210 
2734703843 
1335756404 
2944901529 
449869788 
465990822 
724766317014847488 
3070360220 
2161536726 
782084688043122689 
1287378396 
970693003 
2187744284 
738472596706983936 
3252986115 
726357464 
2236617864 
3307723973 
4705505556 
2889971776 
4781115979 
604984284 
738072022601760768 
177571879 
737466794357719040 
2373804905 
3303407170 
1453937526 
3110555471 
538715108 
714866804 
2723044575 
760944298904981504 
3020204208 
2496998714 
2253474394 
3192707319 
448150105 
2574906698 
2187371692 
367249356 
4239110205 
2734681569 
820925785 
1064874673 
1578181567 
738432234508681216 
1726350097 
1262180472 
301218277 
415914993 
1471095678 
340502851 
2873776602 
1881468114 
702957777765998592 
4009189479 
463820740 
1265212710 
2321552408 
3285712898 
278330572 
787404869095215105 
4922070784 
4444900294 
3236088282 
2292422220 
4637162595 
14093358 
3248115244 
1445571307 
737710317858361345 
2369442498 
346018664 
1429129128 
3729958462 
2148182026 
737675413066031104 
2324400992 
4787195141 
2715158571 
2928076485 
4543472605 
2261673272 
4053734782 
302623510 
2946108186 
2913340418 
2580150623 
2942357534 
276117306 
806615503 
3314400248 
598788596 
4923550152 
552987172 
801382327 
756344804351610880 
120579682 
29373137 
2326369933 
2217202453 
385231963 
3310787168 
848415600 
4130020337 
753245463084695552 
725766911569592321 
2739792268 
2851299357 
703353848921006080 
2445525257 
3039311116 
534660015 
3231818808 
727846522134638593 
605208214 
200929521 
1676773170 
1184213443 
1414140750 
134782143 
716080742426476544 
175269791 
774790878011457536 
50401365 
271555776 
1564971343 
387539369 
60587595 
115072849 
786324461486116864 
2316105458 
559044962 
632494367 
3340023165 
2593290198 
770165342786117632 
760594618505363460 
3155636445 
3291818327 
1575751903 
786057143988412416 
4795771580 
46637903 
3238989093 
582892305 
750007718 
2225886979 
4915159684 
2215269067 
1323878964 
37262251 
1520006918 
612155437 
562708576 
1891280354 
3118327459 
2755129078 
787686804 
2667736338 
3226842625 
777604565474631680 
532682581 
2521683838 
2864211003 
737745830375874561 
197832983 
3232234076 
2762558918 
2393294712 
2234759138 
2781146499 
326980514 
2538238626 
557838361 
2296640015 
41415372 
2612078086 
3011478898 
3244808974 
2924704122 
730605976399663106 
2419899715 
621244305 
783820347766439938 
2330923868 
568868479 
2265412154 
2723428636 
45145228 
734486816443752448 
2562783238 
2286849783 
106783397 
3158201058 
2202470799 
710254617922117633 
2942763219 
1876488146 
1276394660 
398674191 
3119964753 
3637316897 
3054375097 
757811799966126080 
3471902236 
3128162790 
3292248118 
720093263957331968 
260836427 
1222243429 
704350326 
721774030685122561 
2315192741 
2402466010 
767203958205009920 
3167946720 
4136594714 
1283207774 
2429773470 
2268428982 
3642540975 
711959636115468288 
1336735088 
423836341 
3089491509 
636662230 
579589974 
2805423324 
1031998002 
3399707938 
4748921878 
778298999023476736 
1035992868 
2438539943 
744207207231852552 
780560525327343616 
348781106 
2277982782 
3240446656 
1597541017 
1022651688 
2578935959 
1066862210 
2593707923 
2644882821 
784292225760972800 
172518760 
1213882280 
354519613 
3054460622 
736930825 
3294855930 
3012899633 
970327992 
4603731255 
4151538741 
369227458 
759232500031975426 
840881281 
787393253259743233 
3270540342 
950708318 
2358394508 
2952279941 
1347597062 
703611954292727808 
616750913 
361819829 
1430721446 
2645861121 
3176101221 
782403780306284545 
1161572798 
603029001 
4743573728 
3323353430 
2178640469 
731654891278454784 
777683372319633408 
2852637050 
2752547878 
2190674489 
2753984473 
24381958 
1196451133 
4252548678 
714748458 
784981928256700416 
1711590888 
752693460784680960 
4651893667 
485441216 
772879339868348417 
2231337660 
2247879169 
3291745067 
704026951757996032 
1319448259 
3110827818 
3137521664 
768611556850479105 
1006771734 
2916054756 
3233973170 
4573919909 
1480865083 
2746222429 
2574629092 
603924721 
2435895548 
2412641649 
1468330778 
2872808038 
3286342513 
174522707 
2495554086 
290190988 
46764101 
1278164378 
3209814988 
458268917 
2429154414 
774422906101047296 
2417995322 
414462742 
1694911164 
2246944573 
3134015251 
1513249772 
3335470005 
3153755102 
2226536330 
3023381429 
544058562 
607910745 
544008442 
2297280523 
60397295 
385656189 
1287822968 
2747287142 
612268377 
491822830 
2619513387 
716400587567398912 
55587700 
2298976710 
62211706 
786341592835690496 
178715787 
2906404392 
2350552114 
2774103741 
2245240300 
2580511389 
268001587 
866636869 
400885649 
1319553649 
544007625 
3053971011 
2813338577 
2429912990 
3263927796 
110178446 
3147492621 
630413057 
778916762 
2955539865 
722879212038799360 
922639038 
3000371096 
390940067 
716601936082939904 
783765194115653632 
1062126751 
349746182 
2448335098 
3907964775 
3226579046 
3060708432 
3243639469 
68811691 
2782981914 
2442879786 
4182469397 
101681139 
701794803957288960 
2899878850 
291169907 
1497754164 
398347576 
2546602066 
88332793 
3498912499 
3112241189 
1452613471 
720387216971669505 
2360440656 
2956248039 
1013678659 
757394441564938240 
548700996 
1121276700 
1391994356 
4189014921 
3284891438 
839350334 
2781936672 
2872374679 
2370474726 
4546801520 
2261070744 
1042835718 
704890881 
2895400495 
3237003102 
3753564136 
1036273795 
786772123742187520 
2841702004 
272661957 
104242923 
3118890416 
717151232922632192 
1677450678 
42757591 
768251296809754624 
489787319 
1383035785 
611151543 
730914714939576320 
1972577130 
735650202279759872 
2699073705 
772631512000802816 
4351973654 
2156480512 
1055903118 
769576105799979008 
2401888212 
2728167293 
2807508985 
318208609 
3399078912 
2855093899 
3495558317 
741740871348064256 
2865344389 
765845061477232640 
2469863372 
2970488495 
731512392 
245644201 
2784891925 
378546448 
3298021309 
3004808548 
740607766738407424 
223505625 
18224799 
737706675466047488 
747776985338765313 
778986340801273856 
1163354856 
2687811926 
1500615787 
952824374 
256860828 
2419645506 
2796924837 
717401343464312833 
285520580 
2716299179 
858595153 
1282660050 
776949245458997249 
769365236679835648 
1300002864 
574245435 
270217937 
237316751 
416544609 
745440581078310912 
2361084317 
578411010 
735633564859961344 
4756543740 
745625719 
2651909618 
779585267220910080 
3691828701 
750440495730401280 
764851981911330816 
827715354 
3140576620 
2562501962 
783074917700947968 
700757234800787456 
2821484722 
785566135299125248 
2576199646 
711695227870777344 
784003532110241792 
1202995140 
286684569 
2368232181 
1148608147 
3376275281 
4917991064 
911212934 
308284578 
1579261188 
255290470 
439761338 
383360472 
723742540160081920 
1101081824 
61772643 
3023249946 
3089689716 
1890619783 
2874055502 
630110753 
720963499833339904 
4865895227 
4059917412 
777278444082257920 
1259615130 
3556540646 
733624258006556674 
2893381511 
786645410685259776 
2351835658 
3575262014 
566870283 
3368209487 
779376309034070017 
3331745960 
3068342849 
2849761580 
2400402147 
2818608468 
2289947700 
3254945150 
1689827899 
610982287 
2715253673 
2245810853 
764882336043311104 
3293959008 
2824655382 
3883323844 
338427179 
2298760446 
3054231632 
765272115104866304 
607527562 
385539364 
1102620697 
2273602927 
375101956 
846271609 
128928029 
701582773707010048 
803779014 
766016567742173185 
2259764582 
4327272134 
1356674252 
2823460147 
4819124519 
769355210967834625 
2303075797 
1544716574 
1557501445 
716684663910060032 
4205017336 
1380623509 
413764759 
713713744191340545 
3227566194 
773765122745589760 
759599575682256897 
786296493313368064 
3567396013 
3256386164 
4559158274 
792790052 
3294850622 
1006879459 
787214519303102464 
2878871067 
2865455403 
2765270488 
804422520 
263775950 
4274163680 
728494518740254720 
481517455 
623599263 
4371838876 
2434159107 
715698328168763392 
2502464480 
64879706 
104045038 
3026050985 
1290005954 
3139909958 
401724954 
2928988057 
3237343613 
2925099900 
2854368530 
613786679 
810142837 
722245662 
3198352554 
742850701 
2195152712 
4585459702 
723742875138162689 
2418276223 
357606040 
2881395557 
2326048747 
1850051383 
457891922 
201587721 
746052111192965120 
2766862828 
2574679324 
3381011691 
165472677 
3327824882 
1639700042 
1881186348 
46476045 
3072227768 
1008966841 
719722228745502720 
225569292 
3161633354 
296094440 
2311149930 
706314443580383232 
2562203946 
2959895524 
910967888 
1405733192 
2467344489 
3111286523 
2447445666 
3853441545 
589297149 
2838775641 
2582942821 
712449681159282690 
1733321611 
2731536801 
230868160 
3935575452 
512377214 
919733558 
968547744 
1748640510 
998412984 
2901035780 
2839487737 
3052545253 
88041767 
706184476599037952 
198554032 
935399017 
539099216 
102572907 
3156888900 
717862024303222784 
3116342171 
833165137 
3301102689 
706563628321800192 
2364787099 
742743320749875201 
3310088605 
619552349 
2380538165 
1373652853 
95797800 
4416347966 
712004546793373696 
1320245694 
1015955401 
1161247772 
2895199293 
20885829 
712031936 
745420844512448512 
43825452 
1366917373 
2295600983 
967422871 
4128766035 
187131540 
978791802 
754628688319172609 
635499307 
760858980411445248 
944927324 
2371055370 
219297412 
3532881560 
410979314 
372553204 
626847987 
3234921061 
57454135 
737226070496284676 
766480328 
1375854180 
552263323 
1171264603 
782052337330171904 
310194241 
373471321 
3087136670 
2296114294 
1700834402 
782689019914137600 
232349125 
2465165918 
2873125395 
634330882 
532472268 
707668207688003584 
2864007638 
2684200045 
3244419260 
2610157369 
1118384376 
4838687213 
314342030 
707742515210747904 
2685106666 
4408871861 
749289875686514688 
2942692457 
1553954804 
735297499 
4618103177 
2715170801 
3298717717 
3555074540 
2913129900 
3007524824 
780557766435885057 
303536176 
576044552 
1449359480 
1580378173 
3309366394 
865264483 
715288260210073600 
787208283123625984 
3053287888 
3239296843 
3300565247 
372087402 
4842125990 
2873648820 
3351130935 
2755629505 
2998791758 
452408241 
4657972093 
2366296273 
364579769 
2474990916 
2748487354 
1694853180 
1645735052 
2762143416 
1305040483 
784209587742265344 
3045191856 
515339886 
315322936 
751638477624659968 
3227107757 
25173351 
2763131050 
4092712468 
617193956 
2299177118 
774652512741822468 
757142980025159680 
2157426341 
3031991424 
1033834364 
752978736916549632 
1373610686 
628774441 
95500558 
2954561281 
4534351493 
2766280984 
4110604394 
782329682867781632 
2808185182 
862857271 
4860212684 
551894750 
1886236112 
3437430737 
534556918 
1111964394 
550325387 
385965271 
3649326194 
168488728 
4721047621 
546863015 
2765429268 
2723456956 
3250045573 
2979144905 
781918667223207936 
4847381595 
1224109399 
2358774139 
712217673854230528 
28354277 
771002247534739457 
3310615235 
1320598272 
3136618033 
738214539892654080 
3679074554 
922860302 
742098305849659392 
2822984022 
770532164 
2310979905 
2960384644 
2545049082 
1385358780 
143822258 
331242938 
2985068325 
2885258206 
1217121818 
4769744415 
3079320694 
732720283 
287735821 
238584191 
1070489934 
1101697422 
519131265 
4309259836 
705105762712842240 
773960711999545345 
50085485 
3327010527 
2424232573 
323487093 
41096337 
539365692 
712538666715987968 
721562730650406912 
1398712166 
935606250 
4419512321 
255276371 
1439094373 
2725133849 
307827919 
1916331 
1016884064 
783284925680193536 
598165642 
3828007454 
767032706949447681 
455787483 
769449642505412608 
1149369518 
1719137178 
383897834 
716335561120722944 
2332929457 
4802629694 
2781439796 
2940293039 
754021065853140992 
372433485 
703895325493166080 
2524878185 
94998694 
42099133 
1491368570 
2743413131 
2958451720 
766575533870186496 
3579068238 
4363100185 
765746142328086528 
72398087 
705505487740084224 
183075570 
710908068784164865 
1512223830 
2781738536 
985544569 
101669481 
3385222629 
1378062842 
3346468942 
747452694210699264 
81967727 
1199283823 
489066679 
496364429 
4075115009 
737973933433978880 
2216904691 
2560038321 
2671645740 
339926539 
40921795 
49429978 
2922334516 
167087934 
882842119 
2601777098 
550268909 
4643394961 
716714342742376451 
3107423574 
3183815569 
596634483 
420897568 
1444958604 
941760342 
344289353 
519447561 
775108247065800704 
546758743 
868333399 
3929244773 
1404747144 
1606422584 
749012182747127809 
726591484774912000 
87952455 
53099383 
353754470 
82965127 
792805074 
1081383120 
1711175065 
4690459652 
2321755806 
2805571635 
745761578054615040 
812542824 
3626117008 
397288473 
627742356 
1200968227 
768481664611659777 
173251548 
4230820539 
709683530813538304 
3013258201 
1151203291 
2949437721 
4018863373 
1634316342 
2997784141 
3425013125 
3116316321 
2293457594 
3407384812 
1383807408 
2272065908 
2830742283 
3312172363 
750540820441423872 
2983837843 
2286080210 
578173389 
773360359407226880 
3096859794 
346065816 
46499636 
2476088310 
367730053 
2335576333 
243824527 
4799635465 
151766521 
175317746 
759179670478872577 
751809641940652032 
725759064354000896 
3349810679 
3885379634 
1939679816 
4257568709 
1144906020 
3620284392 
2279859376 
2403870922 
571926574 
2490251144 
4460603249 
3167851007 
391174436 
2332314910 
279521585 
3216525436 
763169531992748032 
738222901544005632 
532793942 
30161717 
331175201 
731151339816783872 
51011932 
2739068814 
562604288 
739090381401382912 
1471916845 
1103761752 
978480894 
3078358042 
282514929 
190596519 
742516226811777026 
396957509 
754152396922626048 
26104563 
4744003042 
1251441661 
759901988498866176 
150995550 
2790658390 
2301108282 
362791869 
382874916 
843112550 
1695370838 
2890303152 
2875052947 
709070834665652225 
138978054 
749746420366708736 
65153448 
530970042 
737734975278186498 
1438162062 
2576238121 
528598250 
1193066678 
535107228 
761403737965404160 
2176024715 
4502133629 
149760844 
300948378 
1612531668 
166896011 
1141971444 
590058120 
731757103526739968 
741643723260334080 
2549647958 
2227779030 
2759138339 
744503216755269635 
4834273324 
2743196194 
40821520 
706947755437133825 
762753885857574912 
161048488 
3061901738 
874248560 
698554307721895936 
3977686993 
733012419216183296 
761135125786525696 
2563734218 
73593143 
760838612892078081 
2566078761 
706161332253364224 
753376242745774080 
134551685 
412142367 
525060895 
167989418 
345724514 
367986627 
1180373960 
624699146 
1633726446 
4906925482 
700133687397117953 
3439612223 
626637110 
39771856 
2458123469 
752693119 
57099601 
2347768465 
4363203975 
724693424608260096 
749708436070395904 
429596033 
234169015 
2921336852 
957171504 
554590990 
1057020385 
1731218809 
309392292 
3873302659 
816022111 
359536918 
736914843744116737 
3343411025 
1834821716 
2266478545 
609661879 
2879657000 
715951040 
1352539206 
66311104 
700700845344694273 
3663566357 
2669599192 
2171486691 
1345897122 
3503944033 
419256519 
3244803855 
632233031 
84977682 
2449581 
4821873553 
558120863 
1135030105 
1325078803 
4878845645 
3093816490 
1007512513 
421347497 
3355451409 
2639111832 
104875236 
854823337 
765815485 
4927565735 
2634111053 
2182007681 
266903283 
341631749 
118083529 
4200229955 
188142615 
2566561092 
1210983416 
3296136608 
1029196519 
4870557019 
1658878782 
1294841754 
1256044645 
145511872 
2369504318 
1830483889 
4765365437 
1162138681 
2751075148 
3369252190 
3244039083 
2741503631 
3614881277 
174923553 
1254787081 
2874184747 
3434375555 
3090766400 
469996104 
2764996805 
2970345820 
3422922231 
412744935 
3386517773 
1957510615 
2613669289 
750922492353609728 
2407807986 
613161989 
3299629347 
756997434094587905 
181754823 
2792441874 
1132862924 
1649914063 
4823822898 
3188299992 
244140528 
2506126459 
2223888259 
2450507561 
2881731905 
895828082 
3301771951 
759888618160726016 
415851076 
756770432775180288 
4191659173 
199601800 
133364440 
4352078593 
765526042517831680 
713866562076340225 
2880004121 
3240953280 
3557082621 
1023083594 
728843741193068545 
356604899 
765647345941880832 
710097201196826624 
3108671420 
1863231043 
2445520400 
3013477601 
762086538100535296 
762534980698374144 
1356133776 
2996009979 
3413337018 
3102491002 
765580724552470528 
765885989885714432 
752914538308235264 
312096007 
2960403406 
3787881323 
757911065619341312 
416552863 
263268764 
1562930886 
3288666950 
765887323150188545 
285942476 
2304062034 
2830469563 
765193810607349760 
765893117002350593 
2366529608 
765320894084440064 
397671210 
85029732 
1586291340 
46345406 
731436221336031232 
761962247547674625 
3020133102 
731118277510856709 
702961176028827649 
1726452072 
765894940157218816 
263601519 
765491914921607168 
4923830473 
4461131180 
106155404 
1665694602 
3181981752 
752070254 
738816480 
3284928072 
381761208 
747163695273418757 
236367075 
709338723444371456 
765900956101910528 
2954977968 
761227940327677952 
313245168 
752312952062152704 
759522067964362753 
974991816 
743558776314302465 
161029934 
4519337609 
748435381750796288 
764112933693554688 
1711563656 
438747498 
3250029242 
418956327 
227828246 
33644112 
448274373 
3080590479 
478361984 
751037526375329792 
372252851 
528719744 
739449930 
765582486755618816 
140785277 
85193227 
275250078 
161717735 
748693767520133121 
825353810 
483410890 
765516283714605057 
2160681912 
3456110538 
3260113092 
3421799372 
4708104936 
1588513722 
3270468918 
765648863277481986 
765903697574526976 
2988042473 
630468935 
1016833304 
740807814768103424 
1342687160 
754766849460604928 
53175103 
42321578 
375314485 
765916591922016256 
608785311 
717772917707112448 
3919360755 
339773570 
1573242722 
2356231089 
4482637787 
2957484372 
1059473756 
2276653051 
2681674673 
2152943651 
2873196407 
3410611226 
836662598 
1644640400 
4699981501 
704334824660725761 
1115177844 
4756707069 
466025286 
1483168837 
1896141110 
38736013 
1670986230 
94262251 
2196236585 
2509369125 
247450621 
126505262 
4414398252 
1542280320 
1541165852 
90082539 
2589608059 
2746598107 
2882487093 
83015833 
2344608284 
4524518381 
2415892226 
741070856 
1700037254 
17118025 
1917463639 
606507313 
2938681298 
87615146 
2684574772 
65377342 
3041835007 
756942214865969152 
2502657349 
3415712356 
927901662 
575802431 
4668610093 
3208557431 
3392918050 
615748497 
366883521 
261626796 
4684638266 
3247174342 
696049433360756737 
2288916975 
3227771258 
2288993794 
3619026254 
1544722298 
382862181 
1390363399 
739037041 
3194846803 
3381211984 
872942264 
756139464 
834359610 
701257411 
2631987190 
749122115727568896 
4508302512 
2419064942 
746482004909236224 
366117885 
2914059772 
756262351712743425 
4510395322 
2385076254 
1703171294 
2349408273 
1468803240 
1424542741 
276741026 
3322134586 
141455455 
295845503 
372879024 
1898137699 
725106104624025600 
2714982351 
4658165714 
755690123598061568 
713633269 
2161304664 
2883445087 
622393933 
129960732 
40948247 
3859543166 
126556533 
3351985594 
987169080 
3133971115 
2857033595 
2149672928 
2426047036 
3227611292 
2500030903 
348840818 
752962635755204610 
2952339568 
1653547406 
1081450794 
738588023852433408 
4825420677 
1349359206 
2774784981 
340076700 
760818833556905984 
780216116 
136836734 
23344293 
2955206152 
3023037103 
62653767 
2562695803 
749911194538872832 
3126837106 
628228847 
761961709133176832 
753202257533935616 
1962353863 
724354956673703936 
34197612 
1308578150 
753596567081197568 
3428716875 
3075393761 
145977189 
3222892819 
2880272422 
1630749786 
703598451855126530 
3004635230 
2543105581 
248106430 
2774824456 
2333286493 
765561770719064065 
758881686461362178 
765736599896199169 
1942758205 
763176168195497984 
2762517467 
719929229132054528 
3138685354 
759473969527451648 
44142883 
749145012689072128 
268760492 
2920898570 
194599260 
418311125 
298898170 
2559604154 
405295439 
752290208402604062 
306552146 
742174953525628928 
2513439868 
570127231 
2601212903 
3483690196 
758018326765400065 
707404074518446080 
3146009451 
1639656806 
708652455819665409 
765718604331507712 
2646987386 
2717939297 
764508368971010050 
3150542824 
2714755137 
249466189 
3561167656 
2961820694 
3021530613 
765721247300792320 
747925383454953473 
704862224980975616 
2299078723 
3226714032 
320853997 
762878851575717888 
765723293789855744 
3302645730 
765743209683128321 
727213093512687617 
2431238299 
504813024 
1013972005 
765743612588154880 
3606194595 
370991905 
1448973798 
328736940 
4411501396 
2582447424 
979465843 
2736848391 
3648355757 
2516896935 
3116077032 
3285758294 
758519168652152832 
755998645162504192 
101076706 
706685850537439232 
4245559883 
236516326 
3035173176 
4679066773 
3435440619 
756121993892728832 
3013812600 
71509190 
759836672317984768 
3207075359 
4859783882 
476121229 
760321318835265536 
703803607779549186 
1121072984 
765220262031667201 
765746270405361664 
2268090671 
2905504655 
3328299406 
753336144209727489 
25941530 
1646422826 
4761395419 
761345826157318145 
1205786034 
1643440639 
3183724235 
1705984680 
1603982856 
3857728335 
2234764887 
761654906713440256 
393523747 
2461403470 
82609700 
716463640891756545 
1661977700 
765362325800951808 
985187222 
4828620589 
747576141997871104 
409681429 
765761703527284737 
3827308280 
274842406 
1565892547 
2928333656 
30333428 
704153725158424576 
765762563858653189 
4908693967 
899373253 
759891538541326336 
3124058649 
69570190 
765762362393657344 
715761701082308608 
765758378429845505 
765760629714128897 
720113783721615360 
765461420330790912 
342107893 
4541784682 
634209732 
4015566674 
712952292 
752509930658099201 
2869838917 
2193166314 
765733969551822848 
3299641587 
701540084076535808 
753721273432145920 
714638873100300288 
765763825253642241 
77730241 
719360726620512258 
2270846090 
60550004 
721792943334359041 
2693559516 
765773434798374912 
765759237431623680 
750779223107837956 
4893323968 
485187770 
202030580 
3241266191 
3631938143 
564005556 
2354432508 
721722010368233473 
276846973 
2868475526 
453846396 
765393420118405120 
74100027 
760183902 
3346251947 
2431930028 
1081976124 
759610423574274050 
233142014 
759498911996338176 
765408285088284672 
428389640 
171962517 
763552164669169664 
2366508468 
1022378258 
242595141 
51531370 
4490741122 
765769515103875073 
3379317124 
738263040626302977 
4887225890 
421762259 
3463135393 
507661921 
765643837154942976 
765458472204836864 
121529617 
737515999335833600 
891620120 
754077963784560640 
2984516486 
4584877998 
765650593197293568 
747659706164973570 
764641612664283136 
291574437 
722493403116793856 
365266203 
1676522323 
842976643 
2234715380 
1195701325 
765791442405031936 
870808734 
2437759259 
1072154862 
3923390233 
742444338135863296 
765797057848340481 
83610671 
764049173452906496 
394026349 
1925168137 
2568118465 
51320864 
759776851203993601 
734533949884649473 
110874582 
4754875142 
285785121 
4393550261 
2319090718 
759845395480481794 
801034021 
764378459304886272 
606505705 
764923903802155008 
3362692271 
3390490462 
704503923982229504 
764950924674596868 
764921189550600192 
1877367812 
3304351648 
1084413637 
2325506495 
3942571343 
250302539 
3279093492 
759585649980690432 
3339982253 
2710354556 
765000066251620352 
946747460 
399299645 
1296633115 
3688372994 
414613339 
760251204320563200 
1922396203 
215932426 
326934696 
1716457951 
125245490 
232288636 
402666444 
74118897 
4906512432 
3040271089 
705702626499829760 
45881145 
242053478 
785187680 
2354881377 
2369624476 
764540250836303872 
738782275081515008 
3005564861 
2943929839 
2806639902 
364535982 
378911061 
2665219196 
542160293 
4083332087 
208885362 
2757080114 
543958674 
3909507802 
2390080747 
757527779692851200 
3161624219 
132899129 
617986456 
4339611927 
2259324431 
102178968 
227355056 
103148925 
739249910 
765468984133099520 
746785837589893120 
244971754 
2994758192 
588779903 
255363691 
2910719256 
3279632814 
2861705551 
718777559610105858 
755234948 
4108757339 
2792109309 
2844386266 
2618580896 
4885769255 
1273708058 
1503729649 
3403583326 
2734776964 
4427270774 
3214688462 
3059867469 
522920761 
2744493953 
2963917090 
2359939450 
849848138 
1002623138 
292007796 
715704796293033984 
3410914636 
1226348299 
747313793969987585 
4647107533 
3874302377 
3025831346 
558751895 
345821636 
741431890188599296 
739185584728637440 
3030397636 
3040527588 
1003058636 
2912353327 
4473999252 
1126489573 
2858136909 
757336988626202625 
3064051724 
30651326 
234139855 
1674409320 
2256739920 
485370025 
495610747 
755271832287211520 
2419500907 
613703757 
708262782 
3730897752 
1636532822 
1247496277 
444163892 
160843541 
2556515789 
628997597 
2598489397 
2230766792 
2736487826 
1703731722 
114611435 
3103583472 
431475938 
748008461376561152 
3272555630 
3189615595 
2256504984 
2815212973 
748727828502368256 
215756782 
765373123260624896 
2256745489 
752589451021447168 
765453691633725440 
79459308 
2792650488 
4321953567 
742442963243028480 
755756002495070208 
854653460 
4711631672 
951566906 
2877322480 
3028890095 
1890069961 
533645556 
2876886635 
1128650216 
2382779350 
487931516 
2345795933 
423116023 
1353561115 
62618082 
117536669 
231563204 
424969631 
3310031447 
2950411835 
1392802136 
2992865172 
497633462 
347449172 
2526297909 
17261776 
620528740 
1125541471 
2656759852 
113489165 
2963184812 
3188085308 
3602665396 
1666350528 
3449294535 
217862481 
1135815445 
2572903005 
933591565 
3302778816 
131599573 
602252790 
1940172458 
3418073427 
764676600294150144 
3245533960 
2884625717 
3259547222 
598275122 
2601381606 
2563913784 
4717995859 
3214481037 
1582533913 
1656313092 
2573195257 
998316331 
3744854596 
1532883487 
3309471091 
2990456865 
248465445 
4393938313 
746489558 
747701611754029056 
3854042967 
433627589 
631245686 
164301934 
91404547 
3243806568 
160434381 
378724280 
2528587984 
1937755735 
388219053 
1549623373 
1484849472 
752829832325656577 
459459072 
1139387384 
701822298442047489 
2629851594 
30121590 
1619048707 
712755189057527808 
864737970 
737913179435630592 
537292928 
3006904540 
2254322112 
3247905726 
2426571877 
712265221377630208 
4206709953 
3348610871 
730348976621244416 
3308365563 
400829747 
2734600989 
612164402 
3071858984 
126203320 
2600026061 
1110612751 
1366246423 
754710498034188288 
176850340 
2369097204 
2326338619 
4657640035 
1132139257 
1324674254 
1357356157 
2917748181 
755922163924729857 
2923171235 
424480629 
2423745058 
2149680992 
3406771587 
3016177732 
4735861573 
1670139830 
47546899 
1694185998 
3273786888 
1069681244 
2209780812 
4846857816 
2993677726 
461660222 
2994849173 
336328809 
2540103607 
447456971 
878665838 
1119481921 
2357119118 
119602180 
603060434 
803465113 
340543283 
739633463523999744 
809985745 
1681820215 
220438976 
566824802 
598845783 
2417533632 
226009063 
1686941888 
139672336 
300464845 
4095350285 
751101918399913984 
3022750959 
590256622 
1888023854 
3230195082 
4291506513 
464847071 
2857960319 
1703421793 
398103089 
2904565744 
380175313 
3221295763 
754883904419553281 
147644633 
2824127756 
703799447306645504 
747867784265207809 
2201702179 
4855092020 
765547801195515904 
4748978074 
1129061359 
3092833870 
765535098468831232 
3159779255 
2267434231 
762561383401521152 
342437899 
241510972 
4677798900 
2382352267 
757911549822406656 
765360333116542976 
762665221118758912 
261678121 
234735685 
254264371 
4849656508 
761577977658212353 
2165340771 
201535116 
308482113 
3164909777 
765545996273221632 
700956657321246720 
1611204530 
760671302655086594 
753937763217641473 
2244002681 
2254252074 
765521969626382336 
299747863 
484330345 
765278234548330496 
730438773943603201 
3419000938 
2996834434 
765419867449073665 
3282427278 
2921177837 
278843806 
3629747173 
63915010 
1002895230 
2828593658 
749289595632689152 
896680320 
316819562 
700461915454238720 
3535414825 
764816484187119616 
2616233130 
764783050441887744 
3322703858 
2370774936 
728825242018156544 
3310004099 
2554413863 
521838261 
270361613 
2343432816 
735776179106418689 
753913723476119552 
745756269630349313 
763806886974066688 
3789058572 
716453194709110786 
1396374619 
2392974398 
731324618116567040 
3171574070 
2515041757 
765338150193340416 
2799438574 
765380409785933824 
765384186228158464 
3087835251 
3491590696 
2724944118 
2839177736 
115435343 
4184777053 
416482752 
4834018492 
729574707184345088 
4646360181 
2295865403 
737706067895914496 
48306111 
3317581651 
4026916574 
105271727 
765030032674664448 
54962259 
765381641200082953 
760478723883700224 
765386398853656577 
271577222 
760559817631162368 
4159470352 
765385589998968833 
2203306203 
424502929 
133056305 
88732665 
3105663102 
2598573883 
332648560 
484405332 
752929189905301504 
765374945656320001 
706914600361418752 
3229758582 
711611787083259904 
2942310909 
109705748 
763421223342735361 
3844320561 
165682187 
754959435655557120 
389839921 
2732715195 
700556323537100800 
425637434 
381857400 
967388088 
528020973 
4736573928 
765397085688623104 
320310400 
733826285328207873 
1453025641 
736412408693035008 
744379125964513280 
29711879 
742833368895770624 
4850517972 
765399351795605504 
416659754 
729627944142786560 
765398132838531072 
4350852493 
523102193 
717774695848927233 
765323125969911808 
760718407931142145 
78794901 
3342655743 
15338323 
731904731308756993 
298493140 
763028632902078464 
944501750 
326198170 
430326066 
3272412006 
765398498577645569 
306629384 
1500103920 
765397825790287872 
765382326691835904 
736659436211736577 
3688995205 
238454409 
763502057596805120 
607929070 
737431535142481920 
802745390 
1740050756 
1064907308 
2751168809 
967378554 
994300333 
446499389 
627856312 
3294242418 
922440974 
765285850422796288 
2348788935 
2714896917 
727332109040386052 
3224705515 
764919668683309056 
2866222064 
765413869103624192 
1952536802 
42934681 
836030000 
3279258336 
855792307 
234700033 
3289828698 
764944634623635456 
2614627706 
621472478 
765384541666172928 
3374003182 
765412608321040384 
212127391 
538149934 
2822022953 
4050874161 
715382398305710080 
765154247302230016 
2343055150 
1189205972 
3241751090 
765417281845288960 
763809118587084800 
749996897813889024 
3990567569 
2444445530 
3006463273 
3383878084 
456927921 
478272671 
753521422069338112 
3135191906 
765418692884725760 
760080242316894208 
764545921929605120 
764356919830073345 
275269052 
765412139527987200 
853966344 
1597754628 
764337779794845696 
283731739 
28064547 
381869134 
2179063277 
2898339973 
458938112 
490653428 
753504706127863808 
765421464774320130 
3903365424 
723256998762946560 
1911686150 
2557114788 
4167405208 
2301528882 
3086514980 
3487737313 
375727647 
1945753362 
2596236353 
1665797341 
765426583746207744 
756921003608010753 
400373498 
3039983526 
2203943821 
734602803348398082 
737752003695120384 
4727556162 
173368077 
33143369 
3310162650 
3104784677 
94355018 
625356908 
91730267 
526299683 
757280322560069632 
765437900724973568 
4340788273 
765437323702046720 
765383162050543616 
734425151324971008 
765176276944621568 
2638025787 
765435238671605760 
4920540190 
3250407234 
603032819 
1621337394 
748920934220857348 
313865432 
520131112 
2710871493 
263658928 
756341859107033088 
2879252047 
543490852 
4560706107 
1106990156 
281596564 
177672925 
2953486486 
2949512435 
3991701146 
4808738534 
161661439 
147955039 
746351108617080832 
19910688 
3178564042 
219812785 
248412062 
1213352185 
33443616 
194677988 
757885700637351936 
4342789059 
3307851169 
2481312863 
2871779473 
1509916524 
110040130 
731338496732893185 
3846146780 
4423946428 
40847039 
218055173 
762930873721380864 
19285858 
3306681424 
2777197174 
86908841 
742691050851078145 
716251371415085056 
1219779048 
765449507320586240 
765457527559421952 
2432018503 
753476066807836672 
764073618091356160 
2787449065 
474258604 
2892171832 
2657505992 
250600500 
761088069806141441 
765461232061210625 
763141942200848384 
752236956340322304 
1101738174 
837751038 
3120098007 
2960989090 
732335427995074560 
765463070143459328 
764735422257893376 
707716192299913216 
1056703646 
354520017 
1588786314 
745061879584718848 
2563676017 
3074975779 
399270437 
735713922179702784 
765069854172852224 
423800344 
996508892 
2399841409 
742021623289548800 
729680188246663170 
2256591708 
765040382304366592 
261542385 
736009639733559300 
581070846 
3828747137 
764978974988447744 
382727777 
1912658108 
723328900692992001 
1419566941 
765043190210715648 
4744237514 
746824977719033856 
763776311135465472 
2392905082 
761229685321633792 
3695175803 
751390623832256513 
1067489856 
764853778654846977 
4854316548 
3029253275 
2486262450 
724656725081624577 
753095550585667584 
2944022884 
1419520262 
2855454556 
764868377043054592 
2193680100 
272445974 
765043440660787200 
746061753906257920 
738527418 
765047117844918272 
4780539056 
409800509 
427207894 
758952597919141888 
738645118127722496 
734798273148538880 
2989776720 
736765421769117696 
3691221614 
1963398013 
1402053139 
600353140 
2776163750 
3198186535 
1670188580 
226717615 
3220457636 
730221420374941696 
125848842 
741473731382378501 
1462859030 
2352239562 
1459810566 
914840804 
434001318 
382369344 
17658386 
765060205889466368 
471098281 
3168429554 
1371317454 
126301752 
264827556 
709250689034137600 
765061076186599424 
34261061 
2153828156 
2594193838 
500584270 
2953472893 
764598584134160384 
2854981967 
27546319 
2905776105 
2284825541 
1870849392 
1946736504 
764814655634100224 
763629865379639296 
2450545517 
784395150 
2608215322 
2895625814 
12379592 
1041136777 
60292705 
468108455 
364144211 
1037995524 
765067947350040577 
1348484360 
1906546183 
2904365088 
277766617 
2889789061 
32315464 
201791131 
2991219275 
765072597902061568 
4471656853 
765071025771978752 
741267970647674880 
2333282654 
759977115487916032 
765075850278604800 
763918682116362240 
765073484095430657 
760317395223261184 
760604418882482176 
702122788 
760308945244172288 
62773095 
2724842403 
750571702166380544 
721866507379040256 
248234240 
765073396098969601 
4888603395 
76606836 
636484370 
4182071713 
765076655123664896 
740022567348539393 
19616200 
755144399064031232 
24115726 
1467110216 
18181856 
2989335493 
764807070831042560 
763973971142250496 
2321944849 
153664163 
3902791697 
733719711012245504 
75449202 
2777987324 
755968033701629952 
2746316344 
71723271 
11515522 
421554823 
375321395 
762622521745154048 
2223335821 
3102245928 
2742295759 
739176067357900800 
240729876 
240738046 
3153993226 
541182149 
718562789296640000 
21263443 
2356673539 
66235954 
711697006914240512 
762910114772754433 
732502391174533120 
764389503347728385 
734559638 
2953417149 
735654231642775552 
760056047117619200 
764568727387971584 
3287203524 
1644185934 
764268352227291137 
2506453950 
4867150863 
29345251 
713185048825094145 
716024953 
697813223513260036 
752703084783017984 
220493799 
3787684697 
23537158 
3473610977 
746873245958299648 
742537869294764032 
727883857895264256 
2482728776 
2200237226 
764593150224654336 
3031810900 
2732897241 
724043144547995648 
729763122710515713 
764581471206055937 
446438854 
91804317 
2846827964 
764585567610953728 
2995015784 
141032239 
764591160195182596 
3429375436 
4714416529 
1638106550 
720683316349943809 
373633751 
757358942246830080 
3317453438 
2211653443 
764595251189280770 
3089950865 
2866648355 
763904411559157760 
750123726029529088 
1079295744 
707751597934153728 
712059699873447940 
350641489 
3090512682 
3257044087 
460461377 
979180172 
2997898845 
758779300174856192 
82704908 
724744884758831104 
764596046378983424 
1277181673 
4649641110 
1036183676 
4807519341 
307124738 
33742557 
3071146838 
1227682886 
762891052306935809 
3366828515 
2203937800 
19850057 
41418385 
706459195793604608 
713397105658703873 
1559117083 
3280367270 
747950630648569857 
2266509714 
2692203065 
1617573589 
749597939924742144 
4766113152 
25355198 
419138755 
99368064 
763603178906673152 
3356155768 
828312068 
109597422 
4699708884 
1666609117 
28785234 
763753970770833408 
7253322 
3434195009 
444261656 
373758819 
2878925516 
541232323 
4458613332 
748315159 
2263153118 
761319230331498496 
22917752 
763369107081146368 
763577062196064260 
2937371440 
281880457 
2497205869 
3182596536 
2360635788 
2915096306 
742835751633747970 
3018034942 
237931719 
531765055 
764377740 
715762784894656512 
2950623011 
764012904840515585 
4321810815 
744417080062009345 
4892072112 
43519332 
762708416146071552 
553340721 
764388546824183809 
336473141 
1911974772 
1059858511 
764382071066329088 
1561027141 
707098154987036672 
55243855 
2346118369 
3576226692 
2890632165 
3221132024 
764389092708802560 
2527547914 
758984199420284929 
2353519370 
507418450 
4837040946 
2589930326 
4048599375 
3249714656 
2754432653 
3318612578 
758424430427136001 
2950803752 
39698547 
3177045821 
1445711623 
50289116 
732965429916864512 
2185208750 
2764190776 
193940476 
391243131 
229734017 
472863996 
3195570878 
72239133 
3144755260 
156973515 
1685249743 
4696771033 
2740336406 
4014976038 
4236977415 
3179161158 
3333382474 
727444375987351552 
171934865 
2872284965 
2919490149 
2844942701 
4630068379 
756208160269033472 
2896566416 
717355496542371840 
1049529098 
764405484115951617 
27564545 
1350282206 
514173572 
2882626101 
2846448641 
742300036298641408 
2517921512 
598796492 
462785787 
2258827684 
708617144729112576 
3354020657 
1611313572 
2459878343 
4235919554 
3384294035 
759666596067602432 
747180552835465216 
740214407414833153 
48165819 
759574723093204993 
3602952075 
764412052139978752 
764415181355048960 
760732845476282369 
764413683904700416 
296832818 
542322352 
2916143178 
92668888 
748284982204895232 
2294350794 
2531918845 
2818554728 
764419610737246208 
3852292630 
737303809760874496 
764129548564885504 
86723600 
85043508 
1208620086 
630848710 
1674914046 
761609523773763584 
2606344752 
2990215853 
140986343 
762341677054951424 
582071380 
3020051304 
2778635220 
763351255615938560 
548598892 
707192328851558400 
2434018899 
764035598038499328 
763391321344094208 
754764422917357568 
961267825 
519271862 
743782636179570688 
2751971279 
2695094832 
260842041 
1662151093 
525398239 
965979229 
762152223153397760 
763841256116068352 
762979361263804416 
1326900950 
2926195590 
3227928373 
4138463242 
255897106 
1427287057 
1952384491 
355010824 
3150043595 
704605857699332096 
742305739037761536 
748176358354739200 
2157143794 
758698782515204097 
764431270264737792 
732629701760548864 
740004421149462532 
115884123 
738306167093395456 
3068717731 
1627484618 
842440543 
702094998032949248 
2425551296 
762939689837944832 
759749160862187520 
853750664 
83828953 
764332345587539968 
2875969070 
760858135292542976 
764436851612459009 
759051274012635136 
3327887340 
442854325 
52415476 
713050745302605824 
708667938320941057 
764446260107489280 
753983789223841792 
726072837136633856 
20205769 
36370052 
916776140 
4309321576 
853511587 
723721286040621061 
3152269790 
2880229509 
2577476946 
1497867691 
4784655927 
3989588794 
721749372355145729 
104327406 
4501263552 
196739101 
1705127364 
1641731340 
1255754395 
1487027046 
323788180 
246643979 
782560500 
243809933 
726394892360929281 
756133605517037569 
2926665523 
107899134 
764198669012832256 
19566628 
1257129553 
223605968 
2762700690 
764455886731358209 
763880859472633857 
384599195 
4197789681 
292135204 
584631561 
736396361780891648 
1705637954 
2902942497 
464181624 
601531719 
760769818056269824 
764458307931238400 
764454702050267136 
764461112880406528 
2924645803 
759895574506115072 
3306721056 
764463204093353984 
2841082029 
4919682669 
762238172688515072 
532268825 
3447792496 
1661845303 
746747774276820992 
4870875256 
814986038 
2448631081 
2451167436 
727438567 
4134941353 
723362681558700033 
764466470671659009 
758447313740148736 
749545974696075264 
764459521385181185 
443372506 
2272246014 
3224452512 
764456959118548992 
754442913866780672 
316085538 
763829328287105024 
4027355752 
738328971805392896 
3909369554 
239214219 
748690502942224384 
764079505535139840 
3028178631 
629666183 
763431865302839300 
432446876 
3226702734 
3883759277 
2406328691 
755434889382617088 
3101046702 
2322603462 
760583455709073408 
269569332 
755248199749763072 
1236448279 
1497273553 
764326806723768320 
764454455907651584 
561543853 
40074633 
2416484861 
581138250 
2984825177 
764475384410808320 
759623682163511297 
43764200 
3096837420 
2847744814 
595277544 
254237428 
754335123370287108 
764478105494827010 
32469915 
3453828145 
2178783991 
736959130901041152 
2187779567 
1879342626 
1603758728 
1669557919 
764472333868216322 
748351090064646144 
536538542 
2958393637 
3460767496 
2928990565 
764467114035994624 
45578655 
764164144367099908 
3310705926 
4924514674 
1960502118 
764464999091740672 
764476407741345792 
1395280158 
3150901489 
716380457626116097 
2515664413 
761277880676519936 
443471586 
14086585 
1047910098 
762970589145464833 
4668695427 
341819010 
1617134755 
758108493366689792 
1603717878 
763789922016825344 
756864095660285953 
245765684 
763041155957215232 
2679637213 
49589838 
762981491458670592 
2707629884 
4388224037 
3299106526 
748533275568680961 
2829851094 
2358966746 
4099961583 
764484715151708160 
4442462373 
764486172299124736 
703962665975025664 
4822529495 
2174459906 
3339245415 
2509611980 
758988639053283328 
493303739 
825041700 
1057949058 
116680124 
3863546243 
764487702582534144 
3346089610 
1152137880 
265350805 
753768885690601472 
3050945564 
2171183396 
759911154290348032 
1329024415 
4170626663 
764484669639368704 
1250821796 
297816211 
759782870135308288 
730391947194535937 
764491773120946177 
2341073377 
22316196 
3309966986 
1939525332 
720091316542181376 
221479818 
250978716 
2946820207 
3364868303 
2677675027 
620059002 
2793566462 
3237033827 
1256627954 
764486346974953472 
764491433122422784 
2738135549 
4282948332 
963255216 
67678959 
719717307921088512 
600276860 
335927556 
764363170295275520 
754974237736173568 
706443822868340738 
4836471957 
4664240248 
2932871553 
2946207948 
3903438880 
707927176729862145 
499085793 
496686703 
3735001339 
762686055380316160 
37218876 
2425055173 
4651332621 
22575392 
2789901052 
101636945 
3859064959 
298630130 
757012484200902656 
735179348328615936 
2175571730 
764133851195211776 
764131521309515776 
2523334848 
866332616 
37364106 
1468754820 
2917745579 
4165007578 
598716088 
4780796240 
222848976 
720500574177857536 
2178747345 
3192920656 
4843203131 
758445060857982976 
3377633607 
761637482408603648 
3098432552 
764350277696774148 
764107700456202240 
1645456248 
764214905570365440 
2655297968 
2788065121 
720853247259316224 
1534703509 
709259537505628160 
3165528999 
764498837046112257 
767101914 
1606421094 
764294689637933056 
3121494201 
3036711876 
712866013675724800 
755849746166734848 
169990740 
1514331140 
724350041670955011 
3544099572 
764410518731796480 
3071024835 
1104719515 
2478435566 
961579826 
758181720457777154 
14072092 
3710298855 
738801050132611072 
2680161762 
3416605564 
2525951585 
1255784846 
758381922989051904 
4011792707 
764311855338840064 
726890577116061696 
154460264 
311330809 
253045665 
61127429 
764509276262064129 
763277032935469056 
764479919606956032 
2583097075 
705171730956877824 
83804231 
2845397676 
2920686840 
700985629069316096 
2152393100 
2803296391 
3148888213 
4000386801 
1889392778 
757785111295242240 
759820487383932928 
4033202351 
2617572001 
2891471064 
761695640359493636 
3718857863 
2896086772 
570911838 
764513033682956289 
764097828016750592 
727763656465862656 
756200936750522369 
606983120 
49288643 
137291130 
759872701540495360 
763670706999525376 
1106484931 
764515301065121792 
1568027996 
751783079853699073 
335463874 
3700115055 
94516843 
734345114 
4641615500 
2847869255 
2299980356 
344764676 
2800722664 
615135085 
398702190 
2546370564 
2720059899 
2943072873 
1668770144 
1426932049 
504149261 
3135770658 
414608910 
181324275 
719403617065811968 
4777205575 
381854106 
264002508 
359646061 
3030106046 
2651284040 
718863734211485696 
2173384510 
2732907482 
381494929 
2199128887 
412855804 
800787367 
4697274396 
743035776456400897 
2941557586 
3310265914 
1002034608 
714548592850124800 
2189608194 
464954677 
2880858765 
728436877892587520 
741640033627705344 
3368191804 
2726033181 
741357384422031360 
4175261352 
271477154 
387081000 
739627216863170560 
628418694 
560406875 
635746346 
4788044329 
4906137178 
909412286 
714859673686556674 
351318515 
759727805231951872 
719738260663181313 
2927964060 
2821554564 
751299945190203392 
751618383276183552 
761289557539065857 
4021813633 
2564757530 
2431806396 
715641220475797504 
2814103145 
747663470431211521 
2941359617 
4817009537 
4408170494 
4499587763 
3163251457 
3105434981 
746865580678881280 
4669125025 
144387719 
2572927254 
2277675517 
361946813 
3044623528 
1136346966 
3153196078 
1262189976 
4889490256 
1279057465 
2466541987 
2257890379 
2715555123 
1470729164 
2667806642 
1142752532 
718879024790040576 
3435753039 
701771317385670656 
1874455471 
343927688 
2401337795 
759669027597803520 
1586103180 
585728498 
377831918 
1134639236 
1063868024 
615609993 
2210093162 
2844312119 
719204258348929030 
1566795206 
634775060 
3042298464 
2786410418 
713945483777970176 
721917860864352256 
2862824282 
2951025834 
713324332 
34773559 
2252377077 
4825998149 
716742437327269888 
296291540 
763135251598028800 
713221028 
731860382646558720 
313815423 
746208300 
4821299230 
750396784984350720 
409896504 
1708835942 
4389228094 
701510152130793474 
4244599804 
489468782 
2824053532 
2562218922 
2809880228 
2751333298 
553222909 
2513843032 
450099739 
893852988 
2533622498 
2984488032 
2422243940 
441498173 
2932202417 
2757480069 
2641984300 
750736031482277888 
753327899130880000 
700764353897713665 
4466143762 
572264048 
3278174876 
1167532452 
1733336598 
3130878411 
2282838649 
342426573 
1332893328 
547278629 
3111826165 
1451957202 
4887228413 
1056384055 
1073516978 
4631548815 
2268108336 
2946073251 
2959762590 
2709792967 
369214990 
2585739688 
4442979493 
2718165295 
2996200919 
3234402834 
478026397 
2739368001 
1686669037 
417747833 
722012646871080960 
2933726046 
712334362763784193 
203245025 
2166881921 
4616537433 
99123982 
2871297935 
4563578116 
470148036 
751293840242475009 
1076675448 
332355553 
4104665952 
724954704564858880 
3251299931 
3669513257 
3010805198 
258462935 
1378528231 
4428353374 
746882756341280768 
2156291998 
713588151315480576 
2377883161 
2453596607 
603085720 
3314322645 
264470248 
2609555619 
197788964 
351915872 
2275827314 
2275762583 
382600947 
49246676 
2878247823 
3384537351 
313401194 
1867578386 
36278808 
1655355798 
180414464 
4905277552 
963130716 
26599249 
106546292 
1463084023 
3006158578 
2639319359 
350491780 
396578688 
3333238660 
348367941 
2166948140 
720898823925665796 
2573256118 
2179558206 
2269540261 
3077186826 
3015959058 
3332695954 
738746329266937856 
576574867 
283108091 
748427456533565440 
726907341002694656 
148148090 
1073931026 
2604466124 
710219699 
963519744 
3101610870 
2769443806 
37201611 
2474803111 
2773531421 
458902001 
2732883939 
711273547356889090 
1646000744 
2601178199 
701616654 
551096144 
1554861188 
730886592257228800 
1666154762 
757370456831733760 
722351256115757056 
3342775732 
4106206714 
747490199123464192 
2889262252 
65613581 
470826745 
4803399017 
2166700781 
1543571185 
2731304196 
2351474248 
1608411565 
355845402 
2240737294 
2743839893 
1609043916 
2278045392 
2810085281 
732711357825486850 
3432298743 
902311394 
155332403 
2945801968 
1437781328 
1087200158 
1190877697 
760112494564081664 
633443347 
445236643 
4886435937 
2432839093 
3351615789 
2823187705 
1530627588 
830301745 
760487042073657345 
1580884945 
289647294 
894689323 
332656409 
760459487958360064 
1052845489 
245527794 
1614106092 
1928316926 
2598043271 
1004976384 
518256699 
405586264 
2781425838 
2466142960 
4085341881 
3299594084 
724827475 
3411152129 
4875716925 
740914210020810752 
1691116741 
833085559 
565359198 
715708242144337920 
3245317580 
3047745450 
446193912 
3262995223 
780831306 
26854407 
414331651 
1314729156 
1388303922 
2650390538 
3436883781 
2611945320 
2728711142 
1633490444 
636698429 
2310127129 
2321473462 
3196715431 
1111777645 
850871370 
4230462435 
734498246043836416 
726862885524119552 
3041787846 
361169783 
445996489 
1607354851 
2930619369 
536553299 
3292875782 
1543691761 
548473942 
1204736744 
585059729 
725715972770910208 
951850033 
611473947 
2553204459 
2259712261 
754765410050932736 
3232832375 
154398250 
1339438136 
4320586527 
319305372 
2607677052 
2541855419 
761527491840311296 
382371125 
1359855312 
456313408 
2625572567 
415619953 
2272015495 
160361044 
229632791 
637202761 
2591620134 
2169870407 
4653781368 
1256426641 
2179367214 
3579040761 
813686102 
354571632 
2338778199 
2159672905 
1944401881 
366989487 
262719353 
452283283 
78299875 
3181779505 
2213931414 
2986401345 
1563315914 
2374861675 
486214995 
1071927409 
818583361 
1544414485 
219885029 
52218878 
402020491 
4591353615 
2574391974 
2462326646 
410593030 
1442577692 
3064998868 
706735361838288896 
3153162616 
1864431583 
1170672012 
4498130421 
4479892214 
533927741 
2389884955 
413416775 
187599431 
1050085956 
2304180704 
25142768 
263509811 
2574376617 
369860103 
299078932 
581038361 
863968957 
44559318 
398430175 
311594184 
30504864 
42577830 
2796586013 
2592183666 
2911836361 
752549623852589056 
4006404124 
3279135013 
2902265202 
3241021320 
481636058 
2227222861 
705968690 
2906393784 
330893242 
591381269 
2236029282 
1327429278 
748147668 
2987677364 
2532737791 
4826654893 
743437795579002880 
154557368 
1484648881 
2867476724 
975781045 
322615229 
450540994 
1583206698 
2597987754 
4786734788 
344228898 
1542607674 
3784492573 
732349030257172480 
2652733754 
4173997824 
2581401815 
2382743047 
3381719991 
2998674995 
755543079034163200 
2856950314 
1899298525 
3039790217 
1276569512 
3076985389 
1656139670 
707743388074782720 
742552651414437888 
2738754999 
733541816 
446692616 
730195916 
1347077479 
197247715 
298041775 
1061898571 
32069403 
2664177064 
2884737173 
2955856997 
708085519968821250 
2302277489 
752913958613516288 
228088144 
4781305334 
2279458322 
3107508907 
91447505 
729263196800851968 
163240454 
2945234687 
4705487294 
2924917946 
1059333444 
4619658027 
758109055332167680 
136625812 
719550305734668288 
762800480502374401 
3137979114 
3261380795 
604731649 
2536004010 
432104946 
2222818255 
221621070 
236226534 
168896005 
2359819232 
15475370 
1345960826 
190080142 
390138857 
228796859 
2294502825 
60156963 
362338057 
3145371416 
189599723 
607138548 
4650643816 
200988486 
2651454812 
526527535 
1151817211 
3207622212 
706576380390154240 
365285533 
3558407249 
916350157 
160402326 
705305795576131584 
444868903 
204693484 
320243938 
166973102 
743037774 
318801814 
1022593628 
592501095 
728639813063168000 
3168119066 
2290552940 
571844113 
92253434 
1132337310 
891998149 
1148867185 
193259432 
325134899 
1676047616 
2400969343 
714644275317850113 
1064759540 
536315808 
309890724 
1736223379 
1425086617 
2738349048 
756209820642922497 
1094815070 
462466805 
2549042658 
571170750 
2986667249 
2904235069 
4831278647 
258615699 
184955211 
4752501776 
1000484334 
711000890958811136 
417443189 
2408562755 
992072828 
724075423341096960 
1697757421 
3300975677 
2555271534 
425896105 
38879316 
2210197675 
343183086 
3333975526 
3296191472 
2404064289 
2319028104 
349878169 
2842724899 
2731051049 
565656821 
23720128 
4703443218 
26822560 
496606231 
100221658 
884507179 
416063625 
946763316 
746954683407708162 
2966795411 
356956534 
479163119 
166186657 
2257260080 
4226942412 
249788385 
219422685 
24496034 
2907401998 
68758896 
2204151860 
2356498788 
1122854018 
762480686531870720 
741144912 
748925680176562177 
2311079676 
4247099548 
710726314626428928 
4762026019 
3013904160 
412022174 
1316976032 
1572442039 
3972771735 
2427666376 
486083314 
560033766 
708777064610922496 
4019232988 
2975209174 
1332640410 
1637894203 
2150426188 
1088780312 
240857359 
3252331261 
1444469917 
1023050166 
739497293469081604 
742241658582929408 
712822562 
762777118304407555 
1976081250 
2422737000 
717364204269805568 
239568191 
25829743 
69003311 
1141902727 
703735964670304256 
3003127043 
762782388007084032 
53303220 
762776857464999936 
18496932 
4890351245 
84752287 
1038332809 
745625485858717696 
4115237175 
3314453511 
303594725 
1287177404 
750838737098174464 
4676568732 
762665646261927936 
762664606263369729 
3254798254 
381952128 
760657731174952961 
4864743138 
762737757374541824 
224179976 
723122495830806528 
360959957 
762788105774653441 
2462445931 
761720671307042816 
753397470 
718049837195870208 
595940610 
3876801014 
1226292001 
2305757059 
2223650214 
4342970176 
785159491 
378385207 
762780004908306432 
619691964 
1080778026 
2827641185 
716710655374438400 
2165634278 
762027911956328448 
740751333234376704 
762788201517948928 
403771668 
735610619320209409 
248880624 
762792030359711744 
1541975719 
2611674635 
1117647944 
33050295 
2359796833 
319289762 
32949702 
973051938 
1917520219 
762782613799071744 
2479017686 
744040935860899842 
2707915681 
101566028 
757453559554187264 
753752120134868992 
725121848 
1268718810 
3005330013 
271998471 
749936349202018305 
2440642456 
4688257958 
3320158426 
2226664659 
2492095741 
742500933951750144 
1296479797 
4208293038 
4890097046 
4207143862 
3998866365 
747585277154099201 
762196643718410240 
1048902566 
743802725561933824 
1699113343 
992020560 
2644973249 
258894305 
443281942 
760568961863778304 
3165643544 
2907537127 
1943641136 
1306532299 
3688831402 
2312380092 
762330318770614273 
762413155586756608 
2157862489 
1358340481 
756823840244858881 
623338024 
726078862468112385 
762062928698900481 
3776654772 
2500824457 
264274669 
1315855850 
1046318077 
2385459925 
701603398832013312 
27022925 
381757025 
1924558290 
2259091569 
1114548648 
256361225 
408315402 
2245585209 
1700633714 
758055456 
2273210864 
3327495299 
631120027 
713472581316296704 
2688174418 
3237694450 
1075745232 
1014588932 
726291560803893249 
1548727682 
493745938 
443761593 
352071205 
2318195668 
3234280945 
724038630784655360 
4377672028 
3066275267 
4851922763 
760671600 
2560071257 
4530913159 
4876488154 
4721312592 
3306948872 
704981390895423488 
4580792778 
760016607850606592 
528489322 
1549787520 
632886233 
3021739320 
778893187 
184902559 
1440037692 
4180964592 
1582203613 
729283006519750657 
4710009268 
283795875 
485406985 
3998030597 
1038579319 
760727097367228416 
2639462908 
2844624869 
3030650151 
29809287 
2436990856 
2257042146 
3322058713 
3272353322 
24395178 
2502168393 
991317540 
2793328346 
2262062108 
152598004 
316154418 
2432244943 
1384613622 
903945654 
2941098235 
4775733863 
704440990883586048 
3118751550 
375250942 
224472516 
2830096498 
1720828056 
362944122 
1955182388 
506833657 
436860407 
1484804083 
2451742544 
3922720397 
889048640 
613788850 
3933674250 
242882111 
2261863088 
191917744 
15078998 
545154444 
520772889 
2344022154 
508680526 
2463028294 
543457721 
2329830954 
395483283 
2435464410 
1268973018 
3958298595 
1927581108 
493329402 
184961511 
2755520248 
4370462595 
2694953340 
755939706328592384 
1733490271 
234199129 
3033322024 
344371044 
342903484 
632372081 
170514046 
407335072 
246439407 
616070102 
