822191111414444034 
3151845088 
801179542002036736 
775422258194120704 
786195661691641856 
829782369670410240 
738818512945176576 
582348877 
799667780450557952 
799320999246360576 
182121199 
2710044937 
188449592 
4174409297 
84324967 
81099859 
23629563 
464415933 
1663706581 
330040205 
141267532 
2724945346 
3091463822 
2646156559 
149706579 
3199033990 
261742933 
468191884 
27905563 
208120290 
190320840 
105537468 
559779749 
429851351 
14717085 
101936608 
416034301 
2771010130 
532585577 
250433091 
15808765 
612117635 
799014356 
385429543 
2411442648 
2414506639 
229197216 
558825014 
205097463 
205101398 
200919752 
205089733 
809066916 
123689096 
108638625 
487645475 
149177408 
42543455 
478706835 
86626845 
284093185 
26851087 
15588657 
285455001 
386537180 
21751830 
735527436 
43458844 
10989152 
736921668 
580453937 
5751162 
735290203 
57926717 
45401311 
20456590 
54641489 
500370398 
154265299 
587765631 
574801561 
66367559 
269805989 
104576097 
146569971 
205847300 
301549400 
455024343 
323238220 
318477143 
249786887 
38317061 
16949344 
242496394 
83809282 
142535550 
83932732 
18170046 
58057809 
55647330 
361903576 
267916749 
36382322 
33933469 
283827278 
50071404 
140427956 
106895787 
15764644 
23663116 
283510998 
26365670 
252670189 
214335505 
98010054 
246965328 
243410812 
237778647 
212289396 
213367336 
219172279 
211819814 
18058670 
226256938 
118395842 
229916859 
224771630 
234839062 
226740551 
228298665 
38282296 
239894533 
187414837 
79153937 
117182093 
240270829 
232974955 
37745881 
14383396 
247036572 
234271918 
76392453 
43359506 
19405603 
229000466 
248936842 
234915840 
19734832 
67333334 
14074515 
24921818 
69041734 
25929374 
82683644 
19255955 
84677619 
61533120 
210837557 
127605100 
125104164 
215945604 
129024739 
223687607 
16018516 
198914764 
157934493 
161086223 
68269765 
70837868 
87039307 
214971320 
16282293 
146195835 
44417219 
210214110 
213773007 
208070937 
92788206 
32353164 
161023021 
61014921 
43963249 
81412512 
36131454 
78421007 
148421763 
93309851 
86697288 
24236494 
22278303 
73506953 
16789970 
115745529 
30862829 
109287646 
113420831 
818927131883356161 
17047549 
24739223 
145373943 
76177618 
119899270 
31128529 
52426212 
167486422 
122514150 
145378129 
29903007 
167341309 
75062801 
159329294 
17690747 
146099226 
108619944 
73845366 
153486399 
120165462 
21425125 
79472695 
143552330 
15245652 
139244327 
139173680 
82475130 
71244492 
84614572 
85396297 
25928253 
69361513 
66048150 
105242077 
95696678 
21177329 
15938949 
21057253 
21394891 
65794072 
85880275 
76649729 
108701537 
16186212 
15984512 
25082055 
55382550 
22012091 
122100952 
100521035 
24752484 
83987145 
117258187 
92554791 
63150856 
24905240 
104587495 
21878458 
89536126 
26820275 
46773682 
38713724 
32021261 
17873356 
112805705 
42383845 
113054322 
109681870 
109382110 
18213420 
59916471 
67389102 
109452678 
40981574 
46461914 
50655319 
103089424 
101563590 
81202309 
36737269 
17448943 
17809507 
73238146 
22671716 
54114770 
24946949 
67311924 
81886481 
52720154 
18248403 
17837285 
22837709 
38372614 
22431584 
18485298 
38507478 
17542265 
56715181 
32253776 
27933532 
78890372 
19675180 
42748888 
96066397 
61222317 
57152597 
71082539 
10274302 
82639639 
48423313 
38531995 
9432632 
38489678 
68987936 
48858492 
53039176 
36365736 
41602160 
49992096 
23794763 
15383592 
759251 
14293310 
8036392 
18626424 
23410262 
54664757 
44783853 
40885084 
60984984 
14920304 
46449179 
36167840 
45844706 
64756975 
53157989 
63227309 
59143817 
43914596 
85631584 
67019219 
58538300 
75021261 
86350717 
39327093 
21766998 
61495326 
55377688 
35793378 
34827666 
26796125 
54425906 
45581549 
35038857 
82132833 
18777628 
80935604 
18049125 
55329156 
34632187 
61801629 
62111226 
18126845 
14043142 
83221847 
48110818 
11579212 
47443693 
19507045 
14515801 
21200171 
19752092 
61550116 
52121568 
63303967 
15724082 
80111587 
25950355 
26586225 
37566101 
88007912 
17997888 
31127446 
62886400 
48115928 
15248550 
13557562 
67655176 
38019774 
14730894 
28607148 
33008631 
15754281 
51256216 
37958169 
18170238 
41143847 
19164430 
23098216 
73409042 
78387057 
72870986 
71028773 
55606411 
54291397 
66354293 
26903206 
36451219 
27738626 
49634218 
76417139 
47433601 
27122310 
14676901 
48081662 
19251967 
66373370 
21906952 
50320600 
66790664 
46387907 
56799371 
22011954 
64402433 
40271257 
30742344 
40005338 
32431468 
46136718 
20093403 
15678117 
50088781 
40949746 
55421408 
36085475 
60984835 
23124635 
51228911 
24183358 
60967713 
42661295 
19308138 
17592800 
35769086 
29230426 
58928690 
34638973 
47412499 
37920978 
46016028 
74198348 
76966145 
52503751 
73303753 
39249305 
32010840 
18277655 
15007149 
55677432 
18632809 
48117116 
20444463 
29442313 
16424044 
36654245 
24745957 
20088666 
17227248 
16446177 
20053279 
24735461 
35195892 
34340464 
15773898 
26424123 
23121519 
31611298 
22528309 
33530012 
36686040 
50152441 
40318829 
76043920 
28819823 
37007274 
18061669 
21111098 
33977070 
76452765 
49615301 
13787352 
55235265 
40277246 
38712914 
33998183 
18909534 
78060290 
15363671 
21897282 
65073747 
33898299 
21420010 
46254126 
71004092 
39556564 
50776054 
46131923 
44962385 
63981997 
64524440 
22149727 
24047535 
65730655 
26397924 
62465691 
36376149 
48715988 
26884283 
58019290 
49675670 
43888471 
43274920 
53260925 
52534285 
27648004 
62568145 
44177383 
46204160 
20678850 
59600932 
56488059 
28652194 
57562374 
57516379 
50694679 
7004382 
10840862 
14529929 
25086658 
41011376 
55248982 
25781141 
54982700 
21342538 
38023844 
40582832 
38214654 
15174229 
35141060 
20517526 
25562183 
26077026 
14141323 
55221200 
50684205 
55006302 
16164520 
54222299 
46431931 
46656005 
17494010 
18723427 
48706233 
8004352 
10904942 
52106931 
26533227 
14441143 
52966454 
17368500 
15829687 
18026772 
15311268 
44098174 
41013626 
16656348 
20446774 
16926069 
46664359 
38183594 
50034089 
36081828 
14270650 
47992423 
31409448 
20798645 
28922229 
46438338 
46363238 
50828916 
37000133 
50583964 
50299898 
33953570 
48324538 
32156394 
16028084 
24029533 
35830238 
14086168 
35796774 
22252534 
38555212 
19154143 
42397806 
27642207 
31271589 
14589866 
41855610 
17459761 
17071048 
28160998 
24160942 
16188518 
28558205 
16291175 
19026854 
19615751 
17372405 
1044771 
17171111 
18251414 
40180873 
26749459 
44957814 
16027500 
25302088 
14599117 
14464331 
31073292 
24232840 
26929440 
14435376 
23644664 
14433444 
48032694 
23768004 
45836349 
38050962 
14912184 
31188846 
43073617 
16342328 
36052870 
21197877 
15591019 
33573386 
18787613 
21041885 
36944381 
17456370 
22023556 
77753 
13171622 
18192818 
17049255 
30073689 
17233677 
21373560 
15056465 
34947826 
36227202 
22153 
36715825 
18221346 
31340035 
34706141 
20647454 
22544194 
39753738 
26336959 
39523129 
38983615 
25816369 
27682840 
16058119 
14104401 
965011 
15450996 
23079146 
46892738 
25911044 
11162812 
17171666 
7152572 
24690503 
40226508 
17287986 
20820678 
17824265 
21203888 
18963663 
19677343 
30249877 
17782124 
19774211 
24942518 
15393337 
21949966 
19983468 
15657024 
17079233 
16320634 
18258453 
20472961 
16189392 
20174209 
18815466 
31409605 
24558312 
14828860 
23869135 
15943119 
14470341 
26082358 
23205082 
25532843 
38026587 
46375879 
15960540 
18767537 
23022461 
18118129 
18063022 
30642401 
14475131 
15311605 
32531393 
15587500 
24824320 
23780640 
21406834 
41363507 
20610320 
16035499 
33581535 
32441546 
14569203 
20801967 
33629051 
18723114 
34287054 
19505248 
18285913 
18911813 
19354946 
17203802 
46178166 
40249873 
7226942 
20187065 
22784904 
16674443 
19069733 
32506723 
16015621 
18004463 
24828537 
26810542 
15744171 
15769734 
10786452 
28852208 
22372931 
42897156 
44438256 
16317603 
22514289 
35728314 
14739201 
20290668 
33900900 
34999454 
14073675 
16352975 
14282169 
17966335 
14465607 
21634627 
18622869 
30864583 
10168082 
22019881 
23999515 
34012907 
43910797 
18636754 
43993677 
38499004 
42329738 
38230585 
18685999 
38459380 
41583067 
39754478 
18481429 
15922628 
6450322 
41255950 
21480354 
16892009 
20892507 
24854571 
5660532 
21144477 
15128305 
35886755 
35875565 
35890648 
35878297 
18634465 
807095 
27699126 
18683406 
15302560 
15302596 
14588748 
14345062 
20699500 
21466801 
14501400 
31434037 
19658936 
17316606 
33244275 
29333772 
27873453 
31409510 
19495715 
17537826 
20867102 
30040324 
18450727 
20614891 
17885796 
18478452 
19715037 
14849573 
24929739 
3913931 
5743162 
5741722 
2884771 
2467791 
15723971 
11270992 
14413999 
12606412 
23453489 
14258044 
40357741 
25162697 
40042798 
23622810 
38458001 
17066782 
19089116 
18202733 
19771577 
12340562 
18922205 
14445542 
18024105 
822215673812119553 
30313925 
17197344 
18485250 
25291379 
21085604 
15923226 
18083519 
15764657 
3108351 
19739126 
19788027 
19730589 
20626202 
18244332 
21227291 
15766082 
428333 
16137743 
14526679 
9137212 
14212360 
19604374 
28487033 
17304614 
18783267 
20193452 
18162755 
17108182 
12203722 
18181895 
16164636 
21533234 
21528296 
35240968 
39318996 
22091213 
18625912 
18647850 
35163549 
31873110 
36766378 
32463503 
34643607 
33054664 
27935063 
17489026 
19769274 
36684314 
27899908 
18902503 
37048257 
31557041 
31453179 
21420478 
16070571 
11724452 
16212511 
27105836 
36584973 
36665431 
29321457 
17848544 
21795874 
34688798 
18141345 
24491212 
34149095 
24787555 
19892459 
20447545 
21631487 
16402022 
35782455 
29271214 
21906739 
22820114 
23964682 
19163028 
17897772 
18951927 
25081344 
14921482 
34631244 
33820623 
28176343 
22940413 
19928359 
14750177 
14647570 
20455738 
21320368 
17468777 
16531887 
15018393 
23486292 
33521576 
20955213 
20817742 
33550291 
16933716 
14062221 
23220520 
21585210 
23951197 
23970171 
29201047 
20078009 
31801993 
22669526 
22812754 
27676828 
26778110 
20209807 
26051676 
17155650 
19809213 
16050032 
33176948 
17123884 
25618697 
30284896 
17142315 
16949037 
21938868 
30434772 
21672185 
28347963 
22187197 
16199514 
18890707 
19926698 
24016336 
30866314 
30793112 
31050712 
21572529 
31045204 
21205233 
16828372 
18656604 
23103488 
22053641 
15861717 
28098717 
18037907 
28440688 
29985746 
30370166 
30506201 
7624142 
29787193 
26077473 
26746958 
28188225 
26946495 
25512326 
23798980 
29253031 
20359366 
2672931 
28680034 
21838233 
22807807 
19542654 
18801344 
15530618 
25107150 
23766624 
26907046 
18735514 
17513981 
17142019 
22457873 
20453349 
18314565 
16192206 
14610645 
22140011 
27922157 
18935711 
15050972 
29110344 
15481645 
15110431 
17918545 
19979844 
14441010 
20272531 
6794502 
18518025 
22666212 
22671165 
24742936 
15210284 
15922521 
17545687 
22658470 
16134780 
14448547 
20094138 
9075852 
15284629 
14511197 
17547367 
16519491 
18084707 
15206649 
14500190 
15347337 
17565911 
24174295 
6429252 
25166133 
19888168 
16059834 
14282672 
20608910 
18208763 
18883642 
14343392 
17159804 
16149614 
10348402 
22739318 
15892361 
15517654 
26472230 
19615034 
22708797 
21780542 
17509945 
28788383 
11619492 
28443212 
5848362 
7614002 
15279465 
26091499 
17096443 
25163050 
21211055 
20995676 
16727926 
22080808 
16982549 
27839587 
27905082 
20687083 
21343709 
18755487 
16116044 
15860016 
10305322 
17654981 
13452642 
15985494 
28217598 
15244771 
15227570 
14371136 
857141 
27825496 
20786398 
27013292 
15457383 
19617769 
14686098 
27751277 
17854263 
25571372 
14149133 
17206739 
18312290 
14557481 
25726490 
19125148 
21885413 
25599456 
22654404 
15174521 
19347202 
23987677 
26527410 
27088626 
15985852 
21868564 
18696134 
21090709 
15447690 
21517292 
16955870 
17234086 
25325260 
25811746 
26372103 
26848776 
22487375 
20258964 
26829660 
17155995 
21892272 
24003417 
20558020 
21369069 
25177149 
23862487 
26095195 
22674292 
21662996 
18372240 
26030218 
19028248 
6577802 
16661286 
14855951 
19923789 
18910840 
19135770 
20812005 
3176501 
25206957 
23022450 
25895687 
14749326 
9548232 
16904438 
25516128 
17084812 
19918558 
25105776 
23195276 
11856422 
10791192 
15532983 
7713202 
18891923 
22684987 
14344823 
18057077 
22280445 
17072217 
19546155 
17171670 
15856366 
24773493 
18818272 
23995096 
10032502 
14137838 
9720292 
15987754 
17071368 
19927900 
18498684 
18943852 
17467699 
21597619 
22360594 
9252212 
15166261 
14412225 
15922214 
18451200 
19658614 
19659031 
9300262 
1917731 
14669951 
19416225 
15960341 
15960349 
14825511 
14825633 
14825599 
14825540 
14825574 
14099715 
14825442 
14825486 
14825522 
14825648 
15960798 
16049261 
16047897 
15987509 
16050804 
939091 
9855382 
7402662 
17279594 
14246001 
15918708 
14099695 
16250929 
7259302 
813286 
18638803 
18693598 
15675138 
5496932 
5693842 
20713061 
12788332 
22508473 
12916102 
19836954 
8984292 
15170795 
19090300 
16429603 
8276112 
19653152 
7384592 
18170896 
16306735 
18058609 
24005986 
12831902 
14420911 
9381372 
18834912 
20703914 
15384629 
621543 
11274452 
15586341 
1127651 
17181265 
14592723 
17820312 
17918663 
17904392 
18102259 
21307522 
16036525 
15210410 
16019871 
15207668 
14676022 
18271613 
23976316 
17442457 
16440959 
23994897 
23826653 
17115027 
14996019 
17993906 
22831059 
18916432 
16742806 
16102244 
17976923 
7429102 
14384907 
15356407 
15160884 
5561412 
17800215 
18170310 
12726012 
14904437 
13218102 
18030431 
15751083 
19926675 
19929362 
18905115 
15116570 
16721061 
9508922 
15581825 
18967498 
22527499 
18979288 
20545793 
15954997 
21329888 
7270292 
20097342 
18216752 
15281574 
18829123 
20796447 
13491312 
15394954 
15022633 
18166778 
21312077 
20002401 
15727817 
19318314 
14140370 
18695134 
18317325 
18805303 
16256269 
23712174 
11650762 
16160352 
21269970 
17513304 
21690931 
14135426 
18217624 
15281676 
8542882 
15661604 
14984637 
19726613 
19658173 
15985455 
15378621 
15600527 
20015903 
21660348 
10102032 
10615232 
19891734 
10326832 
18811140 
22812434 
14275291 
20597460 
19083619 
20467163 
16317406 
15361570 
19407835 
8128442 
20552026 
19139963 
19912734 
7356562 
15428227 
22509548 
16583468 
15939889 
19616327 
19394188 
16056306 
5558312 
19677673 
14185317 
15839983 
15134240 
1769551 
16311797 
16300786 
16950279 
17837184 
18247147 
15235829 
17235918 
21934849 
21319285 
18977868 
15840285 
17163267 
14323863 
19492594 
16223547 
19596228 
22630766 
20020575 
23519473 
16385645 
23508159 
813860 
15273466 
16088722 
22639369 
14614615 
17930077 
18171900 
18647254 
18083983 
16203944 
18953372 
17154954 
