572152348 
635802714 
2611260818 
247089649 
714482171097059331 
393802545 
1113388932 
1481073828 
1292362992 
1962569347 
462636532 
786176419 
2411488800 
613913776 
3077917704 
1292775426 
2778842292 
433429172 
101857419 
810483626 
760445633270546432 
698971616538136577 
4211130257 
1573408398 
2786660319 
460546145 
917728100 
3353179709 
20291704 
1028923657 
839148522 
2458481173 
125361168 
2760125603 
1050820447 
595823829 
979499306 
883223264 
1109164374 
1249253766 
1239399121 
168078468 
2327443410 
1248206258 
338084918 
91411059 
739090381401382912 
2562756069 
1099302192 
179279481 
924066169 
894537902 
2502086889 
2414767262 
2443085716 
845012778 
1012640989 
1414046192 
1003794630 
1292449110 
296723507 
1369807202 
16926413 
299800115 
758543612 
1681324362 
79601914 
1597482762 
387174019 
1326941466 
379526391 
1441675506 
2359717144 
1963823209 
897189992 
2293864124 
1236601488 
90252217 
116706360 
1408603196 
2488883942 
841271996 
75711499 
231989667 
2936470242 
115700178 
173677727 
241229675 
459818838 
299242570 
259013206 
1282273244 
1609905781 
164447979 
174533632 
612106794 
517155482 
1358449622 
550288190 
258175357 
458893656 
177019934 
503191827 
96046331 
260909384 
32808621 
1500057577 
385684663 
1265243612 
273490743 
221442114 
387902998 
296617661 
187398086 
261375804 
538303748 
613056764 
325151014 
718728986 
342165503 
309516587 
432279698 
