2812400030 
3122223951 
17578941 
147131430 
1716590870 
753097025906941952 
105853785 
2581673616 
1849982306 
221633620 
1511554530 
732616777801306112 
23375688 
3047049886 
716758047738171393 
2357622716 
716774254222647296 
37344334 
3509316073 
1349082427 
2549647958 
1141744141 
79293791 
23617610 
32959253 
17919972 
21447363 
268414482 
51376979 
94163409 
624462023 
137017726 
317034396 
213009133 
332788870 
2872718833 
1078007400 
132385468 
3257927839 
2401292358 
33868638 
1907183887 
64019328 
710270357920288768 
321445166 
2498960456 
167989418 
525312787 
620445782 
319861696 
3842617125 
547607608 
2498429210 
1560743624 
3633897447 
60023642 
2469605695 
68497896 
79708561 
183230911 
950165300 
366947884 
302136938 
2177710981 
103603559 
92726549 
57998991 
68399705 
696496822261563392 
87170183 
101311381 
1963693938 
113419517 
2794441796 
145125358 
2227779030 
918346674 
131962317 
4702754249 
134164413 
3307038006 
487736815 
2988931166 
1288050427 
503027309 
518573575 
22736017 
4423337056 
1328750544 
27260086 
26565946 
1269873392 
2846409211 
2789342022 
2785793167 
1093022310 
2620460797 
352957992 
786796010 
243069951 
3160646900 
33801019 
424177487 
322803070 
87174678 
141864252 
1681324362 
1450787282 
1078287655 
3167402549 
337836372 
45786304 
3285835026 
2625176466 
233430873 
2760125603 
3236956392 
395149823 
2900426395 
572352456 
89423854 
2830051135 
41994925 
447656741 
149915877 
341102954 
3239526565 
2564923532 
2855260380 
87403396 
1324765802 
2371617488 
488908367 
353593353 
2686313414 
2933742438 
148779151 
1066142084 
325451111 
749952350 
1305995330 
615214819 
2584442341 
136123870 
2632716033 
282795638 
3197598838 
18236594 
204887235 
2602973341 
332776930 
2613214742 
947346722 
2541999782 
1675176944 
121213242 
3185314592 
1305657895 
3146402530 
2181493465 
607727322 
746935735 
520180883 
2232996836 
2359717144 
2478045313 
85603854 
189955012 
2272839091 
2481866035 
48410093 
865298551 
2432417994 
1190555929 
1086642313 
1139649950 
2806151875 
2413826444 
2210640043 
1459515674 
629097517 
2786666684 
2716721012 
2502086889 
828369354 
2788308444 
284441324 
133880286 
108252113 
66643993 
56335250 
1322319715 
1183887576 
480511557 
26250653 
2212793833 
2323945699 
2217128820 
473285651 
2778537414 
1017639188 
258923616 
37836873 
39932652 
21004122 
1703499732 
396086694 
286602462 
588730194 
400770714 
221197757 
476199422 
418707217 
2985639121 
34507480 
2964784577 
2965364233 
598919816 
306550555 
525060895 
2201635304 
2272856978 
1099302192 
965939628 
337502808 
78492982 
102325442 
476234589 
586189030 
593370001 
1701044448 
2501274093 
456371141 
23065354 
356025421 
2655830472 
176486829 
73593143 
552011578 
188399650 
131102007 
343547084 
997502738 
2757589367 
2411488800 
2235794797 
1958569866 
1918532582 
1863807403 
1707542526 
1691105335 
1681521630 
1478138376 
1479568758 
1481125170 
1242205638 
1197284125 
1172924791 
1146728694 
1089746396 
954590804 
933644216 
925389540 
741759475 
716650699 
716044325 
708411822 
621881006 
603450678 
600921892 
597592645 
487843424 
455092378 
455036984 
450438759 
338155098 
263536168 
268287205 
262227579 
244877608 
240735095 
215756069 
170719913 
96004130 
95373836 
46510345 
36222493 
24400702 
24357823 
24028470 
15081182 
14463104 
390860562 
318425177 
416983726 
296623811 
551149727 
43042353 
2314076370 
753805616 
1608544903 
362559925 
405728790 
1372975219 
2434039380 
89304457 
886207832 
517680491 
2319494544 
272055657 
412948496 
1463880866 
199110089 
2716997492 
1093124360 
2170368518 
1665731966 
1945501982 
16223529 
607467211 
1635979987 
1498897422 
459363109 
507265907 
104358108 
1249253766 
968885815 
70110045 
1674124387 
2266209018 
25116235 
495605961 
410582796 
130765107 
523512145 
17441447 
15014405 
92907248 
790876645 
733303040 
224200628 
2232132846 
1519073424 
2485800751 
452748588 
2158121408 
2616179544 
1154754404 
874368012 
457692129 
146493822 
925360826 
1251417968 
634714422 
2177420990 
1901426832 
1438162062 
719352925 
27022925 
377731564 
843112550 
1264788474 
1121163822 
255335896 
2196840571 
1891280354 
1681431577 
209926219 
825934369 
180236394 
593749376 
518591762 
473176231 
370699216 
215693759 
371565521 
2611260818 
1003794630 
203083495 
1441093243 
557455977 
1650215384 
1446460165 
525821517 
348058612 
177134089 
991401038 
2385749072 
32688098 
18548136 
155703163 
958156806 
273028600 
521685752 
149760844 
574733431 
25590369 
1546270652 
2485695210 
2475825751 
273288519 
1649633971 
984413802 
472967330 
227121370 
1476280970 
825558378 
442793344 
2265165886 
333987557 
129731176 
323648321 
30112773 
1862062375 
23978832 
16926413 
321160730 
50565215 
344047755 
24872725 
91020409 
246247684 
271015122 
929664925 
125252480 
14389132 
33923443 
227626917 
852165068 
1481073828 
340399785 
1057903333 
251873156 
63796828 
214162237 
207426991 
320297405 
623584562 
259132164 
272732259 
246748324 
363808992 
317606559 
101695592 
315622616 
611959284 
404916846 
176224244 
249944570 
541772949 
892982425 
611581019 
162501326 
613696125 
185359318 
1234496240 
74506358 
71201743 
18681139 
480537028 
2256891870 
100077645 
1570131822 
1520006918 
29459695 
391734312 
18365496 
326450140 
1601499888 
611347889 
550428981 
1103199324 
436694572 
350094744 
101276388 
448364953 
474398460 
819283484 
1403471857 
559043000 
794544926 
908241133 
599427095 
1049287441 
1434816786 
996141481 
611216507 
1323597980 
498357822 
1020816582 
1058544678 
192947036 
1319266591 
1476530702 
1450577293 
1381257690 
1180963495 
321263337 
1242381884 
1431487153 
787044510 
1273204777 
1474905476 
1323464934 
365232174 
1454241823 
618274710 
1166470585 
1129028917 
381947965 
632520863 
561795943 
1165697058 
503605915 
708497953 
1408134354 
1422166356 
1090259778 
389474681 
1154714245 
1467900229 
557398637 
1316236225 
1011243944 
1104679363 
1291875642 
1488163957 
1271449555 
893063203 
1006564177 
615793060 
1011071191 
805739298 
1487776052 
522917311 
1322194045 
973164306 
524738733 
1018321292 
955400641 
1098512162 
596628101 
611844749 
1262070926 
1480955383 
383300879 
1485752258 
1267457610 
1327598191 
1393001538 
1386310406 
1054156584 
1394254213 
1220035160 
58654516 
1414097323 
1458288860 
376459367 
963339973 
1478364194 
399397005 
1387419786 
859065036 
1469816576 
860482794 
1321355432 
760088264 
230739867 
789100550 
1367206790 
1479076945 
1010033617 
1485753030 
582098635 
844618070 
1104540924 
32683787 
525684796 
723848395 
1241772751 
1476105247 
365974065 
1192264758 
1031718276 
433940989 
781080846 
576003654 
1416034099 
1482597271 
923838199 
1034974436 
1476831979 
574494048 
755403518 
1386744548 
1439117731 
499538509 
1264316190 
254673713 
861195558 
891786691 
1033626738 
221475342 
1158011766 
580066584 
839607398 
587499935 
624260572 
774845989 
1301816695 
1327696278 
419519291 
223225256 
457748894 
1075899732 
455653465 
378521891 
1472665248 
971620364 
347892773 
404385253 
1163443513 
460618164 
556793586 
154343434 
332774070 
1325012630 
1472659554 
952233038 
383855613 
1072481725 
928751856 
854732239 
1002020532 
364729315 
777082788 
377533090 
412691239 
832508947 
1408180146 
55457581 
564781482 
1334892176 
364460177 
365897429 
483008999 
104465575 
1366219897 
544457443 
1453175894 
953998423 
1060157168 
372694168 
331188665 
1333212079 
835873574 
322028136 
350265052 
705185424 
498503436 
454859274 
883155570 
954574382 
1460168935 
282508461 
1306058173 
1472584303 
1472665777 
1458801565 
507460493 
1471593906 
467102339 
475489938 
384770434 
625763586 
238279653 
176828832 
936733980 
1418012072 
851316451 
363376665 
771294829 
866862450 
1373195798 
266897976 
391099308 
1249655982 
1054679418 
1416084776 
714508585 
1209700638 
140880557 
524566657 
155600397 
1469734711 
588714919 
147999259 
502028437 
1449126254 
631982518 
1459163101 
383756719 
1393386067 
1462237886 
611979211 
1458152053 
846418908 
1337189778 
1462152894 
1135398205 
245405358 
1338385501 
1462350852 
26563681 
1462597272 
1045333561 
820722829 
818006090 
458464910 
288265369 
360755164 
1277858252 
1462211474 
570417047 
1462166184 
1160749261 
118133085 
1441281932 
553002590 
1460625907 
1311719294 
892874472 
1413069295 
987742464 
176407698 
1462232202 
412553679 
1450684076 
1444847287 
301628698 
572880742 
250412860 
1317348588 
1461442184 
1037243552 
208496329 
1449545408 
1460840546 
592227022 
1460921940 
1461087366 
1132625227 
1461289357 
1460875009 
1371511764 
1360683540 
1105394600 
1043844990 
1457401873 
870847764 
106593524 
526954208 
483643161 
379489670 
770760420 
50858147 
1038108098 
499212410 
1380488702 
732060265 
994163448 
560256025 
1340117521 
767682414 
880764732 
1460765438 
311845759 
292592800 
27981948 
593279453 
394455724 
1454567185 
1255996340 
555481939 
1142902950 
65545968 
785755208 
1161092664 
1233857197 
1386845334 
802636993 
1458903366 
1460874812 
1369177549 
1460856067 
1375624350 
1273266482 
1105745563 
342030080 
273638656 
1267355833 
125272605 
865404739 
138424373 
797381539 
1450670600 
1402670299 
1239033696 
171184755 
1259565577 
392473130 
1460959874 
865936202 
1173644485 
499616871 
395309836 
1167870919 
1386232608 
477133239 
1311494576 
1324330634 
981386466 
702713688 
592401688 
1296940586 
1367681234 
1456647950 
1461126901 
1450514006 
859353716 
1100257322 
494604269 
257581287 
404104951 
1453695072 
1054791990 
315596877 
138717426 
1396425187 
1368426540 
1195916906 
1044783054 
932102972 
1009450993 
1444523424 
732848953 
401651821 
589679675 
384503515 
1459846255 
603807076 
1460003570 
1027546470 
1206962959 
159931070 
25155269 
326372802 
1159234904 
607814174 
1460074466 
1459395337 
1353063253 
1456563114 
492401648 
1405505178 
1458260708 
337734839 
1167345372 
743376614 
1253513234 
755846832 
1402842692 
626629612 
808482420 
1388391463 
1455676423 
855212916 
448432637 
416836142 
427775988 
970954992 
865541930 
1456850210 
701639694 
1433473112 
1035839095 
1458378559 
1061983236 
1458473910 
634557519 
1246540039 
585343230 
599850594 
1169922781 
395023019 
1364546166 
889563782 
1115900540 
762925466 
1161673836 
480901373 
1146600768 
1242634488 
982517977 
1375713133 
1090845764 
998508577 
1379236310 
1458183084 
68572200 
1023119971 
1027604196 
1348751652 
1442406319 
783463338 
297788572 
816184836 
1027415515 
1458114024 
754771646 
54737867 
1154647441 
1323617047 
714649680 
1199605933 
1243203552 
1198908468 
1458725839 
1348025630 
1458278149 
876796459 
126619156 
1046946356 
705084006 
147124210 
27559321 
775097383 
1451808691 
49414537 
1367471982 
295703000 
397371546 
782658794 
1451729000 
1281609409 
374881015 
1016129126 
529027898 
1328446489 
885418177 
1458759536 
116610525 
952025408 
224976700 
1343124914 
1110429649 
1458583219 
976922976 
897125826 
1439373289 
1327980439 
1457655176 
1455553771 
1237421803 
1078200824 
609340342 
1352650243 
613387486 
1260594475 
636309620 
1271438216 
1449933156 
626682282 
1456053744 
396968358 
1396025672 
1457511626 
325721645 
1457639876 
1457114059 
1457730427 
429165796 
1340859750 
1422044012 
874428468 
1301607433 
284427434 
449005318 
1382817314 
634142889 
1344269731 
565219924 
546078834 
466655892 
1399668781 
604169614 
123219337 
1130872910 
986445494 
1451785596 
1454916140 
1454278747 
1044214591 
298688501 
625223789 
622130528 
782464861 
1063056511 
1410405462 
605186378 
1241694944 
628156949 
1386626042 
1440188485 
1202191622 
851827262 
875145098 
713342372 
1456751096 
1280759311 
1406499000 
1386702505 
437535774 
438868259 
1422505345 
454298190 
595005072 
1015418660 
453692025 
887295067 
1081209386 
1027277808 
1254875671 
1453635823 
1456970107 
574172433 
856167091 
939253369 
702030541 
1144949922 
1121429232 
177038656 
1455456457 
76946658 
606509905 
1345831968 
447779955 
304288792 
1380132300 
1146562549 
1457100560 
1242240691 
1038894506 
1214222394 
1304681660 
1263539216 
20166325 
1202268601 
1415854429 
323620553 
64570822 
1361275069 
216082194 
1451925805 
549996378 
1054392512 
1225866266 
1420479686 
254740557 
1405146018 
1399875402 
236971114 
633197563 
254150968 
1439094314 
1355427542 
1435616336 
630266850 
1170299324 
1408807093 
726698048 
1309113908 
558990554 
1413105962 
1450430449 
633381229 
996893130 
211281020 
1315391354 
39470442 
1321467607 
1379645089 
1452064495 
1188065558 
450825639 
294829045 
1224491570 
585845624 
1347928237 
51612375 
1442128610 
716097774 
1382223728 
140644443 
1295712336 
1449906415 
1450330892 
1436716178 
1309012428 
635779201 
1006046131 
423508025 
192484974 
1079658428 
526679394 
1436532433 
857144437 
1292299034 
1454072256 
1447147038 
1004469372 
1276502917 
113772094 
917248794 
1425262225 
796330610 
1449755394 
857101669 
215721056 
1216139150 
1444958533 
150147676 
1395823118 
1403890423 
911328198 
442914088 
1314988070 
1442874690 
201489944 
1450454617 
272123556 
1431424370 
1452968108 
621937459 
1432183525 
970381452 
1360888166 
783026556 
1136006449 
1452184560 
1217387322 
1348833775 
1278703722 
1452465505 
1452491352 
1135779440 
1167278725 
482282003 
1452489102 
1452775262 
425475694 
70031457 
458171787 
476347985 
551547408 
1449148860 
178823532 
1062844538 
1143575982 
1322709866 
1452427662 
1442189395 
1450166010 
1089577784 
488968527 
1448665620 
506554571 
477974394 
1161611766 
1452855805 
964389522 
1451958644 
1315781468 
1453004287 
1167056509 
1068790609 
922283856 
835227864 
1394434951 
1080364956 
722831684 
602862155 
1183551050 
55748067 
1452524270 
1350430638 
1427031066 
580363737 
1140975589 
1405617888 
1444881194 
1317803874 
859034256 
1146092966 
1210478276 
1398395964 
759741961 
1328646900 
633145782 
1447368162 
79561438 
1403739902 
1437226782 
1446872880 
107024122 
1443379033 
1388397859 
1246184526 
1332267242 
781786550 
617666014 
1349848603 
1270533596 
1450393874 
867008420 
1213780094 
617422076 
923897118 
1433725314 
1234694400 
1002389382 
1410661508 
1317572922 
1451178049 
1437955454 
1325832800 
1322776674 
245985656 
1433691638 
477657932 
1284170798 
848064865 
381279524 
1322667487 
392723630 
1134785605 
952219788 
1021020242 
1271386771 
433667271 
1043487566 
1252280239 
1048311469 
1156190634 
1452099114 
1285558478 
1452066326 
1179859224 
914824412 
476131454 
586744105 
1450600088 
1447894718 
866805966 
822875156 
413053006 
741696408 
868372357 
889177704 
576908536 
1411152882 
1451843222 
1451527998 
1201764907 
412500374 
1038352134 
796965704 
242026165 
560326790 
1451947208 
1441755182 
1382238907 
1321134300 
134473640 
161190822 
868944470 
1414980493 
1047815582 
789589297 
1305466404 
1237821211 
1451943726 
1260505099 
933489307 
415871464 
480348124 
1116215617 
1277782669 
1409729712 
272305037 
615118448 
1422050306 
1451481462 
594173004 
469387953 
1450920362 
1445078514 
170004797 
1341236426 
1368033295 
1308041690 
1344204662 
1446066260 
910364467 
750301202 
1447371798 
1446608192 
1053955308 
1349349798 
1438238886 
243383416 
88548728 
761880979 
1260612812 
1352742109 
1170722736 
855396930 
1432933333 
954596082 
1380316525 
1291575942 
1380905245 
1428594306 
973172251 
216803469 
1386220904 
744693380 
417514660 
1439886044 
762014924 
143938920 
1439224632 
1278825198 
476325470 
1401062892 
305318834 
624936250 
741933247 
1447540410 
1447680056 
1352942450 
1450039014 
1076406799 
1126363716 
1438375550 
1070255390 
1378318136 
171911890 
178381891 
1388833088 
842367452 
1438748406 
1049052470 
379168324 
1449108888 
463449118 
1412734394 
1341838075 
343189375 
776580456 
1425779670 
1259013517 
1444602307 
474197727 
514000817 
1449399319 
1447026474 
1216131830 
918347682 
897610244 
485972040 
137746232 
426466987 
1305362462 
887968314 
1423345034 
181612070 
1300455589 
559240621 
857005092 
1222622575 
1449447320 
114861643 
1215684288 
1433612251 
1362343244 
352466231 
968378851 
878416032 
1356692425 
344535262 
506356279 
1189543010 
52753857 
1433597407 
1137533436 
589060384 
557357761 
1347384036 
105675665 
1413613873 
203246093 
934855730 
1357821006 
1449159234 
1389774852 
87197198 
1274872950 
1438398721 
1440490026 
1400627426 
1448830687 
1104100622 
176532730 
1357825526 
334939517 
1433597378 
504405025 
352580003 
1409205103 
348634690 
988694702 
1436302716 
285361505 
363796685 
154031496 
811128008 
1369101770 
191743789 
937503200 
1335689016 
1444811550 
311189665 
1348843381 
80602426 
529021144 
1427793144 
900737666 
1031902843 
848964042 
324953143 
701569717 
537871573 
1220224657 
1447827974 
1115976962 
396841636 
374546025 
1329906476 
1320700903 
585190635 
549441294 
277754283 
1418988366 
1436355578 
1044397716 
1220746734 
1372485390 
1333272770 
509152666 
994343971 
801382663 
1440606020 
1423841304 
727155913 
1058110638 
531919262 
932678982 
1375612532 
1375613095 
1436959585 
949982084 
619391544 
469695283 
1413584053 
1049477192 
282890961 
1322634259 
1049721662 
1242330966 
578537807 
1439976956 
1180400234 
1188054992 
581481105 
857548422 
385545291 
1282125668 
205682889 
809996382 
189763788 
350983670 
39551867 
630111784 
999494012 
978966864 
407644566 
383965701 
1278222360 
1446559346 
1142260992 
1374177150 
933749904 
1183579800 
1442453616 
508020639 
1040538523 
1430375100 
598346978 
1419353984 
451562157 
34084888 
941223571 
1440558277 
359162106 
1273667383 
628346565 
887531647 
394473114 
1289238499 
1416950658 
1364800880 
1345428589 
1323584904 
389251733 
384634307 
755636808 
928641228 
775762038 
792984368 
90502167 
511067575 
1362737886 
244991947 
1041203282 
769301059 
1199660383 
636394825 
1384889102 
1433602316 
630321907 
1152086089 
1444810033 
1444760280 
749811338 
1429424270 
714768823 
1431289789 
1439031373 
437155139 
1301565679 
1023434882 
580046512 
1389665947 
154630292 
974653826 
1370426515 
1444878786 
1416965444 
1113080491 
1444942147 
1180476186 
311600009 
358460271 
785234755 
1395236982 
1273722156 
1130918088 
53379061 
250870050 
937713944 
221529009 
598074270 
1431723954 
1017099103 
352232619 
1177924261 
792332624 
593246876 
426206551 
881820456 
1444944300 
602169511 
39437707 
339355541 
1423813542 
876442338 
1360642891 
628848928 
1223107202 
1214329932 
277168662 
399639781 
1146638306 
1441971756 
422947732 
339465480 
1406834420 
1048596890 
280249182 
89052470 
863738208 
968017866 
228962469 
383228689 
1049443674 
1408446955 
1440034524 
1432131194 
45013590 
1444911031 
582371199 
411321706 
232972195 
1444046821 
1322934294 
486743385 
828864824 
965523031 
1398231775 
881014934 
397283843 
1436524820 
117280282 
723711475 
73498860 
42165100 
212442736 
220534167 
862048788 
1348339231 
1358235289 
82469760 
327668915 
1405742978 
597339254 
1074547512 
940380464 
499261399 
103438614 
1106066953 
1031590406 
557458854 
491025946 
1386087408 
1312522826 
1301865175 
1416546848 
1416779299 
135741462 
1375825346 
41058163 
1431760416 
1432167788 
1102937940 
137024600 
235109518 
1442906202 
1445033738 
1386293467 
383575618 
901190305 
1149276792 
1331892246 
1257153913 
1120940262 
96272492 
1252141069 
1424968969 
1393581740 
1340944782 
1432260884 
1445160734 
1439969172 
293811075 
839397386 
635801171 
1263522848 
1402506552 
165983404 
1437403207 
1132573687 
1191987846 
1370748506 
617530675 
1250918737 
781727233 
1383310982 
743689730 
1034403746 
1366470708 
158454588 
1021233876 
704038824 
1445046966 
816828133 
1276313444 
30199034 
1397210840 
106027599 
993709561 
1436897960 
629077806 
1426790190 
1429160760 
1442548039 
966631219 
964963584 
1352740602 
1031884603 
1271118685 
1445159233 
420977994 
1442330077 
1426621136 
1387938715 
1416440322 
822460304 
762483824 
123018649 
1177206600 
1146653065 
92093915 
563778545 
895806169 
1253036070 
1181098806 
1352133805 
544552550 
1187787956 
1146852456 
570547146 
1412716244 
303076666 
1443740839 
355562661 
94188721 
1057669008 
1440410130 
1373331714 
1135258868 
985315404 
373727434 
1206517231 
394815032 
515883630 
609360792 
53021069 
1432804278 
78094481 
933046279 
1403934300 
925212552 
1441357586 
1176703728 
1107347340 
1441174718 
1441477686 
1441527391 
1270986733 
1267387771 
838322281 
606423277 
124814885 
844357308 
942303937 
941321186 
1137914616 
723226056 
501941288 
911082967 
831934806 
364280613 
1346183958 
146252742 
1151737814 
385532774 
158860052 
1360598425 
1382379235 
163923458 
1038070993 
750467605 
964712989 
1067751210 
1106738371 
1426525531 
1310468730 
546801371 
1439647706 
1438788972 
1439603322 
91153984 
235870831 
1292448475 
1084161955 
473963214 
1241512052 
236331696 
76921912 
250010440 
733822087 
1130104074 
607762590 
915786134 
1315593248 
1261533810 
813787970 
81779980 
272429284 
1425672498 
869352139 
1352204058 
1363427737 
1262862738 
594068324 
1376154151 
1293695804 
1146312416 
180553102 
1280017094 
1096656662 
885048824 
552354585 
1439039534 
1340989969 
1434339734 
502144927 
1213869330 
93249699 
1122722126 
387028382 
532360585 
1258338182 
966486614 
1439723466 
630116422 
820331773 
1019292961 
962803705 
158013315 
1431300054 
247869096 
1439851602 
564782905 
513137112 
1283182489 
1302779419 
501002444 
465787149 
1433884370 
1321273766 
1201977433 
1086706332 
635113353 
1289947460 
1415863118 
101482298 
1344529640 
1439400396 
1439427582 
989654244 
1434511903 
1184028222 
1336249988 
1290460274 
481669273 
1330215912 
1439675917 
553972434 
1438743804 
1439718301 
1348210788 
1115653412 
1120568606 
1439804539 
1439753930 
539392803 
1202959370 
597243950 
118174498 
428257552 
1025652781 
1438156064 
219706514 
1434414410 
1015846284 
1331213557 
1438947374 
519920515 
1089890198 
1300981321 
497109140 
1113010946 
1351024692 
1272184940 
516921174 
1390592750 
142083598 
35106099 
1438793324 
722654299 
715297268 
601984883 
227444027 
744560292 
570349344 
1323330073 
1418908496 
892384088 
1432929206 
1063291009 
1438929187 
1102184761 
986974620 
1370303322 
1418516287 
323709811 
223578521 
1433632574 
1326208147 
1434347588 
361512670 
1433831143 
1246392174 
588562115 
1107240522 
144968818 
1045407098 
875743226 
1135830577 
928706737 
1423693734 
1389266035 
1436679241 
494133969 
1361885791 
1038297529 
51504678 
1368038322 
1388237971 
636620344 
1409441113 
1382889000 
1431295890 
1325489456 
1214239130 
1380756085 
1419159433 
1403311740 
567852393 
299616105 
225305098 
261749581 
331294652 
238059745 
955557013 
1419351685 
1409201486 
1064304534 
594242806 
855536004 
1387875936 
1406280654 
358880977 
388996247 
426730483 
1003204736 
1047359058 
1045545697 
374733638 
1084253838 
1393606052 
984316009 
1370841511 
22945253 
375273738 
967814676 
737690659 
438784218 
1353116305 
1436862584 
908424624 
1420250293 
1347074768 
489782099 
66280500 
954250237 
1432923144 
98504238 
314091062 
1292478367 
120626323 
162998174 
285482930 
1378469443 
1436832956 
1428802813 
1432121114 
143450972 
400252304 
1424021988 
1001069046 
1374604070 
1435796016 
1432039057 
1395976657 
928458793 
1047171859 
520586605 
351882503 
270974537 
829796846 
408773154 
763065324 
1418133295 
1415381612 
1156059572 
1365582530 
179807076 
1421684095 
56349011 
1294130953 
1413927572 
512913252 
1434317941 
1385563591 
261438160 
610172518 
1004212310 
220937604 
1375698194 
1436518602 
1436610384 
1434264180 
1436634758 
1436658588 
1086870259 
281868832 
539881763 
1167038533 
894146504 
1177194248 
1296989196 
1420574138 
523791009 
1349975756 
1229517152 
738632276 
1432843184 
1436384724 
908786838 
535816422 
128445212 
1048087069 
1424990449 
1269886286 
426922266 
364074774 
282729481 
1350246332 
727228952 
1432038278 
829480674 
1171626013 
1030863092 
578335739 
962962070 
413269430 
1366094732 
349223244 
1412494015 
1424264730 
825446808 
1125820550 
1317147007 
397701309 
1334094938 
370732631 
1374333199 
1058683854 
1408036814 
1436234790 
769602110 
630242276 
1016820174 
1433898330 
970856090 
1374720698 
852491210 
1059557214 
362130108 
1120360530 
547363410 
164948065 
1095282859 
1418825990 
910883240 
359003361 
433370280 
809161346 
1161031890 
1435426507 
734687185 
281628705 
77771497 
832133899 
1403834870 
959036203 
1399447063 
762416437 
935538620 
1341863688 
408739688 
618325191 
870749906 
565448017 
1094025012 
321364141 
381720233 
1435817155 
584032117 
1436252874 
1392419070 
1157639653 
635266497 
606422467 
1010099208 
532168440 
501653412 
1436222216 
843951901 
1397294640 
1322557344 
584196971 
1337900466 
1436102450 
764324378 
376245049 
1404986935 
1420593134 
538179260 
1253694738 
1137968418 
1434541970 
1383966264 
542080332 
367227904 
1431542809 
603415511 
1433192180 
475991922 
1421273592 
933190466 
1298833290 
1249481210 
1372046695 
866242045 
1042996765 
1429149889 
796566685 
1429418780 
590509100 
1396466185 
1413147200 
587677794 
723549680 
1138796198 
727766785 
887585808 
554610933 
1339484515 
60308467 
1435701438 
612125860 
1433022422 
1272382298 
90186872 
583344738 
1371050208 
1240348332 
887386520 
7350652 
1423946797 
620029038 
558500322 
1430913636 
1416550362 
1095417780 
1029447656 
879344130 
1376279874 
1069077380 
627407249 
605226902 
719325420 
1367107862 
1134627170 
563183255 
553435449 
1315486610 
971221904 
785881814 
503611640 
79627580 
1019826572 
480675002 
1432156080 
1380772680 
1340457001 
146144568 
76501396 
1433249665 
1373222786 
1339367138 
397242981 
1347670214 
1435442028 
1129146186 
256710876 
1423906140 
814125222 
1408788678 
1434205740 
892291537 
1424128837 
1434442434 
1403851218 
1032626377 
560885424 
1432961984 
157416923 
1202613908 
1078835419 
1415852202 
1382397763 
708445572 
1254480216 
474595193 
1430387862 
1425936775 
758812771 
1286408569 
1422629492 
1433735876 
1359464526 
1389046844 
1433649276 
408618357 
832215067 
718427214 
347526324 
889573178 
32383450 
1336382204 
1427859373 
1162345064 
1305043556 
1394594718 
99549146 
319989468 
411554384 
474970837 
883016562 
1300420980 
1431097129 
606904570 
42239925 
367313728 
287403802 
1433436720 
1433482328 
1037312310 
218028975 
1123717974 
1353615960 
1260087800 
1432829275 
1215306853 
1432146020 
1227166597 
729205189 
866221753 
829413524 
1424248256 
1051734366 
1001284428 
804993474 
25573734 
435161467 
341481893 
870531134 
58064045 
1293316434 
1405129554 
257879763 
484196439 
626968494 
1432727072 
1420468604 
553762164 
440008103 
1141927274 
952055312 
367791331 
1433542704 
963078307 
866974058 
1433587466 
1167111392 
1433566753 
100110995 
862734115 
342059921 
635268621 
1430799884 
1045166593 
885860718 
600241582 
1317256255 
1428135060 
538753467 
1323204457 
1053911118 
1163869724 
238509833 
1415063263 
223337888 
1359980880 
855509708 
952719350 
1433334876 
373040752 
39887767 
607675647 
177115250 
719014578 
1373128746 
405755578 
874467158 
1368957296 
1430743922 
295204495 
569501941 
1428054596 
339208832 
54146947 
745166245 
1424081264 
1401054691 
1431309974 
42706514 
1418017176 
560090813 
1297391761 
872924976 
709604545 
735683317 
1432018507 
1387660207 
1214470855 
1429129128 
1131572773 
1333158242 
805592712 
1431757698 
76305266 
1219945428 
1431770563 
308149247 
191659197 
267264898 
320655654 
1099442268 
40536150 
940386397 
1246846382 
564133375 
739357759 
101506248 
355731375 
968900185 
1431582294 
565633211 
807928628 
551419126 
1431694106 
462338661 
1312715744 
449136735 
498294783 
1363559042 
1323455096 
1369349618 
1099169730 
1395148598 
40982481 
1431866024 
221751224 
1198870640 
1239980017 
1286766702 
1072463305 
1427822713 
1414370412 
509011647 
1021811798 
94917680 
911000684 
1385696558 
291350378 
606625340 
514027955 
595166471 
1426659060 
475144056 
1267172144 
749740045 
1410556044 
461267292 
1357318466 
1383046646 
818343757 
982823257 
1404182275 
155786040 
454852593 
728678473 
1394670804 
313442102 
130316337 
1324342537 
1431207060 
611487994 
997023020 
1283569098 
1323065707 
1391714900 
556128921 
1390447855 
1053971586 
1132097227 
593834357 
1281765744 
913313690 
1097347687 
513474222 
701871469 
1426880568 
606271321 
562323071 
918375912 
1382246204 
1385328577 
1079047862 
230574478 
258560316 
395045370 
1280036510 
1172969106 
488322296 
1402870242 
818250937 
857294012 
813650288 
549563154 
801075672 
1419302671 
703133520 
1384964000 
307244385 
1411952100 
1387330044 
1365995592 
290518562 
320497871 
1216453506 
199390677 
1418355834 
1428413954 
540941974 
887656729 
105411202 
1173673028 
766844978 
310173713 
825551011 
1051175840 
1408519446 
379970272 
1317397369 
1360311277 
1220908310 
437857907 
304900478 
1324379143 
1409177118 
1372320709 
541779496 
485164059 
1183565046 
310344790 
1401677815 
560381299 
1322173284 
547073894 
947000023 
543491038 
1392720276 
402061829 
727397240 
1347960529 
1038134282 
196800943 
1091591755 
445178021 
1202561798 
620465544 
1398668816 
577506967 
473093622 
1281429270 
1343754163 
1430569711 
312861164 
1035332119 
752492262 
1430686068 
394792301 
160805591 
946253113 
1408450747 
1065553412 
938194430 
349264904 
585081360 
864912302 
174528393 
1430998862 
1391949342 
924736418 
1430047015 
792031088 
1347386642 
1056874194 
960916632 
588435988 
859014493 
1362428208 
1420614434 
381301938 
803575650 
1058358062 
1379568025 
436850413 
907473342 
348022691 
1105579639 
1342532532 
590960997 
1037979492 
867673555 
612587655 
1418301704 
1007153396 
534870031 
854304146 
78060757 
1339739016 
156783350 
277084601 
1153993308 
421066848 
977310265 
40381693 
1146637088 
971426616 
1357277047 
1017798542 
1388247247 
229534348 
255193905 
1268660442 
1318646377 
964313792 
1228139928 
454317905 
906283362 
1327552615 
1143952818 
1421577974 
249256630 
1428700831 
972993026 
352426792 
1423447628 
1296882272 
1033514364 
1068691476 
18322095 
1382507544 
513812274 
1381133354 
1409268794 
1324116708 
955114561 
375509480 
239056640 
1408747314 
1421808619 
1277274913 
57935528 
1308577543 
1000879225 
835989073 
83162017 
1382728068 
1372014110 
1321637850 
1364375184 
1428680731 
436980474 
542567738 
479605806 
1221553394 
396095736 
571272381 
612786408 
1122447331 
1212040892 
367318257 
221187062 
543319195 
1065883208 
298065867 
1148476950 
1096464241 
164011093 
874083794 
844034551 
751338055 
601232286 
389473899 
1427601996 
731051298 
527448527 
1099479404 
551218326 
843089191 
292336715 
319402674 
1037643013 
816280046 
1148368212 
1191145543 
577376365 
1038395370 
578286520 
283170559 
1410078260 
1381166066 
804690122 
27930542 
469111056 
1097621606 
1253082169 
92582471 
170069022 
504338568 
546459567 
815445631 
1426280112 
1339920878 
224451503 
1401743958 
561398123 
605854623 
1160077698 
1182469087 
254623678 
1063034816 
124923328 
1165327548 
846930248 
1355107765 
403660347 
592575376 
1311703856 
1396186345 
768572316 
1316756677 
629458184 
1128657698 
1354682971 
982366920 
1330774693 
1411952551 
761347712 
291014435 
1395194629 
1417319419 
1252915429 
943602726 
1425902862 
1428242172 
635563553 
879407071 
1423759986 
1424587436 
1420188750 
310372862 
1414446031 
778063891 
1124902759 
1426509019 
1420545840 
637336466 
1154407712 
970717580 
192020438 
443362819 
1275646477 
175537115 
941647652 
964748401 
1242208026 
401952024 
1420161798 
1320488024 
322163803 
593941461 
413336771 
1411231782 
1075778948 
1063680805 
1071543140 
755870048 
285634020 
1399178821 
1422177319 
1247295158 
274649990 
1310277486 
1270701534 
36163060 
1106599843 
1368095792 
254674633 
816047562 
402075322 
943211996 
1141260558 
522413238 
152246961 
1354850047 
1347084456 
358539667 
568293727 
1400869495 
1400447845 
294624201 
1424034140 
889393388 
365080694 
1352373282 
1289979685 
1421335038 
1281493776 
1033029386 
70224731 
100225786 
1425895704 
1425956599 
1411527206 
474204175 
726657655 
230462604 
1315351219 
152529238 
1401710244 
1428360572 
110536714 
816019452 
446302447 
253263601 
815923974 
72777426 
1422063402 
1428178866 
282804828 
776796048 
1305044858 
1348754762 
528568965 
633781892 
447873026 
67253096 
1382196938 
501078260 
1335056388 
845113946 
1281352944 
71091316 
78877591 
244955086 
485002984 
1385373199 
1257198558 
1176546355 
1332652740 
251504436 
306412120 
619704893 
1386017989 
1426247562 
1349478452 
1419666012 
168072107 
1427407916 
1339768848 
260679334 
1170002598 
1051658401 
1170360420 
1337390924 
447223709 
1188801944 
409907765 
240157018 
607811992 
547625232 
67049056 
1247649734 
611788064 
951840991 
545509445 
768866396 
399509545 
753122214 
1078157256 
1225080684 
1427654617 
464693225 
1359581702 
1423994160 
29417850 
1427793774 
1393080895 
614330150 
1102538876 
626011318 
1427996942 
818297142 
1428029840 
278435935 
1423764517 
945206179 
866445889 
1181348924 
384453304 
1235967050 
516878268 
1310538776 
1391060622 
1377258774 
1160909454 
205349632 
1148161123 
174267352 
1282727256 
318676057 
1162047432 
1042407762 
731133427 
474725026 
1421151012 
845895480 
1421611201 
842404874 
1217317087 
601600560 
1423031550 
144539128 
75967008 
1286841253 
15147250 
1270203697 
23253824 
528193679 
1289879910 
1217397331 
853222980 
1390515170 
986885725 
1101161468 
120047352 
1420357392 
359951479 
122186050 
1426073628 
622895373 
1356847621 
434062619 
1269627732 
1086026179 
1338803179 
1397078989 
607428904 
1315106036 
1286441215 
437158289 
392877326 
1407871488 
1336999873 
832874802 
212678332 
1418934560 
1015651484 
966565513 
1386773809 
637094209 
1424709200 
1317198008 
128542504 
428469034 
1060390938 
1069112540 
1373742013 
1422084716 
720865242 
141360565 
39942280 
628657788 
1333650848 
1426005343 
329131904 
1289406506 
1172669174 
84527225 
600676620 
1120098487 
939937076 
1331231970 
769219376 
569436387 
1425678090 
1101312834 
1425398947 
1377596929 
127972335 
513339095 
1349417047 
540640403 
1423653601 
1280962195 
272060015 
1287390338 
1149572419 
375588117 
1265304036 
105161740 
1377663487 
291114722 
805889635 
480659860 
1308690452 
1323096529 
1421107549 
1292548874 
1084372442 
1358886685 
1362001442 
1403128789 
441144681 
1348985305 
401698017 
1027250396 
1347511615 
1291751088 
1010727968 
1422834708 
764902646 
467490795 
1420587596 
871859131 
931174058 
466716705 
1163322698 
341557342 
1091639454 
706885555 
1393078441 
1403940590 
1270013581 
1420321819 
1117098955 
318535860 
474994293 
449577995 
986865007 
592058502 
458721934 
1331871463 
1402188415 
1365410942 
475139051 
369134713 
1287273169 
1424476290 
454439440 
1424948936 
1418185483 
1422981655 
1360369711 
275289045 
1425935318 
465041845 
1350195630 
1304596429 
39067333 
359882342 
773328300 
1228929582 
902681017 
906737826 
1181073024 
762220260 
1420875284 
1054779804 
1424241198 
1121715355 
512459161 
1425891349 
858132942 
1166915618 
1421068944 
1270876494 
1422287616 
1191738996 
788584616 
1394961253 
1074225097 
822344396 
1325127210 
1405395356 
628573752 
1423757084 
891356383 
994897416 
257680275 
562890659 
322454391 
1008859285 
1179463850 
877959798 
1423599980 
495168969 
31022735 
197894375 
741599228 
1401788480 
462824029 
1264618987 
469590999 
367858294 
327452388 
405782764 
1414740882 
1423630034 
62123533 
1013649242 
1424008560 
1424060718 
541877696 
485578276 
349880016 
300510650 
898110511 
597833222 
612091157 
449134151 
333564874 
559931197 
323625436 
295959874 
1047093848 
596716862 
332023717 
484395572 
999555494 
1089977042 
1422266329 
602892984 
455844022 
1424266200 
79305099 
1023266396 
1090870321 
1173168354 
505256362 
1421586860 
1423882957 
1424438083 
133845976 
629738706 
1034241055 
1423683746 
1423725835 
1289298193 
1421776045 
1416150182 
927979878 
1209028711 
58745247 
1312011906 
1423705711 
387120220 
1423656318 
183199082 
1418252928 
1070455639 
1345242283 
193107817 
958536073 
1367852384 
1423628400 
814234734 
188634121 
635329434 
919587152 
1375123855 
1395309026 
966725629 
1406759995 
977106313 
1242572064 
1316697236 
1422521730 
507621866 
1387141886 
611953146 
1396340833 
382962826 
1393020960 
517677480 
298821469 
378134975 
393538290 
1423659919 
1349360016 
1421959440 
862534766 
1423078418 
1423036716 
624882390 
443877260 
1422994274 
519883522 
1272895417 
347011845 
1410589154 
1421393738 
846656041 
1377233064 
350660180 
280518575 
1367702540 
1111868989 
304194163 
1066241084 
1337430162 
1395281815 
1173481418 
496003664 
604782914 
785427877 
760459232 
258010325 
897271208 
354689795 
1373738688 
1254850884 
892377559 
580331532 
891513566 
1422144320 
469854082 
1239665300 
1073884087 
385545555 
552173032 
1256171138 
445575048 
240779596 
243316154 
1422297570 
828448423 
826414813 
731930112 
575689912 
1214386957 
1371433502 
1358233735 
1264061840 
810165446 
973238402 
424406056 
151649119 
352963356 
1421166068 
1253856342 
1393837255 
842930479 
1422304568 
1067460264 
745522363 
1420840746 
1058449147 
463125562 
1146616200 
1336742047 
1288564339 
886595449 
1329716958 
600450759 
1192290030 
1283596645 
710849653 
702690884 
385363857 
18691267 
323380356 
737697847 
1165276956 
1406084100 
1026734448 
964359211 
268769811 
383587406 
1216738512 
1419726235 
1000552279 
383250492 
1276108956 
1323864787 
1354258459 
1420154736 
1335061638 
1355786707 
1327936357 
409687353 
745188829 
176082123 
744490340 
721551380 
1155460297 
712899541 
1419607813 
1418882491 
594337215 
625276979 
1419693499 
1206584983 
790621392 
1321621842 
1222955281 
94824635 
778997972 
1416061394 
1421472236 
333228725 
1019136679 
243060142 
1421573635 
1422033704 
1109343684 
393156337 
1406478264 
527068534 
211422027 
1268569638 
925674079 
1199217973 
1358499794 
1421592672 
1414108273 
626162171 
1311731215 
625238204 
1247822460 
1408708812 
1422032599 
1081283731 
354973507 
1416349345 
1037305724 
883273758 
629018877 
1081395121 
1415716844 
987147474 
1401539438 
1089608610 
1329766218 
47227377 
834488450 
633407103 
1340605500 
1420896488 
605003151 
536013561 
513714058 
1422043806 
1311399973 
1360154323 
1021129495 
632207468 
1410803281 
310487625 
852026024 
188450476 
783332322 
1120654506 
743719352 
943686193 
568669344 
43789235 
1263336799 
1224489175 
1384232066 
1271781896 
625130903 
110064869 
731546983 
737606952 
92710115 
553923791 
312413482 
1063107481 
1097478152 
1130972270 
1192346514 
1292971890 
560624675 
1422113228 
862285351 
1419607526 
1292659406 
860795568 
568648561 
548447952 
1380147079 
144839649 
1107928116 
432734233 
140911921 
157571092 
595415275 
770555682 
1323953966 
611375807 
1217511452 
341363063 
1416252517 
251975745 
742075765 
1421168876 
555850865 
1421676084 
1419240312 
219137434 
1316166152 
1421342390 
1075415310 
1124153994 
749859810 
1416668784 
1420996542 
1146581850 
1069691892 
1289891742 
1393604720 
1416775010 
450243356 
1116127112 
75470229 
1173651990 
559107860 
893560784 
1419669115 
1206601406 
1422183392 
244340125 
1422041491 
557388508 
1413536677 
584884643 
1304469398 
766191306 
1205575075 
1334933472 
536095107 
1367718032 
1307479842 
987859572 
271879560 
1005019068 
364302341 
1250212374 
1315683156 
1370395129 
537424061 
1250218982 
1160811480 
1036973695 
1418994420 
870316621 
1123066268 
938694560 
1018436294 
979137355 
140287222 
539290941 
460492114 
595989934 
1383086689 
1010044128 
44800607 
1401155390 
1275360336 
766452301 
456326338 
284006284 
1301530122 
754864297 
1418969142 
1328893124 
607887107 
109396525 
1416667802 
1409224572 
1373440272 
604664992 
181466336 
1419029504 
471580784 
1254745303 
1419252397 
1386711655 
1261466965 
774518642 
68037246 
501794230 
558145710 
484624510 
1286723372 
1375356769 
930139603 
1081046797 
809782171 
1407356282 
1315308193 
539650107 
1411456117 
420560187 
419562686 
1160128315 
1408505720 
486765500 
1205661686 
119639291 
1273473584 
1419130747 
1223394433 
1146631230 
1306425834 
1360887822 
844576819 
1414179403 
574177609 
1409086279 
1416665382 
1332552362 
1408759423 
1416575798 
367459344 
187879495 
1190687384 
1350027842 
1161727230 
614761304 
616903787 
433374732 
1176572402 
1202687964 
734021010 
456564051 
1081925935 
1201894590 
1301762822 
1401293204 
1400563801 
1368388266 
1373296351 
1180055172 
1312099405 
1350850610 
1198860158 
1210748150 
1418348467 
840300175 
1324552015 
1022973272 
387373810 
1327098824 
1419499332 
1385946469 
1338282979 
1161731377 
779915010 
615074103 
1419510456 
1107794298 
1390537694 
1419394034 
575286446 
450157700 
858981876 
1419564319 
1367951232 
477090068 
605262873 
721519476 
1184597306 
1419069816 
1416965725 
237000749 
844321933 
800636124 
1384501712 
1301221513 
1355696804 
1366792418 
162949475 
387406892 
29549058 
966191329 
1398316699 
1413634933 
1028999576 
37168522 
623649724 
1407776575 
1056351769 
91262123 
150897328 
1408233595 
1109025668 
1382281424 
272095626 
733560787 
882868224 
554599010 
579050396 
1074564396 
1022607559 
1108164780 
714554000 
1418803452 
1414642195 
776300874 
1283809196 
371407683 
1150969483 
776678844 
495397976 
973640778 
302750909 
1417064695 
1329844182 
606604712 
1418594298 
1225861597 
565391374 
1418216666 
102783230 
716831498 
1418596537 
432804634 
238206805 
415652674 
1380194210 
1385330462 
1398192517 
1415493061 
1361042203 
1018281696 
1404999008 
917212057 
1410979442 
703750494 
1370308849 
935294059 
1384069513 
191605803 
591396177 
556344140 
179412242 
818080525 
437977314 
988443110 
821137440 
353094428 
254961203 
255995668 
232872431 
737203789 
168114883 
357642490 
317375990 
801966134 
1285403156 
1104745980 
1418619217 
1350699194 
1074938756 
594004614 
251958089 
376621731 
1058655632 
571845838 
235623049 
1271752050 
454407263 
1408450945 
1056529687 
1087109448 
805635726 
446431309 
1184515760 
488117365 
719006215 
1270328834 
551999935 
1123200914 
282769296 
490319156 
435504372 
1360142166 
856406466 
633338824 
462603493 
491345122 
1407601111 
822082706 
404985929 
758066780 
448011452 
787966213 
239398250 
1416094286 
629650162 
1159573958 
271836486 
1063632482 
885019002 
1348172114 
1406982757 
962770849 
1291455571 
26922045 
1397439726 
216025490 
247617956 
1144562780 
1406460163 
1414971062 
1105689392 
1395869401 
349232522 
1322942575 
628545002 
1401252978 
1415543690 
1367611682 
1416630607 
1300204382 
1062320114 
495506101 
1411367124 
1256395333 
726344611 
1415814596 
1113043922 
1095202062 
454073515 
926230370 
21134051 
1386103530 
398799487 
1391626687 
254092366 
1078777399 
863761819 
1070079421 
1107674275 
1390722768 
1385276804 
1331647044 
976356031 
254532851 
1239973206 
842478378 
551298277 
173624243 
828117175 
148589011 
629616817 
392001032 
1343266578 
1040771978 
1401235273 
1416336841 
427069643 
1334793691 
1398454040 
1260644004 
889986337 
618636552 
1291198728 
1000544334 
1402441076 
1375327303 
537356348 
1370855040 
981333463 
1195363250 
723128948 
1293609043 
1405483350 
1090675260 
895766522 
966824610 
1391209788 
1083142140 
632242264 
1196449770 
1287204211 
1390781569 
1407055692 
300645218 
510235464 
1414347229 
464779911 
860667804 
367932623 
1411867010 
1234124348 
1390217628 
991175766 
1348181388 
587954758 
1263163867 
1072591873 
333811456 
43160334 
1123110446 
1289449634 
1247771844 
1411680403 
93798807 
40914325 
1415500417 
1268008292 
1401467118 
1043617296 
479229905 
1332725821 
1113069368 
1173581491 
738164180 
1180532438 
930774086 
476502224 
369539985 
620657918 
364388487 
1183180447 
110037501 
633959571 
1406023442 
1306300471 
709838198 
46955685 
627127920 
609482083 
1390745994 
531746045 
1290167634 
343632803 
1368060266 
1244839729 
811402860 
854053620 
1250451649 
321570908 
908872074 
1315611589 
144097118 
1171078010 
1360917169 
1041386798 
1038526536 
940576100 
1415594652 
1005650780 
819098486 
765193747 
1333497007 
30595568 
1411612740 
1385532164 
1388321882 
1164849493 
1090664712 
477909664 
1409953332 
1063382204 
1362871602 
1081003693 
197252979 
86422168 
578262727 
997967953 
487168372 
1099692818 
1273513602 
1411699903 
1413763134 
1414596476 
603840031 
576766133 
279560923 
177926698 
1414899264 
191554865 
547773538 
1413653664 
1414419120 
1414870298 
1413117260 
1379464548 
521772482 
295836462 
1398324938 
1050772604 
1392178195 
942470413 
1382865098 
1157626016 
124691035 
1179929198 
946363802 
1117357471 
254836333 
277488835 
1394855377 
1339406544 
1362403297 
1071537002 
1336511257 
600098605 
1410507391 
89203734 
745446535 
1406175607 
1385102804 
1414058533 
514557499 
546434182 
1353110208 
1263019255 
551952028 
1014252090 
15627038 
1258590613 
839136306 
856575835 
1196451200 
1408858850 
272329533 
1415594916 
1152219187 
1268979312 
351144107 
736578919 
605630646 
605471043 
604663618 
1415697997 
416651007 
1292192018 
1416060734 
1303955941 
404258820 
925202869 
1416061584 
945891404 
1309712522 
1314974394 
1083946321 
1415271606 
579142662 
448595876 
1189217766 
478123089 
1413236796 
1404706866 
593778540 
200538099 
1416067867 
180490570 
536632909 
82748377 
453302884 
743055133 
427881887 
1064745583 
1414263079 
852342624 
384589422 
1414454010 
527180434 
1292367200 
794831360 
486739029 
1372570634 
509598372 
755476417 
124920341 
521715497 
1165764834 
992746159 
495799197 
283379104 
125220786 
42583489 
866542766 
270830084 
1365805831 
1415069737 
579015264 
1216137854 
232717385 
631854413 
1001952546 
886306644 
1101670632 
1415250391 
1178991691 
257538756 
627422183 
27062667 
345921530 
1411835767 
1117777621 
1111406251 
1177121208 
1415495840 
1415507106 
1022301643 
547150613 
1398504296 
502853662 
1409156936 
1415689543 
924386954 
1326661406 
400331032 
1125465433 
1415192701 
47929963 
354545323 
343883161 
1370144678 
429133670 
474830839 
1403455836 
384881889 
1415659794 
305694717 
445800355 
76505649 
741287112 
70828022 
1262446981 
1391011758 
1363501518 
919626290 
943543531 
1078641342 
410788825 
1415698519 
110411818 
264371553 
1317063666 
1410363704 
1031933390 
961992878 
495310567 
1415671213 
1411883588 
818369280 
100859144 
908736638 
579517629 
515725285 
544264881 
216817636 
1406193247 
836800759 
1048518624 
543848233 
403840546 
265551998 
1399817635 
52650448 
278356018 
1125935082 
1237743762 
1055915810 
987639672 
490449854 
1363221348 
427756923 
367550464 
844572110 
589310350 
386273738 
537633659 
575206607 
486116404 
496442475 
1161670344 
790441214 
1411519698 
1347657854 
992378755 
1411570688 
1293599724 
490796212 
321660573 
1413894270 
1180552118 
1413460579 
475425954 
611070563 
346335994 
1083461526 
183595791 
555659226 
175886677 
627472240 
419186281 
816018458 
562482867 
1400823337 
321703019 
1045379940 
36195348 
395704267 
253883379 
704208894 
1367926830 
374763614 
1151625444 
1252943864 
985794001 
1414080102 
706173422 
1247531467 
100547767 
511162638 
1293611269 
774657206 
520062662 
591858290 
298357800 
365805621 
595711030 
1004428033 
720613188 
505130694 
186270566 
581377278 
255226330 
524543962 
1414198170 
1083610950 
1273426164 
536871196 
445185394 
1321227751 
469891572 
105995741 
1414368578 
1332441260 
394816576 
999096822 
1271815081 
321782376 
1370725472 
1103908778 
1395724621 
985495879 
998969552 
1287089947 
272652204 
1239795600 
392267044 
1200083605 
1254372372 
765878461 
41236206 
728824728 
634541577 
806718373 
414314145 
344940152 
1410884126 
1402916544 
1358615364 
422503977 
1319106572 
49877742 
169137636 
1312321549 
1351640678 
155934973 
1008592718 
1412984732 
558554245 
1413546872 
508723262 
1346599722 
1322668765 
1327167091 
941587946 
1088955936 
1405965674 
624614356 
1319859828 
1411998324 
1410476965 
632586737 
153784019 
518867718 
573511738 
1249594296 
1342775634 
535706096 
215429569 
574442843 
1407606288 
60903242 
1400291089 
264375294 
730775785 
1371690482 
1411044913 
1221645894 
791757271 
1009537410 
489895623 
57484132 
526642170 
1411708340 
1392663751 
448449507 
1321068020 
1310986129 
1169844637 
565392969 
873943572 
747937674 
1196349043 
37247087 
1314119401 
1217473548 
904583546 
150358195 
581251294 
1118017374 
1413507097 
1393319496 
802493366 
767304594 
612033650 
805267880 
262261038 
1393405471 
1411367028 
623482204 
981386292 
1378282728 
865272420 
83305174 
432870001 
776814356 
1247985990 
478944813 
1360226802 
634988899 
1398928602 
1345439809 
1311826273 
1339799498 
1413306422 
36377926 
1063048556 
1228239996 
1334928685 
1267333692 
573542495 
1399707943 
612609703 
335997647 
579844149 
975988711 
255287492 
1406514722 
1348674044 
90389881 
1378725553 
931198826 
921505814 
1018383240 
1223473872 
1401661992 
559886266 
590210973 
1402222668 
598894521 
802249530 
548277480 
1202213359 
1242245768 
1362305258 
1339098906 
1377449312 
1332302964 
802641644 
420011441 
269530835 
625144210 
1413515922 
1109853224 
1406133044 
1019151553 
280275759 
1330284775 
1143865950 
233706512 
1413523700 
1066733210 
1121703840 
113680960 
710015275 
760905103 
974903906 
222044950 
1238649482 
591650752 
941311741 
497230649 
762223147 
968978012 
1300148420 
306806908 
1158144079 
1347062209 
451443359 
542101245 
1339365576 
1322166866 
778342285 
334896994 
100293318 
1413476197 
556264891 
192151900 
1362847116 
275630341 
497380766 
1405545642 
1413498427 
1077476286 
1408493208 
1391405330 
352747345 
1413361856 
1380340158 
1386483986 
1055574228 
849920126 
245429891 
450414575 
1402007916 
1411766324 
617210494 
1034005704 
1208964253 
701899188 
636495742 
923219407 
1277888815 
1413491149 
737663400 
46832898 
261366763 
1129664304 
353620946 
1051858370 
612660958 
607849868 
571668923 
1374206941 
1410768169 
594749421 
900330650 
802633860 
961520064 
921536665 
1081905038 
62398471 
520664863 
494753880 
1074946688 
901148935 
1405345453 
724158998 
722442079 
1030144656 
29905914 
1263027188 
805229592 
1043540154 
464821646 
19346335 
744037190 
248229716 
291328484 
1381423537 
72334035 
1400457613 
481297848 
1408291658 
1400758669 
939393254 
1219465956 
1368826250 
1347019848 
1413083167 
46928208 
569929016 
1325252478 
1145358866 
812983742 
530800968 
636364838 
1413367200 
905390726 
1413345985 
1039464530 
633309726 
1036434079 
1411746961 
971079458 
1413271814 
350867029 
233483445 
1393010310 
927545148 
1070064416 
1413247956 
618689846 
591310051 
544546311 
356356533 
618135562 
868644260 
836004888 
1334760792 
412687772 
1059450186 
1315840032 
883322376 
1411953541 
1411937372 
451949245 
760178430 
1357581288 
377585286 
1251175272 
251368145 
1159318232 
1030230632 
349565396 
548033587 
33173553 
510735150 
577128021 
603121467 
232204229 
297994088 
955489249 
1315965541 
1412406721 
810335875 
1056986636 
744339944 
1128942858 
1411716698 
1365908264 
1352803640 
602968108 
736235454 
1379717574 
555268156 
155504863 
964841438 
1412852773 
771734240 
942513948 
1410462332 
1405369628 
559549015 
296738819 
1081928647 
61006495 
1412507150 
410904012 
1397646462 
162468703 
407085099 
195947993 
1312491331 
626987493 
56979675 
347520037 
255121749 
1411143781 
592064888 
752512448 
529780463 
411216744 
1411222398 
712574598 
441873112 
163122541 
567329745 
48453624 
123071273 
1034577697 
1093368624 
952556642 
820469672 
506265823 
1411303970 
703198741 
352587404 
446531984 
1410939931 
1316196762 
605119476 
863921448 
1032965569 
525570451 
42115484 
1308895759 
1411392020 
124373339 
1149215941 
494427807 
967776379 
1409014638 
228916757 
1244665700 
1411426926 
732189840 
1047997734 
360328487 
1061419698 
385704692 
131965507 
1411487202 
711767545 
340407026 
532596943 
142121720 
128576056 
358022674 
1287019711 
115307080 
176178515 
1411511550 
629572370 
1070141246 
552370829 
777030956 
535776747 
403683918 
1411570009 
250355196 
1411598862 
831964464 
1405812024 
610974355 
619730559 
411184936 
1240292983 
1230072770 
1408986613 
1249784810 
636586160 
885534342 
1188572786 
486212191 
128687706 
541954530 
1142674736 
296015843 
236185750 
1411699428 
1411233612 
452645798 
1411422554 
377656008 
504984795 
355942161 
1405672508 
1406632244 
1409196980 
1411783567 
1404046670 
1406103181 
1253001048 
64209184 
1346679974 
1220605496 
1367437830 
1391925456 
960479701 
401628799 
1104913826 
761625620 
1403884214 
365726654 
740246726 
1355156736 
418424358 
463272733 
1395540517 
344266941 
454669283 
101727487 
1343901062 
1236210984 
1304908447 
629016576 
1409056824 
1247188424 
560037330 
587865793 
108326591 
396185784 
74961473 
1073848950 
1410239094 
1268688120 
140098132 
230453854 
1054268508 
1239466225 
1408478642 
228742035 
1291164224 
846173808 
1141375819 
1410768108 
1317316802 
1393086090 
1411025203 
723711510 
954675156 
1230755366 
577415940 
124008096 
234953799 
1383322693 
950044741 
249794513 
1100269692 
406759834 
184380978 
1164890922 
408169011 
872659033 
405342113 
906890496 
1381398205 
105913444 
387431321 
1321399723 
1393288927 
241610786 
363988889 
855165283 
868429478 
1123566973 
899342486 
457390375 
340036626 
1276422865 
946154948 
1292481600 
1187219707 
1026865789 
749814841 
1402830116 
458338120 
437545564 
1104749850 
46206522 
289920659 
476043521 
450325142 
356289589 
809678311 
406448457 
183119934 
1048659614 
97529927 
272150679 
138544476 
28900956 
594470622 
1234739642 
281609359 
1394327966 
1242781106 
1365495181 
1275821568 
222908198 
1405479974 
617337841 
605677240 
1380414121 
1408756418 
1408092126 
264967191 
149353856 
502606031 
1329450674 
997158967 
768849181 
1342823784 
37328785 
1410641730 
1069606530 
895430526 
887576594 
1410987727 
1315267939 
252208157 
1351902270 
1356696067 
1195846219 
972543624 
406680568 
1380507344 
1032506737 
1220772931 
1142194160 
1121400834 
509649298 
444904054 
491214369 
766883875 
1297258063 
593092284 
1219874323 
1295470514 
86792262 
781930478 
406470971 
763387189 
1347288289 
970914180 
1045375836 
557987264 
606564221 
1333436808 
1400505756 
1306694448 
1315875398 
522950501 
1408765428 
194208011 
1163483630 
1366906974 
110162875 
885203256 
296842638 
203352387 
806774304 
1408494025 
385485429 
756004640 
1408851234 
1400571206 
621904701 
895776816 
1075442282 
1040241763 
1331359928 
1072821198 
429403143 
1186242222 
374390578 
433551002 
578950368 
1323207500 
1201817917 
556110871 
1387036878 
482029678 
976459082 
258144477 
251763370 
1171493360 
1397691008 
1393168772 
778637382 
970619317 
1261597464 
1183665974 
1011828031 
565830672 
1137038030 
1404637080 
1410539209 
1383690282 
309081554 
1387503470 
617338849 
858501872 
1258279764 
1408946490 
213256089 
804221090 
482339985 
1385127680 
1405900490 
383959892 
1115184816 
851583223 
332892714 
605609980 
1347217434 
711110353 
917454002 
1348575098 
1405908672 
1265355560 
1410934188 
1009950416 
1271173668 
865098127 
493312360 
1328754134 
1393741879 
858440456 
1369217706 
1102631802 
1255450860 
750006288 
1397156491 
1202478530 
1249311480 
323142864 
542039995 
1393009861 
1352706746 
1344705260 
1400166073 
1405787743 
1242978158 
977042088 
560479135 
31082155 
1107058237 
45775613 
216030256 
1311369674 
847885590 
577990778 
1408501740 
190852200 
1410909386 
1338782504 
1072404360 
633360864 
343320892 
1322798538 
1403335747 
197190141 
1349303743 
480639130 
507552781 
1047853796 
245947967 
964575498 
253617422 
1362264624 
940039170 
282128053 
616139037 
110868498 
254137681 
575624475 
747719688 
1360644589 
703455529 
481922884 
713417664 
103255249 
891886159 
467601471 
722616024 
152642983 
278084969 
930800378 
1054424893 
513643543 
495309041 
920192941 
1320894438 
104587582 
541125154 
815798834 
494464696 
47693629 
105258920 
234998876 
133921764 
348278874 
979381818 
1406736842 
841452840 
762524534 
416443455 
367548219 
324075073 
444701268 
427785221 
1128377294 
1367719543 
503285306 
738539089 
374221404 
1198442016 
1005740216 
1409603934 
327031358 
1410680190 
553978036 
881027124 
376064609 
360955395 
960495253 
622123718 
1050730962 
58009674 
962481200 
1245862484 
1263022194 
430670304 
1329782846 
278110040 
1331604961 
35191695 
48157770 
228826940 
1375138118 
952644673 
997537645 
1050565014 
947979872 
1355584873 
410267226 
1397763836 
782131286 
562555206 
1011342660 
400485069 
114027082 
631363844 
941938363 
1404532700 
1093121269 
1061211661 
29087035 
253469334 
381403055 
942802087 
1380961909 
972990776 
1319359237 
490093856 
1137361608 
822124986 
844189458 
1104515150 
944311208 
1360882982 
615055688 
770189011 
1381318777 
61469499 
591691907 
1085967642 
1399737637 
739456663 
1194683898 
1369143829 
39172830 
563047434 
1274973631 
1083541651 
461527797 
823865515 
1055526912 
1390378452 
253011970 
575112938 
449271030 
1398059467 
979037600 
534308536 
1370403012 
1265918629 
881804736 
1348646210 
1213722926 
1406605879 
1155050856 
1334267810 
240508489 
1187074412 
1259670666 
706198550 
1360072118 
1409206736 
792489860 
1072816231 
211807480 
1326705440 
163153769 
1296593911 
1410486716 
367722452 
1323648463 
458872962 
224647166 
1331635050 
772809163 
1373608369 
283231370 
887757685 
1408927932 
358222540 
279460737 
843885871 
419089462 
1408471580 
1141138664 
62057439 
405868904 
772753015 
